-2.2263330902372087 0.0004 9e-05 0.9999962297933442 6e-07 1e-06 0.9999986282416753 4e-07 3e-07 4.512322766440255 0.04 0.04 8 
-2.226103755405971 1e-05 2e-05 0.9999852657318116 2e-06 1e-06 0.9999977275729179 3e-07 3e-07 4.512431640284402 0.07 0.07 33 
-2.2256236689431326 0.002 0.0007 0.9999859488436154 9e-06 3e-05 0.9999745626534734 2e-05 7e-05 4.5119697042873925 0.2 0.2 38 
-2.2247222900390624 0.0008 0.0006 0.9999852489147868 1e-05 2e-05 0.9999543081436838 3e-05 7e-05 4.511700972488948 0.1 0.1 4 
-2.226107270377023 0.006 0.0003 0.9999918358666556 3e-06 9e-06 0.9999979840857642 7e-07 6e-06 4.512393271923065 0.06 0.06 39 
-2.223620922224862 0.004 0.002 0.9999819425599915 1e-05 3e-05 0.9999722297702517 2e-05 0.0001 4.511311313084193 0.1 0.1 32 
-2.225524858066014 0.001 0.0007 0.9999810789312635 9e-06 2e-05 0.999981786949294 1e-05 5e-05 4.511984719548907 0.1 0.1 53 
-2.2246439286640713 0.004 0.001 0.9999833892498697 9e-06 2e-05 0.9999853400247437 1e-05 0.0001 4.511772065503257 0.1 0.1 31 
-2.223692035675049 0.004 0.002 0.9999840070094381 9e-06 2e-05 0.9999667951038905 3e-05 0.0002 4.51127461705889 0.1 0.1 51 
-2.226208584649222 0.0006 0.0002 0.999995199910232 4e-06 2e-05 0.9999977688704218 2e-06 7e-06 4.512247339316777 0.1 0.09 3 
-2.2262322528021676 0.003 0.0003 0.9999960330980164 3e-06 1e-05 0.999997621348926 2e-06 2e-05 4.512181089605604 0.07 0.07 48 
-2.2241885083062307 0.004 0.002 0.9999838301113674 9e-06 2e-05 0.999976036804063 2e-05 8e-05 4.511352659974779 0.1 0.1 47 
-2.226011674744742 0.02 0.0005 0.9999923852937562 6e-06 4e-05 0.9999979291643415 2e-06 3e-05 4.512237828118461 0.1 0.1 56 
-2.2249425377164567 0.003 0.001 0.9999873376318387 7e-06 2e-05 0.9999843593154635 1e-05 7e-05 4.512193880762372 0.1 0.2 7 
-2.2250746182032994 0.002 0.0007 0.999988181250436 4e-06 9e-06 0.9999874923910413 1e-05 2e-05 4.511729829651969 0.07 0.07 36 
-2.2256724425724577 0.007 0.0009 0.9999654365437372 3e-05 3e-06 0.9999813150082316 2e-05 1e-05 4.519256486211504 0.06 0.08 44 
-2.2250022343226843 0.002 0.0006 0.9999809584447316 5e-06 1e-05 0.9999877203788076 1e-05 2e-05 4.511965409346989 0.08 0.08 1 
-2.226210396630423 2e-05 3e-05 0.9999944454857281 8e-07 8e-07 0.9999975393925394 4e-07 8e-07 4.512561060701098 0.06 0.06 57 
-2.2261209419795445 0.0008 0.0002 0.999993730868612 6e-06 3e-05 0.9999974536044257 3e-06 8e-06 4.51213755777904 0.1 0.1 55 
-2.2261578593935285 0.002 0.0003 0.9999913611582347 4e-06 5e-06 0.9999978555100305 1e-06 4e-05 4.51246977703912 0.09 0.09 9 
