-2.2228357655661446 0.009 0.003 0.9999431725059237 3e-05 0.0001 0.9999270624348096 6e-05 0.0003 4.512407367570059 0.2 0.3 32 
-2.2222443069730486 0.006 0.003 0.9999578184315137 1e-05 3e-05 0.9999096393585205 7e-05 0.0002 4.512101561682565 0.3 0.3 54 
-2.2221302373068674 0.003 0.002 0.9999259161097663 3e-05 2e-05 0.9998760968446732 9e-05 0.0001 4.514068159035274 0.2 0.2 8 
-2.221200704574585 0.004 0.002 0.9999630872692381 8e-06 3e-05 0.9998693553464754 6e-05 0.0001 4.509805221217019 0.1 0.1 2 
-2.2204463618142265 0.005 0.002 0.9999138872538295 3e-05 3e-05 0.9998607060738972 9e-05 0.0003 4.513186061382294 0.3 0.3 74 
-2.2215698923383442 0.008 0.003 0.999929201390062 3e-05 6e-05 0.999922422851835 6e-05 0.0002 4.512984842913491 0.2 0.2 1 
-2.2234381846019198 0.002 0.001 0.9999703386000225 8e-06 2e-05 0.9999408960342407 3e-05 7e-05 4.51238853250231 0.1 0.1 10 
-2.2234836305890764 0.006 0.003 0.9999673998781613 1e-05 7e-05 0.9999194647584643 5e-05 0.0002 4.513577059337071 0.3 0.2 77 
-2.2211765800203596 0.01 0.004 0.9999612384608814 2e-05 0.0001 0.9998886674642563 0.0001 0.0004 4.508887795039586 0.3 0.3 66 
-2.2227414199284143 0.005 0.003 0.999958875136716 2e-05 7e-05 0.9999281385115215 5e-05 0.0001 4.511009814058031 0.2 0.2 53 
-2.2220459733690534 0.009 0.003 0.9999557627098901 2e-05 0.0001 0.9998974038021905 9e-05 0.0004 4.511162907736642 0.3 0.3 6 
-2.2215300730296543 0.01 0.003 0.999935858803136 3e-05 0.0001 0.9999003806284495 6e-05 0.0002 4.512069058418274 0.3 0.3 82 
-2.2237993580954414 0.004 0.002 0.9999566259128707 2e-05 7e-05 0.9999148979783058 6e-05 0.0001 4.51327543939863 0.2 0.2 40 
-2.22000002520425 0.02 0.005 0.9999376901558468 3e-05 0.0002 0.999913828926427 7e-05 0.0003 4.510820826462337 0.2 0.3 62 
-2.222239487511771 0.01 0.003 0.9999472820333072 2e-05 0.0001 0.9998317320431982 7e-05 0.0003 4.512853590079716 0.2 0.2 35 
-2.2200052193232946 0.001 0.0009 0.999924978188106 2e-05 2e-05 0.9998831478612763 2e-05 4e-05 4.512360043185097 0.2 0.2 44 
-2.221170701299395 0.005 0.003 0.9999164264116969 4e-05 8e-05 0.9998297250696591 0.0001 0.0003 4.513801504884447 0.2 0.2 9 
-2.2231928314481464 0.005 0.002 0.9999409552131381 2e-05 6e-05 0.999945992231369 4e-05 0.0001 4.513169819968088 0.2 0.2 101 
-2.2204541172300067 0.006 0.004 0.9998899564146996 5e-05 0.0001 0.9999283611774444 4e-05 0.0001 4.514717437539782 0.3 0.3 94 
-2.2211096252713887 0.006 0.002 0.9999368028981345 2e-05 5e-05 0.9998810527580125 6e-05 0.0002 4.512441972323827 0.2 0.2 5 
