-2.18754581451416 0.02 0.01 0.9998944276571273 5e-05 0.0001 0.999552905956904 0.0002 0.0002 4.488221492767334 0.7 0.7 0 
-2.188957856496175 0.2 0.02 0.997288823723793 8e-05 0.0001 0.9980964865287145 0.0004 0.002 4.5964632415771485 2.0 1.0 1 
-2.2206935914357504 0.007 0.005 0.9999705874919891 5e-06 7e-06 0.9998329250017802 0.0001 0.0002 4.512556381225586 0.3 0.3 2 
-1.628287722269694 0.3 0.08 0.9913897269964218 0.004 0.006 0.9002062630653381 0.06 0.1 4.5301446811358135 3.0 1.0 3 
-1.6245428721110027 0.7 0.1 0.9913309744993846 0.006 0.01 0.8820961833000183 0.07 0.2 4.60177127122879 4.0 1.0 4 
-1.437859263420105 1.0 0.3 0.9738875140746435 0.02 0.09 0.6787956018745899 0.3 0.5 6.138532510598501 9.0 4.0 5 
-2.1795571740468342 0.02 0.01 0.9998419725894928 6e-05 0.0001 0.9995851180950801 0.0002 0.0002 4.488794085979461 0.7 0.8 6 
-1.5417990398406982 1.0 0.2 0.9888721362749735 0.007 0.02 0.8041150280833245 0.1 0.4 4.987333610852559 7.0 3.0 7 
-1.5263201077779134 0.3 0.1 0.9885219474633534 0.006 0.01 0.8403341426452001 0.1 0.3 4.706940546035766 5.0 2.0 8 
-2.221294422149658 0.003 0.002 0.9999621095259984 8e-06 8e-06 0.9999102894465128 6e-05 7e-05 4.510843375523885 0.3 0.3 9 
-2.219097916285197 0.004 0.003 0.9999654755989711 6e-06 9e-06 0.999850548505783 4e-05 6e-05 4.510155846277873 0.3 0.3 10 
-1.5203608926137289 0.7 0.2 0.9842071710030238 0.01 0.05 0.7870281574130058 0.1 0.4 5.039407436847687 5.0 3.0 11 
-1.5189285469055176 0.5 0.2 0.9834958078463872 0.01 0.04 0.83135967562596 0.1 0.5 4.751413507461548 6.0 2.0 12 
-1.5174658489227295 0.2 0.1 0.9882084190845489 0.007 0.008 0.8076811305681865 0.1 0.2 4.860459097226461 3.0 2.0 13 
-2.2138573265075685 0.01 0.008 0.9997315218051275 3e-05 2e-05 0.9997050954898199 0.0002 0.0003 4.527556068102519 0.4 0.4 14 
-1.492718006769816 0.6 0.2 0.9836382114887238 0.01 0.04 0.7483172723650933 0.2 0.4 5.422534228960673 9.0 3.0 15 
-1.5016241439183553 1.0 0.2 0.9704759965340296 0.03 0.1 0.7039069315294425 0.2 0.5 5.729205667177836 8.0 3.0 16 
-1.6388084824879965 0.7 0.1 0.9918512606620788 0.005 0.01 0.8721711631615957 0.07 0.2 4.659136294523875 3.0 2.0 17 
-1.49129798412323 0.4 0.2 0.9798700314760208 0.02 0.07 0.8347935872276624 0.1 0.4 4.666898146073024 5.0 3.0 18 
-1.6071545092264812 0.8 0.2 0.9900937539339065 0.008 0.02 0.8809218810002009 0.07 0.2 4.559928729534149 3.0 2.0 19 
-2.219452069600423 0.01 0.005 0.9999765608708063 1e-05 3e-05 0.9998379079500834 0.0001 0.0003 4.508936778704325 0.3 0.3 20 
-1.606712303161621 1.0 0.2 0.9900382818778356 0.008 0.02 0.8690153457721075 0.09 0.2 4.641005818049113 4.0 2.0 21 
-1.5157923952738444 0.8 0.2 0.9862173340717951 0.01 0.03 0.753281090259552 0.2 0.4 5.400307501157124 8.0 3.0 22 
-1.6142419370015462 0.1 0.05 0.9916533011198044 0.003 0.005 0.9022672204176585 0.04 0.06 4.473937430381775 3.0 2.0 23 
-2.2205420271555583 0.007 0.005 0.9999608447154363 6e-06 6e-06 0.9998447575171788 0.0001 0.0002 4.508473149935404 0.3 0.3 24 
-2.2100633080800374 0.02 0.01 0.9999523029724757 2e-05 3e-05 0.999757800300916 8e-05 0.0002 4.508703459103902 0.6 0.6 25 
-1.877589906056722 0.1 0.06 0.9969998832543691 0.001 0.003 0.9870269771416982 0.005 0.008 4.350387637615204 2.0 2.0 26 
-1.5792942492167155 0.5 0.1 0.989538974960645 0.006 0.01 0.9341660209496816 0.03 0.1 4.257697451114654 1.0 1.0 27 
-1.5652661895751954 0.8 0.2 0.9871612628300984 0.01 0.03 0.7726066170136133 0.2 0.5 5.316993111769358 8.0 3.0 28 
-2.138489144643148 0.06 0.03 0.999724564353625 0.0001 0.0003 0.9989205894867579 0.0006 0.0008 4.466195764541626 1.0 1.0 30 
-2.216877202987671 0.007 0.006 0.9999451647202174 2e-05 3e-05 0.9998334789276123 0.0001 0.0002 4.510223658879598 0.4 0.4 31 
-2.2244803460439044 0.006 0.002 0.9999810506900152 6e-06 2e-05 0.9999729313453039 2e-05 7e-05 4.512046545346578 0.1 0.1 32 
-2.2184035555521646 0.01 0.006 0.9999320063988367 1e-05 3e-05 0.9998122803370157 0.0002 0.0003 4.510182673136393 0.4 0.4 33 
-1.6371271483103433 0.2 0.06 0.9922458920876185 0.003 0.006 0.9081869431336721 0.05 0.2 4.4761526457468666 3.0 2.0 34 
-2.216271184285482 0.006 0.005 0.999861513376236 2e-05 2e-05 0.9998158665498098 0.0001 0.0002 4.521543962160746 0.4 0.4 35 
-2.189242973327637 0.1 0.03 0.9997986147801081 0.0001 0.0001 0.9982016887267431 0.002 0.004 4.500360719362894 0.5 1.0 36 
-2.163341375986735 0.03 0.02 0.9998244641224543 8e-05 0.0002 0.9993547354141871 0.0002 0.0004 4.481914045015971 0.9 1.0 37 
-2.2006426493326825 0.01 0.009 0.9999106075366339 3e-05 6e-05 0.9996343433856965 0.0002 0.0003 4.495182243982951 0.5 0.6 38 
-2.21410937945048 0.05 0.006 0.9999503242969513 3e-05 0.0001 0.99950319647789 0.0003 0.001 4.502651977539062 0.7 0.5 39 
-2.221367835998535 0.004 0.003 0.9999724016586939 7e-06 8e-06 0.9998972866932551 9e-05 0.0001 4.5094936037063595 0.3 0.3 40 
-1.6426209290822347 1.0 0.2 0.9918590633074442 0.006 0.02 0.8701710309584936 0.08 0.3 4.668094925085703 4.0 2.0 42 
-1.5017349561055502 0.9 0.2 0.9835855082670848 0.01 0.05 0.7601138002673785 0.2 0.4 5.238239672978719 6.0 3.0 43 
-1.9628925005594888 0.1 0.05 0.9984887325763703 0.0003 0.0005 0.9911076625188192 0.003 0.006 4.407783140341441 2.0 2.0 44 
-1.5531120777130127 0.7 0.2 0.9888125608364741 0.009 0.02 0.7608935221036275 0.2 0.4 5.378915432691574 9.0 3.0 45 
-2.2208059946695964 0.01 0.003 0.999946074684461 2e-05 4e-05 0.9997576677799225 0.0002 0.0005 4.5002965052922566 0.3 0.3 46 
-1.5224610137939454 0.8 0.2 0.9874069599310556 0.01 0.03 0.8002021941542625 0.1 0.4 4.960442482630412 8.0 3.0 48 
-1.5253418509165446 0.3 0.1 0.9885105337699255 0.007 0.01 0.8350989282131195 0.1 0.3 4.729170139630636 5.0 2.0 49 
-1.7113009643554689 0.4 0.1 0.9938277955849966 0.003 0.008 0.9089453421036402 0.05 0.3 4.533008116086324 4.0 2.0 50 
-2.1387050437927244 0.06 0.03 0.9997221324841181 0.0001 0.0003 0.998819786508878 0.0007 0.001 4.4707423377037045 1.0 1.0 51 
-1.5119119230906168 0.7 0.2 0.9858775488535563 0.01 0.03 0.7740857636928559 0.2 0.4 5.153093772331873 8.0 3.0 52 
-1.7188902537027995 0.5 0.1 0.9940735652049383 0.003 0.008 0.9128415517012278 0.05 0.3 4.5499762392044065 3.0 2.0 53 
-2.216469399134318 0.005 0.004 0.9999618315696717 1e-05 1e-05 0.9996869935592015 5e-05 9e-05 4.508901079495748 0.3 0.3 54 
-1.616556510925293 0.3 0.09 0.9911368693908056 0.005 0.009 0.8753552234172821 0.07 0.2 4.610987408161163 3.0 1.0 55 
-1.618675765991211 0.1 0.07 0.9912311832110087 0.005 0.007 0.8739466722806295 0.06 0.2 4.598280687332153 3.0 1.0 56 
-1.6034276421864828 0.2 0.09 0.990670915444692 0.006 0.009 0.8641436851024628 0.08 0.2 4.652659539381663 3.0 1.0 57 
-2.1396224212646486 0.02 0.02 0.9994136846065521 8e-05 8e-05 0.9950368962685268 0.001 0.001 4.447398326396942 0.5 0.5 58 
-2.224017070134481 0.001 0.001 0.9999758752187093 5e-06 5e-06 0.9999541240930557 4e-05 5e-05 4.511472371419271 0.2 0.2 59 
-2.2139936860402427 0.002 0.002 0.999970472852389 7e-06 7e-06 0.9996594701210658 0.0001 0.0001 4.503433464368184 0.3 0.3 60 
-2.1737962341308594 0.03 0.02 0.9998448077837626 7e-05 0.0002 0.9993110311031341 0.0002 0.0003 4.484109115600586 0.7 0.9 61 
-2.1839288584391277 0.03 0.01 0.9998715507984162 5e-05 0.0001 0.9994204068183898 0.0002 0.0002 4.4879186121622725 0.7 0.8 62 
-1.5883778921763103 0.4 0.2 0.990082077383995 0.007 0.008 0.9316612589359283 0.04 0.2 4.266713418960571 2.0 1.0 63 
-2.224657119115194 0.005 0.002 0.9999749443928401 6e-06 2e-05 0.9999774607022603 2e-05 6e-05 4.512124592463175 0.1 0.1 64 
-1.594544563293457 0.3 0.1 0.9902012262741725 0.005 0.009 0.9422734155257543 0.03 0.05 4.26680545647939 2.0 1.0 65 
-1.58980331103007 0.4 0.1 0.9898418436447779 0.006 0.009 0.9344926702976227 0.02 0.02 4.2836401669184365 1.0 1.0 66 
-2.2218428643544517 0.005 0.003 0.9999594002962112 6e-06 7e-06 0.9998884395758311 8e-05 0.0001 4.510852723121643 0.3 0.3 67 
-2.219363931020101 0.0002 0.0002 0.9999331535895666 2e-06 2e-06 0.9999416718880335 5e-06 6e-06 4.5098877557118735 0.07 0.07 68 
-2.197280511856079 0.02 0.01 0.9999232741196951 4e-05 7e-05 0.9996225579579672 0.0002 0.0003 4.494392670790354 0.5 0.6 69 
-1.7566003195444744 0.5 0.2 0.993597185810407 0.005 0.02 0.9616007524728775 0.02 0.1 4.401442397435506 4.0 3.0 70 
-2.2235427951812743 0.0004 0.0002 0.9999676970640818 4e-06 1e-05 0.9999360464016597 2e-05 4e-05 4.514155785242717 0.1 0.1 71 
-2.186193911234538 0.06 0.02 0.999923527042071 2e-05 3e-05 0.9986040488878886 0.0007 0.002 4.485202390352885 0.6 0.6 72 
-2.1810379155476887 0.02 0.01 0.9998618622620901 6e-05 0.0001 0.9994548879067103 0.0002 0.0002 4.487759453455607 0.7 0.8 73 
-2.2250167401631673 0.002 0.001 0.9999733253320058 4e-06 5e-06 0.9999791204929351 2e-05 3e-05 4.5121861298878985 0.1 0.1 74 
-1.5100152571996053 0.6 0.2 0.9819223302602768 0.02 0.06 0.8376668575406074 0.1 0.4 4.678036270538966 6.0 3.0 75 
-1.6324084536234538 0.05 0.04 0.9920759854714075 0.002 0.002 0.9273190651337305 0.01 0.02 4.309772179921468 1.0 1.0 76 
-2.1852649593353273 0.06 0.02 0.9997532937924067 4e-05 0.0001 0.9991065871715545 0.0003 0.0007 4.49484272480011 1.0 0.9 77 
-1.7317960039774576 0.02 0.02 0.993962415655454 0.004 0.006 0.9646629613637924 0.02 0.02 4.3132266783714295 2.0 1.0 78 
-2.1868310674031575 0.0004 0.0004 0.9998526660601298 2e-05 2e-05 0.9998658351103464 1e-05 1e-05 4.489795691172282 0.1 0.1 79 
-1.7891614500681559 0.2 0.08 0.9951479411125184 0.003 0.005 0.9683650855223338 0.02 0.05 4.363308221499125 3.0 2.0 80 
-1.4460583480199178 0.6 0.2 0.9562097183863322 0.04 0.2 0.8340348533789317 0.1 0.5 4.485707442760468 3.0 2.0 81 
-1.89508030573527 0.3 0.07 0.9972283883889517 0.001 0.003 0.9850833616654078 0.007 0.06 4.358254213730494 4.0 2.0 82 
-1.527602014541626 0.2 0.1 0.9879774681727092 0.008 0.02 0.7786599672834078 0.1 0.4 5.093277821540832 4.0 3.0 83 
-2.224524720509847 0.0001 0.0001 0.9999794801076253 1e-06 2e-06 0.9999641005198161 8e-06 9e-06 4.511085834503174 0.1 0.1 84 
-2.205759687423706 0.008 0.006 0.9999039246638616 3e-05 5e-05 0.9996436673402787 0.0002 0.0003 4.499444885253906 0.5 0.5 85 
-1.5050217628479003 0.4 0.2 0.983753867149353 0.01 0.03 0.8022645857930183 0.1 0.3 4.86527266105016 4.0 2.0 86 
-2.2206797313690188 0.01 0.005 0.9999822880824407 8e-06 2e-05 0.9998506327470144 0.0001 0.0003 4.510932865142823 0.3 0.3 87 
-1.5306220118204752 0.2 0.1 0.9887269606192907 0.006 0.01 0.8436773244539897 0.09 0.3 4.6790113059679665 5.0 2.0 88 
-1.519110139211019 0.7 0.2 0.9851513453324636 0.01 0.03 0.8168611158927281 0.1 0.4 4.875095198949178 6.0 2.0 89 
-1.6019685204823813 0.2 0.09 0.9906010548273723 0.006 0.009 0.8648832907279332 0.08 0.2 4.647262694835663 3.0 1.0 90 
-1.821123727162679 0.07 0.05 0.9956965601444244 0.001 0.002 0.9837750774621964 0.007 0.008 4.351001420021057 2.0 2.0 91 
-1.4846982765197754 0.6 0.2 0.9742084695895513 0.02 0.08 0.7496481372912724 0.2 0.4 5.28233150323232 6.0 3.0 92 
-1.5827490552266439 0.4 0.1 0.989544430176417 0.006 0.009 0.9345516153176625 0.03 0.03 4.278745648066203 1.0 1.0 93 
-1.5208243624369304 0.8 0.2 0.9857192214330037 0.01 0.03 0.8000506101051966 0.1 0.4 4.963000294367473 5.0 3.0 94 
-2.222121483484904 0.002 0.002 0.9999690689643224 7e-06 9e-06 0.9999322221676509 5e-05 6e-05 4.509995447794596 0.2 0.2 95 
-1.817281707127889 0.04 0.04 0.9953732613722484 0.002 0.004 0.9839226414759954 0.01 0.009 4.34421230951945 2.0 2.0 96 
-2.181239528656006 0.02 0.01 0.9998619774977366 5e-05 0.0001 0.9993796718120574 0.0002 0.0002 4.485825339953105 0.7 0.8 97 
-2.220463654200236 0.007 0.005 0.9999650877714157 5e-06 7e-06 0.9998514147599539 0.0001 0.0002 4.510929129918416 0.3 0.3 98 
-1.7317459456125894 0.1 0.1 0.9941112458705902 0.003 0.004 0.9471126665671666 0.03 0.06 4.485087370077769 3.0 2.0 99 
