-2.2236718114217124 0.004 0.002 0.9999717624982198 7e-06 2e-05 0.9999504752953847 3e-05 0.0001 4.511365512212118 0.2 0.2 0 
-2.2221842670440672 0.003 0.001 0.9999585382143656 2e-05 9e-05 0.9995173446337382 0.0004 0.001 4.511035211881002 0.3 0.2 1 
-2.2248439184824624 0.005 0.001 0.9999677177270253 1e-05 4e-05 0.9999426686763764 3e-05 0.0001 4.511694730122884 0.2 0.2 2 
-2.2250239721934 0.002 0.0009 0.9999911375840504 2e-06 7e-06 0.9999682074785232 3e-05 6e-05 4.511568053563436 0.2 0.2 3 
-2.2240948390960695 0.004 0.002 0.9999704217910766 8e-06 4e-05 0.9999618109067281 3e-05 7e-05 4.511304241816203 0.2 0.2 4 
-2.223953628540039 0.008 0.002 0.9999628446499507 1e-05 3e-05 0.9999585656325022 3e-05 0.0001 4.511728393236796 0.3 0.3 5 
-2.2250331083933514 0.001 0.0006 0.9999901276826858 4e-06 7e-06 0.9999601515134176 2e-05 5e-05 4.511501191457112 0.2 0.2 6 
-2.2247160212198893 0.003 0.0009 0.9999647476275761 8e-06 1e-05 0.99994684278965 2e-05 5e-05 4.511427717208862 0.1 0.1 7 
-2.2242066033681236 0.004 0.002 0.999970374306043 7e-06 1e-05 0.9999661870797475 3e-05 7e-05 4.511562730471293 0.2 0.2 8 
-2.2249829292297365 0.002 0.001 0.9999908341964086 5e-06 8e-06 0.9999651869138082 3e-05 7e-05 4.511375741958618 0.2 0.2 9 
-2.225008169809977 0.001 0.0008 0.9999899689356486 3e-06 6e-06 0.9999627916018168 3e-05 7e-05 4.511386612256368 0.2 0.2 10 
-2.22451171875 0.002 0.001 0.9999754832188288 5e-06 1e-05 0.9999673755963644 2e-05 7e-05 4.511456449826558 0.1 0.1 11 
-2.2248742802937826 0.002 0.001 0.9999890901645024 5e-06 1e-05 0.9999436489741007 4e-05 0.0001 4.511329298019409 0.2 0.2 12 
-2.2241428661346436 0.006 0.002 0.9999699260791143 9e-06 3e-05 0.9999654761950175 3e-05 0.0002 4.511386788686116 0.2 0.2 13 
-2.2241979471842446 0.003 0.001 0.9999734771251678 5e-06 1e-05 0.9999671000242233 3e-05 6e-05 4.51123600323995 0.2 0.2 14 
-2.224365177154541 0.006 0.002 0.9999714454015096 8e-06 2e-05 0.9999721270799636 2e-05 0.0002 4.511790049870809 0.2 0.2 15 
-2.22360834757487 0.002 0.001 0.9999657388528188 5e-06 8e-06 0.9999198563893636 4e-05 0.0001 4.511261264483134 0.2 0.2 17 
-2.224807351430257 0.004 0.001 0.9999832648038864 9e-06 2e-05 0.9999369555711746 3e-05 0.0001 4.512250561714172 0.2 0.2 18 
-2.2247795327504476 0.001 0.0006 0.9999901189406712 6e-06 2e-05 0.9999646683533986 1e-05 2e-05 4.511344313621521 0.2 0.2 19 
-2.224982655843099 0.002 0.001 0.9999628669023514 5e-06 2e-05 0.9999572616815567 3e-05 6e-05 4.511548752784729 0.2 0.2 20 
-2.2240989716847737 0.002 0.001 0.9999688013394674 8e-06 2e-05 0.9999711656570435 2e-05 5e-05 4.51170654296875 0.2 0.2 21 
-2.2248159980773927 0.004 0.001 0.9999622792005539 1e-05 4e-05 0.9999257493019104 3e-05 0.0001 4.511566055615743 0.2 0.2 22 
-2.2235016091664632 0.004 0.002 0.9999649115403493 8e-06 2e-05 0.9999398372570674 4e-05 0.0001 4.511237106323242 0.2 0.2 23 
-2.2247333908081055 0.004 0.001 0.999962367216746 1e-05 4e-05 0.9999447151025136 4e-05 9e-05 4.511197899182638 0.2 0.2 24 
-2.224265457789103 0.005 0.002 0.9999698680639267 1e-05 4e-05 0.9999682086706162 2e-05 6e-05 4.511577757199605 0.2 0.2 25 
-2.223894090652466 0.004 0.001 0.9999624989430109 1e-05 3e-05 0.9999589455127716 3e-05 9e-05 4.511480751037598 0.2 0.2 26 
-2.2246023750305177 0.004 0.001 0.9999680797259013 1e-05 3e-05 0.9999525878826777 3e-05 0.0001 4.510800975163778 0.2 0.3 27 
-2.22487060546875 0.002 0.0009 0.9999674095710118 5e-06 9e-06 0.9999457927544911 3e-05 7e-05 4.511421513557434 0.2 0.2 28 
-2.2238792451222738 0.003 0.002 0.9999718312422434 7e-06 1e-05 0.999953932762146 4e-05 7e-05 4.511294962565104 0.2 0.2 29 
-2.2241901938120523 0.009 0.002 0.9999730676412583 6e-06 2e-05 0.9999652677774429 3e-05 0.0002 4.511205770174662 0.3 0.3 30 
-2.2242100397745768 0.004 0.002 0.9999716480573019 9e-06 1e-05 0.9999654251337051 3e-05 9e-05 4.511512158711751 0.2 0.2 31 
-2.224769042332967 0.0008 0.0006 0.9999777702490489 4e-06 1e-05 0.9999365957578024 3e-05 6e-05 4.511218886375428 0.2 0.2 32 
-2.2247581259409586 0.003 0.001 0.9999721952279409 6e-06 2e-05 0.9999850495656332 1e-05 2e-05 4.5119324890772505 0.2 0.2 33 
-2.224168272018433 0.004 0.001 0.9999698867400487 7e-06 2e-05 0.9999594263235728 3e-05 7e-05 4.511210460662841 0.2 0.2 34 
-2.224047613143921 0.005 0.002 0.9999607388178507 9e-06 1e-05 0.999960992137591 3e-05 7e-05 4.5112029727300005 0.2 0.2 35 
-2.225048716862996 0.001 0.0008 0.9999833810329437 5e-06 6e-06 0.9999211873610815 3e-05 6e-05 4.511459978421529 0.1 0.1 36 
-2.2239341990152997 0.003 0.001 0.9999723609288533 6e-06 1e-05 0.9999526490767797 3e-05 0.0001 4.511055181821187 0.2 0.2 37 
-2.2241685899098713 0.005 0.002 0.9999699501196543 9e-06 1e-05 0.9999638428290685 3e-05 7e-05 4.5114681498209634 0.2 0.2 38 
-2.2241390419006346 0.003 0.002 0.9999704454342524 4e-06 6e-06 0.9999665061632792 3e-05 6e-05 4.511260690689087 0.2 0.2 39 
-2.224260721206665 0.007 0.002 0.9999721735715866 9e-06 2e-05 0.99996868511041 3e-05 6e-05 4.511179008483887 0.2 0.2 40 
-2.2239431858062746 0.008 0.002 0.9999578209718069 1e-05 6e-05 0.9999592049916586 3e-05 0.0001 4.511317701339721 0.3 0.2 41 
-2.2249090385437014 0.002 0.0009 0.9999892566601435 4e-06 8e-06 0.9999540325005849 3e-05 7e-05 4.511456109682719 0.2 0.2 42 
-2.2250277169545494 0.001 0.0007 0.9999913416306178 5e-06 2e-05 0.9999720891316731 2e-05 4e-05 4.5114842907587684 0.2 0.2 43 
-2.2235767237345376 9e-05 9e-05 0.9999739416440327 7e-07 6e-07 0.9999455970525741 4e-06 4e-06 4.511142965952556 0.1 0.1 44 
-2.2234989102681477 0.007 0.002 0.9999547745784124 1e-05 5e-05 0.999969156185786 2e-05 7e-05 4.512266615231832 0.2 0.2 45 
-2.2244093958536784 0.002 0.001 0.99997536500295 4e-06 9e-06 0.9999604590733846 3e-05 7e-05 4.511366829872132 0.2 0.2 46 
-2.22414545694987 0.01 0.002 0.999969899058342 7e-06 2e-05 0.9999646139144898 3e-05 0.0002 4.511370703379313 0.2 0.3 47 
-2.2241289456685385 0.004 0.002 0.9999675774574279 9e-06 3e-05 0.9999577522277832 3e-05 8e-05 4.511242666244507 0.2 0.2 48 
-2.224695955912272 0.002 0.001 0.9999646433194478 7e-06 1e-05 0.9999625496069591 2e-05 3e-05 4.5115962441762285 0.2 0.2 49 
-2.223729461034139 0.004 0.002 0.9999652040004731 1e-05 3e-05 0.9999667859077453 3e-05 0.0002 4.511437830924987 0.2 0.2 50 
-2.2239328606923423 0.004 0.002 0.999970130721728 5e-06 1e-05 0.9999579099814097 4e-05 9e-05 4.511145011583964 0.2 0.2 51 
-2.22502303759257 0.001 0.0007 0.9999885582923889 4e-06 6e-06 0.9999354030688604 2e-05 6e-05 4.511376492182413 0.2 0.2 52 
-2.2240817006429037 0.003 0.001 0.9999693433443705 5e-06 1e-05 0.9999665532509486 3e-05 5e-05 4.511463543574015 0.2 0.2 53 
-2.2239722379048668 0.004 0.002 0.9999676140149435 1e-05 3e-05 0.9999608234564463 3e-05 0.0001 4.511369946797688 0.2 0.2 54 
-2.224894390106201 0.0005 0.0003 0.9999780637025834 2e-06 3e-06 0.9999687312046687 1e-05 3e-05 4.511824391682943 0.1 0.1 55 
-2.223418140411377 0.004 0.002 0.9999617060025533 9e-06 2e-05 0.9999508676926295 3e-05 7e-05 4.510745522181193 0.2 0.2 56 
-2.224632886250814 0.002 0.0009 0.999963248372078 6e-06 2e-05 0.99996384481589 2e-05 4e-05 4.511329973538716 0.2 0.2 57 
-2.2249607404073077 0.002 0.0009 0.999969873825709 6e-06 1e-05 0.9999627224604288 3e-05 5e-05 4.5112724161148074 0.2 0.1 58 
-2.2249889818827313 0.002 0.001 0.9999827706813812 5e-06 2e-05 0.9999495247999827 3e-05 8e-05 4.511675341924032 0.2 0.2 59 
-2.224416042963664 0.004 0.002 0.9999663249651591 7e-06 4e-05 0.9999753278493881 2e-05 7e-05 4.51181743144989 0.2 0.2 60 
-2.2240293916066487 0.008 0.002 0.9999665228525797 1e-05 6e-05 0.9999632964531581 3e-05 0.0002 4.511421267191569 0.3 0.2 61 
-2.2239186922709147 0.004 0.001 0.9999614848693212 8e-06 4e-05 0.9999610008796056 3e-05 5e-05 4.5113993263244625 0.1 0.1 62 
-2.224850854873657 0.002 0.001 0.9999614147345225 1e-05 2e-05 0.9999499930938085 3e-05 5e-05 4.511458560625712 0.2 0.2 63 
-2.223878370920817 0.006 0.001 0.9999617697795232 1e-05 3e-05 0.99998000284036 2e-05 0.0001 4.512156157493592 0.2 0.2 64 
-2.2237753518422445 0.009 0.002 0.9999665286143621 9e-06 2e-05 0.9999609871705373 4e-05 0.0002 4.5106496222813925 0.3 0.3 65 
-2.2250933901468914 0.002 0.0008 0.9999913261334101 3e-06 6e-06 0.9999653806289037 2e-05 4e-05 4.5116597938537595 0.2 0.2 66 
-2.225000826517741 0.005 0.001 0.9999908790985743 8e-06 3e-05 0.9999539130926132 3e-05 8e-05 4.511741337776184 0.2 0.2 67 
-2.22345409711202 0.005 0.002 0.9999606156349182 1e-05 3e-05 0.999968228538831 2e-05 6e-05 4.511946984926859 0.2 0.2 68 
-2.2249887720743815 0.002 0.0009 0.9999875279267629 3e-06 4e-06 0.9999513037999471 2e-05 3e-05 4.511420127550761 0.1 0.1 69 
-2.223811273574829 0.004 0.001 0.9999697568019231 8e-06 3e-05 0.9999612490336101 3e-05 7e-05 4.511352740923564 0.2 0.2 70 
-2.2243379656473796 0.004 0.002 0.9999734942118327 9e-06 3e-05 0.9999663100639979 3e-05 0.0001 4.5112683884302776 0.2 0.2 71 
-2.2251155312856037 0.001 0.0007 0.9999886361757914 6e-06 1e-05 0.9999636884530385 2e-05 3e-05 4.511496858596802 0.1 0.1 72 
-2.224301207860311 0.004 0.002 0.9999713808298111 8e-06 4e-05 0.9999724864959717 2e-05 3e-05 4.511746023495992 0.2 0.2 73 
-2.224960635503133 0.002 0.0009 0.9999842246373495 6e-06 1e-05 0.9999589814742407 2e-05 7e-05 4.511786017417908 0.2 0.2 74 
-2.224523277282715 0.006 0.002 0.9999608916044235 7e-06 2e-05 0.9999560834964116 2e-05 4e-05 4.5122225856781 0.2 0.2 75 
-2.225345834096273 0.0008 0.0006 0.9999925180276235 4e-06 4e-06 0.9999656258026759 1e-05 2e-05 4.511654728253682 0.1 0.1 76 
-2.2250496101379396 0.001 0.0007 0.9999881800015767 5e-06 7e-06 0.9999639906485875 2e-05 4e-05 4.51163513024648 0.2 0.2 77 
-2.22495015780131 0.002 0.0009 0.9999679414431254 5e-06 9e-06 0.9999548502763113 2e-05 4e-05 4.511568627357483 0.1 0.1 78 
-2.224864676793416 0.001 0.0006 0.9999774348735809 3e-06 4e-06 0.9999793608983357 1e-05 4e-05 4.511673744519552 0.1 0.1 79 
-2.225020351409912 0.001 0.0008 0.9999890325466791 5e-06 7e-06 0.9999548439184824 2e-05 4e-05 4.51171102364858 0.1 0.1 80 
-2.223497053782145 0.004 0.002 0.9999639177322388 8e-06 3e-05 0.9999512642621994 4e-05 0.0002 4.51074964205424 0.2 0.2 81 
-2.22406499226888 0.004 0.002 0.9999635539452235 9e-06 4e-05 0.9999600511789322 3e-05 0.0001 4.511409160296123 0.2 0.2 82 
-2.224158592224121 0.004 0.001 0.9999637079238891 8e-06 3e-05 0.9999768388271332 2e-05 3e-05 4.512017693519592 0.2 0.2 83 
-2.2250195789337157 0.002 0.0008 0.9999907676378886 4e-06 7e-06 0.9999607596794764 2e-05 4e-05 4.511242216428121 0.2 0.2 84 
-2.22292449315389 0.0001 0.0001 0.999973808725675 3e-07 3e-07 0.9999199082454046 5e-07 4e-07 4.51064755598704 0.1 0.1 85 
-2.2241907215118406 0.003 0.002 0.9999712326129278 4e-06 8e-06 0.9999587416648865 3e-05 7e-05 4.511216638882955 0.2 0.2 86 
-2.2249278386433917 0.002 0.0009 0.999962671995163 6e-06 9e-06 0.9999310694138209 3e-05 7e-05 4.511666110356649 0.2 0.2 87 
-2.224856732686361 0.002 0.0009 0.9999873602390289 5e-06 1e-05 0.9999574456612269 3e-05 9e-05 4.511393685340881 0.2 0.2 88 
-2.224629618326823 0.002 0.001 0.9999748788277308 3e-06 7e-06 0.9999778695901235 2e-05 2e-05 4.5114436499277755 0.1 0.1 89 
-2.224128042856852 0.006 0.002 0.9999640649557113 1e-05 3e-05 0.999963348309199 3e-05 0.0001 4.511711262067159 0.2 0.2 90 
-2.224164975484212 0.007 0.002 0.9999680987993876 1e-05 4e-05 0.9999643337726593 3e-05 0.0002 4.511567861239115 0.3 0.2 91 
-2.2240582497914634 0.008 0.002 0.9999677779277166 7e-06 1e-05 0.9999640417098999 3e-05 0.0002 4.5113694842656455 0.3 0.3 92 
-2.156342649459839 9e-05 8e-05 0.9992787414789199 6e-06 6e-06 0.9999026306470236 1e-05 1e-05 4.501481216748555 0.07 0.07 93 
-2.2242995643615724 0.002 0.001 0.9999713351329168 8e-06 2e-05 0.9999659899870554 3e-05 4e-05 4.511177628835043 0.2 0.2 94 
-2.224064594904582 0.003 0.002 0.9999920356273652 4e-06 1e-05 0.999950608809789 3e-05 0.0001 4.511141581535339 0.3 0.3 95 
-2.224068241119385 0.004 0.002 0.9999689747889836 7e-06 2e-05 0.999963637193044 3e-05 5e-05 4.511357507705688 0.2 0.2 96 
-2.2250412718454995 0.002 0.001 0.9999901413917541 7e-06 2e-05 0.9999638585249583 3e-05 5e-05 4.511504556337992 0.1 0.1 97 
-2.2239537239074707 0.004 0.002 0.9999641468127568 5e-06 7e-06 0.9999576691786448 4e-05 5e-05 4.5112900670369465 0.2 0.2 98 
-2.22387188911438 0.006 0.002 0.9999699509143829 8e-06 2e-05 0.9999706111351649 2e-05 8e-05 4.511540379524231 0.2 0.2 99 
