-2.224611889521281 0.001 0.0008 0.9999865128596623 1e-05 1e-05 0.9999801975488662 1e-05 2e-05 4.511744333902995 0.07 0.07 67 
-2.224653132756551 0.0009 0.0007 0.9999836315711339 9e-06 1e-05 0.999975937406222 2e-05 2e-05 4.5117991065979 0.07 0.07 78 
-2.2247523721059164 0.0007 0.0005 0.9999905870358149 7e-06 8e-06 0.9999755011002223 2e-05 2e-05 4.511223904291788 0.07 0.07 57 
-2.2250182183583576 0.001 0.0007 0.9999873707691829 6e-06 1e-05 0.9999861898024877 4e-06 6e-06 4.511830856005351 0.08 0.08 90 
-2.224716930389404 0.0007 0.0006 0.9999793487787246 5e-06 8e-06 0.9999774122238159 2e-05 2e-05 4.514077761967977 0.09 0.08 54 
-2.224764356613159 0.0003 0.0003 0.9999792456626893 7e-06 7e-06 0.9999578817685445 3e-05 5e-05 4.513780584335327 0.08 0.08 9 
-2.224637718200684 0.0008 0.0006 0.9999855492512385 9e-06 1e-05 0.9999704939126969 2e-05 3e-05 4.511949656804402 0.08 0.08 40 
-2.224785928726196 0.0009 0.0008 0.9999849836031596 8e-06 1e-05 0.9999837382634481 6e-06 9e-06 4.512981511751811 0.07 0.07 65 
-2.2245309098561603 0.0008 0.0007 0.999958756963412 9e-06 1e-05 0.9999883991479873 6e-06 9e-06 4.5149465147654215 0.05 0.05 55 
-2.2250276819864907 0.0005 0.0004 0.9999911318222682 4e-06 6e-06 0.9999745412667592 2e-05 3e-05 4.511371415456136 0.09 0.09 18 
-2.224771343866984 0.0007 0.0005 0.9999898848930995 8e-06 9e-06 0.9999724421898524 2e-05 3e-05 4.510744740168254 0.08 0.08 41 
-2.2249076048533123 0.001 0.0009 0.9999895127614339 8e-06 1e-05 0.9999871152639389 5e-06 7e-06 4.511475431124369 0.08 0.08 92 
-2.224656915664673 0.0007 0.0006 0.9999874480565389 8e-06 9e-06 0.9999750530719758 2e-05 2e-05 4.511053306261698 0.08 0.08 8 
-2.223826519648234 0.004 0.002 0.999989180167516 4e-06 1e-05 0.999875497619311 0.0001 0.0002 4.511541061401367 0.1 0.1 14 
-2.2241346073150634 0.002 0.001 0.9999865825970967 1e-05 2e-05 0.999976642926534 1e-05 3e-05 4.510930352210998 0.1 0.1 87 
-2.2251473903656005 0.001 0.0007 0.9999893095095952 6e-06 1e-05 0.9999832540750504 1e-05 2e-05 4.511901383399963 0.08 0.08 23 
-2.224687592188517 0.0008 0.0006 0.9999880301952362 9e-06 1e-05 0.9999749851226807 2e-05 2e-05 4.511221987406413 0.08 0.07 1 
-2.2249148909250893 0.002 0.001 0.9999934111038844 2e-06 5e-06 0.9999540493885676 4e-05 7e-05 4.512681867281596 0.1 0.1 76 
-2.2245904445648192 0.001 0.0008 0.9999808782339096 1e-05 1e-05 0.9999762723843256 2e-05 2e-05 4.511678290367127 0.08 0.07 17 
-2.2246029504140217 0.0009 0.0007 0.9999855403105418 1e-05 1e-05 0.9999749612808227 2e-05 2e-05 4.51182022412618 0.08 0.08 20 
