-2.222826182047526 0.005 0.003 0.999942275484403 3e-05 8e-05 0.9999151517947514 5e-05 0.0002 4.513277238210042 0.2 0.2 2 
-2.223162539800008 0.003 0.002 0.9999662337700526 1e-05 4e-05 0.9999153844515483 5e-05 0.0001 4.512217313448588 0.2 0.2 4 
-2.2092888514200846 0.004 0.002 0.9995601393779119 0.0001 0.0001 0.9868589194615682 0.0007 0.0008 4.583522040049235 0.3 0.3 5 
-2.2247715695699055 0.001 0.0006 0.9999776405096054 8e-06 1e-05 0.9999483273426691 8e-06 9e-06 4.512918032010396 0.1 0.1 8 
-2.225141166051229 0.004 0.001 0.9999840434392293 8e-06 3e-05 0.9999660752216974 2e-05 0.0001 4.51257733186086 0.2 0.2 9 
-2.223773667017619 0.006 0.002 0.9999789190292359 1e-05 3e-05 0.9999195206165313 4e-05 0.0002 4.512537628809611 0.3 0.3 12 
-2.224366553624471 0.0006 0.0005 0.9999727271000545 7e-06 8e-06 0.9999542550245921 2e-05 4e-05 4.513220200538635 0.1 0.1 13 
-2.2161565367380778 0.006 0.002 0.9999350247780482 3e-05 0.0001 0.9999676996469498 2e-05 3e-05 4.5090779034296675 0.2 0.2 14 
-2.2243918577829995 0.003 0.001 0.9999701378742853 1e-05 6e-05 0.9999715717633565 2e-05 9e-05 4.51315750281016 0.2 0.2 15 
-2.2245088958740236 0.004 0.001 0.9999701184034347 2e-05 6e-05 0.9999693361918132 3e-05 0.0001 4.512578063011169 0.2 0.2 16 
-2.2251414680480956 0.0008 0.0003 0.9999847773710887 3e-06 5e-06 0.9999395497639973 8e-06 9e-06 4.511927129427592 0.1 0.1 17 
-2.225399875640869 0.0005 0.0003 0.9999843929211298 4e-06 6e-06 0.9999670324722926 7e-06 9e-06 4.513001797993978 0.1 0.1 18 
-2.2252699534098306 0.002 0.0008 0.9999858285983404 8e-06 2e-05 0.9999744749069214 2e-05 9e-05 4.512455852826436 0.1 0.1 19 
-2.2218486213684083 0.001 0.0007 0.9999009587367376 2e-05 3e-05 0.9999032564957937 2e-05 3e-05 4.516660836537679 0.2 0.2 20 
-2.2242161210378013 0.002 0.0008 0.9999795426925023 5e-06 6e-06 0.9999512167771657 3e-05 0.0001 4.512584549585978 0.1 0.1 21 
-2.2248726367950438 0.003 0.0009 0.9999770601590474 1e-05 4e-05 0.9999751220146815 2e-05 7e-05 4.512058610916138 0.2 0.2 22 
-2.224367895126343 0.003 0.001 0.9999811786413193 7e-06 1e-05 0.9999231944481531 3e-05 0.0001 4.512109670639038 0.2 0.2 23 
-2.225047658284505 0.0008 0.0005 0.99998670677344 4e-06 6e-06 0.9999682275454204 1e-05 3e-05 4.512616531054179 0.1 0.1 24 
-2.225718930562337 0.001 0.0005 0.9999919541676839 5e-06 1e-05 0.999979226787885 1e-05 3e-05 4.512650895118713 0.1 0.1 27 
-2.2252282365163167 0.0003 0.0002 0.9999711515506109 5e-06 6e-06 0.9999345769484838 1e-05 2e-05 4.514025789896647 0.1 0.1 29 
-2.2224383958180747 0.003 0.002 0.9999324283997217 2e-05 4e-05 0.9999699427684148 2e-05 5e-05 4.51460705280304 0.2 0.2 30 
-2.224493891398112 0.0005 0.0004 0.9999850366512935 4e-06 5e-06 0.9999355318148931 3e-05 5e-05 4.512216753959656 0.08 0.08 32 
-2.2246839586893716 0.002 0.001 0.999976231654485 1e-05 5e-05 0.9999570302168528 3e-05 0.0001 4.512369704246521 0.2 0.2 33 
-2.224329605102539 0.0007 0.0006 0.99997367699941 7e-06 9e-06 0.9999703615903854 7e-06 2e-05 4.512496032714844 0.1 0.1 37 
-2.225206362406413 0.002 0.0008 0.9999795452753703 6e-06 2e-05 0.9999743092060089 2e-05 4e-05 4.512741475105286 0.1 0.1 38 
-2.2256442324320473 0.002 0.0005 0.9999901950359344 6e-06 1e-05 0.999975124001503 1e-05 5e-05 4.512333156267802 0.1 0.1 39 
-2.225730717976888 0.0009 0.0005 0.9999904199441274 6e-06 2e-05 0.9999275600910187 4e-05 0.0001 4.5127556641896565 0.1 0.1 40 
-2.2244916025797528 0.005 0.002 0.9999703945716222 2e-05 5e-05 0.9999535767237345 3e-05 0.0001 4.512245887120565 0.2 0.2 41 
-2.2170691871643067 0.002 0.0009 0.9999646677573522 1e-05 2e-05 0.9999579421679179 3e-05 8e-05 4.508079818089803 0.2 0.2 42 
-2.2250346978505453 0.003 0.001 0.9999832131465276 8e-06 5e-05 0.999975138703982 2e-05 8e-05 4.511865251859029 0.2 0.2 43 
-2.2254596519470216 0.003 0.0009 0.9999941229820252 3e-06 9e-06 0.9999745323260625 2e-05 9e-05 4.511934037208557 0.2 0.2 44 
-2.221166998545329 0.001 0.0009 0.9999077091614406 3e-05 5e-05 0.999846727848053 6e-05 9e-05 4.5152929480870565 0.2 0.2 45 
-2.224079917271932 0.004 0.002 0.9999766260385513 1e-05 3e-05 0.9999341444174449 3e-05 9e-05 4.511755180358887 0.2 0.2 46 
-2.218767096201579 0.008 0.004 0.9998725181818009 3e-05 7e-05 0.9994088002045949 7e-05 0.0004 4.521803212165833 0.2 0.2 47 
-2.2258796246846515 0.0009 0.0004 0.9999896800518036 6e-06 1e-05 0.9999797236919403 8e-06 3e-05 4.512492888768514 0.1 0.1 48 
-2.2251188627878826 0.002 0.0008 0.99998430788517 6e-06 8e-06 0.9998970510562261 1e-05 3e-05 4.512922161420186 0.2 0.2 49 
-2.2241965611775716 0.003 0.001 0.9999864544471105 6e-06 1e-05 0.9999243048826854 3e-05 0.0001 4.512487389246623 0.2 0.2 50 
-2.2231834952036538 0.003 0.002 0.9999695215622584 1e-05 3e-05 0.9998951554298401 5e-05 0.0001 4.511449384689331 0.3 0.2 51 
-2.2245601145426432 0.006 0.002 0.9999846514066061 7e-06 3e-05 0.9999487527211507 4e-05 0.0002 4.512756199836731 0.2 0.2 52 
-2.225045353571574 0.002 0.0008 0.9999801894028981 5e-06 1e-05 0.9998771228392919 1e-05 2e-05 4.512209488550822 0.1 0.1 53 
-2.2242147636413576 0.003 0.002 0.9999642223119736 2e-05 7e-05 0.9999693252642949 2e-05 5e-05 4.51276904741923 0.2 0.2 54 
-2.2213158575693766 0.0002 0.0002 0.9999467899401983 8e-06 8e-06 0.9999257781108221 3e-07 4e-07 4.511684740384419 0.09 0.09 55 
-2.2165237045288086 0.005 0.001 0.9999670213460923 1e-05 6e-05 0.99965933461984 0.0003 0.001 4.509843096733094 0.4 0.4 56 
-2.2235559304555257 0.003 0.001 0.9999850779771805 6e-06 2e-05 0.9999387981494268 4e-05 9e-05 4.511987676620484 0.1 0.1 57 
-2.225202201207479 0.002 0.0009 0.9999888970454534 6e-06 1e-05 0.9999422196547191 2e-05 4e-05 4.51271603902181 0.1 0.1 58 
-2.2244011910756427 0.002 0.001 0.9999727360407511 1e-05 4e-05 0.9999625587463379 3e-05 7e-05 4.513330497741699 0.2 0.2 59 
-2.224967533747355 0.002 0.001 0.9999674365917841 2e-05 5e-05 0.9999820737044016 1e-05 7e-05 4.512699476877848 0.2 0.2 60 
-2.2241473452250164 0.002 0.001 0.9999711777766546 1e-05 2e-05 0.9999332330624262 4e-05 0.0001 4.513204026222229 0.1 0.1 61 
-2.223676716486613 0.002 0.0008 0.9999451172351838 1e-05 2e-05 0.9998391989866893 4e-05 7e-05 4.51187097231547 0.2 0.2 62 
-2.224713265101115 0.002 0.001 0.999979126850764 8e-06 2e-05 0.999966627160708 3e-05 7e-05 4.512514163653056 0.1 0.1 63 
-2.2236900742848715 0.0001 0.0001 0.9999795140822728 2e-06 2e-06 0.9999694724877676 4e-07 3e-07 4.51152720451355 0.05 0.05 64 
-2.2254274908701577 0.0009 0.0005 0.9999836961428324 7e-06 2e-05 0.9999818915128708 1e-05 2e-05 4.51244769414266 0.1 0.1 65 
-2.098475281397502 0.09 0.05 0.9912726924816767 0.0006 0.0006 0.9696048772335053 0.003 0.01 4.869181019465128 0.9 0.8 68 
-2.2232431157430015 0.005 0.003 0.9999593498309454 2e-05 6e-05 0.999939811428388 3e-05 0.0001 4.5130312585830685 0.3 0.2 69 
-2.225578311284383 0.002 0.0008 0.9999897948900859 6e-06 3e-05 0.999980579217275 2e-05 6e-05 4.512333532969157 0.1 0.1 70 
-2.2258627637227377 0.001 0.0005 0.9999865277608235 9e-06 4e-05 0.9999782369534175 1e-05 3e-05 4.512365353902181 0.09 0.09 71 
-2.2247423775990804 0.003 0.001 0.9999827267726262 8e-06 2e-05 0.9999609343210856 3e-05 7e-05 4.512367750803629 0.2 0.2 72 
-2.2249068800608316 0.001 0.0006 0.9999848214785257 5e-06 1e-05 0.9999673064549764 8e-06 1e-05 4.512266894976298 0.1 0.1 74 
-2.22564190864563 0.003 0.0007 0.999980375568072 1e-05 8e-05 0.9999812038739523 1e-05 4e-05 4.512179641723633 0.1 0.1 76 
-2.2250580755869547 0.003 0.001 0.9999919027090073 5e-06 1e-05 0.9998444493611653 0.0001 0.0005 4.511863918304443 0.2 0.2 77 
-2.224826650619507 0.006 0.002 0.9999776124954224 1e-05 5e-05 0.9999449145793915 3e-05 0.0001 4.51291626294454 0.2 0.2 78 
-2.2242954858144124 0.002 0.001 0.9999694812297821 1e-05 3e-05 0.9999371866385142 3e-05 4e-05 4.513460942904154 0.2 0.2 80 
-2.2238306522369387 0.003 0.001 0.9999760248263677 9e-06 1e-05 0.9999299655357997 3e-05 5e-05 4.512528734207153 0.2 0.2 81 
-2.219957780838013 0.004 0.002 0.9998753629128139 4e-05 5e-05 0.9998815009991328 7e-05 0.0001 4.5160878499348955 0.2 0.2 82 
-2.224735533396403 0.004 0.001 0.999975455403328 1e-05 5e-05 0.9999645274877548 2e-05 8e-05 4.512345272699992 0.2 0.2 83 
-2.2245712375640867 0.005 0.001 0.9999834416309993 8e-06 2e-05 0.9999570496877035 3e-05 9e-05 4.512169405619304 0.1 0.2 84 
-2.225166794459025 0.002 0.0009 0.9999935301144918 4e-06 8e-06 0.9999626596768697 2e-05 4e-05 4.511642087300618 0.2 0.2 86 
-2.219281727472941 0.0004 0.0004 0.9999636042118073 5e-06 6e-06 0.9999031891425451 3e-05 4e-05 4.507981629371643 0.03 0.03 87 
-2.223657445907593 0.003 0.001 0.9999448025226593 2e-05 4e-05 0.9999741816520691 9e-06 2e-05 4.51468429406484 0.2 0.2 88 
-2.2243077119191486 0.001 0.0004 0.999986275434494 3e-06 5e-06 0.9999785431226095 1e-05 6e-05 4.512011411984761 0.1 0.1 89 
-2.224286508560181 0.003 0.001 0.9999622662862142 2e-05 6e-05 0.9999526154994964 2e-05 7e-05 4.511903688112895 0.2 0.2 90 
-0.8520641676584879 0.002 0.0008 0.9357832094033559 0.002 0.002 0.8998798304796218 0.0006 0.0006 2.8826522835095725 0.1 0.1 91 
-2.2244019222259523 0.001 0.0007 0.9999773979187012 9e-06 1e-05 0.9999300883213679 2e-05 5e-05 4.512816205024719 0.1 0.1 92 
-2.223801924387614 0.005 0.002 0.9999775703748067 1e-05 4e-05 0.9999764941136042 2e-05 5e-05 4.5114508676528935 0.1 0.2 93 
-2.2238196182250975 0.005 0.002 0.999951607187589 2e-05 8e-05 0.9999687319993973 1e-05 6e-05 4.51299957593282 0.2 0.3 94 
-2.222941385904948 0.001 0.0009 0.9999598048130671 8e-06 9e-06 0.999914998014768 3e-05 9e-05 4.512519189516703 0.1 0.1 95 
-2.2237509314219155 0.003 0.001 0.9999491353829701 2e-05 3e-05 0.9999673785765966 1e-05 3e-05 4.513867764472962 0.2 0.2 96 
-2.2186133289337158 0.001 0.0009 0.999960363705953 3e-06 5e-06 0.9996823197603226 6e-05 0.0001 4.50910641670227 0.2 0.2 97 
-2.222995392481486 0.008 0.002 0.9998969948291778 3e-05 7e-05 0.999911399881045 4e-05 0.0002 4.515791478157044 0.2 0.2 98 
