-2.2256639703114827 0.003 0.0007 0.9999943794806798 3e-06 2e-05 0.9999866314729055 1e-05 4e-05 4.51234511534373 0.09 0.1 131 
-2.225580364863078 0.002 0.0007 0.9999949365854264 3e-06 2e-05 0.99998311261336 1e-05 7e-05 4.51194261709849 0.1 0.1 93 
-2.2255833594004315 0.002 0.0008 0.9999942737817764 4e-06 2e-05 0.9999860888719558 1e-05 6e-05 4.5122213506698605 0.1 0.1 72 
-2.225639263788859 0.003 0.0007 0.9999947792291641 3e-06 2e-05 0.999986449678739 1e-05 4e-05 4.5123681751887 0.1 0.1 8 
-2.2254475847880046 0.0007 0.0005 0.9999926155805587 2e-06 4e-06 0.9999851876497269 1e-05 3e-05 4.5124915599822994 0.1 0.1 109 
-2.225459047953288 0.0007 0.0004 0.9999926261107127 2e-06 4e-06 0.9999861260255177 9e-06 3e-05 4.512513411839803 0.1 0.1 64 
-2.2255019346872964 0.0009 0.0004 0.9999928736686706 2e-06 3e-06 0.9999854797124863 1e-05 4e-05 4.512287354469299 0.1 0.1 144 
-2.22556622505188 0.002 0.0008 0.9999937520424524 4e-06 2e-05 0.9999860090017318 1e-05 8e-05 4.512227492332459 0.1 0.1 149 
-2.22558980623881 0.001 0.0005 0.9999939318497976 2e-06 3e-06 0.9999866433938345 1e-05 4e-05 4.512074791590373 0.1 0.1 44 
-2.2256533845265705 0.002 0.0006 0.9999950367212296 3e-06 1e-05 0.9999868534008662 1e-05 6e-05 4.512050096193949 0.1 0.1 69 
-2.225531816482544 0.0009 0.0004 0.9999934113025666 2e-06 3e-06 0.9999869145949681 1e-05 3e-05 4.512256905237834 0.1 0.1 25 
-2.225419956843058 0.0002 0.0002 0.9999935404459636 2e-06 3e-06 0.9999825497468312 9e-06 2e-05 4.512247562408447 0.07 0.07 113 
-2.225588665008545 0.002 0.0005 0.9999937033653259 2e-06 4e-06 0.9999881047010422 9e-06 7e-05 4.512093648910523 0.1 0.1 5 
-2.2256368001302085 0.002 0.0006 0.9999944363037745 3e-06 1e-05 0.9999869247277577 1e-05 6e-05 4.511978022257487 0.1 0.1 38 
-2.225543416341146 0.0009 0.0004 0.9999934081236521 2e-06 3e-06 0.9999872914950053 1e-05 3e-05 4.512306281725565 0.1 0.1 104 
-2.2256054496765136 0.001 0.0005 0.9999940409262975 2e-06 2e-06 0.9999872225522995 1e-05 5e-05 4.512232171694437 0.1 0.1 62 
-2.2255420875549317 0.002 0.0005 0.9999933322270711 2e-06 3e-06 0.9999867117404938 1e-05 6e-05 4.512060529390971 0.1 0.1 115 
-2.225608539581299 0.001 0.0006 0.9999955479303996 3e-06 8e-06 0.9999833655357361 1e-05 5e-05 4.511861701011657 0.1 0.1 116 
-2.2255738226572674 0.003 0.0007 0.9999937321742376 4e-06 2e-05 0.9999859142303467 1e-05 5e-05 4.5122255611419675 0.1 0.1 22 
-2.2256293392181394 0.0009 0.0004 0.9999946852525076 2e-06 3e-06 0.9999879848957062 9e-06 3e-05 4.5121747573216755 0.09 0.1 15 
