-0.37361302693684895 0.0002 0.0001 0.8197636198997498 0.0008 0.0007 0.9828447792927424 0.0005 0.0005 2.4048642261823017 0.07 0.07 1 
-0.375880339940389 0.0009 0.0005 0.8161343306303024 0.004 0.004 0.9855113689104716 0.0009 0.001 2.3577005179723103 0.09 0.09 8 
-0.37626203536987307 0.003 0.0004 0.8162751185894013 0.002 0.003 0.9823371698458989 0.001 0.002 2.3905631454785663 0.1 0.1 11 
-0.3691265328725179 2e-05 2e-05 0.8174265205860138 6e-05 6e-05 0.9811509450276693 0.0005 0.0005 2.397132093111674 0.06 0.06 13 
-2.1528876876831053 0.009 0.003 0.9985814682642619 3e-05 0.0001 0.9999528928597768 3e-05 0.0002 4.475801657040914 0.2 0.2 16 
-0.3738820584615072 0.009 0.002 0.829571256240209 0.007 0.01 0.9829410974184672 0.002 0.002 2.4428361741701763 0.2 0.2 18 
-0.37426040808359784 2e-05 2e-05 0.8200791043043136 0.001 0.001 0.9832894068956375 0.0005 0.0005 2.4025521373748777 0.05 0.05 23 
-2.0202074019114176 0.0009 0.0008 0.9899854618310928 0.0001 0.0001 0.998757655620575 3e-05 3e-05 4.4999531475702925 0.09 0.09 24 
-2.1645094521840416 0.004 0.002 0.9915573406219482 0.0001 0.0002 0.9999520538250605 6e-06 3e-05 4.626801506678263 0.2 0.2 27 
-0.3650464375813802 0.001 0.0005 0.8335747800270716 0.002 0.002 0.9829756257931391 0.0007 0.0008 2.460066955089569 0.1 0.1 28 
-0.3600282955169678 4e-05 4e-05 0.8404405812422434 0.001 0.001 0.9827324086427689 0.0004 0.0004 2.4934861691792807 0.06 0.06 29 
-2.1956548500061035 0.002 0.0009 0.9989088602860768 3e-05 4e-05 0.9992199524243672 6e-06 1e-05 4.513445865313212 0.2 0.2 33 
-2.203263168334961 0.01 0.002 0.9996555568774541 2e-05 7e-05 0.9989798347155253 9e-06 6e-05 4.498933329582214 0.3 0.3 34 
-1.874244473775228 0.02 0.002 0.957271868387858 0.0008 0.0006 0.9997397861878077 2e-05 0.0007 4.96612565835317 0.2 0.2 36 
-2.177949765523275 0.009 0.002 0.9915916556119919 0.0002 0.0002 0.9997104247411092 9e-06 7e-05 4.639648056030273 0.1 0.2 41 
-2.0336493333180745 0.01 0.002 0.9785861124595007 0.0006 0.0007 0.9991800999641418 2e-05 7e-05 4.722199074427286 0.2 0.2 42 
-2.220915190378825 0.006 0.001 0.9991030023495356 2e-05 4e-05 0.9999422472715378 8e-06 2e-05 4.529210569063823 0.1 0.1 43 
-2.1895646031697593 0.01 0.003 0.9980281452337901 5e-05 0.0001 0.9989447496334711 1e-05 5e-05 4.529594624837239 0.2 0.3 48 
-2.2041987864176433 0.04 0.007 0.999537103176117 5e-05 0.0002 0.9999285199244817 9e-06 2e-05 4.504513726234436 0.2 0.2 50 
-2.1347750123341878 0.0007 0.0005 0.9869337079922358 0.0002 0.0002 0.9991951588789622 2e-06 1e-06 4.683235019048055 0.1 0.1 51 
-2.067712043126424 0.004 0.002 0.9799007638295492 0.0004 0.0005 0.9991890466213227 8e-06 1e-05 4.732204944292704 0.2 0.2 54 
-0.35011664231618245 0.009 0.003 0.8545035817225775 0.008 0.009 0.9832233776648839 0.002 0.003 2.5514981365203857 0.1 0.06 57 
-0.3587405920028687 0.01 0.001 0.8161480675141016 0.002 0.006 0.9812678482135136 0.002 0.002 2.3834043979644775 0.1 0.1 58 
-0.3727735678354899 0.0002 0.0002 0.8154198400179545 0.0002 0.0002 0.9827317200104395 0.001 0.001 2.37768424987793 0.07 0.07 59 
-2.2201135762532553 0.003 0.001 0.999076442917188 2e-05 4e-05 0.9999444184700648 1e-05 3e-05 4.528600584665934 0.1 0.1 60 
-0.2857055838902791 3e-05 2e-05 0.8692298956712087 0.0005 0.0005 0.977982630332311 0.0004 0.0004 2.657477528254191 0.08 0.08 61 
-0.3728177722295125 5e-05 5e-05 0.8444874676068624 0.0008 0.0008 0.9841761358579 0.0005 0.0005 2.5217925397555034 0.06 0.06 62 
-2.1082362079620363 0.002 0.0008 0.9915727492173513 0.0002 0.0002 0.9989255168040594 1e-05 0.0001 4.591899588902791 0.2 0.1 65 
-2.192956616083781 0.01 0.003 0.9992203857501348 2e-05 7e-05 0.9992184432347616 1e-05 0.0001 4.503272905349731 0.1 0.1 66 
-0.375165425936381 2e-05 2e-05 0.8172915615638097 0.0005 0.0005 0.9837356505791346 0.0005 0.0005 2.3702415482203167 0.06 0.06 67 
-0.3653202644983927 0.002 0.0005 0.8520063153902689 0.003 0.003 0.9866643444697062 0.0009 0.001 2.528673304716746 0.1 0.1 71 
-0.3462907727559408 0.0001 0.0001 0.8450335550308228 0.001 0.001 0.9826366146405537 0.0004 0.0004 2.5249025305112203 0.06 0.06 72 
-0.37208680947621664 0.0006 0.0003 0.8440396738052368 0.002 0.002 0.9808368722597758 0.0005 0.0007 2.531612765789032 0.06 0.06 73 
-0.3597829453150431 0.005 0.002 0.8027368680636088 0.0009 0.002 0.9825997348626455 0.002 0.004 2.3231094829241434 0.1 0.1 76 
-0.3693743356068929 0.001 0.0004 0.8281390076875687 0.003 0.003 0.9828023652235667 0.0007 0.0007 2.4421463338534037 0.09 0.09 79 
-2.158413050969442 0.01 0.003 0.9937376232941946 0.0002 0.0004 0.9991944098472595 3e-05 9e-05 4.573206815719605 0.2 0.2 81 
-2.2148455397288003 0.004 0.0007 0.9988251580794653 4e-05 9e-05 0.9959523846705755 5e-05 6e-05 4.587719521522522 0.2 0.2 82 
-0.3777930275599162 0.0004 0.0003 0.8379888552427291 0.002 0.002 0.9837245068947474 0.0004 0.0005 2.4899019678433736 0.07 0.07 83 
-0.36508708000183104 0.002 0.0004 0.8517905835310619 0.002 0.003 0.9838080016771952 0.0009 0.0004 2.5591773215929665 0.08 0.09 86 
-2.1775441614786786 0.1 0.03 0.9980200117826462 0.0002 0.0009 0.9997461779912313 3e-05 0.0002 4.525846791267395 0.3 0.4 90 
-2.1371731821695965 0.004 0.002 0.9966760869820913 2e-05 5e-05 0.9991967864831288 1e-05 2e-05 4.516214788754781 0.1 0.1 91 
-0.303896320660909 0.0001 9e-05 0.8914826667308807 0.0008 0.0009 0.9835768157243728 0.0004 0.0004 2.7966691144307454 0.07 0.07 95 
-2.207785291671753 0.02 0.002 0.9993700693051021 2e-05 0.0001 0.9997073926528295 1e-05 5e-05 4.516580939292908 0.2 0.2 97 
-2.181139319737752 0.005 0.002 0.9947933906316757 9e-05 0.0001 0.9992080559333165 1e-05 3e-05 4.581605909665425 0.1 0.2 99 
