-2.22480637550354 0.0008 0.0007 0.9999904032548269 7e-06 8e-06 0.9999818315108617 1e-05 1e-05 4.5110899464289345 0.08 0.08 0 
-2.1028143533070884 0.01 0.01 0.9993168582518895 0.0003 0.0003 0.9989483729998271 0.0003 0.0006 4.436976547241211 0.4 0.4 1 
nan 2 
-2.2244152577718097 0.0008 0.0007 0.9999885253111521 1e-05 1e-05 0.9999699173370997 2e-05 3e-05 4.510615240732829 0.1 0.1 3 
nan 4 
-2.2246273390452065 0.0007 0.0007 0.9999899077415466 8e-06 9e-06 0.9999742885430654 2e-05 2e-05 4.510967189470927 0.08 0.08 5 
-1.5179596424102784 0.2 0.1 0.9882168698310853 0.007 0.008 0.7931362581253052 0.1 0.2 4.954395576318105 3.0 2.0 6 
-1.5265151119232179 1.0 0.2 0.9887362706661225 0.007 0.02 0.8611536227663358 0.09 0.5 4.644173370202382 5.0 2.0 7 
-2.2240376567840574 0.001 0.001 0.9999783597389857 1e-05 2e-05 0.9999763480822246 1e-05 2e-05 4.511248057683309 0.09 0.08 8 
-2.2247543303171793 0.0006 0.0005 0.9999909396966299 8e-06 9e-06 0.9999708835283915 2e-05 3e-05 4.511014243761698 0.08 0.07 9 
-1.954269177118937 0.01 0.01 0.9977415549755096 0.001 0.001 0.9938519565264384 0.0003 0.0003 4.373068701426188 0.9 0.9 10 
-2.2244096024831137 0.004 0.001 0.9999862676858902 4e-06 1e-05 0.9999456924200057 4e-05 0.0002 4.51238347530365 0.2 0.2 11 
-1.5275503317515056 0.2 0.1 0.9885369845231374 0.006 0.01 0.8364632545908293 0.1 0.4 4.728756993611654 4.0 2.0 12 
-2.2243147913614907 0.001 0.001 0.9999838391939799 1e-05 1e-05 0.9999757061402003 2e-05 2e-05 4.5108449872334795 0.08 0.08 13 
-1.5800853411356608 0.1 0.08 0.9895728156963984 0.004 0.006 0.9623991493384043 0.01 0.03 4.297029721736908 3.0 2.0 14 
-1.9582469908396403 0.1 0.04 0.998135831952095 0.0006 0.001 0.9948924823602041 0.001 0.004 4.36123974164327 2.0 1.0 15 
-1.6679952017466226 0.6 0.2 0.9924515815575917 0.005 0.02 0.8664854235450427 0.08 0.4 4.732029027144114 5.0 2.0 16 
-1.5272057596842448 0.4 0.1 0.9863246440887451 0.01 0.02 0.8175675374269485 0.1 0.3 4.817071247895559 4.0 3.0 17 
-1.516450408299764 0.2 0.1 0.9882130380471548 0.007 0.008 0.8035938491423925 0.1 0.2 4.889727492332458 3.0 2.0 18 
-1.5273963006337483 0.3 0.1 0.9885657948255538 0.007 0.01 0.8371473590532938 0.1 0.3 4.723950145244598 5.0 2.0 19 
-1.53253999710083 0.9 0.2 0.9887433936198552 0.008 0.01 0.8065275560816129 0.1 0.4 4.94879920164744 7.0 3.0 20 
-2.0711930211385092 0.1 0.02 0.9995894924799601 7e-05 5e-05 0.9944443780183793 0.0007 0.004 4.367351733843486 0.7 0.6 21 
-1.5206624698638915 0.2 0.1 0.988310383160909 0.006 0.009 0.8236480357249578 0.1 0.3 4.771023064454397 4.0 2.0 22 
-2.2246314080556235 0.0006 0.0006 0.9999883570273718 9e-06 1e-05 0.9999715010325114 2e-05 2e-05 4.511036087671916 0.08 0.08 23 
-2.2245025952657063 0.0005 0.0003 0.9999897307157517 9e-06 1e-05 0.9999457637468974 4e-05 6e-05 4.511031564076742 0.09 0.08 24 
-2.1755887699127197 0.002 0.001 0.9998212631543477 4e-05 5e-05 0.9994743988911311 7e-05 8e-05 4.485987641016642 0.1 0.1 25 
-1.5828165340423583 0.1 0.1 0.9905150586366653 0.006 0.007 0.8748223106066386 0.08 0.2 4.7332239127159115 4.0 2.0 26 
-1.6471169757843018 0.1 0.05 0.9919895923137665 0.004 0.005 0.9143116410573323 0.05 0.06 4.448271515369416 2.0 1.0 27 
-2.2243467235565184 0.0007 0.0006 0.99998865822951 8e-06 8e-06 0.9999678883949915 2e-05 2e-05 4.510646460851033 0.09 0.09 28 
-2.2242576758066814 0.0007 0.0006 0.9999872954686483 8e-06 9e-06 0.9999664781490961 2e-05 3e-05 4.51074765364329 0.1 0.09 29 
-2.2244498602549236 0.0008 0.0007 0.9999899810552597 9e-06 1e-05 0.9999701021114985 2e-05 3e-05 4.5107331355412805 0.09 0.09 30 
-2.224512567520142 0.0007 0.0007 0.999987599849701 8e-06 9e-06 0.9999704760313034 2e-05 2e-05 4.510959815979004 0.08 0.08 31 
-2.225375496546427 0.0006 0.0003 0.9999929670492808 3e-06 4e-06 0.9999783229827881 8e-06 1e-05 4.511867017745971 0.06 0.07 32 
-1.6222062428792319 0.7 0.1 0.9911268015702566 0.005 0.01 0.8781602839628856 0.08 0.3 4.603105580012004 4.0 2.0 33 
-2.2245421981811524 0.0007 0.0007 0.9999885372320811 9e-06 1e-05 0.9999726404746373 2e-05 2e-05 4.510792916615804 0.08 0.08 34 
-2.2246485551198325 0.0006 0.0006 0.9999876634279887 1e-05 1e-05 0.9999701025088629 2e-05 3e-05 4.510779727300008 0.08 0.08 35 
nan 36 
-2.224640776316325 0.0006 0.0005 0.9999910338719686 7e-06 8e-06 0.9999704631169637 2e-05 3e-05 4.511056812604268 0.08 0.08 37 
-2.2249357509613037 0.002 0.0008 0.9999932374556859 3e-06 1e-05 0.9999672075112661 1e-05 4e-05 4.511509943008423 0.1 0.1 38 
-1.9868420728047689 0.4 0.09 0.9975422420104345 0.002 0.007 0.9826490257183711 0.01 0.06 4.42871563911438 1.0 1.0 39 
-2.058916826248169 0.03 0.02 0.9995115349690119 5e-05 3e-05 0.9939942063887914 0.0003 0.0005 4.353367417653402 0.3 0.3 40 
-2.225299037297567 0.001 0.0007 0.9999930385748546 3e-06 6e-06 0.999982413649559 9e-06 2e-05 4.511644379297892 0.09 0.08 41 
-2.224320316314697 0.0006 0.0006 0.9999898127714792 7e-06 8e-06 0.999964056412379 3e-05 3e-05 4.511130091349284 0.1 0.1 42 
-2.224470418294271 0.0008 0.0007 0.9999885076284408 1e-05 1e-05 0.9999707688887914 2e-05 2e-05 4.511183727582296 0.09 0.08 43 
-2.224763822555542 0.0007 0.0006 0.9999904942512512 7e-06 8e-06 0.9999792832136154 1e-05 1e-05 4.511081722577413 0.08 0.08 44 
-1.5076705328623454 0.8 0.2 0.9878121505180995 0.008 0.02 0.7786555282274882 0.1 0.3 5.130261819362641 7.0 3.0 45 
nan 46 
-1.4984797350565593 0.7 0.2 0.9868731117248535 0.01 0.03 0.7583410924673081 0.2 0.4 5.306405706008276 7.0 3.0 47 
-1.6411894194285075 0.6 0.2 0.9913086907068889 0.006 0.02 0.9117855056126912 0.06 0.3 4.564713479677836 6.0 2.0 48 
-1.5634927654266357 0.5 0.2 0.9880123776197434 0.009 0.03 0.9185970618327459 0.04 0.4 4.363046967585881 5.0 3.0 49 
-2.2245941321055094 0.0009 0.0006 0.999990308880806 7e-06 8e-06 0.9999686559041341 2e-05 3e-05 4.510929452578226 0.09 0.08 50 
-1.527886126836141 0.2 0.09 0.98858460466067 0.006 0.01 0.828229386806488 0.1 0.3 4.761454940636953 5.0 2.0 51 
-2.2245049699147543 0.0007 0.0006 0.9999886109431585 9e-06 1e-05 0.9999712349971136 2e-05 3e-05 4.511182017326355 0.08 0.08 52 
-2.2247179762522378 0.0006 0.0006 0.9999904884894689 8e-06 9e-06 0.9999721370140712 2e-05 2e-05 4.5109436893463135 0.07 0.07 53 
-1.5358126544952393 0.8 0.1 0.9889816751082738 0.007 0.01 0.801759003897508 0.1 0.3 4.93413547039032 5.0 3.0 54 
-2.2248689937591553 0.0005 0.0004 0.9999903134504954 3e-06 2e-06 0.9999763137102127 7e-06 1e-05 4.511494375864665 0.09 0.09 55 
-2.224805866877238 0.0006 0.0005 0.9999897025028864 6e-06 7e-06 0.9999744790792465 2e-05 2e-05 4.511160545349121 0.08 0.08 56 
nan 57 
-2.2246688111623127 0.0006 0.0006 0.9999893556038538 9e-06 1e-05 0.9999702153603236 2e-05 3e-05 4.510920627911886 0.08 0.08 58 
-2.2246426868438722 0.0007 0.0006 0.9999900559584299 8e-06 9e-06 0.9999720424413681 2e-05 2e-05 4.511093190511068 0.08 0.08 59 
-1.68141889890035 0.03 0.04 0.9926236748695374 0.004 0.004 0.9731102200349172 0.0008 0.0007 4.265556297302246 1.0 1.0 60 
-2.022713352839152 0.04 0.02 0.9992878504594167 7e-05 4e-05 0.9923386100927989 0.0004 0.0008 4.318399771054586 0.3 0.3 61 
nan 62 
-2.225171194076538 0.0006 0.0005 0.9999892667929331 7e-06 8e-06 0.9999867163101832 8e-06 9e-06 4.5110983514785765 0.06 0.06 63 
-1.5342570304870606 1.0 0.2 0.9880993646383286 0.01 0.03 0.7717771527171134 0.2 0.4 5.253725646336873 6.0 3.0 64 
-1.5209334405263264 1.0 0.2 0.9887460909287135 0.007 0.01 0.790269651512305 0.1 0.5 5.107352093060811 8.0 3.0 65 
-1.7443102645874022 0.08 0.06 0.9938059830665589 0.002 0.003 0.9679382260640462 0.02 0.04 4.3471645816167195 2.0 2.0 66 
-1.4736147626241047 0.7 0.2 0.9863610974947612 0.008 0.02 0.7693306982517243 0.2 0.4 5.285879436333974 9.0 3.0 67 
-2.2244691181182863 0.0006 0.0006 0.9999883854389191 8e-06 9e-06 0.9999696765343348 2e-05 2e-05 4.510720276832581 0.09 0.09 68 
nan 69 
-2.224643653233846 0.0006 0.0005 0.9999898960192998 7e-06 8e-06 0.999974072376887 2e-05 2e-05 4.511209886868794 0.09 0.08 70 
-1.485780464808146 0.8 0.2 0.9855631856123607 0.01 0.03 0.7143934139112631 0.2 0.5 5.733167336781819 10.0 3.0 71 
-1.4976316102345784 0.6 0.2 0.9842724899450938 0.01 0.04 0.709466828306516 0.2 0.5 5.786306737263997 10.0 4.0 72 
-2.2242107168833414 0.0009 0.0009 0.9999850624799729 1e-05 1e-05 0.9999701970815659 2e-05 2e-05 4.510577171643575 0.1 0.09 73 
-1.9800688934326172 0.01 0.01 0.998101476629575 0.0009 0.0009 0.995514090458552 7e-05 7e-05 4.3796799151102705 0.8 0.8 74 
-1.6245025793711345 0.1 0.08 0.9908986725409825 0.002 0.003 0.9641300121943156 0.02 0.03 4.326061068375905 3.0 2.0 75 
-1.5470836289723715 0.04 0.03 0.9886311411857605 0.003 0.004 0.9456637018918991 0.01 0.05 4.301378831068675 2.0 2.0 76 
-1.527698694864909 0.2 0.1 0.9885822166999181 0.006 0.01 0.8419020609060923 0.09 0.3 4.702445683479309 4.0 2.0 77 
-1.5266831843058268 0.9 0.2 0.9874331386884053 0.008 0.02 0.8322164771954218 0.1 0.3 4.824562604427338 6.0 2.0 78 
nan 79 
-2.2247260761260987 0.0007 0.0005 0.9999902262290319 8e-06 7e-06 0.999974656701088 2e-05 2e-05 4.511289553642273 0.08 0.07 80 
-2.224767529169718 0.0006 0.0005 0.9999913569291433 8e-06 9e-06 0.9999707277615865 2e-05 3e-05 4.5110167821248375 0.07 0.07 81 
-2.2243263498942056 0.0009 0.0008 0.9999863598744074 1e-05 1e-05 0.9999709075689316 2e-05 2e-05 4.511101026535034 0.08 0.08 82 
-1.5197897752126057 0.2 0.1 0.9883558758099874 0.006 0.008 0.8166756244500478 0.1 0.2 4.820276726086934 4.0 2.0 83 
-2.068520565032959 0.05 0.04 0.999031692147255 0.0004 0.001 0.9982734207312266 0.0007 0.002 4.419070227146149 0.8 0.8 84 
-2.2246949450174967 0.0007 0.0006 0.999989504814148 9e-06 9e-06 0.9999724970261256 2e-05 2e-05 4.510840644836426 0.07 0.07 85 
-2.221034065882365 0.004 0.003 0.9998851627111435 1e-05 2e-05 0.9995349170764287 8e-05 0.0001 4.525333576202392 0.2 0.2 86 
-2.224432210922241 0.001 0.001 0.9999829347928365 4e-06 8e-06 0.9999696952104569 2e-05 4e-05 4.5097099304199215 0.1 0.1 87 
-1.6317436822255453 0.1 0.07 0.9912013030052185 0.003 0.005 0.9631654802958171 0.02 0.03 4.319498100280762 3.0 2.0 88 
-2.2243570454915367 0.0008 0.0007 0.9999866382280985 9e-06 9e-06 0.9999699040253958 2e-05 2e-05 4.511138224601746 0.09 0.09 89 
-2.2242170174916587 0.0008 0.0007 0.9999862863620123 9e-06 9e-06 0.9999680902560552 2e-05 2e-05 4.510668121973674 0.1 0.1 90 
-2.2245107809702556 0.0008 0.0008 0.9999873938163122 1e-05 1e-05 0.9999736257394155 2e-05 2e-05 4.510993081728618 0.08 0.08 91 
-2.2245492426554363 0.0007 0.0007 0.9999880995353063 1e-05 1e-05 0.9999735256036123 2e-05 2e-05 4.51112376054128 0.08 0.08 92 
-1.6308589967091878 0.1 0.08 0.9912334181865057 0.003 0.004 0.9628295950094858 0.02 0.03 4.327497429847718 3.0 2.0 93 
-2.2232371012369794 0.001 0.001 0.9999661161502202 1e-05 2e-05 0.9999533532063166 2e-05 2e-05 4.510171154340108 0.1 0.1 94 
-1.54693510055542 0.8 0.2 0.988687215646108 0.007 0.03 0.7925427550574143 0.1 0.6 5.1170747605959574 8.0 3.0 95 
-2.2244413534800214 0.0007 0.0006 0.9999876221021017 8e-06 8e-06 0.9999695815642675 2e-05 2e-05 4.510798672040304 0.09 0.09 96 
-2.2243672021230063 0.0007 0.0006 0.9999869243303935 9e-06 1e-05 0.9999673251310984 2e-05 3e-05 4.5108653291066485 0.09 0.09 97 
-1.5090786202748616 0.3 0.1 0.9855504475037257 0.01 0.02 0.7668210106094678 0.2 0.3 5.147102532386779 4.0 3.0 98 
-1.5235458024342854 0.2 0.1 0.9883440494537353 0.007 0.01 0.8182847410440445 0.1 0.5 4.841450129350027 5.0 2.0 99 
-2.2251310698191324 0.0002 0.0002 0.9999880953629812 6e-06 6e-06 0.9999698211749395 2e-05 2e-05 4.512413539886475 0.08 0.08 100 
-2.2250810559590657 0.0008 0.0006 0.9999899719158808 5e-06 7e-06 0.9999794069925944 9e-06 1e-05 4.511311655044556 0.08 0.07 101 
-2.2243677775065103 0.001 0.0009 0.9999889576435089 9e-06 1e-05 0.9999739825725555 2e-05 2e-05 4.511234622001648 0.07 0.07 102 
-2.224507090250651 0.0007 0.0007 0.999988654255867 1e-05 1e-05 0.9999732480446497 2e-05 2e-05 4.510985609690349 0.08 0.08 103 
-2.2241772683461507 0.001 0.0009 0.999982996781667 1e-05 1e-05 0.9999704905351003 2e-05 2e-05 4.510432273546854 0.09 0.09 104 
-2.224531990687052 0.0008 0.0007 0.9999881525834401 9e-06 1e-05 0.9999740308523178 2e-05 2e-05 4.510953768094381 0.08 0.08 105 
-2.152373342514038 0.01 0.01 0.9992156610886256 8e-05 6e-05 0.9981814193725586 0.0008 0.001 4.532589990297954 0.5 0.5 106 
nan 107 
-2.225159355799357 0.001 0.0009 0.9999899623791376 8e-06 1e-05 0.9999885572989782 4e-06 5e-06 4.511675027211507 0.07 0.07 108 
-2.2249059136708578 0.0006 0.0005 0.9999898618459702 7e-06 8e-06 0.9999763755003611 2e-05 2e-05 4.511426479021708 0.07 0.07 109 
-1.518234494527181 0.2 0.1 0.988232370018959 0.007 0.009 0.8134643270572026 0.1 0.2 4.847900819778443 4.0 2.0 110 
-1.5249256738026937 0.2 0.1 0.9883669116099676 0.007 0.01 0.8070646148920059 0.1 0.3 4.880401717027028 4.0 2.0 111 
-2.2246656068166097 0.0007 0.0006 0.9999894295136134 8e-06 9e-06 0.9999727817376455 2e-05 2e-05 4.511175545056661 0.08 0.08 112 
-2.0579568990071615 0.02 0.02 0.9995072148243587 4e-05 3e-05 0.9939868581295014 0.0002 0.0003 4.351994945208232 0.3 0.3 113 
-2.2250319004058836 0.005 0.001 0.999987718462944 1e-05 4e-05 0.9999839192628861 1e-05 6e-05 4.5113432153066 0.1 0.1 114 
-2.215995461146037 0.01 0.008 0.9996883543332418 0.0002 0.0002 0.999451337258021 0.0005 0.001 4.548250141143799 0.3 0.3 115 
-2.224599504470825 0.0006 0.0006 0.9999899590015411 8e-06 9e-06 0.9999696350097657 2e-05 3e-05 4.510959162712097 0.08 0.08 116 
-2.224595578511556 0.0007 0.0006 0.9999891142050426 9e-06 1e-05 0.9999716911713282 2e-05 2e-05 4.510862277348836 0.08 0.08 117 
-2.22452130317688 0.0008 0.0008 0.9999894434213639 8e-06 9e-06 0.9999737318356832 2e-05 2e-05 4.510904288291931 0.08 0.08 118 
-2.224937779108683 0.001 0.0009 0.9999898101886113 8e-06 1e-05 0.9999891501665116 5e-06 5e-06 4.511048591931661 0.07 0.07 119 
-1.6898484579722086 0.2 0.09 0.9913665872812271 0.003 0.008 0.9703287867705027 0.01 0.06 4.286562524636587 3.0 2.0 120 
nan 121 
-2.224744990666707 0.0005 0.0005 0.9999929950634638 4e-06 4e-06 0.9999723728497824 2e-05 2e-05 4.5107280015945435 0.09 0.08 122 
-2.2251905377705894 0.0004 0.0004 0.999992593328158 2e-06 1e-06 0.9999668276309968 2e-05 2e-05 4.511881095568339 0.07 0.07 123 
-2.224463841120402 0.0007 0.0007 0.9999883294105529 1e-05 1e-05 0.999970386226972 2e-05 2e-05 4.510552504857381 0.09 0.09 124 
-2.224822193781535 0.0006 0.0005 0.999989415804545 6e-06 6e-06 0.9999714783827464 1e-05 9e-06 4.511255744298299 0.08 0.08 125 
-2.224554297129313 0.0006 0.0006 0.999991452495257 6e-06 6e-06 0.9999695775906244 2e-05 2e-05 4.510969456036886 0.1 0.1 126 
-2.2249148368835447 0.0002 0.0001 0.9999922358989716 3e-06 2e-06 0.9999731318155924 2e-05 2e-05 4.5113553031285605 0.07 0.07 127 
-2.224459285736084 0.0009 0.0008 0.9999870095650355 1e-05 1e-05 0.999975217183431 2e-05 2e-05 4.510764468510946 0.08 0.08 128 
-1.5705622259775798 0.7 0.2 0.9883058007558186 0.009 0.03 0.7559803103407224 0.2 0.4 5.325783195495606 6.0 3.0 129 
-2.224578202565511 0.0007 0.0006 0.9999887019395828 9e-06 1e-05 0.9999717857440312 2e-05 2e-05 4.51072850227356 0.08 0.08 130 
-1.526201229095459 0.3 0.1 0.9885586110750834 0.006 0.01 0.8407753384113312 0.09 0.3 4.70564512014389 5.0 2.0 131 
-1.5083753331502279 0.5 0.1 0.9877027473847071 0.008 0.02 0.7528987424572309 0.2 0.4 5.317892485459645 8.0 3.0 132 
-2.2247886339823406 0.0005 0.0004 0.999992717107137 5e-06 5e-06 0.9999740759531657 2e-05 2e-05 4.511320241292318 0.08 0.08 133 
-1.913359743754069 0.06 0.05 0.9974647158384323 0.0007 0.001 0.9899813600381215 0.002 0.003 4.364545758565267 2.0 2.0 134 
-2.224242989222209 0.001 0.0009 0.9999838578701019 1e-05 1e-05 0.9999717211723328 2e-05 2e-05 4.510560746192932 0.09 0.09 135 
-1.537510814666748 0.5 0.2 0.989486519296964 0.006 0.007 0.8939255414406458 0.07 0.2 4.591037259101868 7.0 3.0 136 
-2.2251946862538654 0.001 0.0009 0.9999911254644394 8e-06 1e-05 0.9999906434615453 3e-06 5e-06 4.511462076505025 0.07 0.07 137 
nan 138 
-2.2144592062632245 0.006 0.005 0.9996866856018702 2e-05 2e-05 0.9995317963759104 0.0003 0.0004 4.52635199546814 0.2 0.2 139 
-2.2248633448282877 0.0003 0.0003 0.9999918480714162 6e-06 6e-06 0.9999645386139552 3e-05 3e-05 4.511064291000366 0.08 0.08 140 
-2.2246369075775148 0.0007 0.0006 0.9999891938765844 8e-06 9e-06 0.9999710152546565 2e-05 2e-05 4.51103906472524 0.08 0.07 141 
-1.533259547551473 0.3 0.1 0.9864341209332148 0.009 0.01 0.9090108422438303 0.05 0.3 4.461640482743581 6.0 2.0 142 
-2.224456961949666 0.0009 0.0008 0.9999861695369084 1e-05 1e-05 0.9999729172388713 2e-05 2e-05 4.51121128877004 0.08 0.08 143 
-1.283565295537313 0.03 0.03 0.9768091344833374 0.003 0.003 0.7394241295258204 0.06 0.08 4.812125778992971 1.0 1.0 144 
-2.0769197114308677 0.4 0.06 0.9990798095862071 0.0005 0.003 0.9995771616697311 9e-05 0.0004 4.427900354067485 0.3 0.4 145 
-2.2247153409322102 0.0007 0.0006 0.9999896611769994 8e-06 9e-06 0.9999732389052709 2e-05 2e-05 4.51116595586141 0.07 0.07 146 
-1.537774855295817 0.9 0.2 0.9882676557699839 0.009 0.03 0.779532233874003 0.2 0.4 5.1866944185892745 6.0 2.0 147 
-2.2251083755493166 0.0004 0.0004 0.999988718032837 6e-06 6e-06 0.9999691343307495 2e-05 2e-05 4.512324175834656 0.07 0.07 148 
-1.715590476989746 0.2 0.09 0.9939747045437495 0.003 0.005 0.9042854110399882 0.06 0.2 4.566120181878408 3.0 2.0 149 
