-2.2051403840382893 0.004 0.002 0.9988215661048889 4e-05 6e-05 0.9999314628044764 4e-05 0.0002 4.525202854474386 0.2 0.2 3 
-2.2076761118570962 0.04 0.004 0.9992535656690598 8e-05 0.0002 0.9998418112595876 9e-05 0.001 4.5446480210622155 0.2 0.2 4 
-2.2179898834228515 0.003 0.001 0.9997413402795792 1e-05 1e-05 0.9999700528383255 2e-05 0.0001 4.509027692476908 0.2 0.2 7 
-2.2108374722798665 0.1 0.007 0.9998704220851262 4e-05 0.0003 0.999809989531835 0.0002 0.001 4.504588001569112 0.3 0.4 8 
-2.1060489082336424 0.02 0.004 0.9902670143047968 0.0002 0.0004 0.9911728399991989 0.0005 0.0009 4.671334500312805 0.3 0.2 11 
-2.1995126533508302 0.002 0.002 0.9984882376591364 5e-05 0.0001 0.9999223085244496 4e-05 0.0001 4.524179058074951 0.2 0.2 12 
-2.0068625577290855 0.003 0.002 0.9783599877357483 0.0004 0.0005 0.9994208184878032 2e-05 7e-05 4.729411576588949 0.1 0.1 13 
-2.1053244908650717 0.006 0.004 0.9867545767625173 0.0002 0.0003 0.9932113401095073 0.0001 0.0002 4.712096583048503 0.1 0.1 17 
-2.2145939286549887 0.006 0.002 0.9997437200943629 3e-05 9e-05 0.9999358439445496 5e-05 0.0002 4.505295557975769 0.2 0.2 21 
-2.2090606753031414 0.0006 0.0006 0.9979722118377685 5e-05 7e-05 0.9999239093065262 2e-05 4e-05 4.544401491483052 0.1 0.1 22 
-2.2096220207214357 0.008 0.002 0.9970799777905146 8e-05 0.0002 0.999897025624911 4e-05 0.0003 4.563969033559164 0.2 0.2 23 
-2.1204306729634603 0.007 0.005 0.9987653215726217 0.0002 0.0003 0.9949378075202306 0.0001 0.0001 4.4606303358078 0.2 0.2 24 
-2.1439334106445314 0.001 0.0007 0.9903298946221669 9e-05 8e-05 0.9997753113508224 1e-05 3e-05 4.620439810752869 0.1 0.1 25 
-2.2215314801534016 0.007 0.002 0.9997964676221212 1e-05 2e-05 0.9999763699372609 2e-05 0.0001 4.513530430793762 0.2 0.2 27 
-2.223148930867513 0.01 0.002 0.9998884771267573 1e-05 5e-05 0.9999583107233048 3e-05 0.0002 4.512053934733073 0.2 0.2 28 
-2.2159917894999186 0.004 0.002 0.9996258199214936 2e-05 5e-05 0.9999312581618627 4e-05 0.0002 4.5087233877182005 0.2 0.2 29 
-2.133278751373291 0.003 0.001 0.9997719746828079 7e-05 9e-05 0.9949103373289109 7e-05 0.0001 4.44377559185028 0.2 0.2 31 
-2.215042797724406 0.01 0.005 0.9989508122205735 5e-05 0.0001 0.999830243587494 5e-05 0.0003 4.537364679972331 0.3 0.3 34 
-2.1550599670410158 0.005 0.002 0.990514921148618 0.0002 0.0003 0.9997876969973246 3e-05 0.0001 4.63198912302653 0.3 0.3 35 
-1.992852668762207 0.002 0.001 0.9962019783258438 9e-05 0.0001 0.9895322779814403 0.0007 0.0008 4.49809167544047 0.1 0.1 36 
-2.2039272435506185 0.008 0.002 0.9981837205092112 4e-05 6e-05 0.9999226552248001 3e-05 0.0002 4.539722181955973 0.2 0.2 37 
-2.2064954630533853 0.001 0.0008 0.9987894171476364 3e-05 4e-05 0.9999326519171396 3e-05 7e-05 4.527532790501913 0.1 0.1 40 
-2.2127703348795573 0.006 0.003 0.9997097132603328 2e-05 3e-05 0.9999239327510198 3e-05 0.0001 4.517909766832988 0.2 0.2 46 
-2.0081517410278322 0.002 0.001 0.9804073512554169 0.0003 0.0003 0.9945543189843495 0.0001 0.0001 4.714731864929199 0.2 0.2 49 
-2.1605489031473795 0.003 0.001 0.99143106341362 0.0001 0.0001 0.9997905252377192 2e-05 6e-05 4.625508295694987 0.1 0.1 52 
-2.199833523432414 0.004 0.002 0.996642990509669 8e-05 0.0001 0.9999104734261831 2e-05 8e-05 4.561528007189433 0.2 0.2 54 
-2.207089385986328 0.004 0.002 0.9991510132948558 2e-05 2e-05 0.9999358441432317 2e-05 0.0001 4.508503754933675 0.2 0.2 57 
-2.0801336638132732 0.008 0.004 0.993829281727473 0.0003 0.0006 0.9945945463577907 7e-05 0.0002 4.531096302668254 0.3 0.4 65 
-2.186442674001058 0.004 0.002 0.994897145430247 5e-05 6e-05 0.9973164004087448 9e-05 0.0002 4.588245522181193 0.1 0.1 66 
-2.200546236038208 0.008 0.003 0.997896724541982 4e-05 8e-05 0.9999020638068518 5e-05 0.0002 4.5346886157989506 0.2 0.2 67 
-2.1320606803894044 0.004 0.003 0.9997201490402222 6e-05 0.0001 0.994963428179423 7e-05 0.0002 4.442436006863912 0.2 0.1 71 
-2.2116316509246827 0.009 0.002 0.9971296825011571 7e-05 0.0001 0.9999262966712316 2e-05 0.0001 4.565243091583252 0.2 0.3 72 
-2.1641935380299886 0.004 0.002 0.9936338835954666 0.0001 0.0002 0.9998420870304108 3e-05 9e-05 4.5810601552327475 0.2 0.2 75 
-2.210853328704834 0.007 0.002 0.9980184213320414 6e-05 6e-05 0.9999247425794602 3e-05 0.0002 4.545657304128011 0.2 0.2 77 
-2.1777490901947023 0.004 0.002 0.991592827240626 0.0001 0.0002 0.999795023004214 5e-05 0.0002 4.63609156926473 0.2 0.2 78 
-2.1169682598114012 0.007 0.003 0.9855871170759201 0.0003 0.0004 0.9996630613009135 3e-05 0.0002 4.682564899126689 0.2 0.2 79 
-2.114450356165568 0.01 0.004 0.985576657851537 0.0004 0.0005 0.9996109161774317 4e-05 0.0001 4.684125285148621 0.2 0.2 80 
-2.1950583426157633 0.009 0.003 0.994747563401858 0.0001 0.0002 0.9998537780841191 5e-05 0.0002 4.595708250999451 0.2 0.2 81 
-2.2111452261606854 0.004 0.002 0.9980180607239405 4e-05 0.0001 0.9999169085423152 4e-05 0.0002 4.544781564076741 0.1 0.1 82 
-2.1090514119466146 0.01 0.005 0.9987602426608404 0.0002 0.0003 0.9948619212706884 0.0001 0.0001 4.440691199302673 0.3 0.3 83 
-2.2115728219350177 0.002 0.0009 0.9971341011921565 7e-05 7e-05 0.9999300173918406 9e-06 2e-05 4.5655671469370525 0.2 0.2 85 
-2.1942214520772296 0.005 0.002 0.9979164816935857 0.0001 0.0001 0.9997021981080373 2e-05 0.0001 4.545970401763916 0.3 0.3 87 
-2.204230251312256 0.006 0.002 0.9967712118228277 9e-05 0.0001 0.9998844798405965 5e-05 0.0002 4.564142214457194 0.2 0.2 90 
-2.21343786239624 0.006 0.003 0.9981409847736359 4e-05 6e-05 0.9999077012141545 5e-05 0.0002 4.5457618061701455 0.2 0.3 93 
-2.140845232009888 7e-05 7e-05 0.9997276381651561 8e-06 8e-06 0.99496690928936 2e-05 2e-05 4.450996721585591 0.1 0.1 94 
-2.1166891860961914 0.01 0.003 0.9979380345344544 0.0002 0.0002 0.9947455732027689 0.0002 0.0007 4.484333480199178 0.4 0.4 98 
-2.218798453013102 0.005 0.003 0.9998426228761673 1e-05 5e-05 0.9992055835326513 4e-05 0.0002 4.512017060915629 0.2 0.2 99 
