-2.2217316659291586 0.0008 0.0006 0.9999756185213725 4e-06 5e-06 0.9999469085534414 1e-05 1e-05 4.505578676859538 0.1 0.1 1 
-0.386972017288208 0.0003 0.0002 0.8193970288832982 0.002 0.002 0.9856244717041651 0.002 0.002 2.394793391227722 0.2 0.2 5 
-2.212002035776774 0.003 0.002 0.9999137369791666 1e-05 1e-05 0.9991336290041606 0.0003 0.0004 4.449224937756856 0.3 0.3 8 
-2.220400250752767 0.02 0.004 0.9999661936362585 2e-05 8e-05 0.9999570192893347 4e-05 8e-05 4.508615034421285 0.1 0.1 9 
-2.222192449569702 0.003 0.001 0.9999606980880101 1e-05 3e-05 0.9999846418698629 9e-06 1e-05 4.507717409133911 0.1 0.1 10 
-2.224734099706014 0.0005 0.0005 0.9999888608853023 5e-06 2e-05 0.9999943200747172 1e-06 6e-06 4.511016243298848 0.09 0.09 12 
-2.2213461271921795 0.002 0.001 0.9999651738007863 1e-05 2e-05 0.9985475583871206 4e-05 6e-05 4.522584654490153 0.2 0.2 13 
-2.2223560841878256 0.002 0.001 0.9999720428387324 1e-05 2e-05 0.9999894460042318 3e-06 6e-06 4.509722646077474 0.1 0.1 15 
-2.2233166058858234 0.002 0.0009 0.9999819443623225 8e-06 2e-05 0.9999754305680593 7e-06 1e-05 4.509600044886271 0.08 0.08 17 
-2.224005807240804 0.003 0.001 0.9999844102064769 1e-05 4e-05 0.9999974928299586 2e-06 7e-06 4.51078812122345 0.1 0.2 18 
-2.221439358393351 0.003 0.001 0.9999703325827917 2e-05 4e-05 0.9999634863932928 1e-05 2e-05 4.508241084416707 0.1 0.1 19 
-2.219894701639811 0.008 0.004 0.9999543420473734 3e-05 6e-05 0.9999071836471558 5e-05 0.0001 4.499304490089417 0.2 0.2 22 
-2.223231735229492 0.0004 0.0003 0.999986042380333 3e-06 4e-06 0.9999719129006068 3e-06 5e-06 4.508859144846598 0.1 0.1 23 
-2.222346576054891 0.0009 0.0006 0.9999838791290919 4e-06 8e-06 0.9999608778953553 8e-06 2e-05 4.507338992754618 0.1 0.1 26 
-0.3906703472137451 0.0005 0.0003 0.8194836340347926 0.004 0.004 0.9840452524026235 0.0003 0.0002 2.418080325126648 0.08 0.08 35 
-2.2227620633443195 0.001 0.0006 0.9999787938594819 8e-06 2e-05 0.9999765115976333 9e-06 1e-05 4.505899198849996 0.1 0.1 36 
-2.2212483914693197 0.002 0.002 0.9999736005067825 1e-05 2e-05 0.9999212769667307 3e-05 4e-05 4.5014035622278845 0.2 0.2 37 
-2.2218344179789224 0.003 0.001 0.9999737991889318 1e-05 4e-05 0.9999660054842631 1e-05 3e-05 4.508820915222168 0.1 0.1 38 
-2.2218714141845703 0.0007 0.0005 0.9999710337320964 7e-06 1e-05 0.9999403780698777 7e-06 4e-06 4.506889181137085 0.1 0.1 40 
-2.221544885635376 0.0007 0.0007 0.9999685329198837 8e-06 1e-05 0.9998930901288986 3e-05 3e-05 4.498826508522034 0.2 0.2 42 
-0.39002334912618003 0.0004 0.0003 0.819712992310524 0.009 0.01 0.9835935950279235 0.0005 0.0005 2.419589869181315 0.1 0.1 44 
-2.2239686965942385 0.0007 0.0004 0.9999793716271719 6e-06 7e-06 0.9999624025821686 1e-05 2e-05 4.510704936981202 0.1 0.1 45 
-2.2158383655548097 0.0004 0.0004 0.9999772620201111 2e-06 2e-06 0.9983010590076447 8e-05 8e-05 4.478916020393371 0.2 0.2 48 
-2.219881264368693 0.0008 0.0006 0.999951514005661 1e-05 1e-05 0.9998576988776525 4e-05 5e-05 4.498265988032023 0.2 0.2 51 
-2.224028895696004 0.002 0.0007 0.9999858252207439 5e-06 1e-05 0.999978561202685 9e-06 1e-05 4.510740472475688 0.1 0.1 53 
-2.2201277860005697 0.0006 0.0005 0.9999616237481436 7e-06 9e-06 0.9998972527186076 1e-05 3e-05 4.5060294850667315 0.1 0.1 54 
-2.2159082794189455 0.0005 0.0005 0.999873116016388 2e-05 2e-05 0.9994396835565567 0.0001 0.0001 4.459873582522074 0.2 0.2 56 
-2.2217279624938966 0.002 0.001 0.9999603116512299 1e-05 2e-05 0.999952665368716 6e-06 1e-05 4.509031914075216 0.1 0.1 57 
-2.224336992899577 0.0009 0.0006 0.9999905093510946 4e-06 8e-06 0.9999987930059433 6e-07 8e-07 4.511110785802205 0.07 0.08 58 
-2.225140399932861 0.0008 0.0004 0.9999902298053106 3e-06 8e-06 0.9999957062800725 8e-07 9e-07 4.511851944923401 0.1 0.1 60 
-2.2230666796366374 0.002 0.0007 0.9999801343679429 8e-06 2e-05 0.9999812450011571 4e-06 9e-06 4.510020974477132 0.1 0.1 61 
-2.2217882537841795 0.001 0.0008 0.9999740731716156 1e-05 2e-05 0.999956133365631 3e-05 7e-05 4.507135759989421 0.1 0.1 63 
-2.224722706476847 0.0004 0.0003 0.9999816211064657 4e-06 5e-06 0.9999925525983174 2e-06 2e-06 4.510853452682495 0.1 0.1 64 
-2.22201096534729 0.0006 0.0005 0.9999692296981811 9e-06 1e-05 0.9999874573945999 3e-06 3e-06 4.5091910632451375 0.1 0.1 65 
-2.223327414194743 0.0002 0.0003 0.9999795526266098 4e-06 4e-06 0.99995574593544 9e-06 1e-05 4.51096926689148 0.1 0.1 72 
-2.217759739557902 0.003 0.002 0.9999322722355525 2e-05 3e-05 0.9997251137097677 7e-05 7e-05 4.488461928367615 0.3 0.3 73 
-2.2213630453745523 0.05 0.002 0.9999664332469305 1e-05 5e-05 0.9999864983558655 8e-06 2e-05 4.508635546366373 0.1 0.1 74 
-2.223545134862264 0.003 0.002 0.999978079199791 1e-05 6e-05 0.9999690876404445 3e-05 7e-05 4.51079683303833 0.1 0.1 75 
-2.2238359769185383 0.002 0.002 0.9999885416030884 7e-06 3e-05 0.9999532951911291 2e-05 7e-05 4.510288246472677 0.1 0.1 83 
-2.223141196568807 0.002 0.0008 0.9999828207492828 8e-06 2e-05 0.9999861657619477 6e-06 2e-05 4.510255134900411 0.1 0.1 89 
-2.2230125141143797 0.005 0.002 0.9999636214971542 3e-05 5e-05 0.9999974060058594 2e-06 6e-06 4.510361097653707 0.1 0.1 90 
-2.2222004731496177 0.002 0.001 0.9999683145682017 9e-06 2e-05 0.9999980984131495 6e-07 5e-07 4.509029458363851 0.08 0.08 91 
-2.22282187461853 0.004 0.001 0.999975333015124 9e-06 4e-05 0.9999580560127894 2e-05 3e-05 4.507002182006836 0.2 0.2 92 
-2.2219762357076007 0.002 0.001 0.9999758481979371 1e-05 3e-05 0.9999671693642934 1e-05 2e-05 4.509002483685811 0.08 0.09 93 
-2.2202578258514403 0.0008 0.0006 0.9999763101339341 4e-06 4e-06 0.9998668414354325 1e-05 3e-05 4.505045806566875 0.1 0.1 94 
-2.222848450342814 0.002 0.001 0.9999823512633642 8e-06 3e-05 0.9999688351154328 1e-05 2e-05 4.510030137697855 0.1 0.1 95 
-2.220943603515625 0.0009 0.0008 0.999972753127416 9e-06 1e-05 0.9999367008606593 2e-05 3e-05 4.503439429601033 0.2 0.2 96 
-2.222099583943685 0.0005 0.0004 0.9999733660618464 5e-06 5e-06 0.9999485538403193 2e-05 3e-05 4.503321359952291 0.2 0.2 98 
