-2.209947608311971 0.003 0.0008 0.9999782967567444 7e-06 1e-05 0.9992020003000895 7e-06 2e-05 4.493809170722962 0.1 0.1 0 
nan 1 
9.202087198900699e-07 2 
nan 3 
-2.22392853418986 0.007 0.002 0.9999396745363871 9e-06 3e-05 0.9999874921639761 6e-06 2e-05 4.510994003613789 0.1 0.1 4 
nan 5 
-2.217936563491821 0.001 0.0005 0.9983596462011337 2e-05 3e-05 0.9999901123841604 2e-06 1e-06 4.5454706907272335 0.08 0.08 6 
-2.2243946615854897 0.005 0.002 0.999913135766983 9e-06 6e-05 0.9999916706482569 6e-06 4e-05 4.512388958930969 0.2 0.2 7 
-2.1996101729075113 0.2 0.009 0.9980785473187764 7e-05 0.001 0.9999666895469029 1e-05 9e-05 4.537351546287536 0.2 0.2 8 
nan 9 
-2.2210176881154378 0.002 0.0009 0.999514875014623 1e-05 1e-05 0.9998074640830358 4e-06 7e-05 4.5214505259195965 0.07 0.08 10 
9.202087198900699e-07 11 
-2.2217647965749103 0.003 0.0008 0.9991024847825368 1e-05 5e-05 0.9999916996558508 6e-06 4e-05 4.532000341415405 0.1 0.1 12 
9.202087198900699e-07 13 
-2.2198683134714763 0.02 0.004 0.9994791070620219 6e-05 0.0003 0.9999866978327433 1e-05 9e-05 4.520446000099182 0.4 0.4 14 
-2.2231060600280763 0.003 0.001 0.9997419174512228 8e-06 2e-05 0.9999865957101186 4e-06 8e-06 4.517319993972778 0.1 0.1 15 
-2.221994562149048 0.004 0.001 0.9996001114447911 1e-05 3e-05 0.9999302492539088 6e-06 2e-05 4.518149587313334 0.1 0.1 16 
-0.38961148738861084 0.001 0.0004 0.8235354554653168 0.004 0.004 0.983993682662646 0.0006 0.0008 2.4330330522855124 0.08 0.08 17 
-2.2223216342926024 0.003 0.002 0.999756138920784 9e-06 2e-05 0.9999798220396042 9e-06 1e-05 4.51592136224111 0.1 0.1 18 
nan 19 
-2.2152853139241535 0.009 0.003 0.9999502009153366 9e-06 4e-05 0.9999578638871511 2e-05 0.0001 4.5027674833933515 0.2 0.2 20 
nan 21 
nan 22 
-2.2230306498209633 0.003 0.001 0.9998688318332036 4e-06 9e-06 0.9999893728892009 7e-06 5e-05 4.511400430997213 0.1 0.1 23 
nan 24 
-2.22399746576945 0.005 0.002 0.9998751236995062 7e-06 2e-05 0.9999836909770966 1e-05 0.0003 4.514214175542196 0.1 0.2 25 
nan 26 
-2.1656436920166016 0.006 0.001 0.9996521180868149 3e-05 7e-05 0.9992203976710637 1e-05 4e-05 4.4676109234491985 0.2 0.2 27 
-2.224328956604004 0.004 0.001 0.9999337299664816 7e-06 3e-05 0.9999889395634334 6e-06 3e-05 4.511594518025716 0.2 0.2 28 
0.00015387812163680792 29 
nan 30 
-2.2153439076741535 0.002 0.001 0.9995717042684555 9e-06 1e-05 0.9999480593204498 1e-05 4e-05 4.518279989560445 0.1 0.1 31 
-2.1968937555948895 0.004 0.002 0.9947798707087835 0.0001 0.0002 0.9997152111927669 5e-06 1e-05 4.595715648333232 0.2 0.2 32 
-0.38811220645904543 0.0004 0.0003 0.8260330792268117 0.006 0.004 0.984013400276502 0.0004 0.0007 2.4436396408081054 0.06 0.07 33 
-2.2018855317433674 0.01 0.003 0.9981313721338908 5e-05 0.0002 0.9991058446963628 2e-05 5e-05 4.539182278315226 0.2 0.2 34 
-2.2152412700653077 0.001 0.001 0.999703538219134 6e-06 6e-06 0.9999819886684418 4e-06 7e-06 4.51014395236969 0.08 0.08 35 
-2.220085875193278 0.0007 0.0006 0.999100827773412 4e-05 5e-05 0.9999469198783238 1e-05 3e-05 4.532420210838318 0.1 0.1 36 
nan 37 
9.198953421218903e-07 38 
-2.2065245628356935 0.003 0.002 0.9998819865783055 8e-06 2e-05 0.9992342782020569 3e-06 8e-06 4.497832280794779 0.09 0.09 39 
9.202087198900699e-07 40 
-2.222622947692871 0.005 0.002 0.9998385701576868 9e-06 3e-05 0.9999681456883749 5e-06 3e-05 4.512621927261352 0.2 0.2 41 
-2.2208131821950277 0.007 0.003 0.9996218047539394 4e-05 0.0002 0.9999631756544113 2e-05 9e-05 4.516568851470947 0.2 0.2 42 
9.202087198900699e-07 43 
nan 44 
9.202087198900699e-07 45 
9.198953421218903e-07 46 
nan 47 
nan 48 
9.202087198900699e-07 49 
-2.224126377105713 0.002 0.0007 0.9998633086681366 3e-06 6e-06 0.9999598954121272 4e-06 8e-06 4.51503098487854 0.08 0.08 50 
-0.3907155640920003 0.01 0.0004 0.8206287934382757 0.004 0.005 0.9839981687068939 0.001 0.002 2.4239252384503684 0.06 0.08 51 
-2.215952326456706 0.009 0.003 0.999970956047376 8e-06 4e-05 0.9999794753392538 1e-05 3e-05 4.505471711158752 0.2 0.2 52 
-0.37391790866851804 1e-05 9e-06 0.8243623425563177 0.001 0.001 0.9831759093205134 0.0004 0.0004 2.4212295476595562 0.04 0.04 53 
-2.2199180285135904 0.2 0.003 0.9993875706195832 3e-05 0.0001 0.9998793158928553 2e-05 0.0001 4.508805190722148 0.2 0.2 54 
-2.223832187652588 0.008 0.002 0.9999387768904368 8e-06 4e-05 0.9999809676408767 9e-06 0.0002 4.511413359642029 0.2 0.2 55 
-2.223982359568278 0.005 0.002 0.9999256283044815 7e-06 2e-05 0.9999904785553614 5e-06 2e-05 4.512972583770752 0.1 0.2 56 
9.198953421218903e-07 57 
9.202087198900699e-07 58 
nan 59 
-2.2147615432739256 0.002 0.0007 0.9981238597631454 4e-05 4e-05 0.9999826997518539 4e-06 2e-05 4.546787799199422 0.1 0.1 60 
nan 61 
-2.2244424788157144 0.004 0.001 0.9998796592156093 6e-06 6e-05 0.999712528983752 1e-05 7e-05 4.516839318275451 0.1 0.1 62 
-2.2176597213745115 0.01 0.004 0.9989582612117132 0.0002 9e-05 0.999626231988271 0.0002 0.0003 4.478760946591695 0.1 0.09 63 
-2.2199759896596274 0.02 0.005 0.9996212244033813 0.0001 0.0002 0.9998311738173167 0.0002 0.0008 4.525998641649882 0.1 0.1 64 
-2.2247384929656984 0.003 0.001 0.9999832173188528 4e-06 6e-06 0.9999912343422572 4e-06 2e-05 4.5111361487706505 0.1 0.2 65 
-2.2229439926147463 0.002 0.001 0.9995349574089051 1e-05 2e-05 0.9997176647186279 5e-06 2e-05 4.525949529012045 0.1 0.1 66 
-0.3577461862564087 0.002 0.0004 0.8614861045281093 0.001 0.002 0.9834449434280396 0.0005 0.0007 2.6087625455856323 0.1 0.1 67 
nan 68 
nan 69 
nan 70 
-2.222373504638672 0.004 0.001 0.9996958673000336 1e-05 2e-05 0.999985768198967 7e-06 6e-05 4.516995040575663 0.1 0.1 71 
-0.37420438607533774 0.002 0.0003 0.8451618204514185 0.003 0.003 0.9839291226863861 0.0006 0.0006 2.528116080760956 0.1 0.1 72 
-2.222667620976766 0.001 0.0006 0.999526729385058 1e-05 1e-05 0.9999781103928884 4e-06 4e-05 4.520500807762146 0.1 0.1 73 
-0.3895253324508667 6e-05 6e-05 0.8236056830485662 0.0005 0.0005 0.9840128062168757 0.0003 0.0002 2.433497728506724 0.06 0.06 74 
-2.1715189011891685 0.0008 0.0006 0.9997524791955947 5e-06 1e-05 0.99997208237648 9e-06 1e-05 4.47126980304718 0.1 0.1 75 
-0.38619351704915367 0.0005 0.0003 0.8291003300746282 0.007 0.005 0.9839882642030716 0.0005 0.0006 2.456169373194377 0.04 0.04 76 
nan 77 
9.202087198900699e-07 78 
-2.2159117380777995 0.005 0.002 0.9999349629878997 8e-06 2e-05 0.9999758863449096 2e-05 4e-05 4.506231468518575 0.2 0.2 79 
nan 80 
-2.2209898598988853 0.003 0.002 0.9997105207045873 7e-06 1e-05 0.9999675691127777 1e-05 5e-05 4.512999879519144 0.2 0.1 81 
-2.2065853945414227 0.004 0.002 0.9995251043637594 1e-05 2e-05 0.9992014970382055 2e-05 4e-05 4.508288194338481 0.2 0.2 82 
-2.223509152730306 0.005 0.001 0.9998030376434326 6e-05 0.0006 0.9999915762742361 6e-06 3e-05 4.515541718800862 0.3 0.2 83 
nan 84 
-2.2216958522796633 0.003 0.002 0.9999271770318349 1e-05 2e-05 0.9999556676546733 3e-05 8e-05 4.509122333526611 0.2 0.2 85 
-2.1948973655700685 0.0008 0.0006 0.9968745535612107 4e-05 4e-05 0.9992234710852305 3e-06 4e-06 4.556518131891886 0.09 0.09 86 
nan 87 
-2.2163604482014976 0.001 0.001 0.9998870817820231 5e-06 6e-06 0.9999646011988322 5e-06 3e-05 4.508903516133627 0.1 0.1 88 
2.552146906964481e-05 89 
-2.1860368474324545 0.006 0.002 0.9995015301307042 3e-05 8e-05 0.9988284214337667 2e-05 8e-05 4.485299688975016 0.2 0.2 90 
-0.37459839661916094 0.002 0.0005 0.8246952444314957 0.002 0.002 0.9827898850043615 0.0009 0.001 2.421209141413371 0.1 0.1 91 
-0.3769095516204834 0.0002 0.0001 0.8149418526887894 0.002 0.002 0.9828694552183151 0.0003 0.0005 2.3891096472740174 0.06 0.06 92 
-2.179152946472168 0.002 0.0009 0.991594962477684 0.0001 0.0001 0.9999821124474207 4e-06 5e-06 4.636842487653096 0.08 0.08 93 
70796.25967763222 70000.0 70000.0 0.8295039653778076 0.001 0.001 0.9803161296351203 0.0004 0.0004 2.470224480793394 0.03 0.03 94 
-0.39074427127838135 0.002 0.0001 0.8205640035867691 0.0007 0.0007 0.9839985219637553 0.0006 0.0007 2.4223092945416766 0.06 0.06 95 
-2.2244436232248943 0.005 0.002 0.9999348493417104 9e-06 4e-05 0.9999916964769363 7e-06 3e-05 4.512256204287211 0.2 0.2 96 
-2.209979381561279 0.0001 0.0002 0.9999026511112848 2e-06 2e-06 0.9992213730017344 6e-07 6e-07 4.4978898270924885 0.1 0.1 97 
-2.223571678797404 0.003 0.001 0.9998664855957031 5e-06 1e-05 0.9999879582722981 7e-06 4e-05 4.512167460123698 0.2 0.2 98 
nan 99 
nan 100 
-0.3869147268931071 0.002 0.0007 0.8233765576283137 0.003 0.003 0.9839631891250611 0.001 0.001 2.4290388496716817 0.1 0.1 101 
-2.214529520670573 0.009 0.001 0.9981242978572845 4e-05 7e-05 0.999946974714597 9e-06 0.0003 4.54383113861084 0.1 0.1 102 
86381.59356217782 90000.0 90000.0 0.84621596136013 0.0008 0.0008 0.984144335033513 0.0005 0.0005 2.525682317108667 0.05 0.05 103 
-2.2241172059377035 0.0003 0.0002 0.9999599067370096 2e-06 2e-06 0.9999844986200332 2e-06 3e-06 4.512067147890726 0.1 0.1 104 
-2.220436503092448 0.005 0.001 0.9990785519282023 2e-05 5e-05 0.9997656100988388 1e-05 4e-05 4.534407351811727 0.1 0.1 105 
-2.2083575185139974 0.001 0.0008 0.9989945598443349 2e-05 2e-05 0.9999901733795802 3e-06 2e-05 4.525336138407389 0.08 0.1 106 
-2.1915025838216144 0.008 0.003 0.9968346993128459 0.0001 0.0002 0.9992307074864706 6e-06 2e-05 4.554453194936117 0.2 0.2 107 
-0.3909898408253988 0.0009 0.0003 0.8193465864658356 0.0003 0.0005 0.984085400501887 0.0009 0.001 2.4172735023498535 0.09 0.09 108 
nan 109 
-2.223951056798299 0.001 0.0005 0.9997195227940877 6e-06 1e-05 0.9999926886955897 3e-06 1e-05 4.518122383753458 0.08 0.1 110 
-2.2232396697998045 0.002 0.0008 0.9998543107509613 7e-06 9e-06 0.9999362844228744 7e-06 1e-05 4.510553935368856 0.09 0.09 111 
-2.2100536886850994 0.03 0.002 0.9999185796578726 1e-05 0.0001 0.9992304251591364 8e-06 5e-05 4.499771553675334 0.2 0.2 112 
nan 113 
nan 114 
9.202087198900699e-07 115 
-0.3902295287450155 0.0007 0.0004 0.8196819412708283 0.002 0.002 0.9840021252632141 0.0005 0.0005 2.4198468828201296 0.07 0.07 116 
-2.1895532480875652 0.002 0.001 0.9947966619332631 8e-05 8e-05 0.9999887802203496 8e-06 2e-05 4.592246020634969 0.1 0.1 117 
-2.220958875020345 0.005 0.0009 0.9991109478473663 2e-05 4e-05 0.9999906929334005 3e-06 1e-05 4.530720887184143 0.1 0.1 118 
9.202087198900699e-07 119 
nan 120 
nan 121 
-2.210406436920166 0.004 0.002 0.9999653321504592 1e-05 0.0001 0.9992329420646032 5e-06 3e-05 4.499626016616821 0.2 0.2 122 
-2.2246672471364337 0.0008 0.0006 0.9999511557817459 3e-06 3e-06 0.9999905874331793 6e-06 3e-05 4.512122104962667 0.1 0.1 123 
-0.3900420872370402 5e-05 2e-05 0.8237550751368204 0.001 0.001 0.9840886803468069 0.0003 0.0002 2.4332379714647927 0.05 0.05 124 
nan 125 
-2.197865438461304 0.01 0.002 0.999079359571139 1e-05 0.0001 0.9992230206727981 7e-06 4e-05 4.513988054593404 0.3 0.2 126 
-0.37352673212687176 0.0002 0.0001 0.8243002070983251 0.002 0.002 0.9827459911505382 0.0004 0.0004 2.422479563554128 0.08 0.08 127 
-0.3703590202331543 0.003 0.001 0.8095977197090785 0.0005 0.001 0.9826210023959477 0.001 0.001 2.356335084438324 0.06 0.06 128 
nan 129 
nan 130 
nan 131 
-2.215297311147054 0.006 0.002 0.9998489061991374 7e-06 2e-05 0.9999503837029139 7e-06 2e-05 4.509324798583984 0.1 0.1 132 
-2.2245525042215983 0.001 0.0006 0.9997850426038106 6e-06 1e-05 0.999977723757426 8e-06 2e-05 4.51691515604655 0.1 0.1 133 
nan 134 
nan 135 
nan 136 
nan 137 
-0.3886533482869466 0.0007 0.0004 0.8258591351906458 0.002 0.002 0.9840382868051529 0.0005 0.001 2.44178537607193 0.1 0.1 138 
nan 139 
-2.2245004240671795 0.007 0.002 0.999933855732282 5e-06 4e-05 0.9999916555484136 6e-06 3e-05 4.513065727551778 0.2 0.2 140 
nan 141 
-2.209953219095866 0.01 0.002 0.9999173384904861 1e-05 6e-05 0.9992324159542719 6e-06 4e-05 4.4999176756540935 0.2 0.2 142 
9.202086630466511e-07 143 
nan 144 
nan 145 
-0.39070121606191 0.0005 0.0004 0.8206705820560455 0.001 0.001 0.9840412640571594 0.0006 0.0009 2.4220634404818218 0.07 0.08 146 
0.0013559547951444983 147 
-0.37727084795633953 5e-05 5e-05 0.8132717629273732 0.0002 0.0002 0.9827221127351126 0.0004 0.0004 2.3796804912885032 0.06 0.06 148 
1.1990149550911155e-05 149 
