9.213019666276523e-07 0 
839.330029296875 1 
9.224374025507132e-07 2 
123207.6703125 3 
9.206919003190705e-07 4 
1441.432470703125 5 
5.006052815588191e-05 6 
-2.201192347208659 0.02 0.006 0.999930056532224 4e-05 0.0001 0.9977830245097479 3e-05 0.0001 4.497257825533549 0.4 0.4 7 
-0.3076534080505371 0.005 0.005 0.8727752842505773 0.008 0.008 0.9794085097312927 0.004 0.004 2.652801376978556 0.4 0.4 8 
0.01222303993999958 9 
-2.2206473350524902 0.007 0.004 0.999956127802531 1e-05 3e-05 0.9997484795252483 0.0001 0.0003 4.497709070841472 0.2 0.2 10 
-1.2486916669209798 0.005 0.002 0.9816500957806905 0.001 0.002 0.793957818945249 0.0005 0.0005 1.9762640154361726 0.1 0.1 11 
0.0001989039737964049 12 
-2.193801136016846 0.02 0.009 0.9996959465742111 6e-05 0.0001 0.9988537448644638 8e-05 0.0002 4.470441241264343 0.3 0.3 13 
0.10839590579271316 14 
1152.52509765625 15 
1852.273583984375 16 
-2.2193173217773436 0.006 0.003 0.999941097299258 6e-06 2e-05 0.9999135835965475 1e-05 1e-05 4.507069390614827 0.2 0.2 17 
-1.7718601608276368 0.005 0.005 0.9914488069216411 0.005 0.005 0.9987245746453604 0.0002 0.0003 4.064862323602041 0.6 0.6 18 
-2.0940351740519207 0.0004 0.0004 0.998814227382342 0.0002 0.0002 0.9990519632895788 8e-05 8e-05 4.41141031742096 0.2 0.2 19 
-2.199667634963989 0.0009 0.0009 0.999873383641243 4e-06 4e-06 0.9977903030316035 3e-05 3e-05 4.50887682278951 0.2 0.2 20 
-0.3881683524449666 0.0008 0.0005 0.8191450623671214 0.008 0.009 0.9843814488252004 0.0007 0.0007 2.406367063522339 0.1 0.1 21 
0.00014115515223238616 22 
-0.377295503616333 4e-05 4e-05 0.8139580424626668 0.003 0.003 0.9823440959056219 0.0008 0.0008 2.3804547572135926 0.09 0.09 23 
-0.3768936570485433 0.0002 0.0002 0.8148190865914027 0.001 0.001 0.9829507744312287 0.0007 0.0007 2.3799801977475483 0.1 0.1 24 
1439.8537353515626 25 
-0.3736859703063965 0.0002 0.0002 0.8129314496119817 0.004 0.004 0.9837479553620021 0.0008 0.0008 2.3602979962031045 0.1 0.1 26 
-2.1876469802856446 0.1 0.01 0.999779294927915 6e-05 0.0003 0.9991328785816829 3e-05 0.0001 4.485740682284037 0.3 0.3 27 
-2.14011687596639 0.004 0.005 0.9987993033727011 0.0001 9e-05 0.9984774998823802 0.0001 0.0001 4.511270001729329 0.5 0.5 28 
1.095658794627525 29 
-2.079272092183431 0.02 0.02 0.9919973162810007 0.002 0.002 0.9886093161503474 0.001 0.001 5.047331782976786 0.4 0.4 30 
0.00296710804104805 31 
1146.104052734375 32 
-2.0945244789123536 0.02 0.009 0.9993647424379984 0.0002 0.0002 0.9912072885036468 1e-05 3e-05 4.432800730069478 0.4 0.4 33 
-1.8737769508361817 0.001 0.0007 0.9968070318301518 0.0006 0.0006 0.9993639612197875 2e-05 3e-05 4.284704504013061 0.2 0.2 34 
-2.1879876772562663 0.003 0.003 0.9994792673985163 3e-05 3e-05 0.9990021161238353 0.0001 0.0001 4.492737423578898 0.3 0.3 35 
9.205552373714454e-07 36 
9.208827577822376e-07 37 
9.207212997353054e-07 38 
0.019724085181951522 39 
-2.219868278503418 0.008 0.003 0.9999360233545304 1e-05 2e-05 0.9992889521519343 9e-05 0.0003 4.504652822812398 0.2 0.2 40 
3039.591943359375 41 
0.002984297228977084 42 
-2.1994605382283527 0.05 0.01 0.9996948212385177 6e-05 0.0002 0.9992158730824788 0.0003 0.001 4.468631682395935 0.3 0.4 43 
-2.202630478541056 0.01 0.006 0.9998224268356959 3e-05 4e-05 0.997958875099818 0.0002 0.0002 4.49072557926178 0.5 0.5 44 
-2.209964764912923 0.02 0.005 0.999720942179362 0.0002 0.0005 0.9992494652668635 0.0005 0.0006 4.505001180966695 0.5 0.4 45 
-0.38852089087168373 0.002 0.0005 0.8192599050203959 0.004 0.004 0.9832217526435852 0.003 0.007 2.414843521118164 0.1 0.1 46 
-2.2151772753397623 0.0007 0.0007 0.9998789701859156 4e-05 4e-05 0.999938489596049 3e-06 3e-06 4.509116876920064 0.2 0.2 47 
9.284990369451407e-07 48 
123991.78259791489 49 
-0.09167764981587728 0.004 0.002 0.5662179255485534 0.008 0.007 0.7947617201010386 0.0004 0.0004 0.580926208893458 0.07 0.08 50 
9.197741633215628e-07 51 
-2.217796649932861 0.04 0.007 0.9998847673336665 6e-05 0.0003 0.9997022255261739 0.0002 0.001 4.508330454826355 0.5 0.5 52 
0.029521643370389938 53 
9.302882062911521e-07 54 
0.6602057719544974 55 
722.7145874023438 56 
9.208195933751995e-07 57 
1256.5707763671876 58 
9.207647053699475e-07 59 
-2.209596290588379 0.002 0.0006 0.999928413828214 2e-05 3e-05 0.9977882631619771 2e-05 4e-05 4.516140190760295 0.1 0.1 60 
-2.21535387357076 0.0009 0.0007 0.9998802934090296 3e-05 3e-05 0.9979999218384424 7e-05 8e-05 4.472290426890055 0.3 0.3 61 
0.0052972020581364635 62 
-2.211955238978068 0.002 0.002 0.9997380274534226 2e-05 2e-05 0.9968591250975927 7e-05 7e-05 4.5623818222681685 0.3 0.3 63 
-2.2099640464782713 0.08 0.01 0.9997747602065404 9e-05 0.0004 0.9987147537867228 0.0001 0.0009 4.515251699288686 0.8 0.8 64 
800.8284912109375 65 
-2.1945316855112713 0.02 0.01 0.9998286348581314 5e-05 7e-05 0.9999123807748159 4e-05 9e-05 4.496120468775431 0.4 0.4 66 
0.24449241432885174 67 
-2.2071662743886313 0.006 0.002 0.9999448931217194 4e-05 9e-05 0.9978073428074519 4e-05 6e-05 4.506163760821025 0.2 0.2 68 
-0.37076765378316245 0.0003 0.0003 0.8111125429471334 0.007 0.007 0.9865253641208013 0.001 0.001 2.3229498505592345 0.2 0.2 69 
0.0048793752677738665 70 
9.213049793288519e-07 71 
1014.9609008789063 72 
9.236104460796924e-07 73 
-0.8335299173990885 0.0004 0.0004 0.9400104862451554 0.002 0.002 0.9919224015871684 0.0003 0.0003 3.2890373778343203 0.2 0.2 74 
9.209283803102153e-07 75 
-0.38348291397094725 0.03 0.007 0.8166928350925445 0.02 0.03 0.9847132168213526 0.002 0.005 2.380418245792389 0.2 0.2 76 
9.20337754450884e-07 77 
9.285913279200031e-07 78 
1288.0159912109375 79 
-0.34801063378651936 0.02 0.007 0.8097021281719208 0.002 0.003 0.9730285195509593 0.005 0.008 2.3393012301127114 0.4 0.4 80 
-2.1535932064056396 0.006 0.004 0.9964343978961309 0.0004 0.0005 0.9943123582998912 0.0001 9e-05 4.353378874460856 0.1 0.2 81 
-0.40220431645711263 0.009 0.006 0.8256162504355112 0.01 0.01 0.9837839458386103 0.002 0.002 2.435424863497416 0.2 0.2 82 
-2.1567077159881594 0.2 0.06 0.9993038360277812 0.0002 0.001 0.9943096315860749 0.0003 0.0005 4.5788693944613135 0.8 0.7 83 
-2.1898039372762046 0.02 0.007 0.9994710419575373 4e-05 6e-05 0.9964505940675735 0.0004 0.0004 4.403772398630778 0.4 0.4 84 
-2.213386354446411 0.02 0.01 0.9997277510166168 0.0001 0.0003 0.999858749906222 2e-05 7e-05 4.493117930094401 0.4 0.4 85 
-2.199807605743408 0.0005 0.0005 0.9998637576897939 8e-06 8e-06 0.9990982709328333 1e-05 1e-05 4.481767239570618 0.3 0.3 86 
-0.3867342122395833 0.0005 0.0005 0.8224438838164012 0.003 0.003 0.9829323804378509 0.002 0.002 2.4242226751645406 0.08 0.08 87 
-2.1943514760335288 0.05 0.02 0.9997196090221405 0.0001 0.0004 0.9998965680599212 4e-05 7e-05 4.484313297271728 0.6 0.6 88 
887.8425048828125 89 
-2.0467400773366293 0.001 0.001 0.9987854764858881 7e-05 7e-05 0.9902433713277181 8e-05 8e-05 4.384761987527211 0.6 0.6 90 
-2.221854797999064 0.008 0.004 0.9999703907966614 2e-05 3e-05 0.9999179059267044 3e-05 0.0001 4.508673973083496 0.1 0.1 91 
9.207335097016766e-07 92 
-2.204518445332845 0.001 0.0009 0.9998520908753077 7e-06 8e-06 0.9981951175133387 3e-05 4e-05 4.49576781908671 0.3 0.3 93 
-0.38376372496287026 0.02 0.006 0.8216362202167511 0.009 0.01 0.9848154598474502 0.003 0.004 2.407417616844177 0.4 0.3 94 
9.20601962661749e-07 95 
0.0001721854554489255 96 
-2.1535704199473065 0.004 0.004 0.9998778535922368 7e-06 7e-06 0.9949794576565425 0.0002 0.0002 4.4265014886856076 0.4 0.4 97 
-1.508727232615153 0.1 0.08 0.9879676576455434 0.002 0.003 0.9848991310596467 0.0004 0.0004 3.830517003536224 1.0 1.0 98 
-2.204863437016805 0.01 0.006 0.9999184564749399 3e-05 0.0001 0.9976747918128968 8e-05 0.0003 4.500144497553507 0.3 0.3 99 
-2.205646524429321 0.007 0.004 0.999533543586731 2e-05 4e-05 0.9982369021574656 2e-05 2e-05 4.5228978522618615 0.4 0.4 100 
9.207527227772516e-07 101 
955.947119140625 102 
-2.1740439256032307 0.0006 0.0006 0.9993069539467494 3e-05 3e-05 0.9981235895554225 2e-05 2e-05 4.516341441472371 0.4 0.4 103 
9.206341019307729e-07 104 
-2.2192629305521647 0.01 0.005 0.9999279280503591 3e-05 0.0001 0.9996349785725276 7e-05 0.0002 4.500729149182638 0.3 0.3 105 
-2.2164247608184815 0.04 0.008 0.9999091972907385 7e-05 0.0003 0.998488950530688 7e-05 0.0003 4.51944820245107 0.5 0.5 106 
9.207934567712073e-07 107 
-2.159072936375936 0.004 0.004 0.9989843370517095 0.0001 0.0001 0.9942035434643427 0.0001 0.0001 4.556869773864746 0.4 0.4 108 
9.211445217260917e-07 109 
1773.0090087890626 110 
131326.49375 111 
-2.210883131027222 0.0002 0.0002 0.999926914771398 4e-06 4e-06 0.9983110618591309 2e-05 2e-05 4.514810458819071 0.2 0.2 112 
1127.3349853515624 113 
0.015976569801568984 114 
961.756787109375 115 
-2.196458183924357 0.01 0.005 0.9998438584804535 5e-05 0.0001 0.998517346183459 3e-05 0.0003 4.498194241523743 0.3 0.3 116 
-2.19814071337382 0.03 0.01 0.9997619724273682 0.0001 0.0004 0.9998704826831818 6e-05 0.0002 4.491741601626078 0.4 0.5 117 
9.215089676217758e-07 118 
-2.090573247273763 0.002 0.002 0.998499734600385 8e-05 8e-05 0.9940718694527944 3e-05 3e-05 4.432764767805735 0.4 0.4 119 
945.3724609375 120 
9.207309176417766e-07 121 
16.725564249127636 122 
5785.70732421875 123 
9.20476463761588e-07 124 
9.202586397805134e-07 125 
9.207229709318199e-07 126 
9.207436960423365e-07 127 
9.207940820488148e-07 128 
2651.049951171875 129 
0.002020495245233178 130 
-0.3890826304753621 6e-05 6e-05 0.8206977657477061 0.002 0.002 0.98544366757075 0.001 0.001 2.4087183531125387 0.1 0.1 131 
-2.20000919342041 0.001 0.001 0.999842036763827 1e-05 9e-06 0.996410547097524 0.0005 0.0004 4.536504108111064 0.4 0.4 132 
-0.30463728586832683 0.0004 0.0004 0.7742778025070827 0.004 0.003 0.9781832106908163 0.0009 0.0009 2.1447296857833864 0.2 0.2 133 
0.02190115340054035 134 
-2.144833106994629 0.04 0.03 0.9988981495300929 0.0005 0.0008 0.9987848164637884 0.0001 0.0002 4.402426760991414 0.2 0.2 135 
9.212824124915642e-07 136 
-2.2175655269622805 0.0004 0.0004 0.9998480832576752 2e-05 2e-05 0.9998206349213918 6e-06 6e-06 4.506525670687358 0.3 0.3 137 
0.02202683761715889 138 
559.31982421875 139 
-0.3868104028701782 0.0002 0.0002 0.8210162127017975 0.004 0.004 0.9849061226844787 0.002 0.002 2.407504432996114 0.1 0.1 140 
9.331003411716666e-07 141 
9.424957397641265e-07 142 
-1.8755685297648113 0.002 0.0005 0.9969022552172343 0.0002 0.0002 0.9995905888080597 0.0001 0.0001 4.272555713653564 0.2 0.2 143 
685.3960205078125 144 
-2.210849043528239 0.01 0.007 0.99985280752182 5e-05 0.0001 0.998526641925176 5e-05 0.0001 4.493289855321248 0.3 0.3 145 
0.010005827061831951 146 
0.0015051666414365172 147 
-2.201705640157064 0.0005 0.0005 0.9998655531803767 1e-05 1e-05 0.9991161902745564 3e-06 3e-06 4.490973782539368 0.3 0.3 148 
9.247418347513303e-07 149 
1135.992236328125 150 
0.041186831146478656 151 
-0.12835167725880942 0.09 0.08 0.6982844760020573 0.02 0.01 0.8148701812823613 0.03 0.08 2.20344676276048 2.0 2.0 152 
-2.2187328815460203 0.005 0.003 0.9999120275179545 3e-05 5e-05 0.9984940552711487 4e-05 7e-05 4.523677241007487 0.3 0.3 153 
-2.2099219671885173 0.0003 0.0004 0.999841701189677 5e-06 5e-06 0.9996912040313085 2e-05 2e-05 4.489976983070374 0.2 0.2 154 
130866.1578125 155 
-2.220531218846639 0.008 0.004 0.9999340742826461 3e-05 0.0001 0.9999311699469884 1e-05 3e-05 4.503246657053629 0.2 0.3 156 
989.9854248046875 157 
-2.194912684758504 0.01 0.008 0.999227627714475 0.0001 0.0001 0.9996945055325827 8e-05 0.0002 4.504580037593842 0.5 0.6 158 
1779.23525390625 159 
-2.1870268853505452 0.0009 0.0009 0.9998258105913798 4e-05 4e-05 0.9985692022244136 2e-05 2e-05 4.491602309544882 0.3 0.3 160 
0.022665686160326003 161 
-2.205604648590088 0.03 0.01 0.9996034820874532 8e-05 0.0001 0.9997562976678213 0.0001 0.0006 4.516223942438762 0.5 0.6 162 
0.018006620556116106 163 
9.212685199599945e-07 164 
0.010199444182217122 165 
0.00875361729413271 166 
0.0016736857360228896 167 
1555.8735107421876 168 
-2.210537083943685 0.005 0.003 0.9997178665796915 4e-05 5e-05 0.997033662199974 3e-05 4e-05 4.539186771710714 0.3 0.3 169 
-2.2100253963470458 0.001 0.0008 0.9999729335308075 1e-05 2e-05 0.9992216988404592 6e-06 2e-05 4.498682869275411 0.1 0.1 170 
9.20867421427829e-07 171 
9.322503274233895e-07 172 
825.4524169921875 173 
-2.140605328877767 0.03 0.02 0.9991522749265035 0.0004 0.0009 0.9978164259592692 0.0007 0.001 4.483137222131093 1.0 0.9 174 
1971.1614501953125 175 
-2.1859878285725913 0.06 0.02 0.9982726383209228 0.0003 0.0009 0.999827699859937 3e-05 0.0001 4.531873842080434 0.7 0.7 176 
9.358488455291081e-07 177 
6.51998143439414e-06 178 
-0.35317643006642657 0.002 0.002 0.817070782383283 0.02 0.02 0.986474043528239 0.002 0.002 2.3162895520528157 0.3 0.3 179 
0.00020487068686634303 180 
-2.088012326558431 0.003 0.003 0.9995117608706157 3e-05 3e-05 0.9895340625445048 3e-05 3e-05 4.441986451148987 0.4 0.4 181 
-2.145513652165731 0.2 0.04 0.9980172119537989 0.0005 0.002 0.9998269295692443 8e-05 0.0003 4.475335893630981 0.9 0.8 182 
-2.2150010681152343 0.03 0.008 0.9998984571297963 4e-05 0.0001 0.9975689603885015 7e-05 0.0003 4.490690367221832 0.6 0.6 183 
9.304254945163848e-07 184 
-0.4065639130274455 6e-05 6e-05 0.8275941014289856 0.003 0.003 0.9811550853649775 0.0009 0.0009 2.465678036212921 0.1 0.1 185 
-2.1705820846557615 0.02 0.01 0.9978487805525462 0.002 0.004 0.9978701372941335 0.001 0.002 4.436361708641052 0.9 0.6 186 
-0.3659719753265381 0.002 0.002 0.8280477494001388 0.005 0.005 0.9768551331758499 0.002 0.002 2.4397438232103985 0.3 0.3 187 
9.213883004122181e-07 188 
-2.2036924807230633 0.0004 0.0005 0.9998197340965271 3e-05 3e-05 0.9977028747399648 3e-05 3e-05 4.518514715830485 0.2 0.2 189 
-2.1267989921569823 0.02 0.004 0.9998981573184331 4e-05 0.0001 0.9488141240676244 0.001 0.003 3.6906671047210695 0.3 0.3 190 
2092.8646484375 191 
-2.220384715398153 0.02 0.004 0.9999561293919881 1e-05 3e-05 0.999716133872668 0.0002 0.0007 4.5004499864578245 0.3 0.3 192 
-2.213241284688314 0.02 0.005 0.999924397667249 4e-05 0.0002 0.99852474629879 3e-05 0.0001 4.513108466466268 0.3 0.3 193 
-2.071828956604004 0.004 0.004 0.9985758463541666 5e-05 5e-05 0.9944089855750402 0.0004 0.0004 4.2877764010429384 0.3 0.3 194 
4.759565708809532e-05 195 
-2.165757319132487 0.004 0.004 0.99939080119133 0.0002 0.0002 0.9983670369784037 2e-05 2e-05 4.455229075749715 0.6 0.6 196 
-2.2135775661468506 0.001 0.001 0.9999325249592463 1e-05 1e-05 0.9997962961594263 4e-05 4e-05 4.498183708190918 0.2 0.2 197 
-2.1762621212005615 0.08 0.03 0.9993117799361547 0.0002 0.0005 0.999395967523257 0.0003 0.0004 4.481061420440674 0.3 0.4 198 
-2.1927485624949137 0.001 0.002 0.9995776194334031 0.0002 0.0003 0.9987130085627238 0.0002 0.0003 4.471935137112935 0.2 0.2 199 
789.9033813476562 200 
748.666015625 201 
572.7051635742188 202 
-2.206923688252767 0.0007 0.0007 0.9993624458710353 7e-05 7e-05 0.995092750787735 0.0002 0.0002 4.612707931200664 0.3 0.3 203 
-2.2120088863372804 0.05 0.01 0.9996936943133672 7e-05 0.0003 0.9991081885496775 0.0001 0.0006 4.442768228054047 0.6 0.7 204 
887.4215454101562 205 
9.206566915054282e-07 206 
-0.3782850980758667 0.004 0.0008 0.8136543095111847 0.007 0.007 0.982904534538587 0.0004 0.0005 2.3821258115768433 0.2 0.2 207 
669.317333984375 208 
9.204600132761698e-07 209 
1378.834521484375 210 
9.201751140608394e-07 211 
-2.135408862431844 0.003 0.003 0.9986159869035085 3e-05 3e-05 0.9990091254313787 1e-05 1e-05 4.459369918505351 0.3 0.3 212 
-2.189125347137451 0.06 0.02 0.9997612098852794 0.0001 0.0002 0.9985229076941808 4e-05 7e-05 4.471252585252126 0.8 0.8 213 
0.010250161029398441 214 
9.211380302076577e-07 215 
-0.21146478732426963 0.1 0.05 0.6661191956202189 0.1 0.2 0.8908464030424754 0.06 0.06 1.5529871646563211 1.0 0.8 216 
-2.095363375345866 0.03 0.01 0.9996186002095541 0.0003 0.0009 0.989383753935496 4e-05 0.0002 4.41346218029658 0.4 0.5 217 
0.7141119241714478 218 
854.7448974609375 219 
2593.845166015625 220 
0.009484275057911874 221 
1475.768603515625 222 
-2.1969134839375815 0.01 0.003 0.9997947514057159 3e-05 4e-05 0.9991397498051325 1e-05 4e-05 4.490451742808024 0.3 0.4 223 
9.232206934939313e-07 224 
-0.37157194296518964 0.0005 0.0005 0.8178305997451146 0.005 0.005 0.9823971581459046 0.002 0.002 2.393907156785329 0.2 0.2 225 
-2.1903942330678303 0.06 0.01 0.9998080176115036 4e-05 0.0001 0.9951505247751872 0.0009 0.006 4.321756042639414 0.6 0.6 226 
9.265994776797015e-07 227 
-2.208212973276774 0.05 0.01 0.9998324906826019 5e-05 0.0002 0.9977486896514892 0.0001 0.0004 4.51587393283844 0.7 0.6 228 
9.211722158397606e-07 229 
-0.836424036026001 0.0002 0.0002 0.935131292740504 0.002 0.002 0.9927627607186635 0.001 0.001 3.2438017455736796 0.2 0.2 230 
-0.363336189587911 0.0006 0.0006 0.8092568264404932 0.002 0.002 0.9808334547281266 0.001 0.001 2.3475094699859618 0.1 0.1 231 
321165.95625 232 
-2.179877967834473 0.01 0.007 0.9997466061512629 6e-05 7e-05 0.9910374780495962 9e-05 0.0001 4.538916753927866 0.6 0.6 233 
9.207306561620499e-07 234 
1146.0388916015625 235 
1329.13759765625 236 
-2.19982899983724 0.0001 0.0001 0.9998341864347458 3e-05 3e-05 0.9991740361849467 5e-06 5e-06 4.491220965385437 0.2 0.2 237 
9.205197102346574e-07 238 
-2.201219104131063 0.001 0.001 0.999760738213857 7e-05 7e-05 0.9985029085477193 1e-05 1e-05 4.500261575380961 0.4 0.4 239 
-2.193543841044108 0.001 0.001 0.9995762334267299 5e-05 5e-05 0.9989379094044367 7e-06 8e-06 4.498354965845744 0.3 0.3 240 
3.730019234353677e-05 241 
0.011790796741843223 242 
2410.181494140625 243 
-0.36876631100972496 0.0004 0.0004 0.8100832060972849 0.008 0.008 0.986407051285108 0.002 0.002 2.3165796637535094 0.2 0.2 244 
683.59453125 245 
-2.2165689945220945 0.0003 0.0003 0.9998358792066574 8e-06 8e-06 0.9999291809399923 4e-06 4e-06 4.509359455108642 0.2 0.2 246 
9.204456887346169e-07 247 
9.264253208129958e-07 248 
-0.835366792678833 0.0002 0.0002 0.9360741492112478 0.001 0.001 0.9965880980094274 0.0009 0.0009 3.163099227746328 0.1 0.1 249 
0.004036963637918234 250 
836.7634155273438 251 
9.210637472278905e-07 252 
-0.24425900141398113 0.004 0.0009 0.7443538141250611 0.009 0.01 0.9015687894821167 0.0004 0.001 1.236115926106771 0.08 0.1 253 
130574.6109375 254 
0.041234633326530455 255 
3.2415156056231354e-06 256 
8494.3927734375 257 
855.167431640625 258 
-2.17773206392924 0.03 0.02 0.9997167088588079 0.0001 0.0001 0.9989146747191747 5e-05 0.0001 4.462152282396953 0.5 0.5 259 
-0.37732677936553954 0.004 0.001 0.8141176700592041 0.004 0.003 0.9832040685415268 0.001 0.001 2.3745407843589783 0.2 0.2 260 
-2.213127902348836 0.0007 0.0007 0.9999342556794485 9e-06 9e-06 0.9985117723544439 4e-05 4e-05 4.520145133336385 0.2 0.2 261 
-2.215821927388509 0.006 0.004 0.9996056540807088 0.0001 9e-05 0.9997134856383005 2e-05 4e-05 4.5333656056722 0.3 0.2 262 
730.86689453125 263 
-0.3833601713180542 0.0005 0.0005 0.8254595251878103 0.003 0.003 0.9865390717983246 0.004 0.004 2.408060349623362 0.1 0.1 264 
1.8032596199191175e-05 265 
9.353749760521168e-07 266 
0.021682262420654297 267 
-0.3844658692677816 0.0004 0.0004 0.8221314783891042 0.004 0.004 0.9865495252609253 0.002 0.002 2.3954324380556744 0.2 0.2 268 
9.208375672642433e-07 269 
-2.210082352956136 0.03 0.01 0.9998012161254883 7e-05 0.0002 0.9997880174716314 0.0001 0.0006 4.4973503049214685 0.2 0.3 270 
-2.1677168051401776 0.001 0.001 0.99954554438591 5e-05 5e-05 0.9742257630825043 0.0004 0.0004 4.025373302300771 0.2 0.2 271 
5.047656668466516e-05 272 
2001.0569091796874 273 
9.205032370118715e-07 274 
-2.2064878209431966 0.005 0.003 0.9998642218112945 5e-05 9e-05 0.9992158414920171 1e-05 3e-05 4.49964580376943 0.2 0.2 275 
9.205934134115523e-07 276 
-2.2106386343638103 0.0003 0.0003 0.9998313363393148 4e-06 4e-06 0.9999558691183726 6e-06 9e-06 4.507503275871277 0.2 0.2 277 
-2.1892939599355064 0.02 0.01 0.9996698341766993 4e-05 0.0001 0.999114271402359 5e-06 1e-05 4.491056612332662 0.4 0.4 278 
-0.4019849061965942 0.003 0.003 0.8289092594385147 0.006 0.006 0.9769863053162893 0.001 0.002 2.482563983599345 0.3 0.3 279 
0.011383966356515885 280 
1129.38310546875 281 
1367.40751953125 282 
-2.1972195053100587 0.003 0.003 0.9999004405736923 1e-05 1e-05 0.9995629314581553 5e-05 5e-05 4.467763875325521 0.3 0.3 283 
-0.8371919059753418 6e-05 6e-05 0.9369075441360474 0.0006 0.0006 0.9915963262319565 0.0009 0.0009 3.2720182450612385 0.1 0.1 284 
-2.208955920537313 0.0004 0.0004 0.9998447436094284 4e-06 4e-06 0.9998620289564133 2e-05 2e-05 4.494242444038391 0.2 0.2 285 
0.024802811071276666 286 
-0.3887474568684896 0.0001 0.0001 0.8190937570730845 0.003 0.003 0.9841719204187394 0.001 0.001 2.407012955347697 0.1 0.1 287 
9.201518651025254e-07 288 
9.25691063002887e-07 289 
-2.1894965076446535 0.01 0.008 0.9997165503104528 9e-05 0.0001 0.9990285100539525 3e-05 3e-05 4.47143887201945 0.3 0.3 290 
-0.37701398372650147 0.01 0.002 0.8139301671584447 0.008 0.009 0.9820517824093501 0.001 0.001 2.3822870016098023 0.3 0.3 291 
0.0018903851276263594 292 
582.1615234375 293 
9.20355466860201e-07 294 
-2.1965521876017253 0.0009 0.0009 0.9998558517297109 2e-05 2e-05 0.9930374797185262 0.0002 0.0002 4.3363631661732995 0.2 0.2 295 
2641.87197265625 296 
9.579119478075881e-07 297 
-2.209648784001668 0.0006 0.0006 0.9998434899250667 3e-06 3e-06 0.9999168451627095 3e-05 3e-05 4.501951146125793 0.1 0.1 298 
-2.192115001678467 0.04 0.02 0.9997626254955928 9e-05 0.0001 0.9983718504508337 0.0001 0.0003 4.499792385101318 0.3 0.3 299 
-2.1949747721354167 0.001 0.001 0.9996478786071141 6e-05 6e-05 0.9984136797984441 0.0001 0.0001 4.4475657145182295 0.4 0.4 300 
9.204210414281988e-07 301 
0.01391470544040203 302 
-2.205756753285726 0.01 0.006 0.9998948818445206 3e-05 5e-05 0.9991804258028666 3e-05 2e-05 4.484474306106567 0.4 0.4 303 
-1.5815980180104574 0.005 0.003 0.9946762828032175 0.0006 0.0007 0.7947165900468827 0.0001 0.0001 2.1940976206461587 0.1 0.1 304 
-2.210696538289388 0.007 0.004 0.9996765488386155 5e-05 7e-05 0.9998712128400803 1e-05 3e-05 4.510805459022522 0.4 0.4 305 
9.204007824337169e-07 306 
2.839578919520136e-05 307 
-2.2081263955434163 0.004 0.004 0.9998243618011474 3e-05 6e-05 0.9972087202469507 4e-05 9e-05 4.506966856320699 0.2 0.2 308 
9.207216407958186e-07 309 
1004.3825805664062 310 
-2.211760915120443 0.03 0.006 0.9997854735453924 4e-05 0.0001 0.9985292287667592 4e-05 0.0002 4.520572204589843 0.2 0.2 311 
-2.184272273381551 0.02 0.01 0.9997637401024501 3e-05 6e-05 0.9991073083877563 0.0002 0.0007 4.47320450146993 0.4 0.4 312 
-2.177727699279785 0.003 0.004 0.9982795494794846 0.0002 0.0002 0.9951548830668131 0.0001 0.0001 4.529766464233399 0.5 0.4 313 
9.20256763947691e-07 314 
1955.2987060546875 315 
-2.1856569385528566 0.001 0.001 0.9997330319881439 2e-05 2e-05 0.9977107139428457 3e-05 3e-05 4.479350198109945 0.3 0.3 316 
1486.15244140625 317 
9.207471066474682e-07 318 
0.030711311846971512 319 
-1.8766434065500894 0.0005 0.0004 0.9968513373533885 0.0004 0.0004 0.9994610389073689 9e-05 9e-05 4.284186817804972 0.1 0.1 320 
9.202471346725361e-07 321 
3.6517969419946894e-05 322 
-0.3887610133488973 0.0004 0.0003 0.8196120844284693 0.006 0.006 0.9850540129343669 0.0009 0.0009 2.402463204860687 0.1 0.1 323 
-1.8758323415120444 0.0003 0.0003 0.9968769268194835 0.0003 0.0003 0.9996853850285212 0.0002 0.0002 4.276917864481608 0.1 0.1 324 
-2.21913493792216 0.001 0.002 0.9998443635304769 2e-05 3e-05 0.9999229288101197 1e-05 1e-05 4.510581049919129 0.2 0.2 325 
846.2502197265625 326 
9.205150263369432e-07 327 
15369.9044921875 328 
-0.01218448003133138 0.0004 0.0004 0.3131985112031301 0.01 0.01 0.39074779152870176 0.0004 0.0004 0.3885902238885562 0.1 0.1 329 
-0.37546918710072835 0.0002 0.0002 0.8129805582761764 0.002 0.002 0.9809873648484548 0.001 0.001 2.3791060344378154 0.2 0.2 330 
-0.37924814065297446 0.0005 0.0005 0.8233080701033274 0.006 0.006 0.9888994258642196 0.002 0.002 2.3631060910224915 0.2 0.2 331 
2185.430810546875 332 
1313.39345703125 333 
9.205540663970169e-07 334 
2.5038792591658422e-05 335 
1138.2138916015624 336 
329641.48125 337 
-1.8528112920125326 0.002 0.002 0.9965305310487748 6e-05 8e-05 0.9942738997936249 2e-05 2e-05 4.1325206700960795 0.3 0.3 338 
729.98310546875 339 
9.208198889609776e-07 340 
-2.2158897082010904 0.004 0.002 0.9997893512248993 6e-05 7e-05 0.9997956474622091 9e-06 5e-05 4.511821395556132 0.4 0.4 341 
-2.2077936108907066 0.001 0.001 0.999888809521993 1e-05 1e-05 0.9999041183789571 3e-06 3e-06 4.500889089902242 0.3 0.3 342 
-2.216195147832235 0.0002 0.0003 0.9998795922597249 1e-05 5e-06 0.9986245024204254 0.0002 0.0002 4.408477325439453 0.2 0.1 343 
838.240185546875 344 
0.00283318639267236 345 
1383.6784423828126 346 
5747.26748046875 347 
9.201519446833117e-07 348 
9.207872722072352e-07 349 
-2.2049722989400227 0.01 0.007 0.999762252966563 7e-05 0.0002 0.9996836833159128 0.0002 0.0007 4.4823491064707435 0.4 0.4 350 
-2.1908596324920655 0.0008 0.0008 0.9990484148263932 4e-06 4e-06 0.9997423168023427 2e-06 2e-06 4.4923962942759195 0.3 0.3 351 
-2.2211757119496665 0.009 0.003 0.9998988449573517 2e-05 4e-05 0.9996626247962316 3e-05 0.0001 4.517039462725322 0.2 0.2 352 
-0.37681321144104 0.005 0.001 0.8128497777382533 0.001 0.001 0.9838422018289567 0.001 0.002 2.371886127789815 0.3 0.3 353 
9.20704599138844e-07 354 
-2.20325501759847 0.003 0.002 0.9997813552618027 2e-05 2e-05 0.9984569368759791 3e-05 3e-05 4.4922452036539715 0.3 0.3 355 
-2.206683807373047 0.002 0.002 0.9999200477202733 2e-05 3e-05 0.9992256067196528 6e-06 1e-05 4.496847470601399 0.2 0.2 356 
-2.1520226351420084 0.01 0.01 0.9992194644610087 0.0001 0.0001 0.9869328904151916 0.001 0.001 4.427217477162679 0.6 0.6 357 
-2.1942565282185873 0.0004 0.0004 0.9998885387182236 3e-05 3e-05 0.9991333498557409 5e-06 5e-06 4.48533486366272 0.3 0.3 358 
-2.212677688598633 0.0009 0.0008 0.9998846524953842 2e-05 2e-05 0.9999167146285375 5e-06 5e-06 4.505460770924886 0.2 0.2 359 
0.013131398893892764 360 
-2.205082763036092 0.003 0.002 0.9996168760458628 0.0001 0.0002 0.9982588432232539 6e-05 7e-05 4.531916718482972 0.4 0.4 361 
9.206510412695934e-07 362 
-2.180847342809041 0.002 0.002 0.9994176981846491 9e-05 9e-05 0.9975685822963715 7e-05 7e-05 4.50747704188029 0.3 0.3 363 
9.204679372487589e-07 364 
9.201369607581e-07 365 
9.207938660438231e-07 366 
839.7975219726562 367 
-0.3889859660466512 0.0005 0.0004 0.8190262164672216 0.01 0.01 0.9843160984913508 0.0005 0.0005 2.4080028533935547 0.1 0.1 368 
9.206782010551251e-07 369 
6.910342788696289 370 
-2.1127143160502118 0.07 0.01 0.9987819649775823 0.0001 0.0003 0.9981665593385697 0.0003 0.002 4.368086640834808 0.5 0.6 371 
0.01799444518983364 372 
752.0213134765625 373 
1998.78095703125 374 
9.336283028460457e-07 375 
-1.8723392740885416 0.02 0.005 0.996779589454333 0.001 0.003 0.9981183884541194 0.0004 0.003 4.297319370905559 0.3 0.3 376 
-0.38110274155934654 0.0005 0.0005 0.8241961173216502 0.006 0.006 0.9855846053361893 0.002 0.002 2.401090282599131 0.2 0.2 377 
-2.1982830142974854 0.0002 0.0002 0.9999004779259364 2e-05 2e-05 0.9991518568992614 2e-06 2e-06 4.4830885998408 0.1 0.1 378 
-2.205634765625 0.0008 0.0005 0.9998929025729497 1e-05 1e-05 0.9968049957354863 9e-05 0.0001 4.524376433690389 0.2 0.1 379 
-1.8630777963002523 0.004 0.002 0.9966787586609522 0.0002 0.0002 0.9993874281644821 0.0002 0.0002 4.268908031781515 0.3 0.3 380 
1958.6255615234375 381 
-0.3744946813583374 0.0004 0.0005 0.8195495289564133 0.0008 0.0008 0.9929115867614746 0.003 0.003 2.2309730013211566 0.2 0.2 382 
9.20528464121162e-07 383 
-0.382582901318868 0.02 0.006 0.8172193878889084 0.01 0.02 0.9859881176551183 0.003 0.006 2.372151399453481 0.2 0.2 384 
0.006888593081384897 385 
-0.3740206019083659 0.0003 0.0003 0.814865648150444 0.003 0.003 0.9817108738422394 0.001 0.001 2.382528282006582 0.2 0.2 386 
1134.5490478515626 387 
-2.2128027852376304 0.03 0.005 0.999923192858696 4e-05 0.0004 0.9998860528071721 8e-05 0.0002 4.501692686080933 0.2 0.3 388 
-2.219191878636678 0.007 0.003 0.9999002726872762 2e-05 5e-05 0.9998839189608891 2e-05 2e-05 4.506697266896566 0.2 0.2 389 
-0.3598903958002726 0.09 0.01 0.8104718013604482 0.02 0.02 0.9535140832265218 0.02 0.02 2.4554904758930207 1.0 0.8 390 
0.015796277299523355 391 
9.214870146934118e-07 392 
0.0032172144390642645 393 
-2.0918914381663005 0.02 0.008 0.9989420978228251 0.0002 0.0003 0.9986538447936376 6e-05 8e-05 4.406572211583455 0.3 0.3 394 
-1.5601655864715576 0.002 0.002 0.994749411145846 0.001 0.001 0.7946137098471323 0.0005 0.0005 2.185882881482442 0.1 0.1 395 
-2.2212224610646567 0.0001 0.0001 0.9999535510937373 8e-06 8e-06 0.9998026722669602 7e-06 4e-06 4.513462433815002 0.2 0.2 396 
-2.2121902020772297 0.009 0.005 0.9998245555162429 3e-05 4e-05 0.9998655052979787 5e-05 7e-05 4.496498082478841 0.3 0.3 397 
2567.843798828125 398 
697.7523071289063 399 
-2.209964319864909 0.0004 0.0004 0.9998399945100148 2e-05 2e-05 0.9974714096387227 1e-05 1e-05 4.5468607393900555 0.3 0.3 400 
-0.38037491162618003 0.008 0.006 0.8189952488740285 0.009 0.008 0.9832741632064184 0.001 0.003 2.4049585525194805 0.4 0.4 401 
912.7223266601562 402 
-1.8567697874704996 0.002 0.001 0.9966355319817861 0.0004 0.0004 0.998871025244395 7e-06 7e-06 4.2689490270614625 0.2 0.2 403 
-1.9761469809214274 0.007 0.004 0.9993490141630172 0.0004 0.0006 0.9004112545649211 0.001 0.001 3.150189713637034 0.2 0.2 404 
9.214846613758709e-07 405 
-0.38748834292093914 0.0006 0.0004 0.8191576017936071 0.007 0.007 0.9849724092086156 0.0007 0.0007 2.402017172972361 0.1 0.1 406 
-2.2102585951487224 0.02 0.008 0.9996341904004414 0.0001 0.0002 0.9983150297403336 0.0002 0.0007 4.508190619150797 0.5 0.5 407 
-2.156975129445394 0.002 0.002 0.996962338089943 0.0001 0.0001 0.9987547459204992 6e-05 6e-05 4.548275957107544 0.1 0.1 408 
9.204902085002686e-07 409 
0.0001327081292401999 410 
9.207961852553126e-07 411 
-2.197278159459432 0.006 0.004 0.999650958776474 3e-05 5e-05 0.9989475419123968 3e-05 4e-05 4.492188129425049 0.3 0.3 412 
9.215261002282204e-07 413 
9.207923312715138e-07 414 
0.0029921085108071564 415 
-2.218619718551636 0.03 0.006 0.9999195079008738 5e-05 0.0002 0.9995497026046117 0.0001 0.0004 4.5114914401372275 0.4 0.4 416 
9.205289757119317e-07 417 
9.200230351780192e-07 418 
1021.8559692382812 419 
-2.1769328053792316 0.0005 0.0005 0.9989134307702382 9e-06 9e-06 0.9971436631679534 0.0002 0.0002 4.4113094774882 0.2 0.2 420 
-2.1992058690388996 0.0001 0.0001 0.9995006662607193 3e-05 3e-05 0.9988372141122818 4e-05 4e-05 4.503637531598409 0.2 0.2 421 
800.57880859375 422 
130970.9640625 423 
-2.182502695719401 0.008 0.006 0.9996994060277938 2e-05 3e-05 0.9974289121230443 3e-05 3e-05 4.481958136558533 0.7 0.7 424 
-0.3874045244852702 0.0007 0.0006 0.8193904000520706 0.0006 0.0007 0.9865371823310852 0.002 0.002 2.3885922559102375 0.2 0.2 425 
-2.2107363001505536 0.02 0.005 0.999776089390119 8e-05 6e-05 0.9985005970795949 9e-05 8e-05 4.507773849169413 0.2 0.2 426 
9.20737534215732e-07 427 
1338.178857421875 428 
942.826904296875 429 
-2.2040835571289064 0.02 0.006 0.9998179850975673 8e-05 0.0002 0.9992156620820364 2e-05 5e-05 4.501425695419312 0.2 0.2 430 
0.0042403219267725945 431 
9.212883128384419e-07 432 
-0.3879111162821452 0.0002 0.0002 0.8207714953025183 0.002 0.002 0.9855751695235571 0.001 0.001 2.406606585184733 0.1 0.1 433 
2.2320140124065803e-05 434 
825.9597534179687 435 
1942.7257568359375 436 
9.223795132129453e-07 437 
-2.2136958916982015 0.0004 0.0004 0.9996972622474035 4e-05 4e-05 0.9984549736976623 3e-05 3e-05 4.521188882191976 0.2 0.2 438 
-1.870623737970988 0.0005 0.0006 0.9969543288151423 0.0003 0.0003 0.9979538593689601 0.0002 0.0002 4.284083104133606 0.2 0.2 439 
9.207290418089542e-07 440 
708.7678588867187 441 
1356.6361572265625 442 
-0.3604757006963094 0.004 0.003 0.8161969627936682 0.005 0.005 0.9786080914735794 0.006 0.006 2.402964021364848 0.3 0.3 443 
-0.3746640968322754 0.0002 0.0002 0.8151599095265071 0.005 0.005 0.982975356578827 0.001 0.001 2.3772799825668334 0.2 0.2 444 
9.209378731611651e-07 445 
-2.214499994913737 0.02 0.008 0.9999288884798686 3e-05 9e-05 0.9990948025385539 0.0003 0.001 4.479430309931437 0.3 0.3 446 
9.206830554830958e-07 447 
9.224449399880541e-07 448 
9.206299523611961e-07 449 
824.779541015625 450 
9.207187190440891e-07 451 
1393.58212890625 452 
0.010472066700458527 453 
-2.1897233740488686 0.001 0.001 0.9994466439882914 2e-06 2e-06 0.99845858335495 4e-05 4e-05 4.502635283470154 0.4 0.4 454 
-0.38826149145762123 0.003 0.001 0.8190529817342758 0.007 0.009 0.9834888499975204 0.001 0.001 2.412495594819387 0.1 0.2 455 
1311.8560302734375 456 
-2.217336168289185 0.002 0.001 0.9998497668902079 3e-05 3e-05 0.9997379072507222 3e-05 2e-05 4.506030101776123 0.3 0.3 457 
-0.3772309573491414 0.002 0.0009 0.8143570123116175 0.005 0.005 0.9827721575895946 0.001 0.002 2.3834655181566875 0.1 0.1 458 
2621.52578125 459 
-2.1115350246429445 0.007 0.003 0.9998461669683456 0.0001 0.0002 0.9482401061058044 0.0007 0.0008 3.6700122650464375 0.2 0.2 460 
9.207865787175252e-07 461 
-2.204301029841105 0.005 0.003 0.9995634186267853 5e-05 7e-05 0.9995736265182495 7e-05 7e-05 4.479206811587016 0.3 0.3 462 
9.207914104081283e-07 463 
0.0049257328733801845 464 
-2.1001288159688314 0.03 0.02 0.9951749596993128 0.0007 0.0007 0.9832808009783427 0.0009 0.001 4.78655379374822 1.0 1.0 465 
-0.38748137950897216 0.009 0.003 0.8196180017789205 0.005 0.006 0.9809344933430354 0.002 0.003 2.4203633920351666 0.3 0.3 466 
9.207397511090676e-07 467 
9.204685625263664e-07 468 
-2.2074179744720457 0.009 0.003 0.9999452535311381 2e-05 8e-05 0.9991187298297882 7e-05 0.0002 4.496811294555664 0.2 0.2 469 
-2.21673836072286 0.004 0.003 0.99995749771595 1e-05 3e-05 0.9999625529845556 1e-05 7e-05 4.500802941322327 0.3 0.3 470 
9.367934580950533e-07 471 
0.0007831254857592285 472 
-1.87642759958903 0.0004 0.0003 0.9968437991539637 0.0004 0.0004 0.9982448089122772 0.0001 0.0001 4.292611921628316 0.2 0.2 473 
9.204778052662733e-07 474 
9.210938856085704e-07 475 
-2.2205302238464357 0.002 0.001 0.9999195816119512 9e-06 8e-06 0.9997367020448049 4e-05 4e-05 4.497068139712016 0.2 0.2 476 
9.211310270984541e-07 477 
-0.3871793111165365 0.0001 9e-05 0.8190621695915858 0.005 0.005 0.9839019552866618 0.0007 0.0007 2.4101210498809813 0.1 0.1 478 
-2.197326488494873 0.006 0.004 0.9998776483535766 3e-05 7e-05 0.9973843550682068 0.0001 0.0002 4.50951497554779 0.3 0.3 479 
913.1208251953125 480 
1535.92744140625 481 
-2.204386755625407 0.001 0.001 0.9993329638242722 8e-05 8e-05 0.9997384254137675 2e-05 2e-05 4.507414631843567 0.3 0.3 482 
1953.799267578125 483 
0.04520004540681839 484 
-0.8171207141876221 0.002 0.002 0.9462957551081975 0.002 0.002 0.9738101770480474 0.0008 0.0009 3.41462388753891 0.3 0.3 485 
2675.13955078125 486 
-2.2159155654907225 0.002 0.002 0.9998862791061401 2e-05 3e-05 0.9985497311751048 2e-05 3e-05 4.503391366004944 0.3 0.3 487 
1623.893310546875 488 
515.1521728515625 489 
-2.210525719324748 0.01 0.005 0.9998461403449377 3e-05 9e-05 0.9982949797312418 5e-05 0.0001 4.520576101938883 0.3 0.3 490 
1.4627613067626952 491 
9.225765211340331e-07 492 
0.006369331851601601 493 
1311.8231689453125 494 
417.8345092773437 495 
-2.2172420088450115 0.002 0.002 0.9998145345846812 3e-05 3e-05 0.9981704491376877 4e-05 6e-05 4.512348569234212 0.2 0.2 496 
-0.37018577734629315 0.0007 0.0007 0.8109008997678757 0.002 0.002 0.9864925547440847 0.002 0.002 2.3220188879966734 0.3 0.3 497 
-2.196251465479533 0.03 0.01 0.9997782433032989 6e-05 0.0001 0.9963517208894094 0.0002 0.0003 4.565425759951274 0.3 0.3 498 
9.206040431308793e-07 499 
-1.8585448296864828 0.0008 0.0006 0.9966462330023448 0.0003 0.0003 0.9982035640875498 0.0002 0.0002 4.268497597376506 0.1 0.1 500 
9.275935099140042e-07 501 
5.266023561034672e-06 502 
1000.6813354492188 503 
900.0115234375 504 
-2.2057685248057046 0.01 0.007 0.9996391246716182 0.0001 0.0002 0.9992392585674922 0.0001 0.0001 4.472464777628581 0.4 0.4 505 
0.00010889135446632281 506 
9.207117045662016e-07 507 
-0.39048949400583904 0.0002 0.0002 0.8192501326402029 0.0009 0.0009 0.9828997298081716 0.0006 0.0006 2.4195054880777995 0.1 0.1 508 
-0.3694199705123901 0.001 0.0008 0.8127256375551224 0.02 0.01 0.9790170564254125 0.003 0.001 2.3716700927416485 0.3 0.3 509 
-2.2132100677490234 0.006 0.004 0.9995464702447255 0.0001 0.0001 0.9997532184918722 7e-05 0.0001 4.500040879249573 0.3 0.3 510 
-2.203586098353068 0.02 0.005 0.9998085325956345 4e-05 0.0002 0.9985539670785268 7e-05 0.0002 4.443648822307587 0.5 0.5 511 
-1.7357635498046875 0.02 0.02 0.993084418574969 0.001 0.001 0.9942575548092524 0.0003 0.0004 3.930231873989105 0.1 0.1 512 
-2.2003003851572673 0.001 0.001 0.999944189786911 9e-06 1e-05 0.9990980857610703 8e-06 1e-05 4.4813703950246175 0.3 0.3 513 
9.205013498103654e-07 514 
0.013739337399601936 515 
-2.2203235085805257 0.01 0.004 0.9999116965134939 2e-05 5e-05 0.9999217116832733 4e-05 0.0005 4.5119036213556925 0.4 0.4 516 
9.206013714901928e-07 517 
-2.2102687644958494 0.02 0.009 0.999796213110288 5e-05 0.0002 0.9990939100583395 0.0001 0.0002 4.505577365557353 0.3 0.3 518 
-0.3885920508702596 0.0002 7e-05 0.8191560314098993 0.003 0.003 0.9844767729441325 0.002 0.002 2.4131968140602114 0.1 0.1 519 
-2.190018482208252 0.02 0.01 0.999740997950236 8e-05 0.0003 0.9983881819248199 0.0001 0.0001 4.4451827764511105 0.4 0.4 520 
1285.785107421875 521 
9.19942556265596e-07 522 
9.20991567454621e-07 523 
-1.8706391716003419 0.0006 0.0006 0.9968030192454655 0.0004 0.0004 0.9991345554590225 0.0001 0.0001 4.281255425612132 0.3 0.3 524 
-0.3740619850158691 0.0003 0.0003 0.8154531858364741 0.004 0.004 0.9836014997959137 0.001 0.001 2.3719608171780906 0.2 0.2 525 
-2.109773619969686 0.4 0.05 0.999160819252332 0.0002 0.002 0.9983971498409907 5e-05 0.0003 4.498553175926208 0.8 0.6 526 
-2.203800713221232 0.0004 0.0004 0.9999170309305191 2e-05 2e-05 0.9978192015488943 2e-05 2e-05 4.496261207262675 0.2 0.2 527 
-2.147276802062988 0.007 0.007 0.9992236324151357 0.0001 0.0001 0.9991915961106618 1e-05 1e-05 4.483361285527547 0.5 0.5 528 
9.20770764878398e-07 529 
-2.2138857555389406 0.01 0.005 0.9996471699078878 8e-05 9e-05 0.9994227945804596 0.0001 0.0002 4.481818909645081 0.4 0.4 530 
606.3143310546875 531 
668.99423828125 532 
9.205053970617882e-07 533 
9.209299037138407e-07 534 
-0.3893567260106405 0.008 0.002 0.8217169032494227 0.004 0.005 0.9817992349465688 0.003 0.004 2.4330939277013144 0.2 0.2 535 
0.02666168287396431 536 
-2.140361261367798 0.009 0.009 0.9995735313495 7e-05 7e-05 0.9951078341404597 0.0002 0.0001 4.38465875228246 0.4 0.4 537 
-2.2215693187713623 0.004 0.002 0.99992462793986 2e-05 3e-05 0.999954547683398 3e-05 0.0001 4.513145882288615 0.2 0.2 538 
611.8840087890625 539 
1123.4001220703126 540 
0.004605687223374844 541 
-0.0764505942662557 0.0002 0.0002 0.6160878401994705 0.02 0.02 0.7941265581051509 0.0001 0.0001 0.6307792141040166 0.007 0.007 542 
-2.2127904891967773 0.003 0.001 0.9998835376898447 6e-06 6e-06 0.998307913740476 6e-05 6e-05 4.519676696459452 0.2 0.2 543 
0.016473417356610297 544 
-2.1253561941782633 0.01 0.004 0.9998952112595241 6e-05 0.0002 0.9489713503917059 0.0008 0.0009 3.6857730491956073 0.2 0.3 545 
1.1801054483839835e-06 546 
-2.1949767939249676 0.08 0.009 0.9999126209815343 6e-05 0.0003 0.999106023311615 9e-05 0.0007 4.485325746536255 0.7 0.8 547 
1.1317582220726762e-06 548 
960.697265625 549 
0.006721806526184082 550 
-2.193365599314372 0.002 0.002 0.9998330571254095 7e-06 8e-06 0.9984002649784088 4e-05 4e-05 4.464613528251648 0.4 0.4 551 
-2.190693966547648 0.02 0.01 0.9995261673132578 4e-05 8e-05 0.9978632408380509 0.0003 0.0006 4.482415348688761 0.6 0.6 552 
-2.2060221735636394 0.3 0.01 0.9999299319585164 4e-05 0.0001 0.9983324595292409 0.0002 0.01 4.462449304262797 0.5 0.5 553 
-2.1911328983306886 0.002 0.002 0.9996453460057576 1e-05 1e-05 0.9998298647006353 4e-05 4e-05 4.498427888552348 0.5 0.5 554 
-2.213710619608561 0.0004 0.0004 0.9997863159577052 2e-05 2e-05 0.9982903550068537 4e-05 4e-05 4.520690259933471 0.2 0.2 555 
-2.215860462188721 0.0005 0.0005 0.9998181806008021 1e-05 1e-05 0.9983608589569728 5e-05 5e-05 4.52096243540446 0.2 0.2 556 
2022.81640625 557 
483.3089904785156 558 
-2.201220849355062 0.008 0.007 0.9989118943611781 0.0002 0.0003 0.9998156448205312 3e-05 3e-05 4.509766203562418 0.4 0.4 559 
1102.2419677734374 560 
1033.9912841796875 561 
0.10100908577442169 562 
0.012454138696193695 563 
0.007668698206543922 564 
0.02795308418571949 565 
-0.3619942267735799 0.004 0.003 0.8273907659451166 0.005 0.004 0.9902449981371562 0.004 0.004 2.328032960891724 0.3 0.2 566 
9.207118523590907e-07 567 
9.2087435632493e-07 568 
-2.206364402770996 0.0003 0.0003 0.9999509845177332 1e-06 1e-06 0.9992047148942947 9e-06 9e-06 4.4981975205739335 0.2 0.2 569 
1220.3800537109375 570 
-2.211399663289388 0.06 0.01 0.9999096816778184 5e-05 0.0002 0.9998124440511068 0.0001 0.001 4.517591392199199 0.7 0.7 571 
-2.2028530979156495 0.002 0.002 0.9997065770626068 8e-06 1e-05 0.9987343949079514 7e-05 7e-05 4.459965966542562 0.2 0.2 572 
0.013748911023139954 573 
-2.196200669606527 0.004 0.003 0.9998108271757762 2e-05 2e-05 0.9974798146883647 9e-05 0.0001 4.460493702888488 0.3 0.3 574 
9.209064614879026e-07 575 
-1.8568493938446045 0.01 0.01 0.9823056290547053 0.0003 0.0003 0.9706088370084762 0.0003 0.0003 4.069404134750366 0.2 0.2 576 
9.207832022184448e-07 577 
1481.5188720703125 578 
9.216987905347196e-07 579 
-2.207787580490112 0.03 0.01 0.9996845310926438 0.0001 0.0004 0.9983578981955846 0.0001 0.0003 4.501453564961751 0.5 0.5 580 
2.2303653167909943e-06 581 
695.5533569335937 582 
-2.1889764086405434 0.09 0.03 0.999694893360138 0.0001 0.0003 0.9974147659540177 0.0002 0.0005 4.513318560918172 0.4 0.3 583 
9.213053203893651e-07 584 
-2.206619691848755 0.004 0.003 0.9997654583056768 8e-05 5e-05 0.9984926295280456 2e-05 4e-05 4.527793108622233 0.3 0.3 585 
-2.213090944290161 0.0005 0.0005 0.999280932545662 2e-05 2e-05 0.9998737573623657 1e-05 1e-05 4.501575984954834 0.2 0.2 586 
-2.218237113952637 0.01 0.005 0.9998332103093465 8e-05 0.0001 0.9985485774278641 3e-05 7e-05 4.52263431708018 0.3 0.3 587 
-2.1755706532796224 0.02 0.01 0.9994091063737869 0.0002 0.0003 0.999188713033994 1e-05 2e-05 4.468711628913879 0.5 0.5 588 
9.207263929056353e-07 589 
1011.6824584960938 590 
-2.2188127040863037 0.03 0.007 0.9998927243550618 5e-05 0.0002 0.9998422255118687 2e-05 8e-05 4.5035093307495115 0.5 0.5 591 
-1.8746049467722574 0.0005 0.0005 0.9968299253781636 0.0003 0.0003 0.998210173646609 9e-05 0.0001 4.2901117658615116 0.2 0.2 592 
0.05138029307126999 593 
1133.908447265625 594 
9.205884225593764e-07 595 
9.221120876645728e-07 596 
-0.3741805171966553 0.0002 0.0002 0.812400240500768 0.003 0.003 0.9818465860684713 0.0005 0.0005 2.3713140312830605 0.2 0.2 597 
-2.2048654238382976 0.002 0.001 0.999842871427536 5e-06 8e-06 0.999177936911583 6e-06 7e-06 4.497011470794678 0.2 0.2 598 
-1.8725141525268554 0.02 0.007 0.996877472003301 0.0004 0.0005 0.9979218194882075 0.0004 0.002 4.289221405982971 0.4 0.4 599 
998.888134765625 600 
358798.58125 601 
-1.876073449452718 0.0009 0.0005 0.996873916387558 0.0004 0.0005 0.9997136481602986 5e-05 6e-05 4.2848652013142905 0.2 0.2 602 
-2.2074069118499757 0.009 0.006 0.9993429265419642 0.0001 0.0002 0.9995339870452881 3e-05 4e-05 4.493466356595357 0.4 0.4 603 
9.20651859814825e-07 604 
1020.36904296875 605 
-2.2146263694763184 0.006 0.005 0.9999099419514338 3e-05 5e-05 0.9985173135995865 8e-05 0.0001 4.501729194323222 0.3 0.3 606 
-1.5684876759847006 0.004 0.004 0.9953550525506337 0.0007 0.001 0.7943747462828954 0.0008 0.001 2.207819717725118 0.2 0.1 607 
865.5521118164063 608 
-2.2084450276692706 0.005 0.002 0.9999320063988367 2e-05 0.0001 0.9990943167606989 2e-05 4e-05 4.498472968737285 0.2 0.2 609 
-2.2179832967122395 0.07 0.007 0.9999412516752879 4e-05 0.0003 0.9996218685309092 7e-05 0.0004 4.5076360249519345 0.8 0.5 610 
-2.108747329711914 0.0007 0.0007 0.9997282781203588 0.0002 0.0002 0.9908492259184519 5e-06 5e-06 4.428756252924601 0.3 0.3 611 
9.207129210153653e-07 612 
-2.1959889856974284 0.003 0.003 0.999730275273323 2e-05 2e-05 0.9937347428003946 0.0007 0.0007 4.557437526384989 0.5 0.5 613 
9.209241625285358e-07 614 
-2.2036653645833333 0.02 0.008 0.9997706939776738 4e-05 9e-05 0.999375145037969 0.0001 0.0003 4.509148783683777 0.5 0.6 615 
131131.7828125 616 
2658.120458984375 617 
9.206464369526657e-07 618 
469.34925537109376 619 
-2.2209463755289716 0.003 0.002 0.9998979435364406 2e-05 3e-05 0.9999622319142024 2e-05 4e-05 4.507040535608928 0.2 0.2 620 
9.209755489791859e-07 621 
-0.372582745552063 0.008 0.003 0.8127034157514572 0.01 0.01 0.9814861116806666 0.005 0.006 2.371288342475891 0.3 0.3 622 
1635.6617919921875 623 
1778.7537109375 624 
-2.1997765827178957 0.001 0.0009 0.9998913906017939 2e-06 3e-06 0.997525416413943 8e-05 8e-05 4.491318052609762 0.3 0.3 625 
9.20929642234114e-07 626 
1076.570068359375 627 
9.208311325892282e-07 628 
1329.6070068359375 629 
9.204784078065132e-07 630 
-2.2126984278361004 0.0004 0.0004 0.9995650299390157 7e-05 7e-05 0.9995370664199194 8e-07 8e-07 4.511109201113383 0.2 0.2 631 
-0.2786792866388957 0.008 0.007 0.8858224252859751 0.01 0.01 0.9788201993703842 0.007 0.007 2.737287178834279 0.5 0.5 632 
0.014083337038755417 633 
8.968301153799985e-06 634 
1235.3715576171876 635 
9.205021456182294e-07 636 
9.78735738499381e-07 637 
0.020037341117858886 638 
-2.207890024185181 0.0006 0.0006 0.9996662904818853 1e-05 1e-05 0.9985522009929021 3e-05 3e-05 4.508305775324503 0.3 0.3 639 
-2.2047624683380125 0.01 0.008 0.9998964442809423 2e-05 2e-05 0.9983289815982183 7e-05 0.0001 4.4952364253997805 0.4 0.4 640 
-2.214379876454671 0.02 0.003 0.9998919610182444 3e-05 0.0002 0.9981291981538137 4e-05 0.0001 4.521201605796814 0.2 0.2 641 
-1.871988353729248 0.001 0.0008 0.9967645879586537 0.0004 0.0004 0.9996229658524195 0.0003 0.0003 4.277585477828979 0.2 0.2 642 
-2.1998449993133544 0.002 0.002 0.9994777965545655 0.0001 0.0001 0.9894967226187388 0.0002 0.0002 4.599970555305481 0.5 0.5 643 
-2.217723773320516 0.008 0.004 0.9997953675190607 4e-05 5e-05 0.9998957097530365 5e-05 9e-05 4.507383982340495 0.4 0.4 644 
-2.2075227546691893 0.0006 0.0006 0.9998954345782598 2e-05 2e-05 0.9998787955443065 2e-05 2e-05 4.503764680226644 0.3 0.3 645 
-1.860446532567342 0.0001 0.0001 0.9966675051053365 0.0003 0.0003 0.9989264182249705 0.0001 0.0001 4.266961884498596 0.1 0.1 646 
-0.378276047706604 0.0005 0.0004 0.813882351120313 0.005 0.005 0.9825608489910761 0.0002 0.0002 2.3836533276240033 0.09 0.08 647 
-0.3894885476430257 5e-05 5e-05 0.8195930149157842 0.003 0.003 0.9841645862658819 0.001 0.001 2.4105368121465047 0.07 0.07 648 
9.20819468319678e-07 649 
727.2271362304688 650 
1.5762267366881133e-06 651 
-1.5256362756093342 0.01 0.01 0.9902194817860921 0.002 0.002 0.99625723361969 0.0003 0.0003 4.046821222305298 0.5 0.5 652 
-0.4043979008992513 0.0009 0.0005 0.8291346826155981 0.01 0.007 0.9845168902476629 0.002 0.002 2.463274461428324 0.2 0.1 653 
-0.08283897638320922 0.0003 0.0004 0.5341355937719345 0.009 0.008 0.7949668743213018 0.0001 0.0001 0.5365105605125428 0.04 0.04 654 
-1.8705202039082844 0.0004 0.0004 0.9967543826500574 0.0004 0.0004 0.9997026344140371 0.0001 0.0001 4.280108048915863 0.3 0.3 655 
-2.181963062286377 0.003 0.003 0.9995704660813014 4e-05 4e-05 0.999557473063469 2e-05 2e-05 4.478957947095235 0.4 0.4 656 
9.2085000460429e-07 657 
-2.039507344563802 0.3 0.1 0.9958509234587352 0.002 0.004 0.997125210960706 0.0002 0.0002 4.447909716765086 0.7 0.5 658 
0.01243626493960619 659 
-2.169223305384318 0.004 0.004 0.9997963219881058 2e-05 2e-05 0.9975605124235153 0.0001 0.0001 4.454958599408467 0.4 0.4 660 
2.527464821469039e-05 661 
2.4113397689114207 662 
0.003194001829251647 663 
9.202277851727559e-07 664 
-2.2187545013427736 0.02 0.006 0.9999201186498006 3e-05 9e-05 0.9999753429492315 1e-05 2e-05 4.5075721804300946 0.2 0.2 665 
0.003928624093532562 666 
-2.1948587226867677 0.004 0.003 0.9998844758669535 1e-05 2e-05 0.9976954545577367 0.0001 0.0001 4.499353264172872 0.3 0.3 667 
1128.9837158203125 668 
9.205459946315387e-07 669 
-2.211126489639282 0.02 0.006 0.99989062666893 5e-05 0.0002 0.9996220068136851 5e-05 0.0001 4.482760648727417 0.4 0.4 670 
9.210158054884232e-07 671 
1457.5073486328124 672 
-2.2084690793355306 0.01 0.006 0.9997210933764775 7e-05 0.0001 0.9984106793006261 7e-05 0.0001 4.495873955090841 0.4 0.4 673 
-0.3865474001566569 0.0002 0.0002 0.8201219999790191 0.005 0.005 0.9826236047347386 0.002 0.002 2.4165544239679972 0.1 0.1 674 
-2.2123565355936687 0.0009 0.0009 0.9999056017398834 1e-05 1e-05 0.9991417243083318 6e-06 6e-06 4.494729681015015 0.2 0.2 675 
-0.0658047874768575 0.02 0.02 0.4004454797506332 0.07 0.07 0.9952406154076259 0.0007 0.0009 0.9214899124701817 0.2 0.2 676 
772.8482666015625 677 
-2.213487952550252 0.02 0.008 0.9998726119597753 3e-05 7e-05 0.9996602541208267 7e-05 0.0003 4.506033862431844 0.5 0.5 678 
-0.35986273288726806 0.0005 0.0005 0.8053603772322336 0.002 0.002 0.9809602121512095 0.0004 0.0004 2.325244931379954 0.2 0.2 679 
1167.616015625 680 
9.202771366290108e-07 681 
911.2340942382813 682 
-2.1658894284566244 0.001 0.001 0.9990968702236811 9e-07 9e-07 0.9982318343718847 4e-05 4e-05 4.4739841953913375 0.5 0.5 683 
596.6968017578125 684 
9.205388892041811e-07 685 
9.33366470690089e-07 686 
-0.3881202459335327 0.01 0.002 0.8188732109467188 0.005 0.007 0.983139072060585 0.002 0.002 2.4116299986839294 0.2 0.3 687 
4.9582037718209905e-06 688 
-2.2245728333791095 6e-05 5e-05 0.9999841370185216 2e-06 1e-06 0.9998243321975072 3e-06 4e-06 4.5126338354746505 0.1 0.1 689 
9.20662887438084e-07 690 
0.003562642331235111 691 
0.005688310135155916 692 
1458.210498046875 693 
1130.285107421875 694 
-2.189948247273763 0.004 0.003 0.9996238668759664 2e-05 3e-05 0.9991249849398931 5e-05 5e-05 4.489282267888387 0.4 0.4 695 
-0.3734789768854777 0.0004 0.0004 0.8129911957184474 0.004 0.004 0.9829236908753713 0.0009 0.0009 2.3700373442967733 0.2 0.2 696 
-1.791836404800415 0.002 0.001 0.9961862281958263 0.0005 0.0006 0.9594786508878073 0.0001 0.0001 3.546304224332174 0.3 0.3 697 
1038.402099609375 698 
9.204373895954632e-07 699 
832.419287109375 700 
-0.3868078438440959 0.0003 0.0003 0.8191540513436 0.006 0.006 0.9814851446946462 0.0004 0.0004 2.4159742522239687 0.2 0.2 701 
476.6981567382812 702 
839.5136596679688 703 
-1.563317159016927 0.002 0.002 0.9943625740210216 0.0008 0.0008 0.7937814164161682 0.0007 0.0007 2.1796259705225625 0.1 0.1 704 
2.9581676535628505 705 
-0.826175848642985 0.0006 0.0006 0.9407999497652054 0.003 0.003 0.9911984676122665 0.002 0.002 3.3037793326377867 0.2 0.2 706 
125320.8546875 707 
-1.8434627850850422 0.001 0.001 0.9963529235124589 0.0003 0.0003 0.9976439835627874 0.0001 0.0001 4.253363345464071 0.4 0.4 708 
-0.38456476529439293 0.005 0.002 0.8218600775798162 0.006 0.005 0.9801878841718038 0.002 0.001 2.4317954556147257 0.2 0.2 709 
5922.27060546875 710 
3.6745696022815535 711 
9.207388302456821e-07 712 
-2.201745926539103 0.0007 0.0007 0.9997977207104365 3e-05 3e-05 0.9985077474514643 2e-05 3e-05 4.494425336519877 0.3 0.3 713 
-2.2203383286794027 0.003 0.002 0.9999389714002609 2e-05 2e-05 0.9951484189430873 0.0002 0.0003 4.576288685798645 0.3 0.3 714 
-2.200260893503825 0.001 0.001 0.9994378743569056 0.0002 0.0002 0.9991359744469325 5e-05 6e-05 4.483449403444926 0.2 0.2 715 
-2.1936685053507485 0.08 0.008 0.9998165063063303 6e-05 0.0007 0.9990339883168539 3e-05 0.0003 4.486758241653442 0.6 0.9 716 
2.8655702772084622e-05 717 
131106.95625 718 
0.07862136662006378 719 
2196.385693359375 720 
0.0034545713104307653 721 
-2.162374801635742 0.001 0.0009 0.9978604573011398 0.0002 0.0002 0.9981117991606394 5e-05 5e-05 4.533107194900513 0.4 0.4 722 
-0.3845183801651001 0.0002 0.0003 0.8198755516608556 0.005 0.005 0.9895786225795746 0.001 0.001 2.357177174886068 0.1 0.1 723 
9.208229585055961e-07 724 
-2.211018648147583 0.0006 0.0006 0.9997449407974879 2e-05 2e-05 0.9998274666070938 1e-05 1e-05 4.495155464808146 0.3 0.3 725 
2671.790087890625 726 
9.23571190014627e-07 727 
-0.37653408527374266 8e-05 8e-05 0.8149237449963888 0.003 0.003 0.9825902265310288 0.0005 0.0005 2.3854243699709574 0.1 0.1 728 
-2.2211875025431316 0.01 0.004 0.9999188230435053 3e-05 7e-05 0.9999244296550751 2e-05 0.0001 4.507279713948567 0.4 0.4 729 
-0.368692045211792 1.0 0.02 0.8268574591477712 0.03 0.007 0.9857383630673091 0.006 0.008 2.4062467408180237 0.3 0.6 730 
-0.3497272523244222 0.005 0.005 0.8108252469698588 0.006 0.006 0.9913825052976608 0.002 0.002 2.188362807035446 0.5 0.5 731 
2599.817041015625 732 
0.003592990385368466 733 
1404.71982421875 734 
-2.1778977711995444 0.006 0.005 0.9996869573990504 0.0002 0.0002 0.9987220162153244 2e-05 2e-05 4.470432416598002 0.3 0.3 735 
-0.3874974123636882 0.007 0.002 0.8202032128969828 0.007 0.008 0.9844170945882798 0.002 0.002 2.409821861584981 0.2 0.2 736 
0.0006584359798580408 737 
-2.2093574237823486 0.01 0.004 0.9999329982201258 2e-05 2e-05 0.9979699512322744 6e-05 7e-05 4.518689228693645 0.4 0.4 738 
9.20471825338609e-07 739 
0.012514775805175304 740 
5779.42607421875 741 
2142.0107421875 742 
0.00719458816538463 743 
-2.2168132940928142 0.03 0.007 0.9999216755231222 5e-05 0.0001 0.9984520669778189 0.0001 0.0008 4.518638300895691 0.3 0.4 744 
525.6399291992187 745 
-2.222025089263916 0.02 0.004 0.9999663941065471 2e-05 9e-05 0.9994083203872045 5e-05 0.0003 4.513930970827738 0.4 0.4 746 
-2.136282793680827 0.01 0.01 0.9995402423540751 9e-05 9e-05 0.9915057279666265 0.003 0.003 4.1863988884290055 0.7 0.7 747 
-2.1598943074544272 0.2 0.06 0.999675785501798 0.0002 0.0007 0.9991431931654612 0.0003 0.001 4.438042485713959 1.0 1.0 748 
-2.211604906717936 0.005 0.003 0.9998774194717407 2e-05 2e-05 0.999955851038297 5e-06 7e-06 4.505906697909038 0.3 0.3 749 
767.7329467773437 750 
9.207087259710533e-07 751 
1101.7978515625 752 
862.556884765625 753 
9.207902621710673e-07 754 
9.205919127452944e-07 755 
0.0008050898090004921 756 
-2.2075208981831866 0.001 0.001 0.9998707129557928 2e-05 2e-05 0.9998021296660106 2e-05 6e-05 4.490902792612712 0.2 0.2 757 
1425.6037109375 758 
9.265861081075854e-07 759 
-0.3880306418736776 0.0002 0.0002 0.8194812154769897 0.001 0.001 0.9849369502067566 0.002 0.002 2.4060529486338296 0.2 0.2 760 
1997.231298828125 761 
-0.389436944325765 0.0006 0.0005 0.8198533536990483 0.003 0.003 0.9839608130852381 0.001 0.001 2.417382430235545 0.1 0.1 762 
-1.8728606955210367 0.0002 0.0002 0.9968535081545512 0.0004 0.0004 0.9982861322164536 0.0002 0.0002 4.278085888226827 0.2 0.2 763 
9.331586397820502e-07 764 
2741.57880859375 765 
2633.369873046875 766 
-2.098348849614461 0.06 0.02 0.9995952739318212 0.0002 0.001 0.9482461492220561 0.001 0.001 3.670890284379323 0.7 0.6 767 
9.222853009305254e-07 768 
9.204693014908116e-07 769 
0.0016894772183150054 770 
-1.8712646993001303 0.02 0.007 0.9969330310821534 0.0007 0.0007 0.9995497304201126 0.0002 0.0008 4.269970104694367 0.4 0.4 771 
9.208046890307742e-07 772 
9.205369337905722e-07 773 
1035.216845703125 774 
9.207775406139263e-07 775 
-2.2059432156880696 0.0003 0.0002 0.9997689352432887 7e-06 5e-06 0.997569327155749 3e-05 3e-05 4.5176563596725465 0.08 0.09 776 
763.0458862304688 777 
9.2771257413915e-07 778 
9.207320431414701e-07 779 
9.20823163141904e-07 780 
-0.38978062629699706 8e-05 9e-05 0.8201991595824559 0.002 0.002 0.9836694969733556 0.001 0.001 2.417946073214213 0.09 0.09 781 
-0.37949021816253664 3e-05 3e-05 0.822818212111791 0.007 0.007 0.9843277343114217 0.003 0.003 2.3864228908220926 0.1 0.1 782 
-0.3881341616312663 0.0002 0.0002 0.8191695799430211 0.001 0.001 0.9839429177840551 0.0009 0.0009 2.4110982553164164 0.2 0.2 783 
1387.9917236328124 784 
-2.2228961118062336 0.01 0.003 0.9999490078290304 3e-05 0.0001 0.9999487646420797 2e-05 5e-05 4.507050948143005 0.2 0.2 785 
-2.19799827893575 0.0001 0.0001 0.9998650666077932 5e-05 5e-05 0.9977897596359253 2e-05 2e-05 4.504329832394918 0.2 0.2 786 
-0.31123955965042116 0.3 0.06 0.7807786724964778 0.01 0.006 0.9711248167355855 0.008 0.02 2.1412990965445835 2.0 1.0 787 
-2.2040170288085936 0.005 0.002 0.9997548478841781 3e-05 7e-05 0.9983986256519953 6e-05 0.0002 4.506138429641724 0.3 0.3 788 
0.02512730248272419 789 
1527.985986328125 790 
128547.478125 791 
-2.198129924138387 0.07 0.01 0.9997598878542582 0.0001 0.0007 0.9969540935754776 0.0002 0.0005 4.517306707700094 1.0 0.9 792 
0.0038871964905411007 793 
0.006243324372917414 794 
0.0018705677186517278 795 
683.8312866210938 796 
0.0018483549356460571 797 
9.261626360057562e-07 798 
9.742279189595138e-07 799 
-2.2056056594848634 0.05 0.01 0.9996387324730556 6e-05 0.0002 0.9996991002559662 6e-05 0.0003 4.52336045662562 0.9 0.9 800 
871.1789428710938 801 
-2.2221877861022947 0.002 0.001 0.9999236090977986 1e-05 7e-06 0.9984179665644963 7e-05 9e-05 4.529865606625875 0.2 0.2 802 
-2.2193558692932127 0.0002 0.0002 0.9999404652913412 5e-06 4e-06 0.9996373909711838 2e-05 2e-05 4.491100063323975 0.2 0.2 803 
-2.2199403699239095 0.003 0.001 0.9998452458779017 3e-05 3e-05 0.9983604111274084 4e-05 5e-05 4.53164395014445 0.2 0.2 804 
0.01276028696447611 805 
-0.3736209932963053 0.002 0.002 0.8152688584725062 0.006 0.006 0.9836173784732819 0.002 0.002 2.3732285579045613 0.2 0.2 806 
-2.1964982573191323 0.007 0.004 0.9999192128578822 3e-05 7e-05 0.9989398326476415 0.0003 0.0008 4.489534573554993 0.2 0.2 807 
-1.8722503280639649 0.001 0.0009 0.9968114544947942 0.0005 0.0005 0.9981317520141602 0.0003 0.0003 4.2861006498336796 0.2 0.2 808 
9.205456649397092e-07 809 
9.204632874570962e-07 810 
9.207426387547458e-07 811 
0.014438903331756592 812 
-2.2011686452229817 0.0006 0.0006 0.9998157687981923 2e-05 2e-05 0.9990957055489222 2e-06 2e-06 4.495287470817566 0.3 0.3 813 
-2.1927648321787516 0.01 0.006 0.9992814008394877 0.0002 0.0003 0.998400407632192 8e-05 0.0002 4.496794534524282 0.6 0.6 814 
0.004323459230363369 815 
-2.19574582417806 0.001 0.001 0.9995498504241308 2e-05 2e-05 0.9994313689072927 3e-05 3e-05 4.476086497306824 0.2 0.2 816 
-2.2160635789235434 0.0003 0.0003 0.9997421252727509 1e-05 1e-05 0.9997024484475454 4e-05 4e-05 4.484973071416219 0.2 0.2 817 
665.7160522460938 818 
-2.2017439460754393 0.0003 0.0003 0.9997636216878891 6e-06 6e-06 0.9977744456132253 3e-05 3e-05 4.511080926259359 0.2 0.2 819 
-0.3696570126215617 0.007 0.004 0.8210689496994018 0.006 0.006 0.9825623565912247 0.003 0.004 2.39643342256546 0.3 0.3 820 
-0.38703174273173013 0.001 0.0009 0.8186276485522588 0.005 0.005 0.9833452844619751 0.003 0.003 2.406955534617106 0.1 0.1 821 
-2.0986952050526937 0.02 0.01 0.9995497858524323 0.0001 0.0002 0.9480439929167429 0.002 0.002 3.674917201201121 0.4 0.4 822 
0.01712561435997486 823 
18062.90625 824 
-2.209169785181681 0.02 0.01 0.999801717599233 3e-05 6e-05 0.9996092722813288 0.0002 0.0006 4.481544547080993 0.3 0.4 825 
-2.2074475860595704 0.0004 0.0004 0.9998711218436559 4e-06 3e-06 0.9984806917111079 5e-05 5e-05 4.501596854527791 0.2 0.2 826 
-2.1945694796244304 0.007 0.007 0.9997839093208313 5e-05 4e-05 0.9994065441687902 6e-05 0.0001 4.457839546203613 0.4 0.4 827 
8.716014126548543e-05 828 
-2.146660067240397 0.002 0.002 0.9994368386268616 0.0002 0.0002 0.9988963864247005 6e-05 6e-05 4.421211867332459 0.5 0.5 829 
2098.050390625 830 
9.205963920067006e-07 831 
1969.6124267578125 832 
-2.2065528615315757 0.002 0.001 0.9998997189601262 9e-06 8e-06 0.9991986588637034 1e-05 2e-05 4.4986128981908164 0.2 0.2 833 
1332.13125 834 
-1.862333780924479 0.005 0.002 0.9965412612756094 0.0003 0.0004 0.9992670051256816 0.0003 0.0006 4.302463275591532 0.2 0.2 835 
-0.37192310810089113 0.003 0.002 0.8181874185800553 0.006 0.006 0.98366062382857 0.003 0.004 2.3842651319503783 0.2 0.2 836 
-0.3851795450846354 0.002 0.002 0.8231552028656006 0.004 0.004 0.9875588281949361 0.003 0.003 2.3926935148239137 0.2 0.2 837 
818.4803466796875 838 
844.61875 839 
-2.2123196442921955 0.0002 0.0002 0.9999266401926676 1e-06 1e-06 0.9998449798425039 2e-05 2e-05 4.494042312304179 0.2 0.2 840 
9.20906290957646e-07 841 
9.209954669131548e-07 842 
-2.213785692850749 0.003 0.002 0.9998179843028386 1e-05 1e-05 0.9983678923050563 2e-05 2e-05 4.4950082921981815 0.2 0.2 843 
-0.29925692240397134 0.03 0.005 0.7847480454047521 0.02 0.02 0.949096139272054 0.0009 0.009 1.6000710133711498 0.2 0.2 844 
1.1295507647446356e-06 845 
9.211091992256115e-07 846 
-2.2181337102254233 0.04 0.008 0.9998941252628962 6e-05 0.0006 0.9999586647748947 3e-05 0.0002 4.507786998748779 0.3 0.3 847 
-2.2059425926208496 0.04 0.02 0.9997615069150925 8e-05 0.0002 0.9990078139305115 0.0001 0.0001 4.516144898732503 0.2 0.2 848 
0.01062753051519394 849 
-0.37604795932769775 0.0001 0.0001 0.8142596673965454 0.002 0.002 0.9837637581427892 0.0004 0.0004 2.375107774734497 0.1 0.1 850 
0.005992659926414489 851 
0.003340064315125346 852 
600.2886962890625 853 
9.209147037836374e-07 854 
-2.220323266983032 0.01 0.004 0.9999365635712941 3e-05 0.0001 0.999900548060735 2e-05 6e-05 4.500780042012533 0.4 0.4 855 
-1.8689253012339273 0.03 0.01 0.9968245414892832 0.001 0.001 0.9990777401129405 0.0003 0.0004 4.279759579499562 0.4 0.5 856 
9.210376333612658e-07 857 
1.1290514294159948e-06 858 
-1.8767184766133627 0.001 0.0005 0.9968640434741974 0.0004 0.0004 0.9981930722792943 0.0001 0.0001 4.297168113390605 0.1 0.1 859 
-1.8579398409525554 0.003 0.002 0.996923943956693 0.0003 0.0003 0.9921380939086278 0.0007 0.0007 4.403390510082245 0.4 0.4 860 
9.207948096445761e-07 861 
9.199428177453228e-07 862 
9.280888207285897e-07 863 
-2.1962455113728843 0.1 0.02 0.9997876818974812 7e-05 0.0004 0.9982835296789805 0.0002 0.0009 4.484102161725362 0.7 0.7 864 
1142.9087158203124 865 
0.030364271998405457 866 
9.207791094922868e-07 867 
9.206144113704795e-07 868 
1077.2256103515624 869 
-0.3741150124867757 0.0002 0.0002 0.8142923005421956 0.005 0.005 0.9816838457187017 0.0006 0.0006 2.380992121696472 0.2 0.2 870 
0.0007924176868982613 871 
-2.1980853939056395 0.01 0.006 0.9998117152849834 4e-05 5e-05 0.9999111503362655 4e-05 7e-05 4.493231209119161 0.5 0.5 872 
-2.179291133880615 0.1 0.03 0.9997747065623601 0.0002 0.0005 0.99911898513635 7e-05 0.0004 4.475084319114685 0.4 0.4 873 
0.006189757585525512 874 
-2.1931000010172528 0.01 0.007 0.9999004079898198 7e-05 0.0001 0.9990743080774943 5e-05 7e-05 4.480811955134074 0.5 0.5 875 
0.024087145552039148 876 
-1.8370578734079996 0.0009 0.0009 0.9963063643376032 0.0006 0.0006 0.9979871394236882 0.0003 0.0003 4.23906773408254 0.3 0.3 877 
-2.2202105712890625 0.02 0.005 0.9999445637067159 2e-05 9e-05 0.9999532787005107 4e-05 0.0002 4.509484639167786 0.3 0.3 878 
0.025673145428299904 879 
135918.91875 880 
9.204447451338637e-07 881 
0.0066345734521746635 882 
-2.1728376865386965 0.05 0.02 0.9987844355901082 0.0001 0.0004 0.9983930289745331 0.0002 0.0003 4.439527063369751 0.3 0.3 883 
-0.387833620707194 0.01 0.003 0.8196614267428716 0.01 0.02 0.9853800479571024 0.003 0.003 2.400516136487325 0.2 0.2 884 
9.207828497892478e-07 885 
-1.8709387906392416 0.0005 0.0005 0.9967946577072143 0.0006 0.0006 0.999529856244723 0.0001 0.0001 4.288258501688639 0.2 0.2 886 
-0.24317447662353517 0.0002 0.0002 0.7425717204809189 0.002 0.002 0.901567089955012 0.0001 0.0001 1.2303665073712666 0.08 0.08 887 
-0.20921897252400717 0.08 0.04 0.9030073883136114 0.01 0.01 0.9716733874877294 0.01 0.02 2.919380066394806 1.0 1.0 888 
1888.2530517578125 889 
1.3887026625525324e-06 890 
-2.1901517899831138 0.04 0.01 0.9997763133049011 0.0001 0.0004 0.9990411935249964 2e-05 7e-05 4.487294412453969 0.5 0.6 891 
1947.6499755859375 892 
1021.1693481445312 893 
9.207338848682412e-07 894 
-2.1981440353393555 0.02 0.01 0.9996558566888173 0.0003 0.0006 0.9981079685688019 0.001 0.002 4.514460724194844 0.5 0.5 895 
-1.8542666053771972 0.0008 0.0008 0.9967729532718659 0.0003 0.0003 0.9987283076842626 0.0001 0.0001 4.260991532802581 0.3 0.3 896 
1230.080419921875 897 
664.35791015625 898 
0.003928632661700249 899 
1009.8581420898438 900 
2037.7131103515626 901 
-2.2007919629414876 0.002 0.001 0.9997666651010513 1e-05 1e-05 0.9991085682312647 2e-05 4e-05 4.4992585293451945 0.2 0.2 902 
-0.3755319945017497 0.0002 0.0002 0.8137011706829071 0.003 0.003 0.9843490491310756 0.0002 0.0002 2.367731198469798 0.1 0.1 903 
9.205645142174034e-07 904 
9.208596566168126e-07 905 
-2.1942630195617676 0.004 0.003 0.9996293240785599 3e-05 4e-05 0.9999453109502793 1e-05 1e-05 4.506024511655172 0.2 0.2 906 
0.018964575231075288 907 
9.277590947931458e-07 908 
0.002979979105293751 909 
-0.09042879184087117 0.002 0.001 0.5739118125041326 0.02 0.02 0.7947002454598745 0.0003 0.0004 0.5879903330405554 0.09 0.1 910 
-2.211588929494222 0.002 0.002 0.9998271248737971 2e-05 2e-05 0.9953073992331822 0.0002 0.0002 4.568342531522115 0.3 0.3 911 
9.205926971844747e-07 912 
9.207624884766119e-07 913 
683.2034301757812 914 
9.209427275891358e-07 915 
-0.38365957578023274 0.0003 0.0003 0.8194941463073094 0.005 0.005 0.98458526968956 0.0007 0.0007 2.4018622994422913 0.2 0.2 916 
676.0132934570313 917 
-2.210512679417928 0.001 0.001 0.999599257906278 8e-05 8e-05 0.9984697159131368 4e-05 4e-05 4.53565593401591 0.3 0.3 918 
1062.7861083984376 919 
-2.2064919980367024 0.01 0.003 0.9999190417925516 1e-05 3e-05 0.9977479934692383 9e-05 0.0006 4.4990785121917725 0.3 0.3 920 
746.3584594726562 921 
1967.0272705078125 922 
129210.428125 923 
1701.190625 924 
-2.1999562327067057 0.008 0.005 0.9998669097820918 6e-05 0.0001 0.9975882085164388 5e-05 8e-05 4.5075398429234825 0.3 0.3 925 
1033.16513671875 926 
2.3362416562566066 927 
9.205765763908858e-07 928 
0.10706537067890168 929 
1320.233447265625 930 
-0.3880941581726074 0.01 0.002 0.819816394050916 0.01 0.01 0.9792008839050929 0.002 0.002 2.4333991599082947 0.1 0.2 931 
-2.204443807601929 0.04 0.01 0.9998329134782156 7e-05 0.0002 0.9997221533457438 7e-05 0.0004 4.5042906610171 0.6 0.5 932 
-1.8249712594350178 0.003 0.003 0.9939734973510106 0.0003 0.0003 0.9978074578444163 0.0001 0.0001 4.360703639984131 0.1 0.1 933 
0.05606154650449753 934 
-0.3909007215499878 0.0001 0.0001 0.8195081214110057 0.001 0.001 0.9839493791262309 0.0007 0.0007 2.418080719312032 0.05 0.05 935 
9.202399724017596e-07 936 
9.231423632627411e-07 937 
-2.1016033999125163 0.0001 0.0001 0.9997416597604751 8e-05 8e-05 0.9905904114246369 1e-06 1e-06 4.4294812329610185 0.2 0.2 938 
605.6598754882813 939 
-2.204361124038696 0.001 0.0008 0.9998876812060674 2e-05 5e-05 0.9990792165199915 7e-06 9e-06 4.494241259892782 0.2 0.2 940 
-0.3878355693817139 0.005 0.003 0.8194002785285314 0.006 0.007 0.9832474269469579 0.002 0.002 2.4112431613604226 0.1 0.2 941 
-2.209160588582357 0.003 0.003 0.999633260567983 2e-05 2e-05 0.9985296817620596 2e-05 2e-05 4.504453970591228 0.3 0.3 942 
-2.2129834651947022 0.0009 0.0009 0.9998586366573969 2e-05 2e-05 0.9989198861519496 2e-05 2e-05 4.470114359855652 0.3 0.3 943 
-0.3713475433985392 0.0005 0.0005 0.8106941191355387 0.0008 0.0008 0.9821377195914587 0.0009 0.0009 2.3615435099601747 0.2 0.2 944 
-2.2051526991526287 0.04 0.008 0.9998325471083324 3e-05 0.0001 0.9998986933628718 5e-05 0.0003 4.505281089146932 0.7 0.6 945 
337.26121215820314 946 
1074.6393310546875 947 
0.018497246131300927 948 
9.21218349958508e-07 949 
1165.154345703125 950 
-0.34883551915486655 0.008 0.008 0.8397462439537048 0.009 0.009 0.9844201685984929 0.0008 0.0008 2.4586680833498638 0.5 0.5 951 
-2.2066144784291586 0.0002 0.0002 0.9998965644836426 5e-06 5e-06 0.9991875537236532 1e-05 1e-05 4.4986027224858605 0.2 0.2 952 
302593.38125 953 
-2.1987535444895427 0.003 0.001 0.9999386513233185 3e-05 4e-05 0.99917566994826 9e-06 2e-05 4.486290798187256 0.2 0.2 954 
874.0063110351563 955 
-0.36093291600545246 0.005 0.004 0.840024821360906 0.003 0.004 0.9715760729710261 0.002 0.002 2.542010726928711 0.4 0.4 956 
9.210626558342483e-07 957 
0.00405880119651556 958 
0.017122785001993178 959 
0.42171512842178344 960 
-2.2195126024881997 0.03 0.006 0.9999014808734258 4e-05 0.0002 0.9998968293269476 7e-05 0.0004 4.5067941824595135 0.4 0.4 961 
-0.3892440112431844 0.004 0.0009 0.8200407218933106 0.0006 0.001 0.9829734514156977 0.001 0.002 2.4208702794710795 0.2 0.2 962 
-2.1980147393544516 0.001 0.001 0.9994754223028819 4e-05 3e-05 0.9986816068490346 0.0002 0.0002 4.447162787119548 0.3 0.3 963 
1953.7559814453125 964 
1431.110791015625 965 
-0.379959864616394 0.03 0.006 0.8195718574523926 0.01 0.01 0.9855968544880549 0.002 0.005 2.380178026755651 0.4 0.5 966 
-1.9948843002319336 0.02 0.02 0.999120450814565 0.0002 0.0002 0.9738394773006439 0.002 0.002 3.9339159337679543 0.6 0.6 967 
9.211393830810266e-07 968 
793.8550659179688 969 
982.8843872070313 970 
9.20486399991205e-07 971 
45.83487243652344 972 
-0.6357390213012696 0.0002 0.0002 0.9072836428880692 0.002 0.002 0.7388964980840683 0.0007 0.0007 2.107650202910105 0.08 0.08 973 
3421.527197265625 974 
9.2062556404926e-07 975 
-2.2077877362569174 0.0001 0.0001 0.9999483788013458 7e-06 7e-06 0.9991186579068502 8e-06 8e-06 4.488646321296692 0.1 0.1 976 
4.8033248458523306e-05 977 
595.5124145507813 978 
857.7693115234375 979 
-0.38318782806396484 0.0005 0.0005 0.819976274172465 0.002 0.002 0.9879901589949925 0.004 0.004 2.3653290327390035 0.2 0.2 980 
0.011623197235167027 981 
784.8889892578125 982 
0.15806127190589905 983 
1.0602935617498589e-06 984 
-2.218650105794271 0.0002 0.0002 0.9999258478482564 6e-06 6e-06 0.9985280323028565 3e-05 3e-05 4.521990273793539 0.2 0.2 985 
0.5234075665473938 986 
-2.2035093530019125 0.0003 0.0003 0.9999581760168076 1e-05 1e-05 0.9987465645869573 8e-06 8e-06 4.494983208974203 0.3 0.3 987 
-2.2218535073598225 0.001 0.0007 0.999917507370313 2e-05 1e-05 0.9998913248380025 9e-06 9e-06 4.508830852508545 0.2 0.2 988 
1133.9138916015625 989 
-2.1851021830240884 0.07 0.03 0.9995377568403879 0.0001 0.0002 0.9982241475582123 0.002 0.01 4.496402798493703 0.7 0.6 990 
1332.6935791015626 991 
9.206233698932919e-07 992 
0.0057443371042609215 993 
-2.219036957422892 0.003 0.002 0.9997849917411804 3e-05 5e-05 0.9999223099152247 1e-05 5e-05 4.511261916160583 0.2 0.2 994 
-0.38339095751444496 0.01 0.005 0.8203180470069249 0.01 0.01 0.9662903159856796 0.002 0.005 2.474208771387736 0.4 0.4 995 
1198.605908203125 996 
1499.7396728515625 997 
0.011372867040336132 998 
-0.3859725300470988 0.01 0.004 0.8203941831986109 0.005 0.004 0.9861124014854431 0.003 0.005 2.3947339701652526 0.2 0.2 999 
0.012751242704689502 1000 
676.996142578125 1001 
0.00012566304649226369 1002 
0.012439478561282158 1003 
0.00318741612136364 1004 
5834.519140625 1005 
9.29340603761375e-07 1006 
9.207360790242092e-07 1007 
128501.175 1008 
1388.877392578125 1009 
0.005890975147485733 1010 
1174.875439453125 1011 
0.0027526057325303554 1012 
-2.2201767762502036 0.002 0.0009 0.9999307405948639 1e-05 8e-06 0.9997726245721181 5e-05 6e-05 4.496842867533366 0.2 0.2 1013 
-2.214335486094157 0.0007 0.0005 0.9999591972430547 7e-06 9e-06 0.9998375084002813 2e-05 2e-05 4.499007012049357 0.1 0.1 1014 
-2.1869449202219644 0.001 0.001 0.9995336709419886 4e-05 5e-05 0.9980606150627136 3e-05 3e-05 4.42960481484731 0.3 0.3 1015 
9.205902415487799e-07 1016 
-2.166706091562907 0.008 0.008 0.9997569340467453 3e-05 3e-05 0.9975202413400014 0.0002 0.0002 4.376420998573304 0.2 0.2 1017 
-2.2091104634602865 0.008 0.005 0.9996605990330378 9e-05 0.0001 0.9989046533902486 0.0002 0.0002 4.461217083930969 0.3 0.4 1018 
0.02061907947063446 1019 
0.0001323118951404467 1020 
-2.194853836695353 0.02 0.004 0.9996587342023849 7e-05 8e-05 0.9995527732372284 6e-05 0.0002 4.489796304702759 0.5 0.5 1021 
-2.2076706886291504 0.001 0.001 0.9995546766122182 5e-05 5e-05 0.9998390789826711 2e-05 2e-05 4.5134651517868045 0.3 0.3 1022 
9.198067914439889e-07 1023 
-2.1960620784759524 0.0003 0.0003 0.9998610796531041 4e-05 3e-05 0.999089375535647 1e-05 4e-05 4.481640399297079 0.2 0.2 1024 
2810.7734375 1025 
510.42857055664064 1026 
9.207807806888014e-07 1027 
0.009792357869446277 1028 
738.0060180664062 1029 
-2.198238207499186 0.0009 0.0008 0.9993943647543589 0.0001 0.0001 0.998018143773079 8e-05 8e-05 4.532510326703389 0.3 0.3 1030 
-2.174024775822957 0.03 0.02 0.9991079852978388 0.0002 0.0002 0.9933231616020203 0.0004 0.0009 4.602156992753347 1.0 0.8 1031 
1958.42001953125 1032 
0.0038648823741823436 1033 
-0.38841582934061686 0.0003 0.0003 0.8220174763600031 0.0007 0.0007 0.9846648625532786 0.002 0.002 2.419842280546824 0.2 0.2 1034 
2.713627945922781e-05 1035 
1248.9656005859374 1036 
306.13494873046875 1037 
9.207409107148124e-07 1038 
-0.3895289897918701 0.008 0.002 0.8206754593054454 0.008 0.007 0.9840501413742702 0.003 0.004 2.4182898147900898 0.2 0.2 1039 
-0.38954887390136717 5e-05 5e-05 0.8202719799677531 0.001 0.001 0.9825193772713343 0.001 0.001 2.4232337784767153 0.08 0.08 1040 
9.205999617734051e-07 1041 
857.2344848632813 1042 
-2.179739456176758 0.003 0.002 0.9996148985624314 3e-05 3e-05 0.9989545883735022 0.0002 0.0002 4.438563003540039 0.4 0.4 1043 
677.7285278320312 1044 
0.012820603139698506 1045 
-2.21604482014974 0.02 0.007 0.9999065653483072 4e-05 0.0002 0.9998815097411473 7e-05 0.0001 4.48374340057373 0.3 0.4 1046 
-0.3775984779993693 4e-05 4e-05 0.8145129547516505 0.001 0.001 0.9815726482868194 0.001 0.001 2.387567030588786 0.09 0.09 1047 
-0.38697490056355793 0.0002 0.0002 0.8175432725747427 0.003 0.003 0.9832009297609329 0.0007 0.0007 2.405110008716583 0.2 0.2 1048 
-0.3770975971221924 0.007 0.002 0.814176604350408 0.003 0.003 0.9827974790334701 0.002 0.002 2.3784061257044473 0.2 0.2 1049 
0.0007546137436293066 1050 
-1.86139866511027 0.001 0.001 0.9966159635782241 0.0007 0.0007 0.9990375236670176 0.0002 0.0002 4.266722729206085 0.4 0.4 1051 
-0.38871942202250165 0.0006 0.0006 0.8190847859779994 0.01 0.01 0.9843896625439326 0.0007 0.0008 2.4067538221677145 0.1 0.1 1052 
-2.220383087793986 0.004 0.003 0.9999454011519749 1e-05 2e-05 0.9999371890227 3e-05 5e-05 4.508724958101908 0.3 0.3 1053 
-2.175922263463338 0.004 0.004 0.9993426736195882 2e-06 2e-06 0.9992579996585846 3e-06 3e-06 4.475159184932709 0.6 0.6 1054 
-2.1808403809865315 0.002 0.002 0.9996646982431412 3e-05 3e-05 0.998948761622111 3e-06 3e-06 4.473830092748006 0.4 0.4 1055 
-0.3896754995981852 0.0005 0.0004 0.819425774216652 0.008 0.008 0.9839699300130208 0.0006 0.0006 2.414957795937856 0.1 0.1 1056 
-2.1620951811472575 0.04 0.02 0.9986232407887776 0.0004 0.002 0.9996970250209173 0.0002 0.0004 4.4748548523585 0.5 0.4 1057 
710.5194091796875 1058 
1124.1057861328125 1059 
130428.0125 1060 
9.363807862428075e-07 1061 
-2.2003694502512614 0.002 0.002 0.9996466658512752 6e-05 6e-05 0.998475826382637 4e-05 4e-05 4.508040649096171 0.3 0.3 1062 
-2.182334493001302 0.003 0.003 0.999603411157926 0.0001 0.0001 0.9928801190853119 9e-05 0.0001 4.583602673212687 0.6 0.6 1063 
458.80730590820315 1064 
-2.200671933492025 0.004 0.003 0.9997670125961303 4e-05 4e-05 0.9974628092845281 0.0002 0.0002 4.442985521952311 0.4 0.4 1065 
639.2806762695312 1066 
-2.2103245290120443 0.06 0.01 0.9996999444564184 8e-05 0.0004 0.9989699053764344 0.0005 0.003 4.511835469404857 0.5 0.6 1067 
-2.197331988016764 0.007 0.006 0.9997533212105433 4e-05 6e-05 0.9991817297538121 2e-05 5e-05 4.49611205736796 0.4 0.3 1068 
-0.38508623917897544 0.002 0.001 0.8221614823738734 0.004 0.005 0.9832302945852279 0.001 0.001 2.4251381532351175 0.2 0.2 1069 
-2.1714368152618406 0.002 0.002 0.9995921889940897 0.0001 0.0001 0.9980708090464274 0.0002 0.0002 4.4170421091715495 0.4 0.4 1070 
-2.1800848325093587 0.002 0.002 0.9998487170537312 4e-05 4e-05 0.9908010359605154 0.0003 0.0003 4.578829483985901 0.5 0.5 1071 
9.20467834930605e-07 1072 
0.041172412037849423 1073 
9.196619316753641e-07 1074 
0.0026578681252431126 1075 
-2.201304890314738 0.003 0.002 0.9998597453037897 3e-05 3e-05 0.9970370614528656 0.0001 0.0001 4.415539050102234 0.3 0.3 1076 
730.591552734375 1077 
0.0025689032394438983 1078 
-2.2121336237589517 0.004 0.002 0.9998772821823756 1e-05 2e-05 0.9998641792933146 2e-05 2e-05 4.506870102882385 0.3 0.3 1079 
1321.8356201171875 1080 
-2.162668956120809 0.004 0.004 0.9991355029741923 0.0001 0.0001 0.9989039373397827 2e-05 2e-05 4.462538598378499 0.4 0.4 1081 
-0.30886059125264487 0.004 0.003 0.8419303164879481 0.007 0.006 0.9739312259356181 0.002 0.002 1.9769604631265005 0.3 0.3 1082 
1978.2294189453125 1083 
-1.8735901387532552 0.002 0.001 0.9968195720513662 0.0007 0.0008 0.9977845138311386 0.0002 0.0002 4.300186988512675 0.2 0.2 1084 
131042.446875 1085 
-2.183637622197469 0.09 0.03 0.9997395118077596 0.0002 0.0005 0.9977326496442159 0.0005 0.0007 4.438716301123301 0.7 0.7 1086 
9.20680099625315e-07 1087 
9.208000847138465e-07 1088 
-2.211287717819214 0.0005 0.0005 0.9997305609782536 4e-05 4e-05 0.9972438170512518 7e-05 7e-05 4.417888005574544 0.2 0.2 1089 
9.208608275912411e-07 1090 
0.003739705914631486 1091 
-0.3748250198364258 9e-05 9e-05 0.8146556780735652 0.005 0.005 0.9833207237720489 0.0009 0.0009 2.3731224354108176 0.1 0.1 1092 
9.243309250450693e-07 1093 
1169.0314697265626 1094 
-2.202380666732788 0.002 0.001 0.9997181189060211 2e-05 1e-05 0.9973094813028971 6e-05 9e-05 4.468283101717631 0.2 0.2 1095 
1141.5919189453125 1096 
1991.1075439453125 1097 
0.02428778074681759 1098 
1039.4489501953126 1099 
