-2.2244903945922854 0.0009 0.0008 0.9999856632947922 1e-05 1e-05 0.9999735655387243 2e-05 2e-05 4.511150177319845 0.08 0.08 138 
-2.2245207691192626 0.0007 0.0006 0.9999876773357391 9e-06 1e-05 0.9999705755710602 2e-05 3e-05 4.51090964158376 0.09 0.09 84 
-2.2246508344014484 0.0008 0.0007 0.9999900950988134 8e-06 9e-06 0.9999755265315374 2e-05 2e-05 4.511050443649292 0.08 0.08 24 
-2.225234568913778 0.001 0.0006 0.9999915293852488 5e-06 9e-06 0.9999849301576614 1e-05 2e-05 4.511450573603312 0.08 0.08 100 
-2.2246311314900717 0.0009 0.0007 0.999988332192103 1e-05 1e-05 0.999976392587026 2e-05 2e-05 4.511029982566834 0.07 0.07 144 
-2.225715052286784 0.0009 0.0005 0.9999934742848079 4e-06 9e-06 0.9999835660060247 9e-06 1e-05 4.511485366821289 0.09 0.09 72 
-2.224789342880249 0.0007 0.0005 0.9999905908107758 8e-06 9e-06 0.9999728457132975 2e-05 2e-05 4.510829421679179 0.08 0.07 10 
-2.2248802439371747 0.001 0.0008 0.9999900857607523 8e-06 1e-05 0.9999852844079336 9e-06 1e-05 4.51116657892863 0.08 0.08 31 
-2.225155210494995 0.0006 0.0004 0.9999913223584493 5e-06 5e-06 0.9999816151460011 9e-06 9e-06 4.511521790822347 0.05 0.05 55 
-2.2243657048543293 0.0007 0.0006 0.999988185564677 7e-06 9e-06 0.9999683338403702 2e-05 3e-05 4.510799256960551 0.09 0.09 4 
-2.224662888844808 0.0008 0.0006 0.9999880063533783 1e-05 1e-05 0.9999737936258316 2e-05 2e-05 4.510954871177673 0.08 0.08 36 
-2.224613380432129 0.0009 0.0008 0.9999876687924067 1e-05 1e-05 0.9999787433942159 1e-05 2e-05 4.51125688234965 0.08 0.08 99 
-2.2245212427775063 0.0007 0.0006 0.9999873469273249 9e-06 1e-05 0.9999718191226323 2e-05 2e-05 4.511007068951924 0.09 0.09 123 
-2.225502659479777 0.0009 0.0006 0.9999955856800079 2e-06 2e-06 0.9999749900897345 2e-05 3e-05 4.512216440836588 0.07 0.07 107 
-2.2253601868947346 0.001 0.0006 0.9999948195616404 3e-06 3e-06 0.9999752908945083 2e-05 5e-05 4.5118249289194745 0.1 0.1 120 
-2.2244116242726646 0.0003 0.0001 0.9999692585070928 5e-06 1e-05 0.9999238856633504 7e-06 7e-06 4.511303464571635 0.06 0.06 0 
-2.224605859120687 0.0008 0.0007 0.9999894460042318 9e-06 1e-05 0.999974760611852 2e-05 2e-05 4.511168165206909 0.08 0.08 68 
-2.2244706598917645 0.0009 0.0007 0.9999886327981948 9e-06 1e-05 0.9999735639492671 2e-05 2e-05 4.511191889444987 0.09 0.08 136 
-2.2244472630818684 0.0008 0.0007 0.9999855691194535 1e-05 1e-05 0.9999723490079244 2e-05 2e-05 4.511112325986226 0.09 0.09 21 
-2.22445042292277 0.0009 0.0007 0.9999860012531281 1e-05 1e-05 0.999974340001742 2e-05 2e-05 4.511087559064229 0.08 0.08 7 
