-2.226031716664632 0.0004 0.0002 0.9999910602966945 6e-06 1e-05 0.9999970897038778 2e-06 4e-06 4.511869066556295 0.07 0.07 1 
-2.2260192076365155 0.0007 0.0002 0.9999900603294373 8e-06 1e-05 0.9999967088301976 2e-06 5e-06 4.511662759780884 0.1 0.1 2 
-2.2260154724121093 0.0004 0.0002 0.9999904296795528 7e-06 1e-05 0.9999965224663416 3e-06 6e-06 4.511860868136088 0.07 0.07 4 
-2.2260239124298096 0.0004 0.0002 0.9999906369050344 7e-06 1e-05 0.9999966150522233 3e-06 6e-06 4.511935437520345 0.07 0.07 5 
-2.2260369300842284 0.0003 0.0002 0.9999908993641535 6e-06 1e-05 0.9999971852699916 2e-06 3e-06 4.511901760101319 0.07 0.07 6 
-2.2260098203023273 0.0005 0.0002 0.9999898938337962 7e-06 1e-05 0.9999973332881927 2e-06 3e-06 4.511862219174703 0.08 0.09 7 
-2.226018342971802 0.0004 0.0002 0.999990513920784 7e-06 1e-05 0.9999965633948644 2e-06 5e-06 4.511872084935506 0.07 0.07 9 
-2.2261229864756267 0.0003 0.0002 0.9999923626581828 6e-06 9e-06 0.9999981329838434 1e-06 2e-06 4.511928062438965 0.07 0.07 10 
-2.226034517288208 0.0005 0.0002 0.9999903223911921 7e-06 1e-05 0.9999972365299861 2e-06 4e-06 4.5118810685475665 0.08 0.08 11 
-2.226001965204875 0.0004 0.0003 0.9999901328484218 6e-06 1e-05 0.9999966470400492 2e-06 5e-06 4.511865242322286 0.08 0.08 12 
-2.226032683054606 0.0004 0.0002 0.9999908669789632 6e-06 1e-05 0.9999971757332484 2e-06 4e-06 4.512013893127442 0.07 0.08 14 
-2.226022294362386 0.0004 0.0002 0.9999905798832576 6e-06 1e-05 0.9999969104925791 2e-06 5e-06 4.511908040046692 0.07 0.07 15 
-2.226014413833618 0.0004 0.0002 0.9999905043840408 7e-06 1e-05 0.9999968453248342 2e-06 5e-06 4.511855994860332 0.07 0.07 18 
-2.226027323404948 0.0004 0.0002 0.9999910364548366 6e-06 1e-05 0.9999971757332484 2e-06 4e-06 4.511859644254049 0.07 0.07 19 
-2.226022828420003 0.0003 0.0002 0.9999907046556473 6e-06 1e-05 0.9999968846638997 2e-06 6e-06 4.511876269976298 0.07 0.07 20 
-2.226022761662801 0.0004 0.0002 0.99999087591966 6e-06 1e-05 0.9999971832831701 2e-06 4e-06 4.511791079839071 0.07 0.07 21 
-2.2260260486602785 0.0003 0.0002 0.999990464647611 6e-06 1e-05 0.9999967354536057 2e-06 5e-06 4.51190407594045 0.07 0.07 23 
-2.2260182030995685 0.0004 0.0002 0.9999906327327093 7e-06 1e-05 0.9999964827299118 3e-06 6e-06 4.511765613555908 0.07 0.07 24 
-2.22603785832723 0.0003 0.0002 0.9999912573893865 5e-06 1e-05 0.9999968878428142 2e-06 5e-06 4.511956810951233 0.07 0.07 25 
-2.2260199864705403 0.0004 0.0002 0.9999904094139734 6e-06 1e-05 0.9999967696269353 2e-06 5e-06 4.511908337275187 0.07 0.07 26 
-2.2260169506073 0.0003 0.0002 0.9999908612171808 5e-06 1e-05 0.9999971252679825 2e-06 4e-06 4.511914207140605 0.07 0.07 27 
-2.2260246149698895 0.0006 0.0002 0.999990686972936 7e-06 1e-05 0.9999964489539465 3e-06 6e-06 4.511692787806193 0.08 0.08 28 
-2.226021286646525 0.0004 0.0002 0.9999907497564952 7e-06 1e-05 0.9999968622128169 2e-06 6e-06 4.511697955131531 0.07 0.07 29 
-2.226020784378052 0.0003 0.0002 0.9999905411402384 6e-06 1e-05 0.9999968800942103 2e-06 5e-06 4.511853103637695 0.07 0.07 30 
-2.226036027272542 0.0003 0.0002 0.9999909965197246 6e-06 1e-05 0.9999968951940537 2e-06 5e-06 4.511897149085999 0.07 0.07 31 
-2.226007725397746 0.0004 0.0003 0.9999901574850082 7e-06 1e-05 0.9999961632490159 3e-06 7e-06 4.5118741703033445 0.08 0.08 32 
-2.226024169921875 0.0003 0.0002 0.9999905876318613 6e-06 1e-05 0.9999967453877131 2e-06 5e-06 4.511884802182515 0.07 0.07 33 
-2.2260195350646974 0.0004 0.0002 0.9999906998872757 6e-06 1e-05 0.9999970199664434 2e-06 4e-06 4.511879866917928 0.07 0.07 34 
-2.2260281403859454 0.0003 0.0002 0.9999911250670751 6e-06 1e-05 0.9999972438812256 2e-06 5e-06 4.511874772707621 0.07 0.07 35 
-2.22602996190389 0.0003 0.0002 0.9999909567832946 6e-06 1e-05 0.9999969220161438 2e-06 5e-06 4.511881731351217 0.07 0.07 36 
-2.2260248533884686 0.0003 0.0002 0.9999904855092366 6e-06 1e-05 0.9999967378377914 2e-06 6e-06 4.511894308725993 0.07 0.07 38 
-2.2260360431671145 0.0003 0.0002 0.9999912186463674 6e-06 1e-05 0.9999972307682037 2e-06 4e-06 4.511933759053548 0.07 0.07 39 
-2.226011870702108 0.0003 0.0002 0.9999908421436946 5e-06 1e-05 0.9999973374605179 2e-06 3e-06 4.511949057579041 0.07 0.07 40 
-2.2260303052266437 0.0004 0.0002 0.9999906168381373 7e-06 1e-05 0.9999969158569971 2e-06 5e-06 4.512103303273519 0.07 0.07 41 
-2.226024932861328 0.0003 0.0003 0.99999070028464 6e-06 1e-05 0.9999969474474589 2e-06 5e-06 4.511771988868714 0.07 0.07 43 
-2.2260300795237224 0.0003 0.0002 0.9999908401568731 6e-06 1e-05 0.9999969120820363 2e-06 5e-06 4.51186005115509 0.07 0.07 44 
-2.226004819869995 0.0004 0.0002 0.9999902896086375 7e-06 1e-05 0.9999968787034352 2e-06 4e-06 4.512041586240133 0.07 0.07 45 
-2.2260200373331704 0.0003 0.0002 0.9999907616774241 6e-06 1e-05 0.999996924996376 2e-06 5e-06 4.511874642372131 0.07 0.07 46 
-2.2260279782613117 0.0004 0.0002 0.9999906076987585 6e-06 1e-05 0.9999971369902293 2e-06 4e-06 4.511889775594075 0.07 0.07 47 
-2.2260474904378253 0.0004 0.0002 0.9999911546707153 5e-06 1e-05 0.9999972530206045 2e-06 4e-06 4.511846073468527 0.07 0.07 48 
-2.226019973754883 0.0004 0.0002 0.9999904290835062 6e-06 1e-05 0.99999713520209 2e-06 4e-06 4.512012141545614 0.08 0.08 50 
-2.2260271326700845 0.0003 0.0002 0.999990487297376 6e-06 1e-05 0.9999969645341238 2e-06 5e-06 4.511811981201172 0.07 0.07 51 
-2.2260211245218913 0.0003 0.0002 0.9999904994169871 6e-06 1e-05 0.9999970100323359 2e-06 5e-06 4.511959255536397 0.07 0.07 52 
-2.226027749379476 0.0005 0.0002 0.999990761478742 7e-06 1e-05 0.999997048775355 2e-06 4e-06 4.511924594243368 0.07 0.08 54 
-2.2260297616322835 0.0004 0.0002 0.9999910763899486 6e-06 1e-05 0.9999970712264379 2e-06 4e-06 4.5120237318674725 0.07 0.07 55 
-2.2260339291890463 0.0003 0.0002 0.9999911542733511 5e-06 1e-05 0.9999972967306773 2e-06 4e-06 4.511843256950378 0.07 0.07 56 
-2.226019271214803 0.0004 0.0002 0.9999906639258067 7e-06 1e-05 0.999996990164121 2e-06 4e-06 4.511943322817484 0.07 0.07 57 
-2.2260239442189533 0.0004 0.0002 0.9999908806880315 6e-06 1e-05 0.9999969712893169 2e-06 4e-06 4.511890459060669 0.07 0.07 58 
-2.226012929280599 0.0003 0.0002 0.9999901831150055 7e-06 1e-05 0.9999966476360956 2e-06 5e-06 4.511939770380656 0.07 0.07 59 
-2.2260329914093018 0.0005 0.0002 0.9999900819857915 7e-06 1e-05 0.9999974606434504 2e-06 3e-06 4.511883416175842 0.08 0.08 60 
-2.2260230573018394 0.0003 0.0002 0.9999905806779862 6e-06 1e-05 0.9999968751271566 2e-06 5e-06 4.511860238711039 0.07 0.07 61 
-2.2260198243459066 0.0004 0.0002 0.9999906760454178 6e-06 1e-05 0.9999970658620199 2e-06 4e-06 4.511920046806336 0.07 0.07 62 
-2.2260329723358154 0.0003 0.0002 0.9999906835953395 6e-06 1e-05 0.9999968183040618 2e-06 6e-06 4.511892236073812 0.07 0.07 63 
-2.2260290431976317 0.0005 0.0003 0.999990074634552 8e-06 1e-05 0.9999972341458002 2e-06 4e-06 4.5119191884994505 0.09 0.09 65 
-2.2260187816619874 0.0003 0.0002 0.9999904934565226 7e-06 1e-05 0.9999965679645538 3e-06 5e-06 4.511852048238119 0.07 0.07 68 
-2.2260351912180583 0.0003 0.0002 0.999990781545639 6e-06 1e-05 0.9999971707661947 2e-06 4e-06 4.51189241886139 0.07 0.07 69 
-2.2260241317749023 0.0006 0.0003 0.9999900629123052 8e-06 2e-05 0.9999974858760834 2e-06 4e-06 4.511851353645325 0.09 0.09 71 
-2.226019169489543 0.0003 0.0002 0.9999908020099004 7e-06 1e-05 0.9999968800942103 2e-06 5e-06 4.511889400482178 0.07 0.07 72 
-2.2260312684377035 0.0005 0.0003 0.9999903321266175 7e-06 1e-05 0.9999973728259405 2e-06 4e-06 4.51186862150828 0.09 0.09 73 
-2.2260355313618976 0.0005 0.0002 0.999990760286649 7e-06 1e-05 0.9999967557191849 3e-06 5e-06 4.511927328109741 0.07 0.08 76 
-2.226029170354207 0.0006 0.0003 0.9999897996584575 8e-06 1e-05 0.9999974222977956 2e-06 4e-06 4.5118730386098225 0.09 0.09 77 
-2.2260241667429606 0.0005 0.0002 0.999990820089976 7e-06 1e-05 0.9999970712264379 2e-06 5e-06 4.511909341812133 0.07 0.07 79 
-2.2260253556569416 0.0004 0.0002 0.9999905375639597 6e-06 1e-05 0.999997018178304 2e-06 4e-06 4.511912741661072 0.08 0.08 80 
-2.2260288111368816 0.0004 0.0002 0.9999906814098358 7e-06 1e-05 0.9999968600273133 2e-06 4e-06 4.511892895698548 0.07 0.07 81 
-2.226019926071167 0.0003 0.0002 0.9999907052516938 6e-06 1e-05 0.9999970694382986 2e-06 4e-06 4.511891331672668 0.07 0.07 82 
-2.2260263029734295 0.0005 0.0002 0.9999907634655635 7e-06 1e-05 0.9999970030784607 2e-06 5e-06 4.511899525324504 0.08 0.07 83 
-2.226022046407064 0.0006 0.0003 0.9999899564186732 8e-06 1e-05 0.9999973126252493 2e-06 4e-06 4.511750826835632 0.09 0.09 84 
-2.2260245513916015 0.0004 0.0002 0.9999907092253367 7e-06 1e-05 0.9999968916177749 2e-06 5e-06 4.511946358680725 0.07 0.07 86 
-2.2259988498687746 0.0005 0.0002 0.9999903194109598 6e-06 1e-05 0.9999964501460393 3e-06 6e-06 4.51195685227712 0.08 0.08 88 
-2.226018416086833 0.0004 0.0002 0.9999907388289769 7e-06 1e-05 0.9999970338741938 2e-06 4e-06 4.512006732622782 0.07 0.07 89 
-2.226016721725464 0.0003 0.0002 0.9999905755122502 6e-06 1e-05 0.9999969738721848 2e-06 4e-06 4.511908720334371 0.07 0.07 90 
-2.2260355599721273 0.0002 0.0002 0.9999913718303045 5e-06 9e-06 0.9999971536795298 2e-06 4e-06 4.511754717826843 0.07 0.07 91 
-2.2260185877482095 0.0003 0.0002 0.9999907261133194 6e-06 1e-05 0.9999968612194061 2e-06 5e-06 4.511889332135518 0.07 0.07 92 
-2.226041876475016 0.0003 0.0002 0.9999910918871562 6e-06 1e-05 0.999997366865476 2e-06 4e-06 4.511886638005574 0.07 0.07 93 
-2.2260158570607502 0.0004 0.0002 0.999990513920784 6e-06 1e-05 0.9999967181682586 2e-06 5e-06 4.511977984110515 0.07 0.07 95 
-2.226027437845866 0.0003 0.0002 0.9999906424681345 6e-06 1e-05 0.9999967996279399 2e-06 5e-06 4.511900749206543 0.07 0.07 96 
-2.2260296217600506 0.0003 0.0002 0.9999907300869624 6e-06 1e-05 0.9999971113602321 2e-06 4e-06 4.511901563008626 0.07 0.07 97 
-2.2260223261515297 0.0005 0.0003 0.9999901648362478 8e-06 2e-05 0.9999974010388056 2e-06 4e-06 4.511793047587076 0.09 0.09 98 
-2.2260273551940917 0.0003 0.0002 0.9999908645947774 5e-06 1e-05 0.9999973060687383 2e-06 4e-06 4.511778222719828 0.07 0.07 99 
