-2.224428981145223 0.001 0.0008 0.9999895616372426 4e-06 8e-06 0.9999533281723658 3e-05 8e-05 4.511326764424642 0.09 0.09 0 
-2.223740380605062 0.003 0.001 0.9999755857388178 9e-06 2e-05 0.9999396532773972 2e-05 4e-05 4.512550021807352 0.1 0.1 1 
-2.2244564469655357 0.005 0.001 0.9999835403760274 8e-06 4e-05 0.9999597535530726 3e-05 5e-05 4.511484662691752 0.1 0.1 2 
-2.224573720296224 0.004 0.001 0.9999890768527985 5e-06 1e-05 0.9999446493387222 4e-05 0.0001 4.511224799156189 0.1 0.1 3 
-2.2252296193440757 0.003 0.0009 0.9999901072184245 4e-06 1e-05 0.9999724260965983 2e-05 6e-05 4.512060114542643 0.1 0.1 4 
-0.013006945649782817 7e-05 7e-05 0.25126833577950797 0.003 0.003 0.8860815032323202 0.005 0.005 0.529814808567365 0.06 0.06 5 
-2.225287946065267 0.002 0.0007 0.9999900621175766 5e-06 1e-05 0.9999643335739772 3e-05 5e-05 4.512553265889486 0.1 0.1 6 
-2.2247752412160238 0.002 0.0007 0.9999876626332601 5e-06 1e-05 0.9999604415893555 2e-05 3e-05 4.512101200421651 0.1 0.1 7 
-2.2243914159138996 0.002 0.001 0.9999747943878173 1e-05 3e-05 0.9999623886744181 3e-05 6e-05 4.512280542055766 0.2 0.2 8 
-2.2246289825439454 0.005 0.001 0.9999883009990056 7e-06 3e-05 0.9999649449189504 3e-05 6e-05 4.511461884180704 0.1 0.1 9 
-2.2248388226826985 0.001 0.0008 0.9999845010042191 6e-06 1e-05 0.9999688667058945 2e-05 6e-05 4.512063287099203 0.1 0.1 10 
-2.2234397029876707 0.0006 0.0005 0.9999788683652878 5e-06 7e-06 0.9999261643489202 1e-05 3e-05 4.511908041636149 0.2 0.2 11 
-2.225433553059896 0.001 0.0008 0.9999896148840587 5e-06 1e-05 0.999979820450147 1e-05 4e-05 4.5121787103017175 0.1 0.1 12 
-2.2248003419240314 0.002 0.0006 0.9999703180789947 1e-05 1e-05 0.999974311987559 1e-05 4e-05 4.511824555397034 0.2 0.2 13 
-2.224826847712199 0.002 0.0009 0.9999864451090494 6e-06 1e-05 0.9999667183558146 2e-05 5e-05 4.512092739741007 0.1 0.1 16 
-2.225373748143514 0.003 0.001 0.999989259839058 6e-06 3e-05 0.9999746712048848 2e-05 9e-05 4.512218996683757 0.1 0.2 17 
-2.2248864046732586 0.002 0.001 0.9999829240640005 1e-05 3e-05 0.9999427872896195 2e-05 0.0001 4.512297083536784 0.1 0.1 18 
-2.2251544761657716 0.002 0.001 0.9999805887540182 7e-06 2e-05 0.9999711141983668 2e-05 7e-05 4.512732262611389 0.2 0.2 20 
-2.218432582219442 0.001 0.0008 0.9999565813938777 2e-05 3e-05 0.9998361376921335 8e-06 2e-05 4.506357539494832 0.1 0.1 21 
-2.2254841804504393 0.004 0.0008 0.9999616698424021 3e-05 7e-05 0.9999906591574351 5e-06 2e-05 4.5129591051737465 0.1 0.1 23 
-2.226267064412435 0.0004 0.0002 0.9999941398700078 5e-06 1e-05 0.9999959407250086 2e-06 4e-06 4.512205808957418 0.07 0.07 25 
-2.2249984073638918 0.002 0.0008 0.9999886838595072 5e-06 1e-05 0.9999655985832214 1e-05 3e-05 4.5122208420435586 0.1 0.1 26 
-2.2250384140014647 0.0009 0.0007 0.9999807224671046 1e-05 3e-05 0.9999512392282486 3e-05 0.0001 4.511749480565389 0.1 0.1 28 
-2.224718631108602 0.006 0.001 0.9999829729398092 9e-06 3e-05 0.9999580305814743 4e-05 0.0002 4.512038315137227 0.2 0.2 30 
-2.224751116434733 0.0005 0.0003 0.9999914026260376 2e-06 4e-06 0.999943742354711 1e-05 2e-05 4.511848049163818 0.1 0.1 31 
-2.222176129023234 0.004 0.002 0.9999499442179998 3e-05 4e-05 0.9999410462379456 5e-05 0.0001 4.51282204469045 0.2 0.2 32 
-2.225622282028198 0.001 0.0004 0.9999744262297948 2e-05 4e-05 0.9999906120697657 5e-06 2e-05 4.51257217725118 0.09 0.09 33 
-2.2250839964548748 0.001 0.0007 0.9999902675549189 4e-06 8e-06 0.9999677481253942 2e-05 6e-05 4.512122565905253 0.1 0.1 34 
-2.224464464187622 0.003 0.001 0.9999828990300497 6e-06 1e-05 0.9999585137764613 3e-05 4e-05 4.512383894920349 0.1 0.1 35 
-2.225562006632487 0.0007 0.0005 0.9999747749169667 9e-06 2e-05 0.9999824730555217 6e-06 1e-05 4.512167868614196 0.1 0.1 36 
-2.2164616425832113 0.007 0.003 0.9999230678876241 3e-05 0.0001 0.9992122052113215 0.0001 0.0004 4.510442002614339 0.2 0.3 37 
-2.225001834233602 0.002 0.0009 0.9999888503551483 5e-06 1e-05 0.9999656466643015 2e-05 5e-05 4.512270884513855 0.1 0.1 38 
-2.224042809804281 0.005 0.002 0.9999705465634664 1e-05 3e-05 0.9999386423826218 4e-05 0.0001 4.512401423454285 0.2 0.2 39 
-2.2257801977793377 0.001 0.0006 0.99999343196551 5e-06 2e-05 0.9999866296847661 1e-05 3e-05 4.512202823956807 0.1 0.1 40 
-2.2258414459228515 0.0009 0.0004 0.9999962002038956 1e-06 2e-06 0.999977626601855 2e-05 2e-05 4.512157835960388 0.1 0.1 41 
-2.222874984741211 0.005 0.002 0.9999552581707637 2e-05 3e-05 0.9999310008684794 3e-05 5e-05 4.512413125038147 0.2 0.2 42 
-2.225778153737386 0.002 0.0005 0.9999918574094773 5e-06 2e-05 0.9999879038333893 1e-05 4e-05 4.512342947324117 0.1 0.1 43 
-2.224845666885376 5e-05 5e-05 0.9999918625752131 8e-07 9e-07 0.9999568138519923 7e-07 7e-07 4.511605854034424 0.05 0.05 44 
-2.2159845288594564 0.02 0.008 0.9999608476956685 3e-05 9e-05 0.9997287241617838 0.0002 0.0009 4.508322304089864 0.3 0.3 45 
-2.224720039367676 0.0006 0.0005 0.9999883085489273 4e-06 8e-06 0.9999548816680908 1e-05 2e-05 4.511952573458354 0.1 0.1 46 
-2.2232327302296957 0.005 0.002 0.9999476826190948 3e-05 0.0001 0.999937859972318 3e-05 0.0001 4.51217133363088 0.2 0.3 48 
-2.2242822392781574 0.003 0.001 0.9999599746863047 1e-05 3e-05 0.9999600956837337 1e-05 1e-05 4.513620343208313 0.2 0.2 49 
-2.224010140101115 0.003 0.001 0.9999745142459869 1e-05 2e-05 0.9999540865421295 2e-05 5e-05 4.512102591196696 0.1 0.1 50 
-2.2250954310099282 0.002 0.0009 0.9999827929337819 9e-06 3e-05 0.9999827355146408 1e-05 3e-05 4.512720095316569 0.1 0.1 51 
-2.2259499645233154 0.0006 0.0003 0.9999839971462886 1e-05 2e-05 0.9999970018863678 2e-06 4e-06 4.512500211397807 0.07 0.07 53 
-2.2243217500050863 0.003 0.001 0.999983189702034 8e-06 1e-05 0.9999434872468312 2e-05 4e-05 4.512121354738872 0.1 0.1 54 
-2.2135840606689454 0.01 0.006 0.9999292067686717 5e-05 9e-05 0.9985536473989487 0.001 0.003 4.516247727870941 0.6 0.5 55 
-2.2252433172861736 0.002 0.0008 0.9999836258093516 1e-05 2e-05 0.999974091053009 2e-05 5e-05 4.512045424779256 0.2 0.2 56 
-2.218603506088257 0.0003 0.0003 0.9999710053205491 3e-06 3e-06 0.9997440820932388 1e-05 1e-05 4.510594226519267 0.1 0.1 57 
-2.2258275826772054 0.002 0.0006 0.9999924735228221 5e-06 2e-05 0.9999827744563421 1e-05 5e-05 4.512405473391215 0.1 0.1 58 
-2.222957820892334 0.005 0.002 0.9999750649929047 2e-05 5e-05 0.9999273492892583 6e-05 0.0002 4.511275089581807 0.2 0.2 59 
-2.2219737911224366 0.004 0.002 0.9999240163962047 3e-05 6e-05 0.9998955329259237 3e-05 0.0001 4.514223971366882 0.2 0.3 60 
-2.22531849861145 0.002 0.0006 0.999992023507754 4e-06 9e-06 0.9999712318181991 1e-05 2e-05 4.512162583669027 0.08 0.08 62 
-2.0369366963704425 0.05 0.04 0.9856296670436859 0.0006 0.0008 0.9633133800824484 0.004 0.01 4.99601587454478 0.9 0.8 63 
-2.223728516896566 0.001 0.0009 0.9999633431434631 1e-05 1e-05 0.9999606124560039 1e-05 2e-05 4.512730263074239 0.2 0.2 64 
-2.2247988478342693 0.002 0.0007 0.9999903951088588 3e-06 1e-05 0.99994977414608 2e-05 3e-05 4.512206234931946 0.1 0.1 65 
-2.2240233929951985 0.002 0.001 0.999978400071462 8e-06 1e-05 0.9999552957216898 4e-05 0.0001 4.512027482986451 0.1 0.1 66 
-2.224034061431885 0.002 0.001 0.9999766649802526 1e-05 2e-05 0.999952861070633 2e-05 5e-05 4.512598557472229 0.1 0.1 67 
-2.2243763637542724 0.005 0.002 0.9999848939975102 8e-06 2e-05 0.9999451432625452 3e-05 0.0001 4.511785354614258 0.2 0.2 68 
-2.2250807921091718 0.001 0.0007 0.9999817945559819 1e-05 2e-05 0.9999696491161982 2e-05 4e-05 4.511751599311829 0.1 0.1 69 
-2.224791955947876 0.0007 0.0005 0.9999920924504598 3e-06 5e-06 0.9999517353375753 1e-05 3e-05 4.511771882375081 0.1 0.1 70 
-2.225788450241089 0.0007 0.0003 0.9999926129976908 4e-06 5e-06 0.99997982442379 1e-05 2e-05 4.512258183161418 0.1 0.1 71 
-2.2250920391082762 0.001 0.0007 0.999992782274882 3e-06 5e-06 0.9999550227324168 2e-05 5e-05 4.511812116305033 0.2 0.2 72 
-2.2235681947072345 0.0004 0.0003 0.9999736847480138 5e-06 6e-06 0.9999395291010539 1e-05 2e-05 4.511991090774536 0.1 0.1 73 
-2.2250523662567137 0.004 0.001 0.9999714861313502 2e-05 9e-05 0.9999780094623566 2e-05 9e-05 4.511748353640239 0.2 0.2 74 
-2.224258540471395 0.0009 0.0006 0.9999898612499237 3e-06 7e-06 0.9999309543768565 2e-05 5e-05 4.511497313181559 0.1 0.1 75 
-2.224610376358032 0.002 0.001 0.9999755789836248 1e-05 3e-05 0.999972999493281 2e-05 4e-05 4.512367331186931 0.2 0.2 76 
-2.22507866859436 0.003 0.0009 0.9999784433841705 2e-05 3e-05 0.9999714624881745 2e-05 9e-05 4.511992247899373 0.2 0.2 77 
-2.2257378419240315 0.001 0.0005 0.9999945668379465 2e-06 5e-06 0.999973115324974 1e-05 3e-05 4.512089748382568 0.09 0.09 78 
-2.2251258659362794 0.001 0.0007 0.9999833844105402 9e-06 2e-05 0.9999577238162358 2e-05 2e-05 4.511525244712829 0.1 0.1 79 
-2.224628225962321 0.0009 0.0005 0.9999840227762858 5e-06 7e-06 0.9999659993251164 1e-05 2e-05 4.512272124290466 0.1 0.1 80 
-2.2251328086853026 0.002 0.0008 0.9999812495708466 9e-06 1e-05 0.9999662633736929 2e-05 7e-05 4.511962785720825 0.2 0.2 81 
-2.2249156538645427 0.003 0.0009 0.9999910165866216 3e-06 9e-06 0.9999560038248698 2e-05 5e-05 4.511531093915304 0.09 0.09 82 
-2.2252461910247803 0.002 0.0007 0.9999780972798665 1e-05 4e-05 0.99992287615935 6e-05 0.0002 4.513092967669169 0.2 0.2 83 
-2.2247215779622396 0.002 0.001 0.9999737109740575 1e-05 3e-05 0.9999625917275746 2e-05 5e-05 4.512631305058798 0.2 0.2 85 
-2.225322780609131 0.001 0.0006 0.9999756117661794 1e-05 2e-05 0.9999855224291484 1e-05 1e-05 4.5120968182881676 0.1 0.2 86 
-2.2233510494232176 0.004 0.002 0.9999619072675705 2e-05 0.0001 0.9999466335773468 4e-05 0.0001 4.5119266573588055 0.2 0.2 87 
-2.2241329669952394 0.002 0.001 0.9999772367874781 8e-06 1e-05 0.9999556446075439 2e-05 4e-05 4.512398740450541 0.1 0.1 89 
-2.2240158398946126 9e-05 9e-05 0.9999752209583919 4e-06 4e-06 0.9999364705880484 5e-06 5e-06 4.512234735488891 0.1 0.1 92 
-2.2250963624318443 0.002 0.0008 0.9999906092882156 5e-06 8e-06 0.9999668647845587 2e-05 5e-05 4.511788042386373 0.1 0.1 93 
-2.2243942578633624 0.001 0.0009 0.9999825880924861 7e-06 1e-05 0.9999402310450872 2e-05 4e-05 4.512666249275208 0.2 0.2 94 
-2.223996680577596 0.005 0.002 0.9999896275997162 5e-06 2e-05 0.9999635368585587 3e-05 9e-05 4.511278212865194 0.09 0.09 96 
-2.225293827056885 0.0009 0.0005 0.9999937574068706 3e-06 7e-06 0.9999696405728659 1e-05 5e-05 4.511731271743774 0.09 0.09 97 
-2.225170332590739 0.003 0.001 0.9999638684590657 3e-05 0.0001 0.9999798901875814 6e-06 9e-06 4.513278609911601 0.2 0.2 98 
-2.224382925033569 0.001 0.0007 0.9999897982676824 4e-06 1e-05 0.9999471211433411 3e-05 6e-05 4.511426552136739 0.08 0.08 99 
