-2.2234032122294107 0.002 0.001 0.9999823508659998 8e-06 2e-05 0.999971587061882 3e-05 0.0001 4.511046125094096 0.1 0.1 13 
-2.226197363535563 3e-05 3e-05 0.9999904376268387 5e-07 5e-07 0.999997480114301 5e-07 1e-06 4.512496007283529 0.06 0.06 74 
-2.222790762583415 0.003 0.002 0.9999769081672033 1e-05 2e-05 0.9999550290902456 4e-05 0.0001 4.511088865598043 0.1 0.1 34 
-2.2262329419453937 2e-05 2e-05 0.9999904767672221 8e-07 8e-07 0.9999976108471552 3e-07 4e-07 4.512401660283406 0.06 0.06 93 
-2.2229499657948812 0.002 0.0009 0.9999834887186686 9e-06 1e-05 0.9999137626091639 6e-05 0.0001 4.51047787030538 0.1 0.1 26 
-2.226173963546753 2e-05 2e-05 0.999989844361941 1e-06 9e-07 0.9999979039033254 2e-07 5e-07 4.512541422843933 0.06 0.06 24 
-2.2261744499206544 4e-05 4e-05 0.9999907070398331 8e-07 9e-07 0.9999974713722865 7e-07 8e-07 4.512385973930359 0.05 0.05 65 
-2.2262631479899087 3e-05 3e-05 0.9999938068787256 4e-07 5e-07 0.9999972017606099 1e-06 1e-06 4.512354261080424 0.04 0.04 91 
-2.2215144856770834 0.003 0.003 0.9999767909447352 1e-05 2e-05 0.9999294384320577 7e-05 0.0002 4.509036191304525 0.1 0.1 68 
-2.2260001118977866 9e-05 0.0001 0.9999802400668462 3e-06 4e-06 0.9999960394700368 2e-06 2e-06 4.512619813283284 0.07 0.07 56 
-2.2253049755096437 0.0008 0.0006 0.9999888275067012 7e-06 3e-05 0.9999906490246455 7e-06 2e-05 4.5122655471165976 0.1 0.1 29 
-2.226115525563558 0.0008 0.0002 0.9999893103043238 2e-06 3e-06 0.9999980175495148 4e-07 1e-06 4.5125316111246745 0.06 0.06 63 
-2.226161381403605 0.0004 0.0002 0.9999934742848079 1e-06 1e-06 0.9999969969193141 1e-06 4e-06 4.51235590616862 0.06 0.06 5 
-2.226074333190918 5e-05 6e-05 0.9999902071555455 1e-06 1e-06 0.9999980026483536 4e-07 6e-07 4.512382531166077 0.07 0.07 79 
-2.2262288665771486 4e-05 4e-05 0.999992525378863 8e-07 9e-07 0.9999983022610347 3e-07 3e-07 4.512333040237427 0.05 0.05 46 
-2.2218635749816893 0.004 0.002 0.9999757548173268 1e-05 2e-05 0.9999367674191793 6e-05 0.0001 4.5102301708857215 0.1 0.1 8 
-2.224905738830566 0.0005 0.0004 0.9999883282184601 4e-06 6e-06 0.9999905167023341 7e-06 9e-06 4.512071860631307 0.09 0.08 83 
-2.226255070368449 3e-05 3e-05 0.9999955600500107 6e-07 4e-07 0.9999983868996303 4e-07 3e-07 4.512287559509278 0.06 0.06 78 
-2.2237121804555255 0.002 0.001 0.9999838389952977 8e-06 2e-05 0.9999664554993312 3e-05 0.0001 4.511459552447001 0.1 0.1 94 
-2.226135485967 0.0002 0.0002 0.9999947810173034 2e-06 3e-06 0.9999968888362248 2e-06 3e-06 4.512324654261271 0.06 0.06 38 
