-2.2256185595194498 0.0002 0.0002 0.9999958213170369 1e-06 2e-06 0.9999860616525015 6e-06 1e-05 4.512068835894267 0.08 0.08 0 
-2.2256044801076253 0.0003 0.0002 0.9999950963258744 2e-06 3e-06 0.9999862855672836 5e-06 9e-06 4.512130262056987 0.08 0.08 1 
-2.2255789947509768 0.0002 0.0002 0.9999956430991491 1e-06 2e-06 0.999986798564593 6e-06 9e-06 4.5119898970921835 0.08 0.08 2 
-2.225514987309774 0.0002 0.0001 0.9999953713019689 1e-06 3e-06 0.9999835228919983 4e-06 6e-06 4.5120929590861 0.08 0.08 3 
-2.225589154561361 0.0003 0.0002 0.9999949767192204 2e-06 3e-06 0.9999868249893189 6e-06 9e-06 4.512335521380106 0.07 0.07 4 
-2.2255987548828124 0.0002 0.0001 0.9999959780772527 1e-06 2e-06 0.999984076221784 6e-06 1e-05 4.511960550944011 0.08 0.08 5 
-2.2256397914886477 0.0002 0.0001 0.9999962466955185 1e-06 2e-06 0.9999857221047084 6e-06 1e-05 4.5119983148574825 0.08 0.08 6 
-2.2256178347269695 0.0002 0.0001 0.9999961165587107 1e-06 2e-06 0.9999847096204758 6e-06 1e-05 4.511934266090393 0.08 0.08 7 
-2.2256712913513184 0.0002 0.0001 0.9999964994192123 1e-06 2e-06 0.9999860260883967 5e-06 1e-05 4.5120329650243125 0.07 0.07 8 
-2.225574944814046 0.0003 0.0001 0.9999958733717601 1e-06 3e-06 0.9999850205580394 5e-06 6e-06 4.512048799196879 0.07 0.07 9 
-2.2256336561838785 0.0002 0.0002 0.999995946486791 1e-06 2e-06 0.9999868929386139 6e-06 9e-06 4.511999136606852 0.08 0.08 10 
-2.2256291548411054 0.0002 0.0001 0.9999959617853165 1e-06 3e-06 0.9999863715966543 6e-06 9e-06 4.511990648905436 0.08 0.08 11 
-2.225614512761434 0.0002 0.0002 0.9999956581989924 2e-06 2e-06 0.9999871587753296 6e-06 9e-06 4.512013724644979 0.08 0.08 12 
-2.2255994256337486 0.0002 0.0001 0.9999958419799805 1e-06 2e-06 0.999984863003095 5e-06 8e-06 4.5120072889328 0.08 0.07 13 
-2.2256366793314615 0.0002 0.0002 0.9999962961673736 1e-06 3e-06 0.9999832634131114 6e-06 1e-05 4.51189803759257 0.08 0.08 14 
-2.2256311829884847 0.0002 0.0002 0.9999957648913066 1e-06 2e-06 0.9999861427148183 6e-06 1e-05 4.512118932406108 0.08 0.08 15 
-2.225615234375 0.0002 0.0001 0.9999958727757136 1e-06 2e-06 0.9999868081013361 5e-06 9e-06 4.51196341196696 0.08 0.08 16 
-2.2255123233795167 3e-05 3e-05 0.9999957718451817 8e-07 1e-06 0.9999801725149154 2e-06 2e-06 4.511915494600932 0.06 0.06 17 
-2.225473076502482 0.0003 0.0001 0.9999943578243256 2e-06 4e-06 0.9999841972192128 4e-06 5e-06 4.512174251874288 0.08 0.08 18 
-2.2255393727620443 0.0004 0.0002 0.9999959500630696 2e-06 4e-06 0.9999838056166966 5e-06 8e-06 4.511745587984721 0.08 0.08 19 
-2.2255387338002524 0.0003 0.0001 0.9999952411651611 2e-06 4e-06 0.9999829294284185 5e-06 7e-06 4.512160731951396 0.08 0.08 20 
-2.2255942916870115 0.0004 0.0003 0.999995442032814 2e-06 3e-06 0.9999858528375626 9e-06 3e-05 4.512064131100972 0.08 0.08 21 
-2.225591828028361 0.0002 0.0002 0.9999956128994624 1e-06 2e-06 0.9999875734249751 6e-06 9e-06 4.512017780939738 0.08 0.08 22 
-2.225615679423014 0.0002 0.0001 0.9999960323174795 1e-06 2e-06 0.9999852166573207 6e-06 1e-05 4.511927324930827 0.08 0.08 23 
-2.2256502215067546 0.0002 0.0001 0.9999964090188345 1e-06 2e-06 0.9999857910474141 6e-06 1e-05 4.512026068369548 0.08 0.08 24 
-2.2256213442484536 0.0002 0.0001 0.9999961344401042 1e-06 2e-06 0.9999869722127914 5e-06 1e-05 4.511861240069072 0.08 0.08 25 
-2.2256543191274005 0.0002 0.0001 0.9999964727958044 1e-06 2e-06 0.9999858313798904 5e-06 1e-05 4.511969984372457 0.08 0.08 26 
-2.225609172185262 0.0002 0.0001 0.9999961531162262 1e-06 2e-06 0.9999844155708949 7e-06 1e-05 4.51198799610138 0.08 0.08 27 
-2.225607713063558 0.0002 0.0001 0.999996037085851 1e-06 2e-06 0.9999857272704442 6e-06 1e-05 4.512024669647217 0.08 0.08 28 
-2.225714616775513 0.0002 0.0002 0.9999964487552643 1e-06 2e-06 0.9999866702159246 6e-06 9e-06 4.512053046226502 0.07 0.07 29 
-2.22562699953715 0.0002 0.0001 0.9999961676200231 1e-06 2e-06 0.9999862921237945 5e-06 9e-06 4.511945713361104 0.08 0.08 30 
-2.225552390416463 0.0002 0.0001 0.9999956774711609 1e-06 3e-06 0.9999847290913264 5e-06 6e-06 4.512022155125936 0.07 0.07 31 
-2.2255942821502686 0.0005 0.0003 0.9999957261482875 2e-06 3e-06 0.9999850787719091 9e-06 3e-05 4.512041277885437 0.09 0.09 32 
-2.2256232674916587 0.0002 0.0001 0.9999959031740825 1e-06 2e-06 0.9999868434667587 5e-06 9e-06 4.512027455965678 0.08 0.08 33 
-2.2256141026814777 0.0002 0.0001 0.9999958842992782 1e-06 2e-06 0.999985888004303 6e-06 9e-06 4.512072687149048 0.07 0.07 34 
-2.2256468613942464 0.0002 0.0002 0.9999960837761561 1e-06 2e-06 0.9999861784776052 6e-06 1e-05 4.512037768363952 0.08 0.08 35 
-2.2255205567677816 0.0002 0.0001 0.9999956047534942 1e-06 3e-06 0.9999847958485285 5e-06 6e-06 4.512090474764506 0.07 0.07 36 
-2.2255852794647217 0.0003 0.0002 0.9999950601657231 1e-06 3e-06 0.9999875100453695 6e-06 8e-06 4.512199767430624 0.08 0.08 37 
-2.225631965001424 0.0002 0.0002 0.9999958570798239 1e-06 2e-06 0.9999870308240255 6e-06 1e-05 4.512109840710957 0.08 0.08 38 
-2.225617847442627 0.0002 0.0002 0.9999958562850952 1e-06 3e-06 0.9999841388066609 6e-06 1e-05 4.512041158676148 0.08 0.08 39 
-2.2255732822418213 0.0002 0.0002 0.9999954195817312 1e-06 2e-06 0.9999858806530635 6e-06 9e-06 4.512129356066386 0.08 0.08 40 
-2.225593776702881 0.0003 0.0002 0.9999957635005315 2e-06 3e-06 0.9999846688906352 6e-06 1e-05 4.51188859462738 0.08 0.08 41 
-2.225627237955729 0.0002 0.0001 0.9999960203965504 1e-06 3e-06 0.9999859217802683 6e-06 1e-05 4.511978653271993 0.08 0.08 42 
-2.2256625747680663 0.0003 0.0002 0.9999962093432745 2e-06 3e-06 0.9999853815635046 6e-06 1e-05 4.512028382619222 0.08 0.08 43 
-2.225616372426351 0.0002 0.0001 0.99999607026577 1e-06 2e-06 0.9999852412939072 6e-06 1e-05 4.511981503168742 0.08 0.08 44 
-2.22554407119751 0.0002 0.0001 0.9999950261910756 1e-06 3e-06 0.9999872436126073 5e-06 5e-06 4.512182532946269 0.07 0.07 45 
-2.2255974197387696 0.0003 0.0002 0.99999560435613 1e-06 3e-06 0.9999852538108825 5e-06 1e-05 4.511951362291972 0.08 0.08 46 
-2.225478963851929 0.0003 0.0001 0.9999947279691697 2e-06 4e-06 0.9999843921264012 4e-06 6e-06 4.5122348531087235 0.08 0.08 47 
-2.2255441347757974 8e-05 6e-05 0.9999960462252299 1e-06 2e-06 0.9999819350242615 3e-06 5e-06 4.511936906178792 0.07 0.07 48 
-2.225518700281779 0.0002 0.0001 0.9999951092402141 1e-06 3e-06 0.9999842534462611 4e-06 6e-06 4.512066321372986 0.07 0.07 49 
-2.225715478261312 0.0002 0.0001 0.9999965584278107 1e-06 3e-06 0.9999880528450013 6e-06 1e-05 4.511946204503377 0.07 0.07 50 
-2.225611550013224 0.0002 0.0001 0.9999960247675578 1e-06 2e-06 0.9999862937132518 6e-06 1e-05 4.512063153584799 0.08 0.08 51 
-2.2255654684702555 0.0002 0.0001 0.9999956806500753 1e-06 2e-06 0.9999862285455068 6e-06 1e-05 4.512066801389058 0.08 0.08 52 
-2.225629978179932 0.0002 0.0002 0.9999957126379013 1e-06 2e-06 0.9999868073066076 6e-06 9e-06 4.512129813830057 0.08 0.08 53 
-2.225561717351278 0.0002 0.0001 0.9999952544768651 1e-06 2e-06 0.9999856738249461 6e-06 9e-06 4.51202028910319 0.07 0.07 54 
-2.2256005573272706 0.0002 0.0001 0.9999958564837773 1e-06 2e-06 0.9999855037530263 6e-06 1e-05 4.5120665550231935 0.08 0.08 55 
-2.2256154759724933 0.0003 0.0001 0.9999960736433665 2e-06 4e-06 0.999985081354777 4e-06 6e-06 4.5121797672907515 0.07 0.07 56 
-2.22565185546875 0.0002 0.0001 0.9999963011344274 1e-06 2e-06 0.9999863781531652 6e-06 1e-05 4.512050320307414 0.07 0.07 57 
-2.2255947335561115 0.0002 0.0001 0.9999955491224924 1e-06 3e-06 0.9999871804316839 5e-06 9e-06 4.511950219472249 0.08 0.08 58 
-2.2254807472229006 0.0002 0.0001 0.999995115796725 2e-06 4e-06 0.9999846001466115 4e-06 6e-06 4.5120566431681315 0.08 0.08 59 
-2.225498571395874 4e-05 4e-05 0.9999954517682393 7e-07 1e-06 0.9999823600053788 3e-06 4e-06 4.512009851137797 0.07 0.07 60 
-2.2256405766805014 0.0004 0.0002 0.9999958050251007 2e-06 3e-06 0.9999860364198685 6e-06 8e-06 4.512086590131124 0.08 0.08 61 
-2.225659770965576 0.0002 0.0001 0.999996116956075 1e-06 2e-06 0.9999872273206711 5e-06 9e-06 4.5120028940836585 0.07 0.07 62 
-2.225606244405111 0.0002 0.0001 0.9999959878126781 1e-06 2e-06 0.9999859805901845 6e-06 1e-05 4.5120495494206745 0.08 0.08 63 
-2.225623420079549 0.0002 0.0002 0.999995664358139 1e-06 2e-06 0.9999856096506119 6e-06 9e-06 4.512067084312439 0.08 0.08 64 
-2.2255381457010905 0.0003 0.0001 0.9999953142801921 1e-06 3e-06 0.9999845502773921 4e-06 5e-06 4.512127095858256 0.08 0.08 65 
-2.2256309827168783 0.0002 0.0001 0.9999960949023564 1e-06 2e-06 0.9999857693910599 6e-06 1e-05 4.512096935908 0.08 0.08 66 
-2.2256016222635906 0.0002 0.0001 0.9999958558877309 1e-06 2e-06 0.9999856658776601 5e-06 9e-06 4.512023323376973 0.08 0.08 67 
-2.225605764389038 0.0002 0.0001 0.9999958078066508 1e-06 2e-06 0.9999865992863973 5e-06 9e-06 4.511982967058818 0.08 0.08 68 
-2.2256362120310467 0.0002 0.0001 0.9999960549672444 1e-06 2e-06 0.999985163807869 5e-06 9e-06 4.511997084617615 0.07 0.07 69 
-2.225628312428792 0.0002 0.0001 0.9999961159626642 1e-06 2e-06 0.9999794453382492 6e-06 1e-05 4.511954693794251 0.08 0.08 70 
-2.225606231689453 0.0002 0.0001 0.9999959590037664 1e-06 2e-06 0.9999850354592006 6e-06 1e-05 4.512050782839458 0.08 0.08 71 
-2.2256582609812416 0.0002 0.0002 0.9999962339798609 1e-06 2e-06 0.9999872412284215 6e-06 1e-05 4.51196373462677 0.08 0.08 72 
-2.225574146906535 0.0002 0.0001 0.9999956065416336 1e-06 2e-06 0.9999848113457361 6e-06 1e-05 4.512067303657532 0.08 0.08 73 
-2.2256268437703453 0.0002 0.0001 0.9999960505962372 1e-06 2e-06 0.9999861600001653 5e-06 8e-06 4.512016736666362 0.07 0.07 74 
-2.2255558649698894 0.0002 0.0001 0.9999957766135533 1e-06 2e-06 0.9999832053979237 5e-06 5e-06 4.5120438941319785 0.07 0.07 75 
-2.2255953788757323 0.0002 0.0002 0.9999957404534022 1e-06 2e-06 0.9999875160058339 6e-06 9e-06 4.512076767285665 0.08 0.08 76 
-2.225623222986857 0.0003 0.0002 0.9999959143002828 2e-06 3e-06 0.9999855967362722 6e-06 1e-05 4.512053852081299 0.08 0.08 77 
-2.225678513844808 0.0003 0.0002 0.999996126294136 2e-06 3e-06 0.9999836244185766 6e-06 1e-05 4.5120677518844605 0.08 0.08 78 
-2.2256494839986165 0.0002 0.0001 0.9999961650371552 1e-06 2e-06 0.9999869646628697 6e-06 9e-06 4.512002482414245 0.08 0.08 79 
-2.2255481910705566 0.0002 0.0001 0.9999952894449234 1e-06 2e-06 0.9999850143988928 6e-06 1e-05 4.512029673258463 0.08 0.08 80 
-2.225595213572184 0.0002 0.0001 0.9999958503246308 1e-06 2e-06 0.9999869579076767 5e-06 7e-06 4.512001986503601 0.08 0.07 81 
-2.225642890930176 0.0002 0.0001 0.9999961878856023 1e-06 2e-06 0.9999866074323654 6e-06 1e-05 4.512076967557271 0.08 0.08 82 
-2.225654624303182 0.0002 0.0002 0.9999960736433665 1e-06 2e-06 0.9999871693054835 6e-06 9e-06 4.512082811991374 0.07 0.07 83 
-2.225641949971517 0.0002 0.0002 0.9999959876139959 1e-06 2e-06 0.9999866565068563 6e-06 9e-06 4.51211626847585 0.08 0.08 84 
-2.225654878616333 0.0003 0.0001 0.9999967640638352 1e-06 4e-06 0.999984045624733 4e-06 8e-06 4.512098369598388 0.07 0.07 85 
-2.225549030303955 0.0003 0.0002 0.999995343486468 2e-06 3e-06 0.9999834517637889 7e-06 1e-05 4.512140312194824 0.08 0.08 86 
-2.225554256439209 0.0002 0.0001 0.9999951634804408 1e-06 2e-06 0.9999870699644089 5e-06 9e-06 4.512070878346761 0.07 0.08 87 
-2.2255049641927083 0.0003 0.0001 0.9999953073263168 2e-06 4e-06 0.9999847199519475 4e-06 6e-06 4.512153902053833 0.08 0.08 88 
-2.225607461929321 0.0004 0.0002 0.9999953842163086 2e-06 4e-06 0.9999869702259699 5e-06 9e-06 4.5120129982630415 0.08 0.08 89 
-2.2256648858388264 0.0002 0.0001 0.9999958765506745 1e-06 2e-06 0.9999838421742121 6e-06 9e-06 4.512047737439474 0.07 0.07 90 
-2.2256413968404134 0.0002 0.0002 0.9999959528446197 1e-06 2e-06 0.9999860920508703 6e-06 9e-06 4.51203829129537 0.08 0.08 91 
-2.225558013916016 0.0002 0.0002 0.9999952711661657 2e-06 2e-06 0.9999860656261444 6e-06 8e-06 4.512070245742798 0.08 0.08 92 
-2.2256834729512533 0.0008 0.0004 0.9999965473016104 2e-06 3e-06 0.9999870655934016 8e-06 3e-05 4.512051461537679 0.1 0.1 93 
-2.2254985555013023 0.0003 0.0001 0.9999950275818507 2e-06 4e-06 0.999984908302625 4e-06 6e-06 4.512183610598246 0.08 0.08 94 
-2.225637445449829 0.0002 0.0001 0.9999960225820541 1e-06 2e-06 0.999986022512118 5e-06 7e-06 4.512084641456604 0.07 0.07 95 
-2.2256170241038005 0.0002 0.0001 0.9999961308638254 9e-07 2e-06 0.9999855305751165 5e-06 9e-06 4.512067028681437 0.08 0.08 96 
-2.2257345358530682 0.0002 0.0002 0.9999969669183095 1e-06 2e-06 0.9999854815006256 7e-06 1e-05 4.512016215324402 0.07 0.07 97 
-2.2256548595428467 0.0004 0.0002 0.9999959947665532 2e-06 4e-06 0.9999806074301402 4e-06 8e-06 4.5119977442423504 0.08 0.07 98 
-2.2255942408243814 0.0003 0.0002 0.9999954716364543 2e-06 3e-06 0.9999858742952347 6e-06 1e-05 4.512243618965149 0.07 0.07 99 
