-2.2250309371948243 0.004 0.001 0.9999727932612101 4e-06 1e-05 0.99998024781545 2e-05 0.0001 4.511432666778564 0.2 0.2 0 
-2.2250450706481932 0.002 0.0007 0.9999931305646896 3e-06 7e-06 0.9999921055634816 3e-06 1e-05 4.51102260907491 0.1 0.1 1 
-0.39068958441416424 0.002 0.0005 0.8196871346235275 0.006 0.006 0.9840255522727966 0.001 0.001 2.419053199291229 0.1 0.1 2 
-2.225080445607503 0.006 0.001 0.9999775660037994 5e-06 3e-05 0.9999873538812002 9e-06 5e-05 4.511903200149536 0.2 0.1 3 
-0.3909682337443034 0.0007 0.0003 0.8194389955202739 0.005 0.004 0.9840120967229208 0.0008 0.0009 2.4183019097646077 0.08 0.08 5 
-0.36420690854390464 1e-06 8e-07 0.8062826404968898 6e-05 6e-05 0.9804182161887487 2e-05 2e-05 2.3317013637224835 0.006 0.006 8 
-2.2104171562194823 0.0008 0.0007 0.9999381105105082 4e-06 1e-05 0.9992255963881811 8e-06 1e-05 4.499969248771667 0.09 0.09 9 
-2.2232878239949545 0.008 0.003 0.9999490064382554 2e-05 7e-05 0.9999730906883876 2e-05 9e-05 4.5099880393346155 0.3 0.2 10 
-0.39087411721547444 0.0003 9e-05 0.8193593688805898 0.0002 0.0002 0.9840071028470994 0.0002 0.0002 2.4179458514849346 0.07 0.07 12 
-2.2249107360839844 0.003 0.001 0.9999752348661423 4e-06 2e-05 0.999989719192187 8e-06 4e-05 4.5114226786295575 0.1 0.1 14 
-2.2244551308949787 0.001 0.0009 0.9999764543771744 2e-06 3e-06 0.9999757152795792 1e-05 2e-05 4.512850397427877 0.1 0.1 16 
-2.224306335449219 0.003 0.001 0.999955014983813 5e-06 9e-06 0.9999915526310603 5e-06 1e-05 4.511886048316955 0.1 0.1 17 
-2.224573663075765 5e-05 5e-05 0.9999943806727727 4e-07 5e-07 0.9999634635448456 1e-06 1e-06 4.511006523768107 0.09 0.09 18 
-2.2240242958068848 0.002 0.001 0.9999875523646673 4e-06 8e-06 0.9999476424853007 2e-05 3e-05 4.512119809786479 0.1 0.1 19 
-2.138663911819458 0.0002 0.0002 0.9989931652943294 2e-06 2e-06 0.9992158363262812 3e-06 3e-06 4.502046082814535 0.0006 0.0007 22 
-0.3909062830607096 0.0004 0.0002 0.8194371402263642 0.002 0.002 0.9810112317403158 0.0007 0.0007 2.428161896069845 0.06 0.06 23 
-2.2245519987742104 0.004 0.001 0.9999483994642894 7e-06 1e-05 0.9999830373128256 1e-05 6e-05 4.511523303985595 0.1 0.2 24 
-2.2192070452372232 6e-06 6e-06 0.9995512000719706 7e-07 7e-07 0.9963239918152491 5e-06 5e-06 4.45524169921875 0.02 0.02 26 
-2.2239783795674644 0.003 0.001 0.999974256157875 2e-06 7e-06 0.9999510337909062 3e-05 5e-05 4.512559048334757 0.1 0.1 27 
-0.3904144048690796 1e-06 2e-06 0.8197892246643702 4e-05 4e-05 0.9808689890305201 6e-05 6e-05 2.42796581029892 0.007 0.007 28 
-2.224799966812134 0.004 0.001 0.9999615907669067 8e-06 5e-05 0.9999931095043818 5e-06 3e-05 4.51143527507782 0.2 0.1 29 
-2.2239981524149575 0.01 0.002 0.9999461893240611 8e-06 3e-05 0.9999701909224192 3e-05 0.0002 4.509336641629537 0.2 0.2 31 
-0.3908577887217204 0.0004 0.0003 0.8194047542413075 0.004 0.004 0.9840050518512726 0.0005 0.0006 2.4181637247403462 0.1 0.1 32 
-2.224907341003418 0.0005 0.0004 0.99997771859169 2e-06 3e-06 0.9999852724870046 4e-06 5e-06 4.511386734644572 0.1 0.1 33 
-0.39092410723368326 0.001 0.0004 0.8193768386046092 0.004 0.003 0.984006541967392 0.0007 0.0008 2.418013197580973 0.1 0.1 35 
-2.2092627843221027 0.003 0.002 0.9999481346209844 1e-05 1e-05 0.9991723263263702 4e-05 8e-05 4.4983559370040895 0.2 0.2 36 
-2.223380069732666 0.001 0.0008 0.9999565054972966 3e-06 4e-06 0.9999791586399078 2e-05 8e-05 4.5115324338277185 0.1 0.1 39 
-2.2242219416300455 0.0004 0.0003 0.9999705360333124 1e-06 2e-06 0.9999849675099055 8e-06 1e-05 4.51138174533844 0.1 0.1 41 
-0.3910643132527669 0.0004 0.0002 0.8194366012016933 0.004 0.004 0.9840227395296097 0.0004 0.0005 2.4186336970329285 0.05 0.06 42 
-2.2245563507080077 0.004 0.001 0.9999689422051112 5e-06 2e-05 0.9999766649802526 1e-05 6e-05 4.511709469159444 0.1 0.1 43 
-2.2249617989857993 0.003 0.0009 0.9999563070138295 6e-06 1e-05 0.9999912015597026 7e-06 3e-05 4.511346359252929 0.1 0.1 44 
-2.223433930079142 0.007 0.002 0.9999812724192937 7e-06 3e-05 0.9999380437533061 5e-05 0.0001 4.5113126627604165 0.2 0.2 46 
-2.2249673144022624 0.001 0.0007 0.9999948515494664 2e-06 4e-06 0.9999833345413208 6e-06 8e-06 4.511025333404541 0.2 0.2 50 
-2.224748427073161 0.004 0.001 0.999957041144371 8e-06 5e-05 0.9999937542279561 4e-06 2e-05 4.511626189549764 0.2 0.2 51 
-0.39086517175038654 0.001 0.0004 0.8195629392067592 0.004 0.004 0.9840106525023778 0.0009 0.0009 2.419007173379262 0.1 0.1 52 
-2.224694496790568 0.001 0.0006 0.9999757742881775 3e-06 8e-06 0.9999870924154918 5e-06 1e-05 4.5114167849222815 0.09 0.1 53 
-0.39086809317270915 0.0008 0.0004 0.8194378320376078 0.003 0.003 0.9839609452088673 0.0006 0.0006 2.41843568166097 0.1 0.1 54 
-2.2243362204233805 0.005 0.001 0.9999495587746302 4e-06 2e-05 0.9999553988377253 4e-05 0.0002 4.5113369607925415 0.1 0.1 55 
-2.2113829326629637 0.001 0.0008 0.9999682140350342 6e-06 8e-06 0.9992266682783763 7e-06 1e-05 4.498444414138794 0.1 0.1 56 
-0.39086405595143636 0.002 0.0005 0.8193891064325969 0.005 0.005 0.9839607342084249 0.0006 0.0007 2.418219252427419 0.1 0.1 57 
-2.2246307055155436 0.005 0.002 0.9999889820814133 5e-06 2e-05 0.9999580891927083 4e-05 0.0002 4.5113894669214885 0.2 0.2 58 
-0.3909754673639933 0.001 0.0004 0.8193892918030421 0.005 0.005 0.9840178209543228 0.0008 0.0009 2.418372937043508 0.1 0.1 59 
-2.2112130482991534 0.007 0.001 0.9999914912382761 3e-06 2e-05 0.9992174832026164 2e-05 9e-05 4.498766662279765 0.2 0.2 61 
-0.3910104513168335 0.0001 0.0001 0.8194560446341832 0.002 0.002 0.9840069568157196 0.0003 0.0004 2.418543207645416 0.06 0.06 62 
-0.390900092124939 0.002 0.0005 0.8191949226458868 0.001 0.001 0.9839862982432047 0.001 0.001 2.4172323671976725 0.1 0.1 63 
-2.1798656749725343 7e-06 6e-06 0.9997542818387349 1e-06 1e-06 0.9963231617212296 4e-06 3e-06 4.4163370609283445 0.02 0.02 65 
-0.3907405392328898 0.0008 0.0005 0.8194676725069682 0.001 0.002 0.9839280704657237 0.0007 0.0009 2.4186919140815735 0.1 0.1 66 
-2.157714204788208 0.1 0.03 0.999750022093455 0.0002 0.0007 0.9991265390316645 5e-05 0.0003 4.446724730332693 1.0 1.0 67 
-2.2109736506144206 4e-05 4e-05 0.9999904040495554 4e-06 4e-06 0.9992172779639562 6e-06 4e-06 4.499224562644958 0.08 0.08 70 
-2.224477996826172 0.0006 0.0004 0.9999678591887157 2e-06 2e-06 0.9999940190712611 1e-06 2e-06 4.511494263013204 0.1 0.1 71 
-0.39069294770558677 1e-05 1e-05 0.8194886755943298 4e-06 3e-06 0.9840674058596293 0.0007 0.0007 2.417884473800659 0.05 0.05 72 
-0.3908909861246745 0.0006 0.0003 0.8193590289354324 0.003 0.003 0.9838636010885239 0.002 0.002 2.4186310283342998 0.08 0.08 73 
-2.1606079705556236 2e-05 3e-05 0.9986166439453761 2e-06 3e-06 0.9981020998954773 3e-06 3e-06 4.363163460095723 0.02 0.02 74 
-2.224201644261678 0.01 0.002 0.9999602417151133 7e-06 2e-05 0.9999875005086263 1e-05 7e-05 4.51161063671112 0.2 0.2 75 
-0.3910748624801636 9e-05 7e-05 0.8195058141152064 0.0004 0.0004 0.9840579650799434 0.0003 0.0003 2.4185400001207986 0.05 0.05 76 
-2.224937178293864 0.006 0.001 0.99996488849322 6e-06 2e-05 0.9999901149670283 8e-06 3e-05 4.511781152089437 0.2 0.2 77 
-0.39088045756022133 9e-05 8e-05 0.8194871751467386 0.0007 0.0007 0.9840220429499944 0.0004 0.0004 2.418546838760376 0.07 0.07 79 
-2.2109406121571857 0.001 0.001 0.9999687812725703 6e-06 1e-05 0.9992114601532618 2e-05 4e-05 4.499182252883911 0.2 0.2 81 
-2.2244129753112794 0.004 0.001 0.9999729472398758 6e-06 2e-05 0.9999901892741522 8e-06 2e-05 4.510671628316244 0.1 0.1 82 
-0.39089891910552976 0.0002 0.0002 0.8194141612450282 0.001 0.0009 0.983994932572047 0.0005 0.0006 2.4184887480735777 0.08 0.08 83 
-2.2111875343322756 0.002 0.0007 0.9999547570943832 1e-05 4e-05 0.9992303780714671 8e-06 3e-05 4.499512297312418 0.1 0.1 85 
-2.22457062403361 0.003 0.001 0.9999750993649165 5e-06 1e-05 0.9999809108177821 1e-05 5e-05 4.51122536500295 0.1 0.2 86 
-2.2250746313730874 0.005 0.001 0.9999948968489965 3e-06 5e-06 0.9999864240487416 1e-05 4e-05 4.511205042203267 0.2 0.2 90 
-0.3679674927393595 8e-07 1e-06 0.809558934768041 3e-05 3e-05 0.9943042172988256 3e-05 3e-05 2.1207802573839825 0.008 0.008 91 
-2.2254754002888997 0.003 0.001 0.99999383131663 2e-06 4e-06 0.9999791767199834 1e-05 3e-05 4.511633006731669 0.2 0.2 92 
-2.210733464558919 0.002 0.001 0.9999721548954645 6e-06 1e-05 0.9992045225699743 3e-05 6e-05 4.499273131688436 0.1 0.1 96 
-2.2106006081899006 0.002 0.001 0.9999672005573909 3e-06 7e-06 0.9992040314277013 2e-05 4e-05 4.500642474492391 0.1 0.1 97 
-2.224380671183268 0.004 0.002 0.9999527984857559 9e-06 4e-05 0.9999883085489273 1e-05 4e-05 4.5118349186579385 0.1 0.2 99 
