-2.224166259765625 0.001 0.001 0.9999846913417181 1e-05 1e-05 0.9999718999862671 2e-05 2e-05 4.510726725260417 0.1 0.1 26 
-2.224643494288127 0.0009 0.0007 0.9999881003300349 9e-06 1e-05 0.9999776371320088 2e-05 2e-05 4.511162764231364 0.07 0.07 40 
-2.224590301513672 0.0008 0.0007 0.9999889618158341 9e-06 1e-05 0.9999754218260447 2e-05 2e-05 4.510779558817545 0.08 0.08 14 
-2.224697898228963 0.0008 0.0007 0.9999885924657186 9e-06 1e-05 0.9999753234783808 2e-05 2e-05 4.511223402023315 0.08 0.07 44 
-2.2244657484690347 0.0006 0.0005 0.9999894241491953 7e-06 1e-05 0.9999656603733699 3e-05 4e-05 4.5108256483078 0.09 0.09 61 
-2.2250957266489664 0.0005 0.0003 0.9999920099973678 5e-06 5e-06 0.9999791093667348 1e-05 2e-05 4.511803784370422 0.08 0.08 17 
-2.2243556372324624 0.0009 0.0008 0.9999856607119242 9e-06 1e-05 0.9999716661373774 2e-05 2e-05 4.510614967346191 0.09 0.08 80 
-2.22450319925944 0.001 0.0009 0.9999853845437368 1e-05 1e-05 0.9999810437361399 1e-05 1e-05 4.511520932515462 0.08 0.08 76 
-2.2246128845214845 0.0007 0.0006 0.9999837319056193 9e-06 9e-06 0.9999707601467769 2e-05 2e-05 4.5106341854731244 0.08 0.08 97 
-2.2246210765838623 0.0008 0.0007 0.9999868206183116 9e-06 1e-05 0.9999756071964899 2e-05 2e-05 4.510680691401164 0.07 0.07 29 
-2.222705535888672 0.002 0.002 0.9999583288033803 6e-06 6e-06 0.9998841373125712 0.0001 0.0001 4.513985268274943 0.2 0.2 56 
-2.224785016377767 0.0003 0.0003 0.999991613427798 6e-06 7e-06 0.9999516280492147 4e-05 5e-05 4.510903986295064 0.09 0.09 60 
-2.2245990244547524 0.0008 0.0007 0.9999875968694687 1e-05 1e-05 0.9999732172489166 2e-05 2e-05 4.510900286038717 0.08 0.08 41 
-2.2246194903055825 0.0009 0.0007 0.9999891589085261 9e-06 1e-05 0.9999763677517574 2e-05 2e-05 4.511018652915954 0.08 0.08 18 
-2.2247616322835286 0.0004 0.0003 0.9999921478827795 4e-06 5e-06 0.9999545852343241 4e-05 5e-05 4.51171059290568 0.1 0.09 54 
-2.2244905122121175 0.0009 0.0008 0.999988091190656 7e-06 9e-06 0.9999764736493428 1e-05 2e-05 4.511117536226909 0.08 0.08 32 
-2.224943698247274 0.0007 0.0005 0.9999874585866928 6e-06 7e-06 0.9999768853187561 1e-05 2e-05 4.511900738080342 0.08 0.08 34 
-2.2248010540008547 0.001 0.0008 0.9999895610411962 7e-06 9e-06 0.9999825175603231 1e-05 1e-05 4.511830461819967 0.08 0.08 74 
-2.2242829545338947 0.001 0.0008 0.9999816670020422 1e-05 1e-05 0.9999714444080988 2e-05 2e-05 4.510751465161642 0.1 0.09 24 
-2.2244676907857257 0.0008 0.0007 0.9999875827630361 9e-06 9e-06 0.9999717396497726 2e-05 2e-05 4.510721939404806 0.09 0.09 70 
