-2.2252642567952474 8e-05 7e-05 0.9999860697984695 1e-06 2e-06 0.9999827551841736 2e-06 2e-06 4.511730500857035 0.08 0.08 0 
-2.2253567536671954 0.0001 0.0001 0.9999935487906139 1e-06 2e-06 0.9999980423847834 5e-07 4e-07 4.511467226346334 0.06 0.06 3 
-2.2242987791697186 0.0003 0.0003 0.999984703262647 2e-06 2e-06 0.9999444391330083 2e-05 2e-05 4.5033784421285 0.1 0.1 5 
-2.2256131108601886 6e-05 6e-05 0.9999921937783559 1e-06 9e-07 0.9999969547986984 4e-07 5e-07 4.511517596244812 0.07 0.07 6 
-2.2246053886413573 0.0001 0.0002 0.9999828916788102 3e-06 3e-06 0.9999726412693659 5e-06 1e-05 4.510926911036173 0.1 0.1 7 
-2.2253471851348876 0.0002 0.0002 0.9999891624848047 3e-06 3e-06 0.9996035969257355 5e-06 9e-06 4.515288848876953 0.09 0.09 8 
-2.2245152791341147 0.002 0.0008 0.9999879944324493 4e-06 9e-06 0.9999808832009633 1e-05 6e-05 4.510015317598978 0.1 0.1 10 
-2.225231714248657 6e-05 3e-05 0.999990720152855 1e-06 2e-06 0.9999815859397252 5e-06 6e-06 4.5109618918100995 0.07 0.07 11 
-2.222875779469808 0.002 0.001 0.9999864902098974 3e-06 5e-06 0.9998343066374461 7e-05 8e-05 4.493144659996033 0.2 0.2 12 
-2.2246518675486247 0.0009 0.0005 0.9999855095148087 3e-06 4e-06 0.9999644535779953 1e-05 2e-05 4.507996969223022 0.1 0.1 13 
-2.225319652557373 0.002 0.0006 0.9999842913945516 9e-06 3e-05 0.9999899874130885 8e-06 4e-05 4.511854793230692 0.08 0.08 14 
-2.2251278241475423 0.001 0.0006 0.9999920054276784 4e-06 7e-06 0.9999971689780554 1e-06 1e-06 4.511410336494446 0.07 0.08 15 
-2.20972243309021 0.0004 0.0002 0.9999911652008693 3e-06 3e-06 0.999145466486613 1e-05 1e-05 4.494238169987996 0.1 0.1 16 
-2.2247668329874672 0.002 0.0008 0.9999891320864359 4e-06 6e-06 0.9999800433715185 9e-06 1e-05 4.508972535133362 0.1 0.1 19 
-2.2257239564259845 0.0009 0.0004 0.9999903140465418 7e-06 2e-05 0.9999838674068451 2e-05 4e-05 4.511987724304199 0.07 0.07 21 
-2.224924160639445 0.003 0.001 0.999988421201706 8e-06 2e-05 0.999997767607371 1e-06 5e-06 4.51153169631958 0.09 0.1 22 
-2.225473244984945 0.0004 0.0003 0.9999947462479274 2e-06 2e-06 0.9999796924988429 2e-06 3e-06 4.51136813322703 0.07 0.07 25 
-2.2108857377370197 0.0001 9e-05 0.999989500840505 1e-06 2e-06 0.9978007616599401 3e-06 3e-06 4.5157050641377765 0.05 0.05 26 
-2.225914576848348 0.001 0.0005 0.999995135863622 3e-06 9e-06 0.9999955493211746 2e-06 5e-06 4.51180153687795 0.1 0.1 28 
-2.2253210957845053 0.0004 0.0003 0.9999935630957285 2e-06 5e-06 0.999987597266833 5e-06 8e-06 4.511320702234904 0.08 0.08 29 
-2.225002778371175 0.0008 0.0005 0.9999908949931463 4e-06 7e-06 0.999984221458435 1e-05 3e-05 4.511017622947693 0.08 0.08 30 
-2.225348602930705 0.0009 0.0006 0.9999926509459813 2e-06 4e-06 0.9999797203143438 8e-06 1e-05 4.509878978729248 0.1 0.1 32 
-2.222911564509074 0.002 0.001 0.9999894883235295 4e-06 7e-06 0.9998646287123362 6e-05 8e-05 4.495152443250021 0.2 0.2 34 
-2.2251539611816407 6e-05 4e-05 0.9999869177738826 1e-06 1e-06 0.9999798486630121 8e-07 7e-07 4.510833797454834 0.09 0.09 38 
-2.2246460787455242 3e-05 3e-05 0.9999862861633301 1e-06 1e-06 0.9999371282259624 6e-07 6e-07 4.510163741111755 0.07 0.07 39 
-2.2244450600941974 0.002 0.0009 0.9999847322702408 7e-06 2e-05 0.9999986028671265 7e-07 9e-07 4.510886549949646 0.1 0.1 40 
-2.2258508173624674 0.0008 0.0003 0.9999934369325638 2e-06 5e-06 0.9999968894322713 2e-06 3e-06 4.511947887738546 0.09 0.09 41 
-2.223810618718465 0.001 0.0005 0.9999904374281565 2e-06 4e-06 0.9998866613705953 3e-05 3e-05 4.4998914893468225 0.1 0.1 43 
-2.224668887456258 0.003 0.001 0.9999577613671621 3e-05 6e-05 0.9999832185109456 2e-06 8e-06 4.512724822362264 0.1 0.1 44 
-2.22585573832194 0.0004 0.0002 0.9999958091974258 1e-06 3e-06 0.9999881756305694 3e-06 4e-06 4.511534786224365 0.07 0.07 45 
-2.225659376780192 0.0002 0.0002 0.9999940939744314 2e-06 3e-06 0.9999816014369329 1e-05 2e-05 4.511428318023682 0.07 0.07 46 
-2.225689001083374 0.0005 0.0002 0.99998850385348 2e-06 2e-06 0.999991152882576 6e-06 2e-05 4.511533365249634 0.1 0.1 47 
-2.225219669342041 0.003 0.0009 0.9999893363316854 7e-06 3e-05 0.9999950685103735 3e-06 5e-06 4.511074481010437 0.1 0.1 51 
-2.2249233690897623 0.0006 0.0004 0.9999915850162506 2e-06 2e-06 0.999980985323588 6e-06 6e-06 4.511114794413249 0.08 0.08 53 
-2.2248682085673015 0.0003 0.0002 0.9999869185686111 2e-06 2e-06 0.9999696246782939 1e-05 1e-05 4.507403608957927 0.1 0.1 54 
-2.2254790337880452 0.002 0.0005 0.9999917087952296 4e-06 1e-05 0.9999951982498169 2e-06 1e-06 4.511490577061971 0.08 0.08 56 
-2.225399332046509 0.0004 0.0004 0.9999919493993124 3e-06 5e-06 0.9999933691819509 5e-06 1e-05 4.511214226086935 0.06 0.06 57 
-2.225373338063558 0.001 0.0007 0.9999942809343338 3e-06 1e-05 0.9999718868732452 2e-05 6e-05 4.511518702507019 0.1 0.1 58 
-2.2233804766337077 0.002 0.001 0.9999910207589467 4e-06 4e-06 0.9998875466982523 5e-05 0.0001 4.500090327262878 0.2 0.2 59 
-2.225567766825358 0.001 0.0004 0.9999957621097565 2e-06 9e-06 0.9999984365701675 1e-06 7e-06 4.5119106531143185 0.1 0.1 60 
-0.3908830499649048 0.0001 0.0001 0.8194428473711014 0.0008 0.0009 0.984018147389094 0.0004 0.0004 2.418082202275594 0.06 0.06 63 
-2.2241490650177003 7e-05 7e-05 0.9999822374184927 2e-06 2e-06 0.9999418930212657 6e-06 6e-06 4.507363114356995 0.1 0.1 65 
-2.225292580922445 0.002 0.0009 0.9999885845184326 6e-06 1e-05 0.9999841719865799 2e-05 4e-05 4.5118076594670615 0.07 0.07 66 
-2.2252773094177245 0.0009 0.0003 0.9999927163124085 3e-06 9e-06 0.9999918107191722 2e-06 3e-06 4.5106414683659874 0.08 0.08 67 
-2.2256874402364093 0.003 0.0008 0.9999825533231099 1e-05 6e-05 0.9999886693557104 1e-05 4e-05 4.5119451268513995 0.08 0.08 69 
-2.224563102722168 0.001 0.0008 0.9999846575657526 8e-06 2e-05 0.999982159336408 7e-06 1e-05 4.5102153539657595 0.1 0.1 70 
-2.2243774445851643 0.0004 0.0003 0.999984228014946 4e-06 5e-06 0.9999967686335246 7e-07 1e-06 4.51055272102356 0.07 0.07 74 
-2.22513547261556 0.001 0.0005 0.999990892012914 4e-06 1e-05 0.999985556602478 8e-06 2e-05 4.511450087229411 0.08 0.08 76 
-2.225074427922567 0.001 0.0006 0.9999946385622025 3e-06 3e-06 0.9999835687875748 1e-05 3e-05 4.5113366508483885 0.1 0.1 77 
-2.225040658315023 0.003 0.0008 0.9999852585792541 6e-06 1e-05 0.9999962323904037 2e-06 4e-06 4.5106568463643395 0.1 0.1 79 
-2.2198513062795002 0.001 0.001 0.9998991219202678 2e-05 2e-05 0.9998801632722218 3e-05 3e-05 4.497648199399312 0.2 0.2 80 
-2.224881699879964 0.0009 0.0004 0.9999931327501933 2e-06 3e-06 0.9999827613433202 1e-05 6e-05 4.510988297462464 0.08 0.08 81 
-2.2255961894989014 0.0001 0.0001 0.9999950627485911 5e-07 5e-07 0.9999755509694417 5e-06 5e-06 4.511384336153666 0.06 0.06 83 
-2.221077292760213 0.002 0.001 0.9999769204854965 5e-06 8e-06 0.9998006268342337 9e-05 0.0001 4.492054994901022 0.2 0.2 84 
-2.2246253808339436 0.001 0.0006 0.9999875557422638 3e-06 4e-06 0.9999471658468246 3e-05 5e-05 4.510365475018819 0.1 0.1 85 
-2.225100844701131 0.0001 0.0001 0.9999914687871932 1e-06 2e-06 0.9997888084252675 4e-06 7e-06 4.5129111941655475 0.08 0.08 87 
-2.2225459162394205 0.001 0.0007 0.9999815080563227 4e-06 4e-06 0.9998727116982142 4e-05 4e-05 4.496441663106283 0.2 0.2 88 
-2.224959932963053 0.002 0.0009 0.9999902294079462 4e-06 1e-05 0.9999760123093923 1e-05 2e-05 4.509844609896342 0.1 0.1 89 
-2.225352741877238 0.0007 0.0003 0.9999945876995723 3e-06 7e-06 0.9999883814652761 5e-06 7e-06 4.5113730192184445 0.05 0.05 93 
-2.2252018801371256 0.002 0.0006 0.9999915929635366 5e-06 2e-05 0.9997268430391948 1e-06 1e-06 4.514625091552734 0.07 0.07 94 
-2.2230006090799965 0.004 0.002 0.9999953587849935 3e-06 5e-06 0.9998356171449025 8e-05 0.0002 4.494305607477824 0.2 0.2 95 
-2.2251842180887857 0.002 0.0006 0.9999952540795009 3e-06 7e-06 0.9985710714260737 1e-05 2e-05 4.527354537645976 0.1 0.1 96 
-2.2250733884175617 0.003 0.001 0.9999885129928588 7e-06 2e-05 0.9999799285332361 1e-05 5e-05 4.51073664188385 0.2 0.2 97 
-2.225964136123657 0.0005 0.0003 0.9999959564208984 9e-07 2e-06 0.9999860938390096 7e-06 1e-05 4.511347495714824 0.09 0.1 98 
-2.225345608393351 0.0009 0.0005 0.9999908747275671 3e-06 7e-06 0.9999454563856125 5e-06 6e-06 4.510575811068217 0.1 0.1 99 
