-2.2261187171936037 0.0009 0.0003 0.9999967594941457 2e-06 6e-06 0.9999954283237458 3e-06 6e-06 4.512344792683919 0.06 0.06 0 
-2.2260809644063313 0.0009 0.0003 0.9999962474902471 2e-06 7e-06 0.9999946308135986 4e-06 2e-05 4.512416505813599 0.08 0.08 1 
-2.225930102666219 0.001 0.0004 0.9999949369827906 3e-06 9e-06 0.9999934138854345 3e-06 1e-05 4.512422583897909 0.07 0.07 2 
-2.226040932337443 7e-06 6e-06 0.9999962957700094 4e-07 3e-07 0.9999881571531296 2e-07 3e-07 4.512407563527425 0.04 0.04 3 
-2.2259929434458416 0.001 0.0004 0.999995507200559 2e-06 7e-06 0.9999944535891215 4e-06 7e-06 4.512536617914836 0.06 0.07 4 
-2.226093813578288 0.0005 0.0002 0.9999963829914729 8e-07 1e-06 0.999988129734993 4e-06 2e-05 4.5123690589269 0.07 0.07 5 
-2.2261152680714926 0.0009 0.0003 0.999996902346611 2e-06 6e-06 0.9999954080581666 3e-06 1e-05 4.512385975519816 0.07 0.07 6 
-2.226079772313436 0.0006 0.0002 0.99999626994133 8e-07 1e-06 0.9999950977166494 4e-06 1e-05 4.512352458635966 0.08 0.07 7 
-2.2260064760843914 0.0006 0.0002 0.9999955838918686 9e-07 1e-06 0.9999941911300023 3e-06 1e-05 4.512317969004314 0.08 0.08 8 
-2.226191317240397 0.0009 0.0002 0.9999976505835851 1e-06 6e-06 0.9999957267443339 4e-06 1e-05 4.512228240966797 0.07 0.07 9 
-2.225985412597656 0.0009 0.0003 0.9999952338139216 2e-06 3e-06 0.9999929304917653 3e-06 1e-05 4.51231609026591 0.08 0.08 10 
-2.2260462347666423 0.001 0.0004 0.9999956679344177 2e-06 1e-05 0.999993556936582 4e-06 1e-05 4.512392252286276 0.07 0.07 11 
-2.2261261177062988 0.001 0.0003 0.9999969959259033 2e-06 6e-06 0.9999954466025035 3e-06 9e-06 4.512354135513306 0.06 0.06 12 
-2.226059840520223 0.0009 0.0003 0.9999954752127329 2e-06 6e-06 0.9999944208065669 4e-06 1e-05 4.512435331344604 0.07 0.07 13 
-2.2260899194081625 0.002 0.0004 0.9999964330593745 2e-06 9e-06 0.9999945775667827 4e-06 1e-05 4.512305870056152 0.07 0.07 14 
-2.226094601949056 0.001 0.0003 0.9999962516625722 2e-06 8e-06 0.9999948008855184 4e-06 1e-05 4.512374618848165 0.07 0.06 15 
-2.2261187171936037 0.0009 0.0003 0.9999967594941457 2e-06 6e-06 0.9999954283237458 3e-06 6e-06 4.512344792683919 0.06 0.06 0 
-2.2260809644063313 0.0009 0.0003 0.9999962474902471 2e-06 7e-06 0.9999946308135986 4e-06 2e-05 4.512416505813599 0.08 0.08 1 
-2.225930102666219 0.001 0.0004 0.9999949369827906 3e-06 9e-06 0.9999934138854345 3e-06 1e-05 4.512422583897909 0.07 0.07 2 
-2.226040932337443 7e-06 6e-06 0.9999962957700094 4e-07 3e-07 0.9999881571531296 2e-07 3e-07 4.512407563527425 0.04 0.04 3 
-2.2259929434458416 0.001 0.0004 0.999995507200559 2e-06 7e-06 0.9999944535891215 4e-06 7e-06 4.512536617914836 0.06 0.07 4 
-2.226093813578288 0.0005 0.0002 0.9999963829914729 8e-07 1e-06 0.999988129734993 4e-06 2e-05 4.5123690589269 0.07 0.07 5 
-2.2261152680714926 0.0009 0.0003 0.999996902346611 2e-06 6e-06 0.9999954080581666 3e-06 1e-05 4.512385975519816 0.07 0.07 6 
-2.226079772313436 0.0006 0.0002 0.99999626994133 8e-07 1e-06 0.9999950977166494 4e-06 1e-05 4.512352458635966 0.08 0.07 7 
-2.2260064760843914 0.0006 0.0002 0.9999955838918686 9e-07 1e-06 0.9999941911300023 3e-06 1e-05 4.512317969004314 0.08 0.08 8 
-2.226191317240397 0.0009 0.0002 0.9999976505835851 1e-06 6e-06 0.9999957267443339 4e-06 1e-05 4.512228240966797 0.07 0.07 9 
-2.225985412597656 0.0009 0.0003 0.9999952338139216 2e-06 3e-06 0.9999929304917653 3e-06 1e-05 4.51231609026591 0.08 0.08 10 
-2.2260462347666423 0.001 0.0004 0.9999956679344177 2e-06 1e-05 0.999993556936582 4e-06 1e-05 4.512392252286276 0.07 0.07 11 
-2.2261261177062988 0.001 0.0003 0.9999969959259033 2e-06 6e-06 0.9999954466025035 3e-06 9e-06 4.512354135513306 0.06 0.06 12 
-2.226059840520223 0.0009 0.0003 0.9999954752127329 2e-06 6e-06 0.9999944208065669 4e-06 1e-05 4.512435331344604 0.07 0.07 13 
-2.2260899194081625 0.002 0.0004 0.9999964330593745 2e-06 9e-06 0.9999945775667827 4e-06 1e-05 4.512305870056152 0.07 0.07 14 
-2.226094601949056 0.001 0.0003 0.9999962516625722 2e-06 8e-06 0.9999948008855184 4e-06 1e-05 4.512374618848165 0.07 0.06 15 
-2.226076755523682 0.001 0.0003 0.9999966162443161 2e-06 8e-06 0.9999942022562027 4e-06 4e-06 4.512525979677836 0.05 0.05 16 
-2.226048641204834 0.0008 0.0002 0.9999956574042638 1e-06 1e-06 0.9999952987829844 4e-06 2e-05 4.512449580828349 0.09 0.07 17 
-2.226026395161947 0.002 0.0004 0.99999571621418 2e-06 1e-05 0.9999934961398442 4e-06 1e-05 4.5125084416071575 0.07 0.07 18 
-2.2261293156941733 0.0009 0.0003 0.9999970179796219 2e-06 6e-06 0.9999953379233678 4e-06 1e-05 4.5124249251683555 0.07 0.07 19 
-2.2260515626271564 0.0009 0.0003 0.9999956037600836 2e-06 6e-06 0.9999947619438171 4e-06 1e-05 4.5124722035725915 0.07 0.07 20 
-2.2261013189951577 0.0005 0.0002 0.9999964612722397 1e-06 2e-06 0.9999956425031026 4e-06 1e-05 4.512359094619751 0.08 0.08 21 
-2.2260553455352783 0.0009 0.0003 0.9999957613150279 2e-06 6e-06 0.9999934476613999 4e-06 5e-06 4.512372824350993 0.06 0.06 22 
-2.2260675557454426 0.0008 0.0002 0.9999963732560476 1e-06 1e-06 0.9999953490495682 4e-06 2e-05 4.512412726084391 0.09 0.07 23 
-2.225963684717814 6e-06 7e-06 0.9999958215157191 4e-07 4e-07 0.9999842186768849 3e-07 3e-07 4.512583587964376 0.04 0.04 24 
-2.226088975270589 0.001 0.0004 0.9999963331222534 2e-06 7e-06 0.9999946133295695 3e-06 8e-06 4.512398695945739 0.06 0.06 25 
-2.2260458914438885 6e-06 5e-06 0.9999964036544164 3e-07 3e-07 0.9999890488386154 3e-07 3e-07 4.51239828268687 0.04 0.04 26 
-2.226138312021891 0.001 0.0003 0.9999972295761108 2e-06 8e-06 0.9999953921635946 4e-06 8e-06 4.512414156595866 0.07 0.07 27 
-2.2260205364227295 0.001 0.0003 0.9999954199790955 2e-06 7e-06 0.999993571639061 4e-06 1e-05 4.5125213734308876 0.08 0.08 28 
-2.2260817591349285 6e-06 6e-06 0.9999969291687012 3e-07 3e-07 0.9999908997615179 2e-07 3e-07 4.51234320640564 0.03 0.03 29 
-2.2259946219126383 7e-06 6e-06 0.999995801448822 4e-07 5e-07 0.9999887096881866 4e-07 3e-07 4.51253688176473 0.04 0.04 30 
-2.226056842803955 6e-06 6e-06 0.9999965671698252 3e-07 3e-07 0.9999902919928233 2e-07 2e-07 4.512396524747213 0.04 0.04 31 
-2.2260936292012534 0.002 0.0004 0.9999962651729584 2e-06 9e-06 0.9999947768449783 4e-06 2e-05 4.5124773756663 0.08 0.07 32 
-2.2260753218332927 0.001 0.0003 0.9999964034557343 2e-06 7e-06 0.9999939910570781 4e-06 2e-05 4.512532142003377 0.08 0.08 33 
-2.226116065979004 0.0008 0.0003 0.9999965663750966 2e-06 6e-06 0.9999951018889746 4e-06 1e-05 4.512396114667257 0.07 0.07 34 
-2.226070283253988 0.0007 0.0002 0.9999961610635122 8e-07 1e-06 0.999995242357254 4e-06 2e-05 4.512545351982117 0.08 0.08 35 
-2.2260596847534178 0.001 0.0004 0.9999955610434215 2e-06 8e-06 0.9999945690234502 4e-06 1e-05 4.512390360832215 0.07 0.07 36 
-2.226075340906779 6e-06 6e-06 0.9999967354536057 3e-07 3e-07 0.9999896081288656 3e-07 3e-07 4.512368610699972 0.04 0.04 37 
-2.226079206466675 6e-06 6e-06 0.9999967378377914 3e-07 3e-07 0.9999865732590357 3e-07 3e-07 4.512356615066528 0.03 0.03 38 
-2.2260499445597333 0.0001 8e-05 0.99999609430631 9e-07 1e-06 0.9999903333187103 4e-06 6e-06 4.512505701382955 0.05 0.05 39 
-2.2260505549112954 0.0001 0.0001 0.9999964747826259 1e-06 2e-06 0.9999898703893025 4e-06 6e-06 4.512477413813273 0.05 0.05 40 
-2.2260239855448405 0.0008 0.0004 0.9999957311153412 2e-06 6e-06 0.9999948185682297 4e-06 5e-06 4.5125103267033895 0.06 0.06 41 
-2.2260659408569334 6e-06 5e-06 0.9999966011444728 4e-07 4e-07 0.9999893798430761 3e-07 3e-07 4.512391724586487 0.04 0.04 42 
-2.2260005378723147 0.0006 0.0002 0.9999953619639079 8e-07 1e-06 0.9999945398171742 4e-06 1e-05 4.51252458413442 0.08 0.08 43 
-2.2260232226053875 0.001 0.0003 0.9999958336353302 2e-06 8e-06 0.9999932209650676 3e-06 7e-06 4.512437008221944 0.05 0.05 44 
-2.2260534795125326 0.001 0.0003 0.9999960539738337 2e-06 6e-06 0.9999946133295695 4e-06 1e-05 4.5124455865224204 0.08 0.08 45 
-2.2260522270202636 0.001 0.0004 0.9999958592653274 2e-06 7e-06 0.9999944686889648 4e-06 2e-05 4.512589295705159 0.09 0.09 46 
-2.2261693414052326 0.001 0.0003 0.9999971956014633 2e-06 6e-06 0.9999957805871964 4e-06 1e-05 4.512377804120382 0.07 0.08 47 
-2.226121810277303 0.001 0.0003 0.9999968868494034 2e-06 7e-06 0.999990730881691 4e-06 1e-05 4.512316244443258 0.07 0.07 48 
-2.225988731384277 0.002 0.0005 0.9999952352046967 2e-06 1e-05 0.9999937889973323 4e-06 2e-05 4.512512895266215 0.07 0.07 49 
-2.2260893376668296 0.001 0.0003 0.999996501604716 2e-06 7e-06 0.9999946467081706 4e-06 1e-05 4.512534273465475 0.06 0.07 50 
-2.2260334205627443 0.001 0.0004 0.9999956925710042 2e-06 7e-06 0.999994353055954 4e-06 1e-05 4.512537835439046 0.06 0.06 51 
-2.2260715103149415 0.001 0.0003 0.9999959923823675 2e-06 7e-06 0.9999948235352835 4e-06 1e-05 4.512529430389404 0.08 0.08 52 
-2.226048847834269 6e-06 5e-06 0.9999962182839711 3e-07 3e-07 0.9999863847096762 3e-07 3e-07 4.51243549823761 0.03 0.03 53 
-2.2260679149627687 0.001 0.0003 0.999995714823405 2e-06 1e-05 0.9999942592779796 4e-06 1e-05 4.512548429171244 0.06 0.06 54 
-2.2260695457458497 0.0008 0.0002 0.999996258020401 8e-07 1e-06 0.9999951408306758 3e-06 2e-05 4.5123727480570475 0.08 0.08 55 
-2.226092529296875 0.0005 0.0002 0.999996442993482 8e-07 1e-06 0.9999951946735383 4e-06 1e-05 4.5124637301762895 0.08 0.08 56 
-2.2261316712697345 0.001 0.0003 0.9999969806273779 2e-06 8e-06 0.9999951777855555 4e-06 7e-06 4.51244865099589 0.06 0.06 57 
-2.226091121037801 0.0008 0.0002 0.9999963688850403 1e-06 1e-06 0.9999952791134517 4e-06 2e-05 4.512500257492065 0.1 0.08 58 
-2.226102714538574 0.001 0.0003 0.9999964116017024 2e-06 7e-06 0.9999945370356241 4e-06 9e-06 4.512391963005066 0.06 0.06 59 
-2.226067600250244 0.001 0.0004 0.9999958298603694 2e-06 9e-06 0.999994255900383 4e-06 1e-05 4.512354464530945 0.07 0.07 60 
-2.226027879714966 0.001 0.0004 0.9999956250190735 2e-06 9e-06 0.999993908405304 3e-06 1e-05 4.51244801680247 0.07 0.07 61 
-2.2260959720611573 0.001 0.0003 0.999996236761411 2e-06 6e-06 0.9999948251247406 4e-06 1e-05 4.512451462745666 0.07 0.07 62 
-2.2260891342163087 0.0008 0.0002 0.9999963398774465 1e-06 2e-06 0.9999950901667277 4e-06 2e-05 4.512428092956543 0.09 0.08 63 
-2.2259318923950193 6e-06 7e-06 0.9999949493010839 5e-07 4e-07 0.9999840529759725 4e-07 4e-07 4.512638030052185 0.04 0.04 64 
-2.2261003971099855 0.001 0.0004 0.999995809396108 2e-06 8e-06 0.9999950840075811 4e-06 1e-05 4.512504412333171 0.07 0.07 65 
-2.2260943094889325 0.0008 0.0002 0.999996467034022 9e-07 1e-06 0.9999942900737127 4e-06 2e-05 4.5122584533691406 0.1 0.1 66 
-2.2260652097066242 0.0009 0.0002 0.9999962405363718 1e-06 1e-06 0.9999951934814453 3e-06 2e-05 4.512351380983988 0.08 0.08 67 
-2.2260965474446617 0.002 0.0004 0.9999966688950856 2e-06 1e-05 0.9999950305620829 4e-06 2e-05 4.512283776601156 0.08 0.09 68 
-2.2260690212249754 6e-06 6e-06 0.9999966990947723 3e-07 3e-07 0.999988418618838 3e-07 3e-07 4.51236790339152 0.03 0.03 69 
-2.2260867309570314 0.0001 0.0001 0.9999963972965876 9e-07 2e-06 0.9999918715159098 3e-06 7e-06 4.512477544148763 0.06 0.06 70 
-2.2260108025868734 0.0002 0.0001 0.9999953643480937 1e-06 2e-06 0.9999879310528438 4e-06 7e-06 4.51244196732839 0.06 0.06 71 
-2.226158628463745 0.0006 0.0003 0.999997148513794 2e-06 5e-06 0.9999953440825144 3e-06 1e-05 4.5122618420918785 0.07 0.07 72 
-2.2259789880116783 7e-06 7e-06 0.9999954462051391 4e-07 4e-07 0.9999866280953089 4e-07 4e-07 4.5125984843571985 0.04 0.04 73 
-2.226007696787516 0.0007 0.0002 0.9999952544768651 1e-06 1e-06 0.9999944812059403 4e-06 2e-05 4.512628455162048 0.08 0.08 74 
-2.226144104003906 0.0009 0.0003 0.9999971449375152 2e-06 6e-06 0.9999952238798141 4e-06 1e-05 4.512298727035523 0.06 0.07 75 
-2.22597456296285 6e-06 6e-06 0.9999956325689952 4e-07 4e-07 0.9999840780099233 4e-07 4e-07 4.512547923723857 0.04 0.04 76 
-2.2261239369710286 0.001 0.0003 0.9999969400962194 2e-06 7e-06 0.999994809627533 4e-06 1e-05 4.512419999440511 0.07 0.07 77 
-2.226059020360311 0.001 0.0003 0.9999961402018865 2e-06 7e-06 0.9999946242570877 4e-06 1e-05 4.512537223498026 0.07 0.07 78 
-2.2260438919067385 0.0001 0.0001 0.999996411005656 1e-06 2e-06 0.999989671309789 3e-06 5e-06 4.51237486521403 0.05 0.05 79 
-2.2259627056121825 7e-06 7e-06 0.9999953852097193 4e-07 4e-07 0.9999839109182358 4e-07 4e-07 4.512613638242086 0.04 0.04 80 
-2.2260284996032715 6e-06 6e-06 0.9999959866205851 3e-07 3e-07 0.999985913236936 4e-07 3e-07 4.512429588635762 0.04 0.04 81 
-2.226126317977905 0.0009 0.0003 0.9999970485766728 2e-06 6e-06 0.9999951994419098 3e-06 9e-06 4.5123868179321285 0.06 0.06 82 
-2.2260109774271646 6e-06 6e-06 0.9999959707260132 4e-07 4e-07 0.9999906545877457 3e-07 4e-07 4.512480595906576 0.04 0.04 83 
-2.226039323806763 0.002 0.0004 0.9999954972664515 2e-06 1e-05 0.9999938458204269 4e-06 1e-05 4.512461868921916 0.07 0.07 84 
-2.22601323445638 0.002 0.0004 0.9999953709046046 2e-06 1e-05 0.9999943182865778 4e-06 1e-05 4.5124835236867264 0.06 0.06 85 
-2.2260310300191244 0.0007 0.0002 0.9999954315026601 1e-06 1e-06 0.999994731148084 4e-06 2e-05 4.512472378412882 0.08 0.08 86 
-2.2260977999369302 0.0005 0.0002 0.9999962164958318 7e-07 1e-06 0.9999949461221695 4e-06 1e-05 4.512564841906229 0.08 0.08 87 
-2.226057275136312 0.002 0.0004 0.999995627005895 2e-06 9e-06 0.9999942018588384 4e-06 1e-05 4.512366673151652 0.07 0.06 88 
-2.2260060024261477 6e-06 6e-06 0.9999962552388509 5e-07 4e-07 0.9999867331981659 3e-07 3e-07 4.512560068766276 0.04 0.04 89 
-2.226119416554769 0.0009 0.0002 0.999996833205223 8e-07 1e-06 0.9999951809644699 4e-06 2e-05 4.512397286097209 0.1 0.1 90 
-2.2261544132232665 0.001 0.0003 0.9999972820281983 2e-06 8e-06 0.9999954716364543 4e-06 2e-05 4.512435512542725 0.08 0.08 91 
-2.226045290629069 0.001 0.0004 0.9999953766663869 2e-06 8e-06 0.999994086821874 4e-06 1e-05 4.512349781990051 0.07 0.07 92 
-2.225968411763509 3e-05 3e-05 0.9999953758716583 8e-07 9e-07 0.9999846682945888 3e-06 4e-06 4.5126495981216435 0.05 0.05 93 
-2.2260283056894936 0.0006 0.0002 0.9999956568082173 9e-07 1e-06 0.9999928136666616 3e-06 1e-05 4.512448547681172 0.07 0.07 94 
-2.2261156400044757 0.0002 0.0002 0.9999967565139135 9e-07 1e-06 0.9999939888715744 4e-06 9e-06 4.5123801501592 0.06 0.06 95 
-2.2260773849487303 5e-06 5e-06 0.9999969202280045 3e-07 3e-07 0.9999890953302384 2e-07 2e-07 4.512367927233378 0.03 0.03 96 
-2.226008392969767 0.001 0.0004 0.9999954742193222 2e-06 9e-06 0.9999938096602757 4e-06 1e-05 4.5125119606653845 0.07 0.07 97 
-2.226077321370443 0.0006 0.0002 0.9999962125221888 9e-07 1e-06 0.9999950792392095 3e-06 1e-05 4.512447435061137 0.07 0.07 98 
-2.226081206003825 0.0007 0.0003 0.9999964388211569 2e-06 5e-06 0.9999868714809418 5e-06 2e-05 4.512564276059469 0.08 0.08 99 
-2.2261187171936037 0.0009 0.0003 0.9999967594941457 2e-06 6e-06 0.9999954283237458 3e-06 6e-06 4.512344792683919 0.06 0.06 0 
-2.2260809644063313 0.0009 0.0003 0.9999962474902471 2e-06 7e-06 0.9999946308135986 4e-06 2e-05 4.512416505813599 0.08 0.08 1 
-2.225930102666219 0.001 0.0004 0.9999949369827906 3e-06 9e-06 0.9999934138854345 3e-06 1e-05 4.512422583897909 0.07 0.07 2 
-2.226040932337443 7e-06 6e-06 0.9999962957700094 4e-07 3e-07 0.9999881571531296 2e-07 3e-07 4.512407563527425 0.04 0.04 3 
-2.2259929434458416 0.001 0.0004 0.999995507200559 2e-06 7e-06 0.9999944535891215 4e-06 7e-06 4.512536617914836 0.06 0.07 4 
-2.226093813578288 0.0005 0.0002 0.9999963829914729 8e-07 1e-06 0.999988129734993 4e-06 2e-05 4.5123690589269 0.07 0.07 5 
-2.2261152680714926 0.0009 0.0003 0.999996902346611 2e-06 6e-06 0.9999954080581666 3e-06 1e-05 4.512385975519816 0.07 0.07 6 
-2.226079772313436 0.0006 0.0002 0.99999626994133 8e-07 1e-06 0.9999950977166494 4e-06 1e-05 4.512352458635966 0.08 0.07 7 
-2.2260064760843914 0.0006 0.0002 0.9999955838918686 9e-07 1e-06 0.9999941911300023 3e-06 1e-05 4.512317969004314 0.08 0.08 8 
-2.226191317240397 0.0009 0.0002 0.9999976505835851 1e-06 6e-06 0.9999957267443339 4e-06 1e-05 4.512228240966797 0.07 0.07 9 
-2.225985412597656 0.0009 0.0003 0.9999952338139216 2e-06 3e-06 0.9999929304917653 3e-06 1e-05 4.51231609026591 0.08 0.08 10 
-2.2260462347666423 0.001 0.0004 0.9999956679344177 2e-06 1e-05 0.999993556936582 4e-06 1e-05 4.512392252286276 0.07 0.07 11 
-2.2261261177062988 0.001 0.0003 0.9999969959259033 2e-06 6e-06 0.9999954466025035 3e-06 9e-06 4.512354135513306 0.06 0.06 12 
-2.226059840520223 0.0009 0.0003 0.9999954752127329 2e-06 6e-06 0.9999944208065669 4e-06 1e-05 4.512435331344604 0.07 0.07 13 
-2.2260899194081625 0.002 0.0004 0.9999964330593745 2e-06 9e-06 0.9999945775667827 4e-06 1e-05 4.512305870056152 0.07 0.07 14 
-2.226094601949056 0.001 0.0003 0.9999962516625722 2e-06 8e-06 0.9999948008855184 4e-06 1e-05 4.512374618848165 0.07 0.06 15 
-2.226076755523682 0.001 0.0003 0.9999966162443161 2e-06 8e-06 0.9999942022562027 4e-06 4e-06 4.512525979677836 0.05 0.05 16 
-2.226048641204834 0.0008 0.0002 0.9999956574042638 1e-06 1e-06 0.9999952987829844 4e-06 2e-05 4.512449580828349 0.09 0.07 17 
-2.226026395161947 0.002 0.0004 0.99999571621418 2e-06 1e-05 0.9999934961398442 4e-06 1e-05 4.5125084416071575 0.07 0.07 18 
-2.2261293156941733 0.0009 0.0003 0.9999970179796219 2e-06 6e-06 0.9999953379233678 4e-06 1e-05 4.5124249251683555 0.07 0.07 19 
-2.2260515626271564 0.0009 0.0003 0.9999956037600836 2e-06 6e-06 0.9999947619438171 4e-06 1e-05 4.5124722035725915 0.07 0.07 20 
-2.2261013189951577 0.0005 0.0002 0.9999964612722397 1e-06 2e-06 0.9999956425031026 4e-06 1e-05 4.512359094619751 0.08 0.08 21 
-2.2260553455352783 0.0009 0.0003 0.9999957613150279 2e-06 6e-06 0.9999934476613999 4e-06 5e-06 4.512372824350993 0.06 0.06 22 
-2.2260675557454426 0.0008 0.0002 0.9999963732560476 1e-06 1e-06 0.9999953490495682 4e-06 2e-05 4.512412726084391 0.09 0.07 23 
-2.225963684717814 6e-06 7e-06 0.9999958215157191 4e-07 4e-07 0.9999842186768849 3e-07 3e-07 4.512583587964376 0.04 0.04 24 
-2.226088975270589 0.001 0.0004 0.9999963331222534 2e-06 7e-06 0.9999946133295695 3e-06 8e-06 4.512398695945739 0.06 0.06 25 
-2.2260458914438885 6e-06 5e-06 0.9999964036544164 3e-07 3e-07 0.9999890488386154 3e-07 3e-07 4.51239828268687 0.04 0.04 26 
-2.226138312021891 0.001 0.0003 0.9999972295761108 2e-06 8e-06 0.9999953921635946 4e-06 8e-06 4.512414156595866 0.07 0.07 27 
-2.2260205364227295 0.001 0.0003 0.9999954199790955 2e-06 7e-06 0.999993571639061 4e-06 1e-05 4.5125213734308876 0.08 0.08 28 
-2.2260817591349285 6e-06 6e-06 0.9999969291687012 3e-07 3e-07 0.9999908997615179 2e-07 3e-07 4.51234320640564 0.03 0.03 29 
-2.2259946219126383 7e-06 6e-06 0.999995801448822 4e-07 5e-07 0.9999887096881866 4e-07 3e-07 4.51253688176473 0.04 0.04 30 
-2.226056842803955 6e-06 6e-06 0.9999965671698252 3e-07 3e-07 0.9999902919928233 2e-07 2e-07 4.512396524747213 0.04 0.04 31 
-2.2260936292012534 0.002 0.0004 0.9999962651729584 2e-06 9e-06 0.9999947768449783 4e-06 2e-05 4.5124773756663 0.08 0.07 32 
-2.2260753218332927 0.001 0.0003 0.9999964034557343 2e-06 7e-06 0.9999939910570781 4e-06 2e-05 4.512532142003377 0.08 0.08 33 
-2.226116065979004 0.0008 0.0003 0.9999965663750966 2e-06 6e-06 0.9999951018889746 4e-06 1e-05 4.512396114667257 0.07 0.07 34 
-2.226070283253988 0.0007 0.0002 0.9999961610635122 8e-07 1e-06 0.999995242357254 4e-06 2e-05 4.512545351982117 0.08 0.08 35 
-2.2260596847534178 0.001 0.0004 0.9999955610434215 2e-06 8e-06 0.9999945690234502 4e-06 1e-05 4.512390360832215 0.07 0.07 36 
-2.226075340906779 6e-06 6e-06 0.9999967354536057 3e-07 3e-07 0.9999896081288656 3e-07 3e-07 4.512368610699972 0.04 0.04 37 
-2.226079206466675 6e-06 6e-06 0.9999967378377914 3e-07 3e-07 0.9999865732590357 3e-07 3e-07 4.512356615066528 0.03 0.03 38 
-2.2260499445597333 0.0001 8e-05 0.99999609430631 9e-07 1e-06 0.9999903333187103 4e-06 6e-06 4.512505701382955 0.05 0.05 39 
-2.2260505549112954 0.0001 0.0001 0.9999964747826259 1e-06 2e-06 0.9999898703893025 4e-06 6e-06 4.512477413813273 0.05 0.05 40 
-2.2260239855448405 0.0008 0.0004 0.9999957311153412 2e-06 6e-06 0.9999948185682297 4e-06 5e-06 4.5125103267033895 0.06 0.06 41 
-2.2260659408569334 6e-06 5e-06 0.9999966011444728 4e-07 4e-07 0.9999893798430761 3e-07 3e-07 4.512391724586487 0.04 0.04 42 
-2.2260005378723147 0.0006 0.0002 0.9999953619639079 8e-07 1e-06 0.9999945398171742 4e-06 1e-05 4.51252458413442 0.08 0.08 43 
-2.2260232226053875 0.001 0.0003 0.9999958336353302 2e-06 8e-06 0.9999932209650676 3e-06 7e-06 4.512437008221944 0.05 0.05 44 
-2.2260534795125326 0.001 0.0003 0.9999960539738337 2e-06 6e-06 0.9999946133295695 4e-06 1e-05 4.5124455865224204 0.08 0.08 45 
-2.2260522270202636 0.001 0.0004 0.9999958592653274 2e-06 7e-06 0.9999944686889648 4e-06 2e-05 4.512589295705159 0.09 0.09 46 
-2.2261693414052326 0.001 0.0003 0.9999971956014633 2e-06 6e-06 0.9999957805871964 4e-06 1e-05 4.512377804120382 0.07 0.08 47 
-2.226121810277303 0.001 0.0003 0.9999968868494034 2e-06 7e-06 0.999990730881691 4e-06 1e-05 4.512316244443258 0.07 0.07 48 
-2.225988731384277 0.002 0.0005 0.9999952352046967 2e-06 1e-05 0.9999937889973323 4e-06 2e-05 4.512512895266215 0.07 0.07 49 
-2.2260893376668296 0.001 0.0003 0.999996501604716 2e-06 7e-06 0.9999946467081706 4e-06 1e-05 4.512534273465475 0.06 0.07 50 
-2.2260334205627443 0.001 0.0004 0.9999956925710042 2e-06 7e-06 0.999994353055954 4e-06 1e-05 4.512537835439046 0.06 0.06 51 
-2.2260715103149415 0.001 0.0003 0.9999959923823675 2e-06 7e-06 0.9999948235352835 4e-06 1e-05 4.512529430389404 0.08 0.08 52 
-2.226048847834269 6e-06 5e-06 0.9999962182839711 3e-07 3e-07 0.9999863847096762 3e-07 3e-07 4.51243549823761 0.03 0.03 53 
-2.2260679149627687 0.001 0.0003 0.999995714823405 2e-06 1e-05 0.9999942592779796 4e-06 1e-05 4.512548429171244 0.06 0.06 54 
-2.2260695457458497 0.0008 0.0002 0.999996258020401 8e-07 1e-06 0.9999951408306758 3e-06 2e-05 4.5123727480570475 0.08 0.08 55 
-2.226092529296875 0.0005 0.0002 0.999996442993482 8e-07 1e-06 0.9999951946735383 4e-06 1e-05 4.5124637301762895 0.08 0.08 56 
-2.2261316712697345 0.001 0.0003 0.9999969806273779 2e-06 8e-06 0.9999951777855555 4e-06 7e-06 4.51244865099589 0.06 0.06 57 
-2.226091121037801 0.0008 0.0002 0.9999963688850403 1e-06 1e-06 0.9999952791134517 4e-06 2e-05 4.512500257492065 0.1 0.08 58 
-2.226102714538574 0.001 0.0003 0.9999964116017024 2e-06 7e-06 0.9999945370356241 4e-06 9e-06 4.512391963005066 0.06 0.06 59 
-2.226067600250244 0.001 0.0004 0.9999958298603694 2e-06 9e-06 0.999994255900383 4e-06 1e-05 4.512354464530945 0.07 0.07 60 
-2.226027879714966 0.001 0.0004 0.9999956250190735 2e-06 9e-06 0.999993908405304 3e-06 1e-05 4.51244801680247 0.07 0.07 61 
-2.2260959720611573 0.001 0.0003 0.999996236761411 2e-06 6e-06 0.9999948251247406 4e-06 1e-05 4.512451462745666 0.07 0.07 62 
-2.2260891342163087 0.0008 0.0002 0.9999963398774465 1e-06 2e-06 0.9999950901667277 4e-06 2e-05 4.512428092956543 0.09 0.08 63 
-2.2259318923950193 6e-06 7e-06 0.9999949493010839 5e-07 4e-07 0.9999840529759725 4e-07 4e-07 4.512638030052185 0.04 0.04 64 
-2.2261003971099855 0.001 0.0004 0.999995809396108 2e-06 8e-06 0.9999950840075811 4e-06 1e-05 4.512504412333171 0.07 0.07 65 
-2.2260943094889325 0.0008 0.0002 0.999996467034022 9e-07 1e-06 0.9999942900737127 4e-06 2e-05 4.5122584533691406 0.1 0.1 66 
-2.2260652097066242 0.0009 0.0002 0.9999962405363718 1e-06 1e-06 0.9999951934814453 3e-06 2e-05 4.512351380983988 0.08 0.08 67 
-2.2260965474446617 0.002 0.0004 0.9999966688950856 2e-06 1e-05 0.9999950305620829 4e-06 2e-05 4.512283776601156 0.08 0.09 68 
-2.2260690212249754 6e-06 6e-06 0.9999966990947723 3e-07 3e-07 0.999988418618838 3e-07 3e-07 4.51236790339152 0.03 0.03 69 
-2.2260867309570314 0.0001 0.0001 0.9999963972965876 9e-07 2e-06 0.9999918715159098 3e-06 7e-06 4.512477544148763 0.06 0.06 70 
-2.2260108025868734 0.0002 0.0001 0.9999953643480937 1e-06 2e-06 0.9999879310528438 4e-06 7e-06 4.51244196732839 0.06 0.06 71 
-2.226158628463745 0.0006 0.0003 0.999997148513794 2e-06 5e-06 0.9999953440825144 3e-06 1e-05 4.5122618420918785 0.07 0.07 72 
-2.2259789880116783 7e-06 7e-06 0.9999954462051391 4e-07 4e-07 0.9999866280953089 4e-07 4e-07 4.5125984843571985 0.04 0.04 73 
-2.226007696787516 0.0007 0.0002 0.9999952544768651 1e-06 1e-06 0.9999944812059403 4e-06 2e-05 4.512628455162048 0.08 0.08 74 
-2.226144104003906 0.0009 0.0003 0.9999971449375152 2e-06 6e-06 0.9999952238798141 4e-06 1e-05 4.512298727035523 0.06 0.07 75 
-2.22597456296285 6e-06 6e-06 0.9999956325689952 4e-07 4e-07 0.9999840780099233 4e-07 4e-07 4.512547923723857 0.04 0.04 76 
-2.2261239369710286 0.001 0.0003 0.9999969400962194 2e-06 7e-06 0.999994809627533 4e-06 1e-05 4.512419999440511 0.07 0.07 77 
-2.226059020360311 0.001 0.0003 0.9999961402018865 2e-06 7e-06 0.9999946242570877 4e-06 1e-05 4.512537223498026 0.07 0.07 78 
-2.2260438919067385 0.0001 0.0001 0.999996411005656 1e-06 2e-06 0.999989671309789 3e-06 5e-06 4.51237486521403 0.05 0.05 79 
-2.2259627056121825 7e-06 7e-06 0.9999953852097193 4e-07 4e-07 0.9999839109182358 4e-07 4e-07 4.512613638242086 0.04 0.04 80 
-2.2260284996032715 6e-06 6e-06 0.9999959866205851 3e-07 3e-07 0.999985913236936 4e-07 3e-07 4.512429588635762 0.04 0.04 81 
-2.226126317977905 0.0009 0.0003 0.9999970485766728 2e-06 6e-06 0.9999951994419098 3e-06 9e-06 4.5123868179321285 0.06 0.06 82 
-2.2260109774271646 6e-06 6e-06 0.9999959707260132 4e-07 4e-07 0.9999906545877457 3e-07 4e-07 4.512480595906576 0.04 0.04 83 
-2.226039323806763 0.002 0.0004 0.9999954972664515 2e-06 1e-05 0.9999938458204269 4e-06 1e-05 4.512461868921916 0.07 0.07 84 
-2.22601323445638 0.002 0.0004 0.9999953709046046 2e-06 1e-05 0.9999943182865778 4e-06 1e-05 4.5124835236867264 0.06 0.06 85 
-2.2260310300191244 0.0007 0.0002 0.9999954315026601 1e-06 1e-06 0.999994731148084 4e-06 2e-05 4.512472378412882 0.08 0.08 86 
-2.2260977999369302 0.0005 0.0002 0.9999962164958318 7e-07 1e-06 0.9999949461221695 4e-06 1e-05 4.512564841906229 0.08 0.08 87 
-2.226057275136312 0.002 0.0004 0.999995627005895 2e-06 9e-06 0.9999942018588384 4e-06 1e-05 4.512366673151652 0.07 0.06 88 
-2.2260060024261477 6e-06 6e-06 0.9999962552388509 5e-07 4e-07 0.9999867331981659 3e-07 3e-07 4.512560068766276 0.04 0.04 89 
-2.226119416554769 0.0009 0.0002 0.999996833205223 8e-07 1e-06 0.9999951809644699 4e-06 2e-05 4.512397286097209 0.1 0.1 90 
-2.2261544132232665 0.001 0.0003 0.9999972820281983 2e-06 8e-06 0.9999954716364543 4e-06 2e-05 4.512435512542725 0.08 0.08 91 
-2.226045290629069 0.001 0.0004 0.9999953766663869 2e-06 8e-06 0.999994086821874 4e-06 1e-05 4.512349781990051 0.07 0.07 92 
-2.225968411763509 3e-05 3e-05 0.9999953758716583 8e-07 9e-07 0.9999846682945888 3e-06 4e-06 4.5126495981216435 0.05 0.05 93 
-2.2260283056894936 0.0006 0.0002 0.9999956568082173 9e-07 1e-06 0.9999928136666616 3e-06 1e-05 4.512448547681172 0.07 0.07 94 
-2.2261156400044757 0.0002 0.0002 0.9999967565139135 9e-07 1e-06 0.9999939888715744 4e-06 9e-06 4.5123801501592 0.06 0.06 95 
-2.2260773849487303 5e-06 5e-06 0.9999969202280045 3e-07 3e-07 0.9999890953302384 2e-07 2e-07 4.512367927233378 0.03 0.03 96 
-2.226008392969767 0.001 0.0004 0.9999954742193222 2e-06 9e-06 0.9999938096602757 4e-06 1e-05 4.5125119606653845 0.07 0.07 97 
-2.226077321370443 0.0006 0.0002 0.9999962125221888 9e-07 1e-06 0.9999950792392095 3e-06 1e-05 4.512447435061137 0.07 0.07 98 
-2.226081206003825 0.0007 0.0003 0.9999964388211569 2e-06 5e-06 0.9999868714809418 5e-06 2e-05 4.512564276059469 0.08 0.08 99 
-2.2261187171936037 0.0009 0.0003 0.9999967594941457 2e-06 6e-06 0.9999954283237458 3e-06 6e-06 4.512344792683919 0.06 0.06 0 
-2.2260809644063313 0.0009 0.0003 0.9999962474902471 2e-06 7e-06 0.9999946308135986 4e-06 2e-05 4.512416505813599 0.08 0.08 1 
-2.225930102666219 0.001 0.0004 0.9999949369827906 3e-06 9e-06 0.9999934138854345 3e-06 1e-05 4.512422583897909 0.07 0.07 2 
-2.226040932337443 7e-06 6e-06 0.9999962957700094 4e-07 3e-07 0.9999881571531296 2e-07 3e-07 4.512407563527425 0.04 0.04 3 
-2.2259929434458416 0.001 0.0004 0.999995507200559 2e-06 7e-06 0.9999944535891215 4e-06 7e-06 4.512536617914836 0.06 0.07 4 
-2.226093813578288 0.0005 0.0002 0.9999963829914729 8e-07 1e-06 0.999988129734993 4e-06 2e-05 4.5123690589269 0.07 0.07 5 
-2.2261152680714926 0.0009 0.0003 0.999996902346611 2e-06 6e-06 0.9999954080581666 3e-06 1e-05 4.512385975519816 0.07 0.07 6 
-2.226079772313436 0.0006 0.0002 0.99999626994133 8e-07 1e-06 0.9999950977166494 4e-06 1e-05 4.512352458635966 0.08 0.07 7 
-2.2260064760843914 0.0006 0.0002 0.9999955838918686 9e-07 1e-06 0.9999941911300023 3e-06 1e-05 4.512317969004314 0.08 0.08 8 
-2.226191317240397 0.0009 0.0002 0.9999976505835851 1e-06 6e-06 0.9999957267443339 4e-06 1e-05 4.512228240966797 0.07 0.07 9 
-2.225985412597656 0.0009 0.0003 0.9999952338139216 2e-06 3e-06 0.9999929304917653 3e-06 1e-05 4.51231609026591 0.08 0.08 10 
-2.2260462347666423 0.001 0.0004 0.9999956679344177 2e-06 1e-05 0.999993556936582 4e-06 1e-05 4.512392252286276 0.07 0.07 11 
-2.2261261177062988 0.001 0.0003 0.9999969959259033 2e-06 6e-06 0.9999954466025035 3e-06 9e-06 4.512354135513306 0.06 0.06 12 
-2.226059840520223 0.0009 0.0003 0.9999954752127329 2e-06 6e-06 0.9999944208065669 4e-06 1e-05 4.512435331344604 0.07 0.07 13 
-2.2260899194081625 0.002 0.0004 0.9999964330593745 2e-06 9e-06 0.9999945775667827 4e-06 1e-05 4.512305870056152 0.07 0.07 14 
-2.226094601949056 0.001 0.0003 0.9999962516625722 2e-06 8e-06 0.9999948008855184 4e-06 1e-05 4.512374618848165 0.07 0.06 15 
-2.226076755523682 0.001 0.0003 0.9999966162443161 2e-06 8e-06 0.9999942022562027 4e-06 4e-06 4.512525979677836 0.05 0.05 16 
-2.226048641204834 0.0008 0.0002 0.9999956574042638 1e-06 1e-06 0.9999952987829844 4e-06 2e-05 4.512449580828349 0.09 0.07 17 
-2.226026395161947 0.002 0.0004 0.99999571621418 2e-06 1e-05 0.9999934961398442 4e-06 1e-05 4.5125084416071575 0.07 0.07 18 
-2.2261293156941733 0.0009 0.0003 0.9999970179796219 2e-06 6e-06 0.9999953379233678 4e-06 1e-05 4.5124249251683555 0.07 0.07 19 
-2.2260515626271564 0.0009 0.0003 0.9999956037600836 2e-06 6e-06 0.9999947619438171 4e-06 1e-05 4.5124722035725915 0.07 0.07 20 
-2.2261013189951577 0.0005 0.0002 0.9999964612722397 1e-06 2e-06 0.9999956425031026 4e-06 1e-05 4.512359094619751 0.08 0.08 21 
-2.2260553455352783 0.0009 0.0003 0.9999957613150279 2e-06 6e-06 0.9999934476613999 4e-06 5e-06 4.512372824350993 0.06 0.06 22 
-2.2260675557454426 0.0008 0.0002 0.9999963732560476 1e-06 1e-06 0.9999953490495682 4e-06 2e-05 4.512412726084391 0.09 0.07 23 
-2.225963684717814 6e-06 7e-06 0.9999958215157191 4e-07 4e-07 0.9999842186768849 3e-07 3e-07 4.512583587964376 0.04 0.04 24 
-2.226088975270589 0.001 0.0004 0.9999963331222534 2e-06 7e-06 0.9999946133295695 3e-06 8e-06 4.512398695945739 0.06 0.06 25 
-2.2260458914438885 6e-06 5e-06 0.9999964036544164 3e-07 3e-07 0.9999890488386154 3e-07 3e-07 4.51239828268687 0.04 0.04 26 
-2.226138312021891 0.001 0.0003 0.9999972295761108 2e-06 8e-06 0.9999953921635946 4e-06 8e-06 4.512414156595866 0.07 0.07 27 
-2.2260205364227295 0.001 0.0003 0.9999954199790955 2e-06 7e-06 0.999993571639061 4e-06 1e-05 4.5125213734308876 0.08 0.08 28 
-2.2260817591349285 6e-06 6e-06 0.9999969291687012 3e-07 3e-07 0.9999908997615179 2e-07 3e-07 4.51234320640564 0.03 0.03 29 
-2.2259946219126383 7e-06 6e-06 0.999995801448822 4e-07 5e-07 0.9999887096881866 4e-07 3e-07 4.51253688176473 0.04 0.04 30 
-2.226056842803955 6e-06 6e-06 0.9999965671698252 3e-07 3e-07 0.9999902919928233 2e-07 2e-07 4.512396524747213 0.04 0.04 31 
-2.2260936292012534 0.002 0.0004 0.9999962651729584 2e-06 9e-06 0.9999947768449783 4e-06 2e-05 4.5124773756663 0.08 0.07 32 
-2.2260753218332927 0.001 0.0003 0.9999964034557343 2e-06 7e-06 0.9999939910570781 4e-06 2e-05 4.512532142003377 0.08 0.08 33 
-2.226116065979004 0.0008 0.0003 0.9999965663750966 2e-06 6e-06 0.9999951018889746 4e-06 1e-05 4.512396114667257 0.07 0.07 34 
-2.226070283253988 0.0007 0.0002 0.9999961610635122 8e-07 1e-06 0.999995242357254 4e-06 2e-05 4.512545351982117 0.08 0.08 35 
-2.2260596847534178 0.001 0.0004 0.9999955610434215 2e-06 8e-06 0.9999945690234502 4e-06 1e-05 4.512390360832215 0.07 0.07 36 
-2.226075340906779 6e-06 6e-06 0.9999967354536057 3e-07 3e-07 0.9999896081288656 3e-07 3e-07 4.512368610699972 0.04 0.04 37 
-2.226079206466675 6e-06 6e-06 0.9999967378377914 3e-07 3e-07 0.9999865732590357 3e-07 3e-07 4.512356615066528 0.03 0.03 38 
-2.2260499445597333 0.0001 8e-05 0.99999609430631 9e-07 1e-06 0.9999903333187103 4e-06 6e-06 4.512505701382955 0.05 0.05 39 
-2.2260505549112954 0.0001 0.0001 0.9999964747826259 1e-06 2e-06 0.9999898703893025 4e-06 6e-06 4.512477413813273 0.05 0.05 40 
-2.2260239855448405 0.0008 0.0004 0.9999957311153412 2e-06 6e-06 0.9999948185682297 4e-06 5e-06 4.5125103267033895 0.06 0.06 41 
-2.2260659408569334 6e-06 5e-06 0.9999966011444728 4e-07 4e-07 0.9999893798430761 3e-07 3e-07 4.512391724586487 0.04 0.04 42 
-2.2260005378723147 0.0006 0.0002 0.9999953619639079 8e-07 1e-06 0.9999945398171742 4e-06 1e-05 4.51252458413442 0.08 0.08 43 
-2.2260232226053875 0.001 0.0003 0.9999958336353302 2e-06 8e-06 0.9999932209650676 3e-06 7e-06 4.512437008221944 0.05 0.05 44 
-2.2260534795125326 0.001 0.0003 0.9999960539738337 2e-06 6e-06 0.9999946133295695 4e-06 1e-05 4.5124455865224204 0.08 0.08 45 
-2.2260522270202636 0.001 0.0004 0.9999958592653274 2e-06 7e-06 0.9999944686889648 4e-06 2e-05 4.512589295705159 0.09 0.09 46 
-2.2261693414052326 0.001 0.0003 0.9999971956014633 2e-06 6e-06 0.9999957805871964 4e-06 1e-05 4.512377804120382 0.07 0.08 47 
-2.226121810277303 0.001 0.0003 0.9999968868494034 2e-06 7e-06 0.999990730881691 4e-06 1e-05 4.512316244443258 0.07 0.07 48 
-2.225988731384277 0.002 0.0005 0.9999952352046967 2e-06 1e-05 0.9999937889973323 4e-06 2e-05 4.512512895266215 0.07 0.07 49 
-2.2260893376668296 0.001 0.0003 0.999996501604716 2e-06 7e-06 0.9999946467081706 4e-06 1e-05 4.512534273465475 0.06 0.07 50 
-2.2260334205627443 0.001 0.0004 0.9999956925710042 2e-06 7e-06 0.999994353055954 4e-06 1e-05 4.512537835439046 0.06 0.06 51 
-2.2260715103149415 0.001 0.0003 0.9999959923823675 2e-06 7e-06 0.9999948235352835 4e-06 1e-05 4.512529430389404 0.08 0.08 52 
-2.226048847834269 6e-06 5e-06 0.9999962182839711 3e-07 3e-07 0.9999863847096762 3e-07 3e-07 4.51243549823761 0.03 0.03 53 
-2.2260679149627687 0.001 0.0003 0.999995714823405 2e-06 1e-05 0.9999942592779796 4e-06 1e-05 4.512548429171244 0.06 0.06 54 
-2.2260695457458497 0.0008 0.0002 0.999996258020401 8e-07 1e-06 0.9999951408306758 3e-06 2e-05 4.5123727480570475 0.08 0.08 55 
-2.226092529296875 0.0005 0.0002 0.999996442993482 8e-07 1e-06 0.9999951946735383 4e-06 1e-05 4.5124637301762895 0.08 0.08 56 
-2.2261316712697345 0.001 0.0003 0.9999969806273779 2e-06 8e-06 0.9999951777855555 4e-06 7e-06 4.51244865099589 0.06 0.06 57 
-2.226091121037801 0.0008 0.0002 0.9999963688850403 1e-06 1e-06 0.9999952791134517 4e-06 2e-05 4.512500257492065 0.1 0.08 58 
-2.226102714538574 0.001 0.0003 0.9999964116017024 2e-06 7e-06 0.9999945370356241 4e-06 9e-06 4.512391963005066 0.06 0.06 59 
-2.226067600250244 0.001 0.0004 0.9999958298603694 2e-06 9e-06 0.999994255900383 4e-06 1e-05 4.512354464530945 0.07 0.07 60 
-2.226027879714966 0.001 0.0004 0.9999956250190735 2e-06 9e-06 0.999993908405304 3e-06 1e-05 4.51244801680247 0.07 0.07 61 
-2.2260959720611573 0.001 0.0003 0.999996236761411 2e-06 6e-06 0.9999948251247406 4e-06 1e-05 4.512451462745666 0.07 0.07 62 
-2.2260891342163087 0.0008 0.0002 0.9999963398774465 1e-06 2e-06 0.9999950901667277 4e-06 2e-05 4.512428092956543 0.09 0.08 63 
-2.2259318923950193 6e-06 7e-06 0.9999949493010839 5e-07 4e-07 0.9999840529759725 4e-07 4e-07 4.512638030052185 0.04 0.04 64 
-2.2261003971099855 0.001 0.0004 0.999995809396108 2e-06 8e-06 0.9999950840075811 4e-06 1e-05 4.512504412333171 0.07 0.07 65 
-2.2260943094889325 0.0008 0.0002 0.999996467034022 9e-07 1e-06 0.9999942900737127 4e-06 2e-05 4.5122584533691406 0.1 0.1 66 
-2.2260652097066242 0.0009 0.0002 0.9999962405363718 1e-06 1e-06 0.9999951934814453 3e-06 2e-05 4.512351380983988 0.08 0.08 67 
-2.2260965474446617 0.002 0.0004 0.9999966688950856 2e-06 1e-05 0.9999950305620829 4e-06 2e-05 4.512283776601156 0.08 0.09 68 
-2.2260690212249754 6e-06 6e-06 0.9999966990947723 3e-07 3e-07 0.999988418618838 3e-07 3e-07 4.51236790339152 0.03 0.03 69 
-2.2260867309570314 0.0001 0.0001 0.9999963972965876 9e-07 2e-06 0.9999918715159098 3e-06 7e-06 4.512477544148763 0.06 0.06 70 
-2.2260108025868734 0.0002 0.0001 0.9999953643480937 1e-06 2e-06 0.9999879310528438 4e-06 7e-06 4.51244196732839 0.06 0.06 71 
-2.226158628463745 0.0006 0.0003 0.999997148513794 2e-06 5e-06 0.9999953440825144 3e-06 1e-05 4.5122618420918785 0.07 0.07 72 
-2.2259789880116783 7e-06 7e-06 0.9999954462051391 4e-07 4e-07 0.9999866280953089 4e-07 4e-07 4.5125984843571985 0.04 0.04 73 
-2.226007696787516 0.0007 0.0002 0.9999952544768651 1e-06 1e-06 0.9999944812059403 4e-06 2e-05 4.512628455162048 0.08 0.08 74 
-2.226144104003906 0.0009 0.0003 0.9999971449375152 2e-06 6e-06 0.9999952238798141 4e-06 1e-05 4.512298727035523 0.06 0.07 75 
-2.22597456296285 6e-06 6e-06 0.9999956325689952 4e-07 4e-07 0.9999840780099233 4e-07 4e-07 4.512547923723857 0.04 0.04 76 
-2.2261239369710286 0.001 0.0003 0.9999969400962194 2e-06 7e-06 0.999994809627533 4e-06 1e-05 4.512419999440511 0.07 0.07 77 
-2.226059020360311 0.001 0.0003 0.9999961402018865 2e-06 7e-06 0.9999946242570877 4e-06 1e-05 4.512537223498026 0.07 0.07 78 
-2.2260438919067385 0.0001 0.0001 0.999996411005656 1e-06 2e-06 0.999989671309789 3e-06 5e-06 4.51237486521403 0.05 0.05 79 
-2.2259627056121825 7e-06 7e-06 0.9999953852097193 4e-07 4e-07 0.9999839109182358 4e-07 4e-07 4.512613638242086 0.04 0.04 80 
-2.2260284996032715 6e-06 6e-06 0.9999959866205851 3e-07 3e-07 0.999985913236936 4e-07 3e-07 4.512429588635762 0.04 0.04 81 
-2.226126317977905 0.0009 0.0003 0.9999970485766728 2e-06 6e-06 0.9999951994419098 3e-06 9e-06 4.5123868179321285 0.06 0.06 82 
-2.2260109774271646 6e-06 6e-06 0.9999959707260132 4e-07 4e-07 0.9999906545877457 3e-07 4e-07 4.512480595906576 0.04 0.04 83 
-2.226039323806763 0.002 0.0004 0.9999954972664515 2e-06 1e-05 0.9999938458204269 4e-06 1e-05 4.512461868921916 0.07 0.07 84 
-2.22601323445638 0.002 0.0004 0.9999953709046046 2e-06 1e-05 0.9999943182865778 4e-06 1e-05 4.5124835236867264 0.06 0.06 85 
-2.2260310300191244 0.0007 0.0002 0.9999954315026601 1e-06 1e-06 0.999994731148084 4e-06 2e-05 4.512472378412882 0.08 0.08 86 
-2.2260977999369302 0.0005 0.0002 0.9999962164958318 7e-07 1e-06 0.9999949461221695 4e-06 1e-05 4.512564841906229 0.08 0.08 87 
-2.226057275136312 0.002 0.0004 0.999995627005895 2e-06 9e-06 0.9999942018588384 4e-06 1e-05 4.512366673151652 0.07 0.06 88 
-2.2260060024261477 6e-06 6e-06 0.9999962552388509 5e-07 4e-07 0.9999867331981659 3e-07 3e-07 4.512560068766276 0.04 0.04 89 
-2.226119416554769 0.0009 0.0002 0.999996833205223 8e-07 1e-06 0.9999951809644699 4e-06 2e-05 4.512397286097209 0.1 0.1 90 
-2.2261544132232665 0.001 0.0003 0.9999972820281983 2e-06 8e-06 0.9999954716364543 4e-06 2e-05 4.512435512542725 0.08 0.08 91 
-2.226045290629069 0.001 0.0004 0.9999953766663869 2e-06 8e-06 0.999994086821874 4e-06 1e-05 4.512349781990051 0.07 0.07 92 
-2.225968411763509 3e-05 3e-05 0.9999953758716583 8e-07 9e-07 0.9999846682945888 3e-06 4e-06 4.5126495981216435 0.05 0.05 93 
-2.2260283056894936 0.0006 0.0002 0.9999956568082173 9e-07 1e-06 0.9999928136666616 3e-06 1e-05 4.512448547681172 0.07 0.07 94 
-2.2261156400044757 0.0002 0.0002 0.9999967565139135 9e-07 1e-06 0.9999939888715744 4e-06 9e-06 4.5123801501592 0.06 0.06 95 
-2.2260773849487303 5e-06 5e-06 0.9999969202280045 3e-07 3e-07 0.9999890953302384 2e-07 2e-07 4.512367927233378 0.03 0.03 96 
-2.226008392969767 0.001 0.0004 0.9999954742193222 2e-06 9e-06 0.9999938096602757 4e-06 1e-05 4.5125119606653845 0.07 0.07 97 
-2.226077321370443 0.0006 0.0002 0.9999962125221888 9e-07 1e-06 0.9999950792392095 3e-06 1e-05 4.512447435061137 0.07 0.07 98 
-2.226081206003825 0.0007 0.0003 0.9999964388211569 2e-06 5e-06 0.9999868714809418 5e-06 2e-05 4.512564276059469 0.08 0.08 99 
