-2.2241135183970133 0.001 0.001 0.9999709874391556 7e-06 1e-05 0.9999700411160787 2e-05 5e-05 4.510312436421712 0.2 0.2 0 
-2.182077891031901 0.02 0.01 0.9998775537808736 6e-05 0.0001 0.9995382070541382 0.0002 0.0002 4.4865104818344115 0.7 0.8 1 
-2.1740547625223794 0.02 0.02 0.9998548835515976 6e-05 0.0001 0.9994906870524088 0.0002 0.0003 4.485420073668162 0.8 0.9 2 
-2.1743674246470133 0.03 0.02 0.9998055489857992 6e-05 0.0002 0.9994204207261403 0.0002 0.0003 4.483303628762563 0.7 1.0 3 
-2.1711380004882814 0.02 0.02 0.9998209993044536 7e-05 0.0001 0.9994963065783182 0.0002 0.0003 4.485114819208781 0.8 0.9 4 
-1.5963409741719563 0.8 0.1 0.9903463888168335 0.006 0.01 0.8786007958650589 0.07 0.2 4.558337108294169 2.0 2.0 5 
-1.5297076861063639 0.7 0.2 0.9862122744321823 0.01 0.04 0.8263848105072975 0.1 0.4 4.821867469151814 6.0 2.0 6 
-2.214475736618042 0.007 0.005 0.9999066970745722 2e-05 3e-05 0.9996014575163523 0.0001 0.0002 4.519068803787231 0.3 0.3 7 
-1.7307084306081135 0.2 0.07 0.9938260759909948 0.005 0.02 0.958050619562467 0.01 0.09 4.299391699632009 4.0 2.0 8 
-2.0115619627634684 0.1 0.1 0.9984730003277461 0.0009 0.001 0.9829197855790456 0.007 0.01 4.309801748593649 1.0 1.0 9 
-1.9302297306060792 0.07 0.05 0.9980300116539002 0.0006 0.0008 0.9809081025918325 0.008 0.02 4.422871367931366 2.0 2.0 10 
-2.200412906010946 0.01 0.009 0.999927457968394 3e-05 6e-05 0.9996096609036128 0.0002 0.0003 4.494899829228719 0.5 0.6 11 
-2.1391567993164062 0.06 0.05 0.9992659459511439 0.0004 0.0006 0.994420312444369 0.004 0.005 4.486785225073496 0.5 1.0 12 
-2.2110469722747803 0.01 0.01 0.9999266519149145 1e-05 1e-05 0.9995924782752991 0.0003 0.0004 4.514261830647786 0.5 0.5 13 
-2.2135589790344237 0.002 0.001 0.9999126948912939 9e-06 9e-06 0.9996983486413956 8e-05 9e-05 4.500967049598694 0.3 0.3 14 
-1.5627577718098957 0.6 0.1 0.987444872657458 0.009 0.02 0.9085668607552846 0.05 0.4 4.352336897850036 7.0 2.0 15 
-2.2019982655843098 0.08 0.02 0.9998685099681218 7e-05 0.0002 0.9988494209448496 0.001 0.002 4.479989079634349 0.4 0.8 16 
-2.2198724873860676 0.007 0.005 0.9998989085356395 6e-06 8e-06 0.9998205133279164 0.0001 0.0002 4.510093653996785 0.3 0.3 17 
-1.9679631741841634 0.1 0.05 0.9984918729464213 0.0004 0.0006 0.9910387746493021 0.003 0.007 4.408587046464285 3.0 2.0 18 
-2.1759703509012858 0.02 0.01 0.9998172132174173 7e-05 0.0001 0.9995191899935404 0.0002 0.0003 4.485933938821157 0.8 0.8 19 
-2.2007152016957603 0.008 0.007 0.999917182524999 3e-05 4e-05 0.9996471860011419 0.0002 0.0002 4.498776383399964 0.5 0.5 20 
-2.2010829893747967 0.03 0.02 0.9998085361719131 2e-05 2e-05 0.999389202396075 0.0003 0.0005 4.507209093570709 0.7 0.7 21 
-2.175226345062256 0.03 0.02 0.9998681058486303 6e-05 0.0001 0.9994131225347519 0.0002 0.0003 4.482741571267446 0.7 0.9 22 
-2.1725779151916504 0.02 0.02 0.9998593527078629 7e-05 0.0001 0.9994775853554407 0.0002 0.0003 4.484021311601003 0.8 0.9 23 
-2.1885773595174154 0.04 0.02 0.9998951266209285 1e-05 2e-05 0.9992186299959819 0.0004 0.0006 4.503733243147532 0.8 0.8 24 
-2.2178252029418943 0.008 0.006 0.9999467879533768 1e-05 1e-05 0.9998295336961747 0.0001 0.0002 4.508938854535421 0.4 0.3 25 
-2.023343795140584 0.3 0.08 0.9984825082619985 0.001 0.003 0.9956321122248968 0.001 0.005 4.421806988716125 2.0 2.0 26 
-2.217892745335897 0.01 0.007 0.9999610042572021 1e-05 2e-05 0.9998094997803371 0.0002 0.0003 4.507548208236694 0.4 0.4 27 
-2.2185105355580648 0.007 0.005 0.9999551393588384 9e-06 1e-05 0.9998435091972351 0.0001 0.0002 4.507829964955648 0.3 0.3 28 
-2.1463736565907796 0.05 0.03 0.9997858403126398 0.0001 0.0002 0.9989212093750636 0.0004 0.0005 4.476711944739024 1.0 1.0 29 
-2.1969954427083334 0.01 0.009 0.9999219199021657 3e-05 5e-05 0.9996422964334488 0.0002 0.0002 4.496966070334117 0.6 0.6 30 
-2.2180651378631593 0.007 0.006 0.9999586892127991 1e-05 1e-05 0.9998357915878295 0.0001 0.0002 4.508721857070923 0.3 0.3 31 
-2.0153620688120526 0.09 0.04 0.9986352930466335 0.0007 0.002 0.9961196921269099 0.0003 0.0007 4.399145029385885 1.0 1.0 32 
-1.547700532277425 0.8 0.2 0.9892834228277206 0.007 0.01 0.7690941048661868 0.2 0.5 5.2289253830909725 5.0 3.0 33 
-2.218360627492269 0.009 0.006 0.9998969739675522 8e-06 8e-06 0.9997943971554438 0.0002 0.0002 4.509636791547139 0.3 0.3 34 
-2.1881263987223307 0.01 0.01 0.9999133803447088 5e-05 7e-05 0.9995515992244085 0.0002 0.0002 4.4927733413378395 0.7 0.7 35 
-1.6363631757100423 0.04 0.03 0.9920528471469879 0.004 0.005 0.9151750483115514 0.04 0.06 4.428556706905365 2.0 1.0 36 
-1.5161145051320395 0.3 0.1 0.9879098532597224 0.008 0.01 0.7928992983698845 0.1 0.3 4.9736984626452125 4.0 3.0 38 
-1.6193968391418456 0.5 0.1 0.9914237972100576 0.006 0.02 0.9153315832217535 0.05 0.3 4.434714053471883 6.0 2.0 39 
-2.1865623410542807 0.02 0.01 0.9998399166266123 6e-05 0.0001 0.9993846197923024 0.0003 0.0004 4.4848459482192995 0.6 0.7 40 
-2.218102986017863 0.008 0.006 0.9999511951208114 9e-06 1e-05 0.9998301033178966 0.0001 0.0002 4.507965745925904 0.3 0.3 41 
-2.190885731379191 0.01 0.01 0.9999073892831802 4e-05 7e-05 0.99957428475221 0.0002 0.0002 4.493969580332438 0.6 0.7 42 
-2.185939286549886 0.02 0.01 0.9998834721247355 5e-05 9e-05 0.9996270050605138 0.0002 0.0002 4.49264723777771 0.7 0.8 43 
-2.1159732341766357 0.1 0.03 0.9993487286567688 0.0004 0.001 0.9982289546728134 0.0004 0.0007 4.465671635468801 1.0 1.0 44 
-2.190469055175781 0.01 0.01 0.9999077620108923 4e-05 7e-05 0.9995952824751536 0.0002 0.0002 4.49174169699351 0.7 0.7 45 
-2.0652110894521076 0.06 0.07 0.9988132735093435 0.0005 0.0003 0.990582223534584 0.004 0.004 4.3841832280159 0.4 0.5 46 
-1.505580981572469 0.8 0.2 0.9816193900505702 0.02 0.06 0.8233818140625954 0.1 0.4 4.744314816792806 6.0 3.0 47 
-2.1812326018015544 0.03 0.01 0.9998879305521647 6e-05 0.0001 0.9994456924994787 0.0002 0.0002 4.487991049289703 0.7 0.8 48 
-2.190371052424113 0.0006 0.0007 0.9998826404412587 1e-05 1e-05 0.9998595869541168 1e-05 1e-05 4.492483299573262 0.08 0.08 49 
-1.3749088064829509 0.7 0.2 0.9814300159613292 0.01 0.02 0.5397213323911031 0.3 0.4 7.537837533950806 20.0 5.0 50 
-2.186300538380941 0.02 0.01 0.9998954935868581 5e-05 0.0001 0.9994754679997762 0.0002 0.0002 4.489079622427623 0.7 0.8 51 
-1.4884093538920085 0.9 0.2 0.9797285519043605 0.02 0.07 0.7343613122900327 0.2 0.5 5.459886163075765 7.0 3.0 52 
-2.211539446512858 0.007 0.006 0.9999322158098221 2e-05 8e-05 0.9994089335203171 0.0003 0.001 4.5113773949941 0.4 0.4 53 
-1.5328545061747234 1.0 0.2 0.9876850599050522 0.01 0.03 0.7987438847621282 0.1 0.4 5.042754658063253 6.0 2.0 54 
-2.2017906729380288 0.005 0.004 0.9998785157998403 2e-05 2e-05 0.9992126862208048 0.0002 0.0003 4.496392297744751 0.4 0.4 55 
-1.679386854171753 0.3 0.09 0.992986657222112 0.003 0.008 0.900405642191569 0.06 0.2 4.495499499638876 5.0 2.0 56 
-1.6539685853322348 0.4 0.1 0.9921289640665054 0.005 0.02 0.9217481474081676 0.06 0.3 4.420062955220541 4.0 2.0 57 
-1.0764564657211304 0.9 0.3 0.9534704047441482 0.04 0.09 0.6018051339437565 0.3 0.5 7.19909339984258 20.0 5.0 58 
-2.215322914123535 0.01 0.008 0.9999540891249975 9e-06 1e-05 0.9998320764303208 0.0001 0.0002 4.508350009918213 0.4 0.5 59 
-2.1784580008188885 0.02 0.01 0.9998716153701146 6e-05 0.0001 0.9994962952534358 0.0002 0.0003 4.486156047979991 0.7 0.9 60 
-1.9260138257344563 0.3 0.06 0.9983080458641053 0.0008 0.001 0.9859459906816482 0.003 0.03 4.317233547369639 2.0 1.0 61 
-2.1671605110168457 0.03 0.02 0.999810993472735 8e-05 0.0002 0.9993465026219686 0.0002 0.0004 4.479226278463999 0.8 1.0 62 
-1.5032706705729166 0.5 0.2 0.9831242467959722 0.02 0.04 0.7890823739767074 0.2 0.4 5.058685734669368 6.0 3.0 63 
-1.6607365163167318 0.09 0.04 0.9922049009799957 0.004 0.005 0.9353133312861125 0.04 0.04 4.336045578320821 1.0 1.0 64 
-2.201212959289551 0.008 0.007 0.9999273699522019 3e-05 4e-05 0.9996710175275803 0.0002 0.0002 4.49797092517217 0.5 0.5 65 
-2.1957571283976236 0.009 0.008 0.9999133785565694 3e-05 4e-05 0.9987793445587159 0.0002 0.0002 4.499365185896556 0.6 0.5 66 
-2.217647612889608 0.004 0.003 0.9999780275424321 1e-05 2e-05 0.9998353056112925 0.0001 0.0002 4.50862019220988 0.3 0.3 67 
-1.5286689122517905 0.7 0.2 0.9874235000212988 0.01 0.03 0.7821203956007957 0.2 0.4 5.120713593959809 7.0 3.0 68 
-1.6254991626739501 0.4 0.09 0.9907934012015661 0.005 0.01 0.9247678476572037 0.05 0.2 4.39697451432546 2.0 1.0 69 
-2.191793928146362 0.01 0.01 0.9999110821882884 4e-05 7e-05 0.9995781981945038 0.0002 0.0002 4.4951096145311995 0.6 0.7 70 
-1.9222940635681152 0.05 0.03 0.9977162041266759 0.0009 0.001 0.9868446381886801 0.003 0.005 4.399949301083883 2.0 1.0 71 
-2.173926674524943 0.03 0.02 0.9998501692215601 7e-05 0.0001 0.9994413687785466 0.0002 0.0003 4.489807659784953 0.8 0.9 72 
-2.1934460989634195 0.01 0.009 0.9998979806900025 4e-05 6e-05 0.9996263907353083 0.0002 0.0002 4.49565357208252 0.6 0.6 73 
-2.1863492902119956 0.02 0.01 0.9998887654145558 5e-05 0.0001 0.9995980564753214 0.0002 0.0002 4.490900449752807 0.7 0.8 74 
-2.202276496887207 0.01 0.008 0.9999272000789642 3e-05 6e-05 0.9996821753184001 0.0002 0.0002 4.498248845736185 0.5 0.5 75 
-2.171099894841512 0.02 0.02 0.999812890291214 7e-05 0.0001 0.9994734158118566 0.0002 0.0003 4.482488397757212 0.8 0.9 76 
-2.218595848083496 0.007 0.005 0.9999670141935348 9e-06 1e-05 0.9998418120543162 0.0001 0.0002 4.508502615292867 0.3 0.3 77 
-2.1583574263254803 0.03 0.02 0.9998032949368159 9e-05 0.0002 0.9992234265804291 0.0003 0.0005 4.478755314350128 0.9 1.0 78 
-2.2202074495951334 0.007 0.004 0.9999629904826483 8e-06 1e-05 0.9998533246914546 0.0001 0.0002 4.508233550389607 0.3 0.3 79 
-2.190831019083659 0.02 0.01 0.9999001687765121 5e-05 9e-05 0.9995841308434804 0.0002 0.0002 4.490592369238535 0.6 0.7 80 
-2.2182113615671795 0.007 0.005 0.9999646923939387 9e-06 1e-05 0.9998403726021449 0.0001 0.0002 4.508352169990539 0.3 0.3 81 
-2.1962326685587565 0.01 0.01 0.9999093023935953 4e-05 8e-05 0.9996324022610982 0.0002 0.0002 4.495214562416077 0.6 0.6 82 
-1.4972683588663738 0.5 0.2 0.9822525103886922 0.01 0.04 0.7621736349662145 0.2 0.5 5.240302329063415 7.0 3.0 83 
-1.509156215985616 0.9 0.2 0.9643119676907858 0.03 0.1 0.7749679468075434 0.2 0.4 5.082648993333181 6.0 3.0 84 
-2.1874622758229574 0.02 0.01 0.9998923544088999 5e-05 0.0001 0.9995481888453166 0.0002 0.0002 4.4887006910641984 0.6 0.8 85 
-2.197606232961019 0.009 0.008 0.999923561612765 3e-05 5e-05 0.9996475028991699 0.0002 0.0002 4.495214065710703 0.6 0.6 86 
-2.17423552831014 0.02 0.01 0.9998504296938578 6e-05 0.0001 0.9993427244822184 0.0002 0.0003 4.485261745452881 0.8 0.8 87 
-2.219793717066447 0.007 0.004 0.9999657545487086 8e-06 1e-05 0.9999016720056534 5e-05 9e-05 4.511263279914856 0.3 0.3 88 
-2.123491999308268 0.01 0.01 0.9994746873776118 7e-05 7e-05 0.9966559884945552 0.0001 0.0001 4.446245458126068 0.9 0.9 89 
-1.5532714716593425 0.8 0.2 0.9872649427254995 0.01 0.04 0.7877869434158007 0.2 0.5 5.197668399016062 9.0 3.0 90 
-2.1915720589955647 0.01 0.009 0.9998848648866018 5e-05 8e-05 0.9996503263711929 0.0002 0.0002 4.493276279767354 0.6 0.6 91 
-2.1907950687408446 0.02 0.01 0.9998921491702397 5e-05 9e-05 0.9995935358603796 0.0002 0.0002 4.489390232563019 0.6 0.8 92 
-1.7148145993550619 0.01 0.02 0.9940785880883535 0.003 0.004 0.951674590309461 0.02 0.03 4.3302735718091325 2.0 1.0 93 
-2.183082939783732 0.02 0.01 0.9998840888341268 5e-05 0.0001 0.9994957876205445 0.0002 0.0002 4.490331523418426 0.7 0.8 94 
-2.2256229750315346 0.001 0.0006 0.9999959057569504 3e-06 6e-06 0.9999943701426188 4e-06 9e-06 4.511686962445577 0.1 0.1 95 
-2.178596477508545 0.02 0.01 0.9998400342464447 6e-05 0.0001 0.9995591467618943 0.0002 0.0003 4.485324966112772 0.7 0.8 96 
-2.216894537607829 0.008 0.006 0.999951093395551 1e-05 2e-05 0.9998119489351909 0.0002 0.0003 4.5052780389785765 0.4 0.4 97 
-2.183853775660197 0.01 0.01 0.9998890421787898 5e-05 7e-05 0.9994458516438802 0.0002 0.0002 4.4904636693000795 0.7 0.7 98 
-2.1797361087799074 0.06 0.02 0.999843718012174 5e-05 6e-05 0.9990157343943914 0.0002 0.0003 4.488764398097992 1.0 1.0 99 
