-2.2248187319437664 0.001 0.0006 0.9999904908736547 3e-06 6e-06 0.9985666787624359 3e-05 3e-05 4.525258576075236 0.1 0.1 0 
-2.224369468688965 4e-05 4e-05 0.9999650647242864 3e-06 3e-06 0.9985438336928686 1e-05 1e-05 4.529095646540324 0.09 0.09 2 
-2.2238967672983807 0.0001 0.0001 0.9999722242355347 3e-06 3e-06 0.9985711868604025 1e-05 1e-05 4.528393836021423 0.07 0.07 3 
-2.224322519302368 0.0008 0.0005 0.9999752084414164 3e-06 3e-06 0.999942563176155 2e-05 2e-05 4.506334362030029 0.1 0.1 4 
-2.210904401143392 0.001 0.0009 0.9999730875094731 2e-05 3e-05 0.9991733926534653 3e-05 4e-05 4.5059330209096276 0.09 0.09 5 
-2.223583532969157 0.0001 0.0001 0.9999817536274592 3e-06 3e-06 0.9999850891033808 4e-07 5e-07 4.510409350395203 0.1 0.1 6 
-2.22462482770284 0.006 0.001 0.9999665055672328 2e-05 0.0001 0.9999791254599889 8e-06 2e-05 4.507663000424703 0.1 0.1 7 
-2.2158562088012697 2e-05 2e-05 0.9999182166655859 6e-07 6e-07 0.9999320169289907 1e-06 1e-06 4.511594967842102 0.08 0.08 10 
-2.2129510116577147 0.0003 0.0003 0.9999105552832286 2e-06 2e-06 0.9999785532553991 5e-06 4e-06 4.5094494692484535 0.2 0.2 14 
-2.209824765523275 6e-05 6e-05 0.9999760293960571 7e-06 7e-06 0.9990987269083659 6e-06 6e-06 4.498759919802348 0.1 0.1 16 
-2.2070777161916095 0.003 0.001 0.9999018170436224 6e-06 3e-05 0.9986948351065318 3e-05 4e-05 4.520558390617371 0.1 0.1 17 
-2.2111069552103677 0.0002 0.0002 0.9999870947996775 7e-06 1e-05 0.9992220614353816 6e-06 6e-06 4.498425871531168 0.08 0.08 18 
-2.224183095296224 0.005 0.002 0.9999775894482931 2e-05 4e-05 0.9999652383724849 2e-05 5e-05 4.506326967875163 0.2 0.2 19 
-2.2099322764078777 0.0001 0.0002 0.9999833659331003 9e-07 8e-07 0.9991008428732554 4e-05 4e-05 4.497890442212423 0.1 0.1 21 
-2.2168735949198406 4e-05 4e-05 0.9999669849872589 2e-06 2e-06 0.9999391128619511 5e-07 6e-07 4.504471627871196 0.09 0.09 23 
-2.2166831906636557 0.005 0.002 0.9999726804097494 4e-06 1e-05 0.9985197393099466 4e-05 0.0002 4.523450638453165 0.2 0.2 26 
-2.2174521191914875 0.003 0.001 0.9999764206012091 5e-06 1e-05 0.9999594310919444 7e-06 2e-05 4.507147286732992 0.2 0.2 27 
-2.220935516357422 0.0004 0.0004 0.9999481978019079 4e-06 4e-06 0.999924410780271 4e-06 7e-06 4.508358084360759 0.3 0.3 29 
-2.2107682259877524 0.0002 0.0002 0.999981983701388 4e-06 4e-06 0.9991802690426509 2e-06 1e-06 4.500235261917115 0.09 0.09 32 
-2.2219120756785076 0.001 0.0009 0.9999839176734289 2e-06 3e-06 0.99991177380085 3e-05 6e-05 4.498067037264506 0.2 0.2 33 
-2.225429547627767 3e-05 3e-05 0.9999968206882477 6e-07 4e-07 0.9985715126991273 2e-05 2e-05 4.526233852704366 0.08 0.08 34 
-2.2244004313151042 0.0001 0.0001 0.9999820721149445 2e-06 2e-06 0.9997125395139058 6e-06 8e-06 4.509370261828105 0.1 0.1 38 
-2.2197156874338786 0.0003 0.0003 0.999947346051534 4e-06 5e-06 0.9999620107809702 3e-06 3e-06 4.50807187239329 0.2 0.2 39 
-2.203325630823771 0.001 0.0006 0.9999274794260661 2e-06 2e-06 0.9986957877874374 3e-05 6e-05 4.499382376670837 0.1 0.1 40 
-2.224973694483439 4e-05 4e-05 0.9999832274516424 2e-06 2e-06 0.9999744468927383 1e-06 1e-06 4.511476135253906 0.1 0.1 41 
-0.3784417756398519 9e-05 7e-05 0.8137521622578303 0.002 0.002 0.9829781170686086 0.0007 0.0007 2.381906814575195 0.05 0.05 44 
-2.2108464940388997 0.0006 0.0005 0.99998950223128 4e-06 7e-06 0.9992153845230738 1e-05 2e-05 4.4984236415227254 0.1 0.1 45 
-2.2090726884206138 0.0001 9e-05 0.9999735677242279 9e-06 9e-06 0.9978050275643666 1e-05 1e-05 4.513503739039103 0.08 0.08 46 
-2.2249705314636232 0.001 0.0005 0.9999658741553624 7e-06 1e-05 0.9999896444876989 3e-06 8e-06 4.511071182886759 0.1 0.2 47 
-0.38914413134257 0.0001 0.0001 0.8204096615314483 0.003 0.003 0.9860486767689387 0.002 0.003 2.3925006985664368 0.1 0.09 48 
-2.2218451849619547 0.001 0.001 0.9999193008740743 2e-05 2e-05 0.9999837704499562 5e-06 8e-06 4.513944595654806 0.2 0.2 49 
-2.21976487159729 0.005 0.002 0.9999116704861323 2e-05 3e-05 0.9998988850911459 5e-05 9e-05 4.5012262852986655 0.2 0.2 51 
-2.2089811770121255 0.0001 0.0001 0.9999849597613016 3e-06 3e-06 0.9991702119509379 2e-05 2e-05 4.496856333414714 0.2 0.2 54 
-2.2249577458699545 0.003 0.0009 0.999986696044604 4e-06 2e-05 0.9999813087781271 1e-05 2e-05 4.512062180836995 0.1 0.2 55 
-2.2223077042897543 0.0002 0.0001 0.9999679259459178 8e-06 3e-05 0.9999628575642904 8e-06 4e-05 4.503286275863648 0.1 0.1 56 
-2.211622664133708 0.0002 0.0002 0.9999919033050537 3e-06 4e-06 0.999229884147644 5e-06 2e-05 4.498669961293539 0.08 0.08 57 
-2.223213233947754 0.0001 0.0001 0.9999849665164947 4e-07 4e-07 0.9999866827329 7e-07 7e-07 4.509241921106974 0.08 0.08 59 
-2.2103029537200927 0.01 0.007 0.9999060692389806 4e-05 7e-05 0.9999909961223602 6e-06 1e-05 4.5057577625910445 0.1 0.1 61 
-2.225452744166056 6e-05 5e-05 0.9999698477983475 3e-06 3e-06 0.9999191262324651 6e-07 7e-07 4.512693252563476 0.09 0.09 62 
-2.224655132293701 0.001 0.0007 0.9999852524201075 4e-06 5e-06 0.998576031923294 2e-05 4e-05 4.526023578643799 0.1 0.1 64 
-2.2238141441345216 8e-05 8e-05 0.9999793907006581 2e-06 2e-06 0.9999238989750544 2e-06 2e-06 4.509749975204468 0.1 0.1 66 
-2.224904562632243 0.001 0.0007 0.9999784739812215 3e-06 7e-06 0.9998918902873993 2e-05 6e-05 4.504851757685343 0.1 0.1 68 
-2.2109845542907713 0.0002 0.0002 0.9999849921464921 9e-07 8e-07 0.9987710779905319 1e-05 1e-05 4.505475416183471 0.1 0.1 71 
-2.211363884607951 2e-05 2e-05 0.9999824428558349 3e-06 3e-06 0.9978070652484894 2e-05 2e-05 4.514699465433757 0.08 0.08 72 
-2.2255844020843507 0.0002 0.0001 0.9999949022134145 1e-06 2e-06 0.9985719851652781 2e-05 2e-05 4.527093445460002 0.07 0.07 75 
-1.582696517308553 0.0003 0.0002 0.9903771233558655 0.0001 0.0002 0.9987489797671636 0.0001 0.0001 4.060651244322459 0.1 0.1 77 
-2.224954191843669 6e-05 5e-05 0.9999835000435511 2e-06 2e-06 0.9999887911478679 2e-06 4e-06 4.51117790222168 0.09 0.09 78 
-2.2213054529825844 0.02 0.004 0.999874336918195 3e-05 0.0001 0.9997704946994781 2e-05 0.0001 4.511621136665344 0.4 0.4 79 
-2.2191038449605305 0.003 0.002 0.9998520682255427 4e-05 0.0001 0.9992384692033132 1e-05 2e-05 4.5002000045776365 0.2 0.2 80 
-2.2159379291534425 0.0001 0.0001 0.9999675971269607 2e-06 2e-06 0.9999374540646871 7e-06 7e-06 4.5007350730896 0.1 0.1 82 
-2.224931211471558 0.0001 0.0001 0.9999853972593943 2e-06 2e-06 0.9999841342369715 2e-06 2e-06 4.510083856582642 0.09 0.09 83 
-2.2113752619425457 0.01 0.006 0.9999238034089406 4e-05 7e-05 0.9999705586830775 9e-06 1e-05 4.503051813443502 0.07 0.07 85 
-2.2251772022247316 0.0003 0.0003 0.9999895014365514 3e-06 4e-06 0.9999487968285878 3e-06 1e-05 4.512332493464152 0.09 0.09 87 
-2.224858636856079 0.003 0.0008 0.9999867528676987 3e-06 1e-05 0.9999840867519378 3e-06 3e-06 4.510561854044596 0.09 0.08 88 
-2.2163657347361245 0.0001 0.0001 0.9999638430277507 3e-06 3e-06 0.9985652444760005 1e-05 1e-05 4.522284647623698 0.1 0.1 89 
-2.2248652235666913 0.004 0.001 0.9999797705809276 9e-06 2e-05 0.9999937103192011 6e-06 2e-05 4.512185613314311 0.1 0.1 91 
-1.5698539543151855 0.0006 0.0003 0.9899829147259395 5e-05 6e-05 0.9979890364408494 0.0002 0.0002 4.045708731015523 0.1 0.1 92 
-2.221869446436564 0.0007 0.0005 0.9999289691448212 9e-06 9e-06 0.9999165205160777 1e-05 1e-05 4.506955194473266 0.1 0.1 94 
-2.224785407384237 0.0002 0.0001 0.999983798066775 2e-06 3e-06 0.99997864762942 3e-06 5e-06 4.510424054463704 0.1 0.1 96 
-2.2230284722646076 0.003 0.001 0.9999764643112818 8e-06 2e-05 0.9996263579527537 4e-05 8e-05 4.514606849352519 0.2 0.2 97 
-2.2251172320048016 0.0003 0.0003 0.999980122645696 1e-05 5e-05 0.9985657034317652 6e-06 1e-05 4.528314191500346 0.07 0.07 98 
