-2.2118332195281982 0.006 0.004 0.9993358951807022 4e-05 4e-05 0.9996604798237483 4e-05 8e-05 4.5376772864659625 0.07 0.08 0 
-2.2258359718322756 0.002 0.0005 0.9999941579500834 4e-06 1e-05 0.9999768235286077 1e-05 3e-05 4.511945107777914 0.1 0.09 6 
-2.0765446631113686 0.06 0.05 0.9806316431363423 0.002 0.002 0.998362659017245 0.0009 0.002 4.976036953926086 0.2 0.2 7 
-2.192769530614217 0.05 0.02 0.997556289434433 0.0004 0.0004 0.9997687153021495 0.0001 0.0005 4.589483893712361 0.2 0.2 8 
-2.1439984289805096 0.04 0.01 0.9891776440540949 0.002 0.002 0.9966810697317123 0.0008 0.0006 4.742150975863139 0.1 0.2 9 
-1.8441506894429525 0.01 0.01 0.9279488746325175 0.002 0.002 0.9982506479819616 0.0001 0.0001 5.425372854868571 0.04 0.04 16 
-0.617931588490804 0.006 0.006 0.9277874088287353 0.0004 0.0004 0.9782529066006342 7e-06 7e-06 5.097188658714295 0.004 0.004 17 
-1.2828866465886435 0.4 0.3 0.9634386889139811 0.03 0.06 0.8519701143105824 0.09 0.2 4.186020344098409 3.0 2.0 18 
-1.4369891293843586 0.03 0.01 0.9446266523996989 0.0006 0.001 0.954530037244161 0.002 0.004 5.715996715227763 0.06 0.07 19 
-2.1958863671620685 0.01 0.007 0.9964858684937159 0.001 0.002 0.9998392605781555 6e-05 0.0001 4.540631306966146 0.05 0.05 22 
-2.115983422597249 0.07 0.04 0.9860501579443613 0.0005 0.0004 0.9989539364973704 0.0003 0.0004 4.81174019018809 0.2 0.2 23 
-2.2083030478159587 0.007 0.007 0.9986244457960128 0.0001 0.0001 0.9997361083825429 0.0002 0.0002 4.542047443389893 0.3 0.3 24 
-2.204572696685791 0.01 0.005 0.9967481648921966 0.0004 0.0004 0.9998004122575124 7e-05 0.0002 4.612697763442993 0.2 0.1 27 
-2.2262162812550863 0.002 0.0003 0.9999931170543035 5e-06 1e-05 0.9999957126379013 3e-06 1e-05 4.5121381409962975 0.04 0.04 30 
-2.191142126719157 0.008 0.004 0.9986324763298035 0.0002 0.0002 0.9998986480633417 2e-05 2e-05 4.5426620038350425 0.04 0.04 31 
-1.048887062072754 0.7 0.4 0.9101843126614888 0.006 0.005 0.9888290613889694 0.009 0.006 5.384867281913757 0.7 0.7 32 
-1.3836344178517659 0.5 0.2 0.9770118520657222 0.004 0.005 0.993220426440239 0.003 0.006 3.7820162200927734 0.4 0.4 33 
-0.7979834334055582 0.8 0.4 0.9676438812414805 0.02 0.03 0.8321618378162384 0.03 0.03 5.282851146062215 0.4 0.5 34 
-1.6398168182373047 0.01 0.01 0.9477801636854808 0.0003 0.0002 0.9633462689320247 0.002 0.002 6.152811482747396 0.05 0.05 35 
-2.2258742300669354 0.0004 0.0003 0.9998981340726216 3e-06 4e-06 0.9999903736511866 8e-06 1e-05 4.513838804562886 0.06 0.05 38 
-2.2233915932973227 0.003 0.002 0.9998644510904948 0.0001 0.0001 0.9999840782086055 1e-05 2e-05 4.511844776471456 0.08 0.08 41 
-2.2231582578023277 0.009 0.003 0.9999546917279561 2e-05 5e-05 0.9999744027853013 2e-05 7e-05 4.513755439122518 0.1 0.1 43 
-2.226423842112223 0.0002 4e-05 0.9999988794326782 9e-07 3e-06 0.9999988126754761 9e-07 3e-06 4.512089161872864 0.03 0.03 44 
-1.0263448143005371 0.03 0.03 0.8947491880257924 0.002 0.002 0.9944775249560674 0.0004 0.0004 5.61337362130483 0.004 0.002 45 
-2.226092233657837 0.0005 0.0002 0.9999906788269679 6e-06 1e-05 0.9999867540597915 5e-06 8e-06 4.512383319536845 0.07 0.08 48 
-2.2230332310994467 0.01 0.003 0.9999014703432719 6e-05 9e-05 0.9999149147669474 6e-05 0.0001 4.5162005599339805 0.1 0.1 49 
-1.9908579889933269 0.07 0.04 0.968142867287 0.005 0.004 0.9982292944192886 0.0002 0.0008 4.987624192237854 0.1 0.1 50 
-2.2193568642934163 0.005 0.002 0.9992819279432297 3e-05 4e-05 0.9999472363789876 8e-06 2e-05 4.536082542737325 0.07 0.07 51 
-2.217596572240194 0.008 0.007 0.9998304619391759 0.0001 0.0001 0.9999137681722641 4e-05 9e-05 4.512854455312093 0.2 0.1 52 
-2.2183869870503745 0.01 0.007 0.9997676664590835 0.0002 0.0005 0.999898665547371 9e-05 0.0002 4.513168462117513 0.1 0.1 53 
-2.2257373555501303 0.002 0.0005 0.9999879115819931 7e-06 2e-05 0.9999729800224304 1e-05 5e-05 4.512317905426025 0.1 0.1 54 
-1.5970140488942464 0.8 0.4 0.9878350112835567 0.009 0.01 0.9889812610546748 0.005 0.01 4.238297511736552 1.0 0.7 56 
-2.2263067785898842 0.0003 6e-05 0.9999956278006236 2e-06 1e-05 0.9999985680977503 1e-06 4e-06 4.5122780481974285 0.06 0.05 57 
-0.8202219899495443 0.8 0.6 0.9809088315566381 0.007 0.01 0.9342804515361786 0.04 0.05 6.2258217827479045 3.0 2.0 58 
-2.2259683640797934 0.0007 0.0002 0.9999911497036617 6e-06 1e-05 0.999990593791008 5e-06 1e-05 4.512481854756673 0.06 0.05 60 
-2.2263439591725667 0.0003 0.0002 0.999998138944308 1e-06 2e-06 0.9999959349632264 4e-06 9e-06 4.512180000940958 0.04 0.04 61 
-2.2257978280385333 0.002 0.0006 0.9999935156106949 4e-06 1e-05 0.9999903388818105 9e-06 4e-05 4.5117724323272705 0.07 0.06 62 
-0.5515302912394205 0.03 0.03 0.9398870265483856 0.002 0.002 0.9063295976320902 0.0003 0.0005 6.796537081400554 0.1 0.1 63 
-2.221969175338745 0.007 0.002 0.9998779036601384 3e-05 4e-05 0.9999439537525177 3e-05 9e-05 4.510975891749064 0.2 0.2 64 
-2.215461794535319 0.003 0.0008 0.9994766881068547 4e-05 0.0001 0.9999202440182368 1e-05 4e-05 4.539620925585429 0.07 0.09 65 
-2.220886812210083 0.006 0.003 0.9994291724761327 3e-05 7e-05 0.9999522495269776 4e-05 0.0001 4.524542949994405 0.09 0.08 66 
-2.170427853266398 0.1 0.04 0.9994622280200323 0.0003 0.0007 0.9994489685694377 0.0004 0.001 4.487682587305705 0.3 0.2 67 
-2.225344231923421 0.003 0.001 0.9999767716725667 1e-05 4e-05 0.9999443427721659 3e-05 0.0001 4.51248611609141 0.2 0.2 68 
-2.2252162869771324 0.001 0.0009 0.9999769747257232 1e-05 2e-05 0.9999802901347479 1e-05 2e-05 4.511674143473307 0.08 0.09 70 
-2.2254819234212238 0.003 0.0008 0.999977476199468 6e-06 3e-05 0.9999547189474106 2e-05 0.0001 4.514417667388916 0.1 0.1 71 
-2.0237367884318034 0.06 0.04 0.9905734147628148 0.001 0.002 0.9929585589965184 0.002 0.003 4.713782617251078 0.07 0.05 73 
-2.2200286324818927 0.007 0.005 0.9992869313557943 0.0004 0.0004 0.9999709369738897 2e-05 5e-05 4.51100080649058 0.06 0.06 76 
-2.054448397954305 0.05 0.07 0.9852540701627731 0.001 0.001 0.9993274468183517 0.0003 0.0003 4.785826676686605 0.3 0.3 77 
-2.2165646425882977 0.006 0.005 0.9995462967952092 0.0001 0.0001 0.9998782332738241 9e-05 0.0002 4.5281920178731285 0.2 0.2 78 
-2.2229644870758056 0.008 0.002 0.9997147583961487 3e-05 5e-05 0.9999637528260549 1e-05 2e-05 4.532642669677735 0.05 0.06 79 
-2.2018468062082928 0.02 0.02 0.9984244881073634 3e-05 3e-05 0.9994310780366262 0.0005 0.0005 4.5579413143793746 0.1 0.1 80 
-1.2521206665039062 1.0 0.3 0.9704445920387904 0.007 0.01 0.9790177537997564 0.004 0.006 5.790170342127482 0.9 0.9 82 
-2.225705763498942 0.003 0.0005 0.999966366092364 3e-05 0.0002 0.9999924405415853 6e-06 2e-05 4.511908971468608 0.03 0.04 85 
-2.2213787015279136 0.01 0.004 0.9996616444985071 3e-05 6e-05 0.9999883053700129 6e-06 1e-05 4.529579850832621 0.05 0.06 86 
-1.584639581044515 0.005 0.005 0.9618487864732742 0.0006 0.0006 0.9908527354399363 0.0009 0.001 3.95477087020874 0.07 0.07 87 
-2.174578104019165 0.1 0.03 0.9957445448637009 0.002 0.004 0.9995940989255905 0.0004 0.0009 4.610438823699951 0.2 0.2 90 
-1.5177348709106446 0.3 0.3 0.9531494585673014 0.003 0.003 0.9887275453408559 0.009 0.007 5.250269269943237 0.9 0.8 93 
-2.19223739306132 0.008 0.007 0.9983123354117076 0.0002 0.0002 0.9996080090602238 0.0001 0.0002 4.558929980595907 0.3 0.3 94 
-0.9863566430409749 7.0 1.0 0.9774285995960236 0.01 0.05 0.942291086713473 0.05 0.4 4.549537411530813 0.9 1.0 98 
-2.2139827028910317 0.009 0.004 0.9981002749999365 0.0001 0.0001 0.9999154849847158 3e-05 4e-05 4.5797545560201005 0.08 0.08 99 
