-2.2219994195302326 0.005 0.002 0.9999654773871104 2e-05 6e-05 0.9999166566133499 4e-05 0.0001 4.507252672513326 0.1 0.1 1 
-2.2212839317321778 0.007 0.003 0.9999115681648254 5e-05 0.0002 0.9999654934803645 2e-05 4e-05 4.51175985177358 0.2 0.2 3 
-2.220675427118937 0.001 0.0007 0.9999154327313106 1e-05 2e-05 0.9999816795190175 4e-06 8e-06 4.509690322875977 0.2 0.2 5 
-2.2209779421488443 0.002 0.001 0.9999452571074168 1e-05 2e-05 0.999911012450854 5e-05 5e-05 4.502461791038513 0.2 0.2 6 
-2.2223875904083252 0.0006 0.0005 0.9998904238144557 5e-05 0.0001 0.9999958966175715 1e-06 2e-06 4.50977060953776 0.1 0.1 11 
-2.224461409250895 0.001 0.0007 0.9999749096234639 5e-06 1e-05 0.9998408055305481 1e-05 1e-05 4.508612686793009 0.1 0.1 20 
-2.2219631703694662 0.0002 0.0002 0.9999654243389765 5e-06 5e-06 0.9999502485990525 3e-06 3e-06 4.509705890019735 0.1 0.1 26 
-2.2219383621215822 0.0001 0.0001 0.9999128689368566 9e-06 9e-06 0.9999575134118398 1e-06 2e-06 4.510774003664652 0.2 0.2 29 
-2.2209084860483803 0.0003 0.0003 0.9999511973063151 1e-05 1e-05 0.9999524281422297 7e-06 7e-06 4.512311809857686 0.2 0.2 32 
-2.221470111211141 0.002 0.001 0.9999460933605829 1e-05 2e-05 0.999976452589035 2e-05 4e-05 4.510766379038492 0.2 0.2 33 
-2.221175883611043 0.005 0.002 0.9999740646282832 1e-05 2e-05 0.9985392423470815 6e-05 0.0001 4.515489209493001 0.2 0.2 37 
-2.222722387313843 0.001 0.0006 0.9999246905247371 2e-05 1e-05 0.9999449207385381 3e-05 4e-05 4.514790722529093 0.2 0.2 42 
-2.2229415861765545 0.0004 0.0003 0.9999661107858022 5e-06 6e-06 0.9999692879120509 2e-06 3e-06 4.509644157091777 0.1 0.1 50 
-2.223419920603434 0.0007 0.0006 0.9999649508794148 9e-06 1e-05 0.9999673406283061 7e-06 1e-05 4.508581206003825 0.2 0.2 60 
-2.222586088180542 0.0004 0.0003 0.9999320149421692 1e-05 1e-05 0.9994916824499765 7e-06 1e-05 4.518263850212097 0.2 0.2 65 
-2.2226770877838136 0.005 0.002 0.9999552990992864 2e-05 7e-05 0.9999597589174907 2e-05 2e-05 4.507627474466959 0.2 0.2 67 
-2.224547789891561 0.002 0.001 0.9999707720677058 2e-05 4e-05 0.9998891443014145 3e-06 5e-06 4.511670861244202 0.1 0.1 74 
-2.2243674596150718 0.0007 0.0003 0.9999791618188222 5e-06 5e-06 0.9999719647566477 2e-05 6e-05 4.509262426694234 0.1 0.1 80 
-2.221979646682739 0.0002 0.0002 0.9999867073694865 7e-07 7e-07 0.9998226139942805 4e-05 4e-05 4.492667902310689 0.2 0.2 83 
-2.2230387051900227 0.002 0.0007 0.9999566024541855 2e-05 1e-05 0.9985323476791382 3e-05 6e-05 4.528493967056274 0.2 0.2 91 
