-2.2074077796936034 0.008 0.007 0.9967745063702266 0.002 0.004 0.9994745433330536 0.0003 0.0003 4.7267292833328245 0.05 0.1 0 
-2.2129720497131347 0.01 0.009 0.9994177043437957 0.0002 0.0002 0.9999593025445939 3e-05 4e-05 4.534581292470296 0.07 0.08 1 
-2.226466042200724 0.0004 7e-05 0.9999963700771332 9e-07 3e-06 0.9999990429480871 9e-07 4e-06 4.512239758173624 0.03 0.03 2 
-2.2252294858296713 0.001 0.0007 0.9998273173967998 0.0001 0.0002 0.9999890188376109 8e-06 1e-05 4.520303605397542 0.03 0.02 4 
-2.223752113978068 0.002 0.002 0.9999599446853001 2e-05 2e-05 0.9999915061394373 7e-06 1e-05 4.51122340520223 0.09 0.09 5 
-2.2255574162801106 0.0008 0.0005 0.999818054040273 6e-05 0.0001 0.9999924953778585 5e-06 3e-05 4.525281065305074 0.02 0.02 6 
-2.2262581952412925 5e-05 2e-05 0.9999985814094543 8e-07 2e-06 0.9999996461470921 4e-07 3e-07 4.512134431203206 0.009 0.01 7 
-2.22566304842631 0.002 0.0007 0.9999805494149526 1e-05 8e-05 0.9999935678641001 6e-06 5e-05 4.513336122830709 0.05 0.05 8 
-2.226251017252604 0.0003 0.0001 0.9999981695413589 2e-06 5e-06 0.9999982076883316 1e-06 3e-06 4.511945632298787 0.04 0.04 10 
-2.2036500295003254 0.02 0.02 0.9987603769699732 0.0002 0.0002 0.9999641559521357 3e-05 3e-05 4.5524033244450886 0.1 0.1 11 
-2.17709015528361 0.02 0.02 0.9904318054517111 0.001 0.0006 0.9991193674008052 0.0006 0.0008 4.69267698764801 0.08 0.1 13 
-2.226352933247884 0.0003 8e-05 0.9999928317467371 8e-07 2e-06 0.9999914004405339 2e-06 4e-06 4.513376959164938 0.02 0.02 17 
-2.2263201967875164 0.0003 7e-05 0.9999982541799546 1e-06 4e-06 0.9999988504250844 1e-06 3e-06 4.512070129712423 0.02 0.02 18 
-2.2223093795776365 0.002 0.001 0.9996114428838094 0.0001 0.0002 0.9998801143964132 7e-05 0.0001 4.539701186815898 0.04 0.04 19 
-2.217462615966797 0.007 0.003 0.9983415820201238 0.0003 0.0003 0.9998831286032994 7e-05 0.0001 4.601497840881348 0.1 0.1 20 
-2.224118245442708 0.002 0.001 0.9998606153329214 3e-05 4e-05 0.9999889129400253 6e-06 2e-05 4.522761974334717 0.05 0.05 21 
-2.2186196200052897 0.009 0.005 0.9981890040636062 0.001 0.0009 0.9999449684222539 3e-05 5e-05 4.5907665554682415 0.04 0.06 22 
-2.226234038670858 0.0006 0.0002 0.9999833516279857 2e-06 6e-06 0.9999927753210067 3e-06 5e-06 4.514450745582581 0.04 0.03 23 
-2.226361478169759 7e-05 3e-05 0.999991347193718 5e-06 1e-05 0.9999988575776418 6e-07 9e-07 4.513245873451233 0.01 0.01 24 
-2.2258903058369954 0.002 0.0006 0.9999804490804672 9e-06 2e-05 0.9999968725442886 3e-06 8e-06 4.51262921333313 0.04 0.04 25 
-2.225956694285075 0.0004 0.0003 0.9999784775575002 1e-05 1e-05 0.9999966184298198 3e-06 7e-06 4.512620504697164 0.02 0.02 26 
-2.2262072213490804 0.0002 0.0001 0.9999966138601303 2e-06 9e-06 0.9999988422791163 1e-06 1e-06 4.512230618794759 0.02 0.02 27 
-2.2008737246195476 0.03 0.01 0.9977581202983856 0.001 0.003 0.9997708570957183 0.0002 0.0005 4.577258167266845 0.1 0.09 29 
-2.2026819229125976 0.07 0.02 0.9991919404268265 0.0003 0.0006 0.9998808240890503 0.0001 0.0003 4.540461549758911 0.07 0.1 30 
-2.22589301109314 0.0006 0.0004 0.9999912279844284 5e-06 1e-05 0.9999989936749141 8e-07 1e-06 4.512523393630982 0.04 0.04 31 
-2.2262362480163573 5e-05 2e-05 0.999992934068044 6e-07 1e-06 0.9999976452191671 1e-06 1e-06 4.5126982005437215 0.01 0.01 32 
-2.226287320454915 0.0005 0.0002 0.9999781451622645 3e-06 7e-06 0.9999952991803487 3e-06 8e-06 4.513080787658692 0.04 0.03 33 
-2.226400636037191 5e-05 2e-05 0.9999989406267802 7e-07 2e-06 0.9999994820356369 3e-07 3e-07 4.512155089378357 0.02 0.02 34 
-2.2255562051137288 0.001 0.0008 0.999980088075002 8e-06 1e-05 0.9999974211057027 2e-06 2e-06 4.513615112304688 0.02 0.03 35 
-2.2261475340525307 0.0005 0.0003 0.9999604872862498 1e-05 2e-05 0.9999926805496215 6e-06 2e-05 4.517833975156148 0.03 0.02 36 
-2.2259943453470865 0.0008 0.0003 0.9999927965799967 2e-06 6e-06 0.9999980638424556 1e-06 4e-06 4.512799213727315 0.02 0.01 37 
-2.2260004711151122 0.001 0.0004 0.9999931486447652 4e-06 2e-05 0.9999983284870784 1e-06 4e-06 4.512272523244222 0.06 0.07 38 
-2.2262829621632894 0.0004 0.0001 0.999997434814771 2e-06 7e-06 0.9999980427821478 1e-06 6e-06 4.51195689201355 0.04 0.04 39 
-2.2264250914255777 0.0002 6e-05 0.9999980539083481 2e-06 6e-06 0.9999992762009303 5e-07 2e-06 4.512158128420512 0.04 0.04 40 
-1.9247924264272054 0.3 0.3 0.9642455182472864 0.03 0.03 0.9975882548093796 0.002 0.003 5.021267490386963 0.4 0.5 41 
-2.1181184673309326 0.1 0.05 0.9814589961369833 0.003 0.006 0.9995328589280447 0.0004 0.001 4.887204232215882 0.3 0.4 42 
-2.2228109963734943 0.004 0.003 0.9998221830526988 8e-05 0.0001 0.9999821370840073 1e-05 3e-05 4.5204700072606405 0.04 0.05 43 
-2.225777282714844 0.0005 0.0004 0.9999789239962896 6e-06 2e-05 0.9999857658147812 1e-05 2e-05 4.512892961502075 0.04 0.04 45 
-2.225366646448771 0.001 0.0008 0.9999374167124431 2e-05 2e-05 0.9999953013658524 3e-06 4e-06 4.515443336168925 0.03 0.03 46 
-2.217385524113973 0.005 0.002 0.9983030217885971 0.0005 0.0007 0.9997395598888397 6e-05 0.0002 4.615616286595662 0.08 0.07 48 
-2.2241967709859214 0.008 0.002 0.999931205312411 2e-05 0.0001 0.9999882660309474 9e-06 4e-05 4.516444342931112 0.05 0.05 49 
-2.2259105332692464 0.001 0.0006 0.9999870349963506 5e-06 1e-05 0.999996550877889 3e-06 6e-06 4.512952621777853 0.05 0.06 50 
-2.2264916547139486 0.0002 4e-05 0.9999957766135533 8e-07 2e-06 0.9999988696972529 1e-06 2e-06 4.51237910747528 0.02 0.02 52 
-2.21529509862264 0.06 0.01 0.9997374763091406 0.0002 0.0005 0.9999195532004038 7e-05 0.0003 4.512824204762777 0.1 0.1 53 
-2.2076618385314943 0.03 0.01 0.9990700697898864 0.0007 0.003 0.9992781448364257 0.0006 0.001 4.607958397865295 0.07 0.1 55 
-2.226366399129232 0.0003 0.0002 0.9999976134300232 2e-06 6e-06 0.9999975375334422 2e-06 7e-06 4.512062198321025 0.02 0.02 56 
-2.213615067799886 0.004 0.002 0.9996252566576004 0.0001 0.0003 0.9994413457314173 0.0001 0.0002 4.601330814361572 0.06 0.05 57 
-2.2243074226379393 0.004 0.002 0.9998149146636327 3e-05 9e-05 0.9999956858158111 3e-06 9e-06 4.525961607297262 0.01 0.02 58 
-2.226442750295003 0.0002 0.0001 0.9999955346186956 1e-06 5e-06 0.9999993566672007 6e-07 1e-06 4.5127373870213825 0.02 0.02 60 
-2.223773129781087 0.001 0.001 0.9998181108633677 2e-05 2e-05 0.9999622895320257 1e-05 2e-05 4.524395658175151 0.05 0.05 61 
-2.224706646601359 0.002 0.0005 0.9996226340532303 9e-05 0.0002 0.9999933284521103 1e-06 8e-06 4.535736815134684 0.03 0.02 62 
-2.2252793661753336 0.002 0.001 0.9999657915035883 2e-05 7e-05 0.999980569879214 2e-05 5e-05 4.514444265365601 0.06 0.06 64 
-2.1884668000539143 0.05 0.03 0.9964423312743504 0.003 0.007 0.9994517393906911 0.0005 0.0006 4.608786830902099 0.2 0.1 65 
-2.226470947265625 0.0003 8e-05 0.9999971137444178 2e-06 7e-06 0.9999988224109014 1e-06 3e-06 4.512123977343242 0.02 0.02 66 
-2.225783551534017 0.0006 0.0003 0.9999018607536951 2e-05 2e-05 0.9999943532546361 4e-06 9e-06 4.520945210456848 0.02 0.02 67 
-2.226297311782837 0.0005 0.0002 0.9999922678867976 4e-06 1e-05 0.9999977703889211 2e-06 9e-06 4.512101941108703 0.04 0.05 72 
-2.1898596159617107 0.06 0.02 0.9929586428403855 0.001 0.002 0.9996547895669937 0.0003 0.002 4.725137255986532 0.1 0.3 73 
-2.2259590498606365 0.001 0.0003 0.999989295999209 2e-06 4e-06 0.9999958644310634 2e-06 1e-05 4.512472139994303 0.03 0.03 75 
-2.226253604888916 0.0002 8e-05 0.9999986867109935 7e-07 3e-06 0.999999406337738 4e-07 6e-07 4.512088640530904 0.02 0.03 78 
-2.224215450286865 0.002 0.002 0.9998480149110158 5e-05 7e-05 0.9999808750549952 1e-05 2e-05 4.515258433024089 0.04 0.04 79 
-2.2257491874694826 0.002 0.0005 0.9999747629960378 4e-06 1e-05 0.9999955248832703 4e-06 2e-05 4.514970191319784 0.02 0.02 80 
-2.2253017298380535 0.008 0.001 0.9999645062287649 1e-05 9e-05 0.9999875062704087 1e-05 5e-05 4.513888737360636 0.04 0.03 81 
-2.226416180928548 0.0002 7e-05 0.9999923672278722 1e-06 3e-06 0.9999992438157399 5e-07 1e-06 4.51168310324351 0.03 0.03 83 
-2.22635671933492 8e-05 4e-05 0.9999973185857137 1e-06 2e-06 0.99999902288119 6e-07 1e-06 4.512235285441081 0.02 0.02 84 
-2.171336250305176 0.05 0.03 0.9992058879137039 0.0005 0.001 0.9980204178889592 0.001 0.002 4.15869660059611 0.2 0.2 85 
-2.0471068731943767 0.3 0.1 0.9796676379442215 0.01 0.02 0.9981071156263351 0.001 0.002 4.960031536420186 0.2 0.1 86 
-2.2040944290161133 0.02 0.01 0.9995802825689316 0.0001 7e-05 0.9995916636784872 0.0003 0.0005 4.577892508506775 0.1 0.08 87 
-2.211058104832967 0.02 0.01 0.9994020362695059 0.0003 0.0006 0.9999114755789439 7e-05 0.0001 4.535306000709534 0.08 0.08 88 
-2.2264103349049886 0.0003 9e-05 0.9999986610809962 1e-06 4e-06 0.9999987816810608 9e-07 2e-06 4.512118589083354 0.02 0.02 89 
-2.2263832569122313 8e-05 3e-05 0.9999988174438477 6e-07 2e-06 0.9999992988506953 4e-07 8e-07 4.512348461151123 0.02 0.02 90 
-2.220541976292928 0.005 0.003 0.9989783376455307 0.0005 0.0007 0.9999141190449397 7e-05 0.0002 4.564747201601664 0.07 0.05 91 
-2.21159410794576 0.008 0.009 0.9981526883443197 0.0004 0.0004 0.999951466123263 2e-05 5e-05 4.580409042040507 0.07 0.05 92 
-2.226455135345459 0.0001 9e-05 0.9999991204341253 5e-07 8e-07 0.9999982359011969 2e-06 3e-06 4.5121263996760055 0.02 0.02 93 
-2.1905769125620522 0.04 0.02 0.9921644677718481 0.005 0.01 0.9992947043975194 0.0003 0.0003 4.698423638343811 0.2 0.1 94 
-2.225272356669108 0.0009 0.0006 0.9999501393238703 1e-05 2e-05 0.9999795571962993 2e-05 3e-05 4.5119897667566935 0.04 0.04 95 
-2.226423905690511 3e-05 1e-05 0.999999496738116 4e-07 1e-06 0.9999995209773381 4e-07 4e-07 4.512115279833476 0.01 0.01 96 
-2.2189759095509847 0.02 0.005 0.9990915966033935 0.0008 0.0005 0.999792822599411 0.0002 0.0006 4.4788736804326374 0.09 0.2 97 
-2.2264220333099365 0.0002 0.0001 0.9999988577763239 7e-07 9e-07 0.999998474518458 2e-06 2e-06 4.512090039253235 0.02 0.02 99 
