-2.2257184314727785 0.001 0.0004 0.9999961388111115 2e-06 2e-06 0.999988181789716 9e-06 4e-05 4.511878910064698 0.1 0.1 53 
-2.225677655537923 0.001 0.0004 0.9999960281451543 1e-06 2e-06 0.9999876848856608 1e-05 4e-05 4.512162691752116 0.1 0.1 148 
-2.2257133769989013 0.001 0.0005 0.9999963074922562 2e-06 3e-06 0.9999886133273442 8e-06 4e-05 4.511895785331726 0.1 0.1 14 
-2.225647532145182 0.001 0.0006 0.9999964074293772 3e-06 1e-05 0.999983029961586 1e-05 5e-05 4.512035236358643 0.1 0.1 57 
-2.225710964202881 0.001 0.0004 0.9999961350361506 1e-06 3e-06 0.9999882789452871 9e-06 4e-05 4.511935718854269 0.1 0.1 117 
-2.2256518586476646 0.002 0.0005 0.999995615084966 2e-06 7e-06 0.9999870111544927 1e-05 6e-05 4.511900688807169 0.1 0.1 39 
-2.225688419342041 0.0007 0.0004 0.9999959931770961 2e-06 3e-06 0.9999878891309102 9e-06 3e-05 4.51202759106954 0.1 0.1 103 
-2.225633268356323 0.0009 0.0004 0.9999946049849192 2e-06 4e-06 0.9999867951869965 9e-06 3e-05 4.512219470342 0.1 0.1 73 
-2.2256540870666504 0.0007 0.0004 0.9999958509206772 2e-06 3e-06 0.999987152616183 9e-06 3e-05 4.512017221450805 0.1 0.1 10 
-2.2256378173828124 0.0005 0.0003 0.9999954785903294 2e-06 3e-06 0.9999844028552374 9e-06 3e-05 4.512156842549642 0.09 0.09 59 
-2.2257084623972574 0.001 0.0004 0.999996301929156 1e-06 2e-06 0.9999878275394439 9e-06 5e-05 4.511991623242696 0.1 0.1 88 
-2.225680564244588 0.002 0.0006 0.9999956903855006 3e-06 1e-05 0.9999839546283086 1e-05 4e-05 4.511968976656596 0.1 0.1 113 
-2.225656805038452 0.001 0.0004 0.9999954171975454 1e-06 2e-06 0.9999874422947566 9e-06 3e-05 4.5121406586964925 0.1 0.1 78 
-2.2256411202748616 0.0007 0.0004 0.9999956874052683 2e-06 3e-06 0.9999869159857432 1e-05 3e-05 4.512166660626729 0.1 0.1 87 
-2.2256751600901286 0.0008 0.0004 0.9999954825639725 2e-06 4e-06 0.999987828930219 8e-06 3e-05 4.512195971806844 0.1 0.1 110 
-2.225686724980672 0.001 0.0004 0.999995834827423 2e-06 3e-06 0.9999878406524658 9e-06 4e-05 4.512152873675029 0.1 0.1 107 
-2.2256912771860757 0.002 0.0004 0.9999958223104477 2e-06 3e-06 0.9999877399206162 9e-06 6e-05 4.512093857129415 0.1 0.1 92 
-2.2256651020050047 0.0007 0.0004 0.9999956597884496 2e-06 3e-06 0.9999871160586675 9e-06 3e-05 4.512133700052897 0.1 0.1 121 
-2.2256297397613527 0.0007 0.0004 0.9999957762161891 1e-06 3e-06 0.9999868510166804 1e-05 3e-05 4.5120386171340945 0.1 0.1 147 
-2.225650879542033 0.002 0.0006 0.9999962433179219 3e-06 9e-06 0.9999849424759547 1e-05 6e-05 4.511916117668152 0.1 0.1 24 
