-2.2245198917388915 0.002 0.0007 0.9999721318483352 3e-06 3e-06 0.9999848026037216 1e-05 4e-05 4.511890015602112 0.2 0.2 96 
-2.2240679391225178 0.003 0.001 0.9999022128184637 8e-06 2e-05 0.9999823455015818 1e-05 5e-05 4.514577886263529 0.2 0.2 75 
-2.2240454641977947 0.004 0.002 0.9999354447921117 8e-06 2e-05 0.9999422856171926 4e-05 0.0002 4.512852431933085 0.2 0.2 10 
-2.221784321467082 0.009 0.002 0.9995995297034581 2e-05 0.0001 0.999226309855779 5e-05 0.0003 4.5245948441823325 0.2 0.2 6 
-2.223259890874227 0.006 0.002 0.9997570802768071 1e-05 3e-05 0.9999722870190938 1e-05 7e-05 4.517464440663655 0.2 0.2 38 
-2.2220300515492757 0.002 0.001 0.9998730166753134 6e-06 1e-05 0.9999430467685063 3e-05 0.0001 4.51143976688385 0.2 0.2 78 
-2.224393539428711 0.001 0.0005 0.9999455293019612 2e-06 3e-06 0.9999821468194325 6e-06 3e-05 4.512744423548381 0.1 0.1 53 
-2.223960698445638 0.001 0.0005 0.9999075734615326 4e-06 4e-06 0.9999836713075638 7e-06 2e-05 4.512870901425679 0.1 0.1 88 
-2.22157213528951 0.002 0.0007 0.9995780297120412 1e-05 1e-05 0.9999731789032619 1e-05 6e-05 4.518865971565247 0.2 0.2 24 
-2.2227110417683917 0.007 0.002 0.9996662561098735 1e-05 8e-05 0.9990369304021199 3e-05 0.0003 4.523226731618245 0.2 0.2 23 
-2.221012242635091 0.002 0.001 0.9995770788192749 1e-05 1e-05 0.9999714903036754 1e-05 4e-05 4.518861707051595 0.1 0.2 42 
-2.22420698483785 0.005 0.002 0.9999363895257314 9e-06 5e-05 0.9999360265334447 1e-05 0.0001 4.511222419738769 0.2 0.2 22 
-2.2248737557729084 0.003 0.0006 0.9999631279706955 3e-06 1e-05 0.9999883633852005 9e-06 7e-05 4.511928631464641 0.2 0.2 67 
-2.224422057469686 0.001 0.0005 0.9999361902475357 4e-06 1e-05 0.9999852567911148 8e-06 5e-05 4.512138447761536 0.1 0.1 92 
-2.224177207946777 0.001 0.0006 0.9999349892139435 3e-06 2e-05 0.999983119169871 9e-06 3e-05 4.511707849502564 0.1 0.1 86 
-2.2238149356842043 0.01 0.002 0.9999523695309956 9e-06 3e-05 0.999974856376648 2e-05 0.0003 4.5122669331232705 0.2 0.3 4 
-2.2204438940684 0.005 0.002 0.9993637138605118 2e-05 6e-05 0.9999675261974335 1e-05 0.0002 4.523565514882406 0.2 0.2 45 
-2.2240098158518475 0.004 0.002 0.9998934270938238 6e-06 3e-05 0.9999674930175145 1e-05 0.0001 4.514623084068298 0.2 0.2 94 
-2.2234906069437663 0.005 0.001 0.9998806550105412 1e-05 3e-05 0.9999449620644252 3e-05 0.0001 4.514821378389994 0.2 0.2 84 
-2.2240343634287516 0.007 0.002 0.9999214967091878 2e-05 0.0001 0.9999350849787394 4e-05 0.0002 4.512272863388062 0.2 0.2 70 
