-2.224003864924113 0.006 0.002 0.9999908932050069 7e-06 3e-05 0.999984256029129 1e-05 7e-05 4.510827488899231 0.2 0.2 16 
-2.2216403452555338 0.0002 0.0002 0.9999697516361873 2e-06 3e-06 0.9999503968159358 6e-06 6e-06 4.510400129954021 0.1 0.1 72 
-2.2215883700052896 0.0002 0.0002 0.9999694780508677 2e-06 2e-06 0.9999497425556183 6e-06 6e-06 4.5103761641184485 0.1 0.09 81 
-2.223932065963745 0.007 0.002 0.9999789508183797 8e-06 2e-05 0.9999810057878494 1e-05 0.0001 4.510864117940267 0.2 0.2 17 
-2.223866856892904 0.005 0.002 0.9999738166729609 8e-06 2e-05 0.9999824353059132 1e-05 5e-05 4.5112192900975545 0.2 0.2 59 
-2.223913698196411 0.007 0.002 0.9999896480639776 9e-06 2e-05 0.9999839286009471 1e-05 7e-05 4.51069746017456 0.2 0.2 3 
-2.2240173212687173 0.009 0.002 0.999978727499644 8e-06 3e-05 0.9999849780400594 1e-05 7e-05 4.510764115651448 0.2 0.2 11 
-2.2239202149709065 0.008 0.002 0.9999792422850927 8e-06 3e-05 0.9999797578652699 1e-05 7e-05 4.510402355194092 0.2 0.2 84 
-2.2240215078989665 0.01 0.002 0.9999794147411982 8e-06 5e-05 0.9999847491582234 1e-05 7e-05 4.510584165255229 0.2 0.2 130 
-2.2240667152404785 0.009 0.002 0.9999903442462286 8e-06 2e-05 0.9999854433536529 1e-05 9e-05 4.511144952774048 0.2 0.2 108 
-2.223976132074992 0.007 0.002 0.9999785445133845 8e-06 3e-05 0.999984942873319 1e-05 7e-05 4.511071683565776 0.2 0.2 90 
-2.2239302730560304 0.007 0.002 0.999978453318278 8e-06 3e-05 0.9999799929062525 1e-05 7e-05 4.511085023880005 0.2 0.2 34 
-2.223984537124634 0.009 0.002 0.9999900794029236 8e-06 3e-05 0.9999842605988185 1e-05 7e-05 4.5108432229359945 0.2 0.2 91 
-2.224000908533732 0.007 0.002 0.9999788647890091 8e-06 3e-05 0.9999816813071569 1e-05 8e-05 4.510806330045065 0.2 0.2 148 
-2.2240660985310874 0.006 0.002 0.999978008667628 8e-06 3e-05 0.9999864129225413 1e-05 8e-05 4.511438018480937 0.2 0.2 69 
-2.22147910118103 0.0002 0.0002 0.9999636171261469 2e-06 2e-06 0.9999495200316111 7e-06 6e-06 4.5107904163996375 0.1 0.09 5 
-2.221980457305908 0.0007 0.0006 0.9999709451198577 3e-06 9e-06 0.999957345922788 8e-06 9e-06 4.510700449943543 0.1 0.1 85 
-2.2239760144551597 0.007 0.002 0.9999882990121841 8e-06 2e-05 0.9999810365835825 1e-05 8e-05 4.510922609965006 0.2 0.2 10 
-2.2240605926513672 0.009 0.002 0.9999901010592779 9e-06 4e-05 0.9999820232391358 1e-05 0.0001 4.5106861766179405 0.2 0.2 9 
-2.2217207304636637 0.0002 0.0002 0.9999696896473567 2e-06 2e-06 0.9999496227502823 7e-06 1e-05 4.510547712643941 0.1 0.1 15 
