-2.2247548580169676 0.0007 0.0006 0.9999890846014022 8e-06 9e-06 0.9999737344185511 2e-05 2e-05 4.511119403839111 0.08 0.08 17 
-2.224550905227661 0.0009 0.0007 0.9999829034010569 1e-05 1e-05 0.9999745498100917 2e-05 2e-05 4.511345640818278 0.08 0.08 69 
-2.224480759302775 0.0009 0.0007 0.9999867828687032 9e-06 1e-05 0.9999733177820841 2e-05 2e-05 4.5111532322565715 0.09 0.09 29 
-2.2245653661092124 0.001 0.0008 0.9999878031015396 1e-05 1e-05 0.9999774966637294 1e-05 2e-05 4.511461199124654 0.08 0.08 92 
-2.2248090362548827 0.001 0.0007 0.9999881223837535 9e-06 1e-05 0.9999848582347234 1e-05 1e-05 4.511604806582133 0.07 0.07 26 
-2.225379161834717 0.001 0.0008 0.9999933763345082 4e-06 7e-06 0.9999794938166936 2e-05 4e-05 4.511499684651692 0.08 0.09 40 
-2.2246444702148436 0.001 0.0008 0.9999876713752747 9e-06 1e-05 0.9999816441535949 1e-05 1e-05 4.511411067644755 0.08 0.08 38 
-2.224265181223551 0.0005 0.0004 0.9999868035316467 7e-06 9e-06 0.9999516493082047 3e-05 4e-05 4.511164283752441 0.1 0.1 91 
-2.2249875450134278 0.001 0.0007 0.9999908938010533 7e-06 9e-06 0.9999854387839635 8e-06 1e-05 4.511468364397685 0.08 0.08 46 
-2.22480562210083 0.001 0.0007 0.9999898862838745 7e-06 1e-05 0.9999845892190933 1e-05 1e-05 4.511481733322143 0.07 0.07 87 
-2.224721581141154 0.0002 0.0002 0.9999897903203965 6e-06 7e-06 0.9999597054719925 3e-05 4e-05 4.511005551020304 0.1 0.1 30 
-2.2247637494405113 0.0008 0.0006 0.9999893530209859 8e-06 1e-05 0.9999778137604396 2e-05 2e-05 4.511177137692769 0.07 0.07 98 
-2.225084733963013 0.001 0.0007 0.9999905465046565 7e-06 1e-05 0.9999873775243759 9e-06 2e-05 4.511510968208313 0.08 0.08 39 
-2.224655958811442 0.0007 0.0006 0.999987493356069 9e-06 1e-05 0.9999731077750524 2e-05 2e-05 4.51111315091451 0.08 0.08 93 
-2.22469256401062 0.0007 0.0005 0.9999879604578018 1e-05 1e-05 0.9999721209208171 2e-05 3e-05 4.510932774543762 0.08 0.08 2 
-2.2242681694030764 0.001 0.001 0.9999867210785548 1e-05 2e-05 0.9999757609764734 1e-05 2e-05 4.510937589009603 0.1 0.1 57 
-2.2254862848917645 0.0005 0.0005 0.9999936689933141 2e-06 3e-06 0.999974109530449 2e-05 4e-05 4.512441997528076 0.09 0.09 43 
-2.225069386164347 0.001 0.0008 0.9999907569090525 7e-06 1e-05 0.9999893601735433 7e-06 9e-06 4.511470540364583 0.07 0.07 32 
-2.2247732226053873 0.0009 0.0007 0.9999897444248199 9e-06 9e-06 0.9999779909849167 1e-05 2e-05 4.51096125125885 0.08 0.08 48 
-2.224915714263916 0.001 0.0008 0.9999879540999731 8e-06 1e-05 0.999988720814387 7e-06 7e-06 4.5116747903823855 0.06 0.06 97 
