-2.2254740556081134 0.002 0.0008 0.9999754583835602 7e-06 3e-05 0.9999860543012619 1e-05 2e-05 4.512204858462016 0.2 0.2 0 
-2.2247620232899985 0.001 0.0004 0.9999672391017278 4e-06 1e-05 0.9999721471468608 2e-05 3e-05 4.511964289347331 0.1 0.1 1 
-2.2248922379811606 0.001 0.0006 0.9999928973118464 3e-06 5e-06 0.9999826961755752 9e-06 2e-05 4.511567873954773 0.2 0.2 2 
-2.224869422912598 0.002 0.0008 0.9999907879034678 6e-06 1e-05 0.9999812020858129 1e-05 2e-05 4.511387553215027 0.1 0.1 3 
-2.22491805712382 0.001 0.0006 0.9999936930338542 4e-06 6e-06 0.9999838000535965 7e-06 1e-05 4.511502122879028 0.1 0.1 4 
-2.225237112045288 0.0008 0.0005 0.999992791612943 5e-06 1e-05 0.9999859408537547 7e-06 2e-05 4.511753362019856 0.1 0.1 5 
-2.225438791910807 0.0008 0.0004 0.9999819282690684 2e-06 4e-06 0.9999866274992625 7e-06 2e-05 4.5117277304331465 0.1 0.1 7 
-2.2251923720041913 0.005 0.001 0.9999913849433263 8e-06 2e-05 0.999984090924263 2e-05 6e-05 4.511338585217794 0.2 0.2 8 
-2.2240989875793455 0.002 0.001 0.9999693032105764 5e-06 8e-06 0.999967757264773 2e-05 7e-05 4.511290922164917 0.2 0.2 9 
-2.2248166243235272 0.002 0.0009 0.9999903331200282 8e-06 2e-05 0.999983380039533 1e-05 2e-05 4.511385871569316 0.2 0.2 10 
-2.2249142996470135 0.005 0.001 0.9999883111317952 9e-06 3e-05 0.9999852468570073 1e-05 5e-05 4.511842058499654 0.3 0.2 11 
-2.2248436069488524 0.002 0.0009 0.9999742658933004 4e-06 1e-05 0.9999809664487839 1e-05 5e-05 4.511352748870849 0.2 0.2 12 
-2.2245643742879233 0.004 0.001 0.9999702467521032 9e-06 3e-05 0.9999641710519791 2e-05 9e-05 4.511677312850952 0.2 0.3 13 
-2.225068311691284 0.002 0.0009 0.9999668375651042 8e-06 2e-05 0.9999817903836569 1e-05 2e-05 4.511904907226563 0.2 0.2 14 
-2.2244944604237875 1e-05 1e-05 0.9999904241164526 6e-07 6e-07 0.999934625228246 8e-06 8e-06 4.513437708218892 0.03 0.03 15 
-2.224443375269572 0.004 0.001 0.9999897275368372 8e-06 2e-05 0.9999703363577525 3e-05 8e-05 4.51126714070638 0.2 0.2 16 
-2.2229882081349692 2e-05 2e-05 0.9999554053942362 1e-06 1e-06 0.9999303042888641 4e-06 4e-06 4.520519591967265 0.04 0.04 17 
-2.225062017440796 0.002 0.0008 0.9999933230876923 5e-06 1e-05 0.9999797964096069 1e-05 4e-05 4.511562856038411 0.2 0.2 18 
-2.225133174260457 0.002 0.0009 0.9999934514363606 4e-06 8e-06 0.9999751234054566 2e-05 3e-05 4.511644609769186 0.1 0.1 19 
-2.224932009379069 0.001 0.0006 0.9999761996666591 3e-06 8e-06 0.9999856809775035 8e-06 2e-05 4.511619900067648 0.2 0.2 20 
-2.224511343638102 0.003 0.001 0.9999874144792557 7e-06 2e-05 0.9999680505196253 2e-05 5e-05 4.511062768300374 0.2 0.2 21 
-2.225154399871826 0.003 0.001 0.999991886417071 5e-06 9e-06 0.999985830783844 1e-05 4e-05 4.511491913795471 0.2 0.2 22 
-2.2247597853342693 0.0009 0.0006 0.9999921315908432 5e-06 1e-05 0.9999867113431294 7e-06 1e-05 4.511441979408264 0.1 0.1 23 
-2.22523725827535 0.001 0.0005 0.9999942022562027 4e-06 6e-06 0.9999859444300334 6e-06 1e-05 4.511716459592184 0.1 0.1 24 
-2.2244017537434897 0.004 0.002 0.9999866519371668 1e-05 4e-05 0.9999595014254252 3e-05 8e-05 4.51126536210378 0.2 0.2 25 
-2.224992405573527 0.001 0.0006 0.999970968166987 3e-06 4e-06 0.9999805498123169 1e-05 4e-05 4.511799977620442 0.2 0.2 26 
-2.2247031911214195 7e-05 6e-05 0.9999893901745478 1e-06 2e-06 0.9999374135335286 9e-06 1e-05 4.511645890871684 0.08 0.08 27 
-2.225062478383382 0.002 0.0008 0.9999922841787339 5e-06 1e-05 0.9999865498145422 7e-06 2e-05 4.5115442498524985 0.1 0.1 28 
-2.2251943651835124 0.001 0.0007 0.9999914971987406 6e-06 1e-05 0.999984756509463 9e-06 3e-05 4.51156193892161 0.1 0.1 29 
-2.224903065363566 0.001 0.0005 0.9999904221296311 3e-06 6e-06 0.9999591118097305 1e-05 3e-05 4.511692280769348 0.2 0.2 30 
-2.224693651199341 0.003 0.001 0.9999700754880905 8e-06 3e-05 0.9999671220779419 3e-05 9e-05 4.511609500249227 0.2 0.2 31 
-2.224946098327637 0.001 0.0006 0.9999931627511978 5e-06 1e-05 0.9999850527445475 6e-06 1e-05 4.511569253603617 0.1 0.1 32 
-2.2250116221110026 0.001 0.0007 0.999993260304133 5e-06 1e-05 0.9999832848707835 9e-06 2e-05 4.5114345534642535 0.2 0.2 33 
-2.224758914311727 0.0003 0.0003 0.9999945841232936 2e-06 3e-06 0.9999847247203191 7e-06 1e-05 4.511468672752381 0.1 0.1 34 
-2.224159138997396 0.004 0.001 0.999989842971166 6e-06 1e-05 0.9999491788943609 4e-05 7e-05 4.511387166976928 0.2 0.2 35 
-2.2247156365712484 0.003 0.001 0.9999688951174418 5e-06 7e-06 0.9999774424235026 1e-05 2e-05 4.511666975021362 0.2 0.2 36 
-2.2251949469248453 0.001 0.0007 0.9999913718303045 5e-06 1e-05 0.999982438882192 1e-05 2e-05 4.511851518948873 0.1 0.1 37 
-2.224982369740804 0.004 0.001 0.9999729969104131 7e-06 1e-05 0.9999728641907374 2e-05 5e-05 4.51116367816925 0.2 0.2 38 
-2.225096680323283 0.001 0.0007 0.999994619290034 4e-06 8e-06 0.9999849973122279 8e-06 3e-05 4.511614675521851 0.1 0.1 39 
-2.2250643444061278 0.003 0.001 0.9999910722176234 5e-06 6e-06 0.9999847310781479 1e-05 3e-05 4.511771035194397 0.2 0.2 40 
-2.2248591359456382 0.003 0.001 0.9999882312615712 5e-06 1e-05 0.9999814746777217 2e-05 5e-05 4.511684808731079 0.2 0.2 41 
-2.224957838058472 0.001 0.0005 0.9999940037727356 4e-06 7e-06 0.9999842894077301 6e-06 1e-05 4.5115751361846925 0.1 0.1 42 
-2.224701925913493 0.0007 0.0006 0.9999945308764776 3e-06 7e-06 0.9999814798434575 7e-06 1e-05 4.511459552447001 0.1 0.1 43 
-2.2248774083455403 0.0003 0.0003 0.9999958517154058 2e-06 3e-06 0.9999856400489807 6e-06 1e-05 4.51156236966451 0.1 0.1 44 
-2.2250241820017496 0.0009 0.0004 0.9999928796291351 4e-06 9e-06 0.9999857427676518 6e-06 1e-05 4.511483076413472 0.1 0.1 45 
-2.22495369275411 0.001 0.0006 0.9999930308262507 4e-06 7e-06 0.9999826894203822 8e-06 2e-05 4.511658411026001 0.2 0.2 46 
-2.2232215118408205 2e-05 2e-05 0.9999633900324504 9e-07 9e-07 0.9999628820021947 5e-06 5e-06 4.51746643225352 0.04 0.04 47 
-2.224454854329427 0.004 0.002 0.9999923102060954 6e-06 8e-06 0.9999634842077891 3e-05 6e-05 4.511227930386861 0.2 0.2 48 
-2.225061639149984 0.002 0.0009 0.9999705769618352 2e-06 7e-06 0.9999816000461579 1e-05 3e-05 4.511796811421712 0.2 0.2 49 
-2.2249236710866294 0.0004 0.0003 0.9999955503145853 2e-06 4e-06 0.9999842045704523 5e-06 9e-06 4.511460010210673 0.1 0.1 50 
-2.2248730723063153 0.001 0.0006 0.9999931504329046 5e-06 1e-05 0.9999848127365112 6e-06 2e-05 4.511503338813782 0.1 0.1 51 
-2.224905818303426 0.002 0.0007 0.9999704245726267 3e-06 5e-06 0.9999704126516978 2e-05 3e-05 4.51170381863912 0.1 0.1 52 
-2.225121479034424 0.0004 0.0003 0.9999949568510056 2e-06 5e-06 0.9999786488215129 8e-06 2e-05 4.511597946484883 0.1 0.1 53 
-2.2248336187998454 0.002 0.0009 0.9999921303987503 5e-06 1e-05 0.9999714924891789 2e-05 6e-05 4.511431318918864 0.2 0.2 54 
-2.2248945395151773 0.002 0.0009 0.9999897330999374 5e-06 1e-05 0.9999747806787491 1e-05 5e-05 4.511628999710083 0.2 0.2 55 
-2.223177874883016 2e-05 2e-05 0.9999611359834671 1e-06 9e-07 0.9999022060632705 5e-06 5e-06 4.517813831965128 0.04 0.04 56 
-2.2248479398091634 0.001 0.0006 0.9999917046229044 5e-06 7e-06 0.999985512693723 7e-06 1e-05 4.511597951253255 0.1 0.1 57 
-2.2252260875701904 0.001 0.0005 0.9999951376517614 3e-06 8e-06 0.9999864806731542 9e-06 1e-05 4.511658101081848 0.1 0.1 58 
-2.2247983328501384 0.004 0.001 0.999962996840477 8e-06 3e-05 0.9999794121583303 2e-05 3e-05 4.512187638282776 0.2 0.2 59 
-2.2250215212504068 0.001 0.0008 0.9999923650423685 6e-06 1e-05 0.9999841266870498 8e-06 2e-05 4.511472425460815 0.1 0.1 60 
-2.2252380561828615 0.001 0.0005 0.9999793301026026 4e-06 8e-06 0.9999847787618638 6e-06 2e-05 4.511585658391317 0.1 0.1 61 
-2.224317846298218 0.003 0.001 0.9999912575880686 6e-06 1e-05 0.9999662737051646 2e-05 4e-05 4.511290508906047 0.1 0.1 62 
-2.224906752904256 0.003 0.001 0.9999693701664607 7e-06 2e-05 0.9999791308244069 1e-05 7e-05 4.511613006591797 0.2 0.2 63 
-2.224697650273641 0.0008 0.0005 0.9999833852052689 4e-06 8e-06 0.9999853161970774 7e-06 1e-05 4.51161589940389 0.1 0.1 64 
-2.2250464089711506 0.001 0.0008 0.9999657235542934 4e-06 8e-06 0.9999783776203791 1e-05 4e-05 4.511711392402649 0.2 0.2 65 
-2.2248812103271485 0.001 0.0007 0.9999932291110357 5e-06 8e-06 0.9999823840459188 8e-06 2e-05 4.511491023699443 0.1 0.1 66 
-2.224816093444824 0.003 0.001 0.9999702678124109 6e-06 2e-05 0.9999720486005147 1e-05 1e-05 4.511471117337544 0.1 0.1 67 
-2.224803088506063 0.004 0.001 0.9999918844302496 6e-06 2e-05 0.9999792655309041 2e-05 4e-05 4.511564153035482 0.2 0.2 68 
-2.22523858388265 0.001 0.0005 0.9999940234422684 4e-06 7e-06 0.9999851532777151 7e-06 1e-05 4.511827495892843 0.1 0.1 69 
-2.2250616931915284 0.002 0.001 0.9999940812587738 4e-06 4e-06 0.999983835220337 1e-05 4e-05 4.5114029598236085 0.2 0.2 70 
-2.2247005971272786 0.0008 0.0005 0.9999953178564708 3e-06 4e-06 0.9999756439526876 1e-05 2e-05 4.511375300089518 0.1 0.1 71 
-2.225021359125773 0.001 0.0005 0.999994138677915 4e-06 5e-06 0.9999816862742106 7e-06 1e-05 4.511640990575154 0.1 0.1 72 
-2.224764486948649 0.002 0.0009 0.999991207520167 7e-06 2e-05 0.9999826246500015 8e-06 2e-05 4.5114251963297525 0.2 0.2 73 
-2.224801836013794 0.0003 0.0003 0.9999947384993235 2e-06 4e-06 0.9999867274363836 6e-06 1e-05 4.51145263671875 0.1 0.1 74 
-2.224925813674927 0.001 0.0008 0.9999660976727803 3e-06 5e-06 0.9999698187907536 2e-05 4e-05 4.511772737503052 0.1 0.1 75 
-2.224555892944336 0.002 0.0009 0.9999934317668279 4e-06 9e-06 0.9999739253520965 2e-05 3e-05 4.511251721382141 0.1 0.1 76 
-2.2248743534088136 0.0006 0.0005 0.9999931782484055 4e-06 8e-06 0.9999879028399785 6e-06 1e-05 4.511546411514282 0.1 0.2 77 
-2.2249460951487223 0.001 0.0006 0.9999927580356598 4e-06 8e-06 0.9999840430418651 6e-06 1e-05 4.5113983058929445 0.1 0.1 78 
-2.225026559829712 0.002 0.0009 0.9999667058388392 5e-06 1e-05 0.9999814105033874 9e-06 1e-05 4.5120475435256955 0.1 0.1 79 
-2.224914321899414 0.001 0.0007 0.9999780416488647 3e-06 5e-06 0.9999541695912679 1e-05 2e-05 4.511390314102173 0.1 0.1 80 
-2.22495285987854 0.002 0.0008 0.9999861721197764 3e-06 6e-06 0.9999818927049637 1e-05 4e-05 4.511324302355448 0.2 0.2 81 
-2.225244468053182 0.001 0.0006 0.9999777074654898 5e-06 1e-05 0.9999876757462819 5e-06 1e-05 4.511587347984314 0.1 0.1 82 
-2.22436487197876 0.005 0.002 0.9999679265419642 8e-06 2e-05 0.9999735766649246 2e-05 4e-05 4.511547298431396 0.2 0.2 83 
-2.2250302092234295 0.001 0.0007 0.9999932233492533 5e-06 9e-06 0.9999821531772614 1e-05 2e-05 4.511618129412333 0.1 0.2 84 
-2.2248506418863934 0.002 0.0007 0.9999931728839875 5e-06 1e-05 0.9999812563260396 8e-06 2e-05 4.511492954889933 0.1 0.1 85 
-2.2245862738291424 0.002 0.001 0.9999679098526637 7e-06 2e-05 0.9999743316570918 2e-05 5e-05 4.511482359568278 0.2 0.2 86 
-2.2248006693522133 0.001 0.0006 0.9999773728847504 3e-06 8e-06 0.9999829359849294 9e-06 2e-05 4.511361093521118 0.2 0.2 87 
-2.224921636581421 0.001 0.0005 0.9999933779239655 4e-06 1e-05 0.9999850700298946 7e-06 9e-06 4.511520597139994 0.1 0.1 88 
-2.22506911277771 0.002 0.0008 0.9999771455923716 4e-06 9e-06 0.9999761939048767 2e-05 6e-05 4.511633756955464 0.2 0.2 89 
-2.224970022837321 0.001 0.0005 0.9999935354789098 4e-06 8e-06 0.9999841354290644 6e-06 1e-05 4.511539648373922 0.1 0.1 90 
-2.2249820327758787 0.005 0.001 0.9999704281489055 9e-06 3e-05 0.9999805819988251 2e-05 4e-05 4.511776371002197 0.2 0.2 91 
-2.225087757110596 0.0006 0.0005 0.9999836866060893 4e-06 7e-06 0.999986275434494 7e-06 2e-05 4.511529154777527 0.1 0.1 92 
-2.224801460901896 0.003 0.001 0.9999691357215246 6e-06 1e-05 0.9999752281109492 2e-05 6e-05 4.511978616714478 0.2 0.2 93 
-2.2248201084136965 0.0002 0.0002 0.999995662967364 1e-06 1e-06 0.9999875009059906 5e-06 7e-06 4.511548784573873 0.1 0.1 94 
-2.224788293838501 0.0005 0.0004 0.9999946357806524 3e-06 4e-06 0.9999853064616521 5e-06 1e-05 4.51151294708252 0.1 0.1 95 
-2.224838015238444 0.0005 0.0003 0.9999704303344091 2e-06 3e-06 0.9999805512030919 6e-06 2e-05 4.51173182328542 0.1 0.1 96 
-2.225010658899943 0.0005 0.0004 0.9999852128823599 3e-06 5e-06 0.9999870286385218 8e-06 2e-05 4.511627087593078 0.1 0.1 97 
-2.2249935404459635 0.004 0.001 0.9999662564198176 6e-06 1e-05 0.9999717624982198 1e-05 5e-05 4.512018667856852 0.2 0.2 98 
-2.2250091648101806 0.0003 0.0002 0.9999958733717601 2e-06 2e-06 0.9999871265888214 5e-06 8e-06 4.511471293767293 0.1 0.1 99 
