-2.2066773637135824 0.0002 0.0002 0.9999335173765819 1e-05 1e-05 0.9991838715473811 9e-06 8e-06 4.495518606503804 0.1 0.1 0 
-2.213932434717814 0.003 0.003 0.9998083694775899 1e-05 1e-05 0.9998369971911113 1e-05 1e-05 4.492137568791708 0.4 0.4 1 
-0.35833248774210613 0.001 0.001 0.8515335820118586 0.004 0.004 0.980810319185257 0.005 0.005 2.56223738749822 0.2 0.2 4 
-0.38899821281433106 0.0008 0.0005 0.8204127528270085 0.008 0.008 0.9831996083259582 0.0008 0.0009 2.4212773672739663 0.1 0.1 6 
-2.190922867457072 0.1 0.03 0.9994900953769684 0.0001 0.0008 0.999282576640447 3e-05 0.0002 4.506288558642069 0.3 0.4 7 
-0.3891089423497518 0.001 0.0005 0.8197757935523987 0.008 0.008 0.9841989936431249 0.0009 0.001 2.4121374535560607 0.1 0.1 8 
-1.871381721496582 0.0007 0.0007 0.9968861776590348 4e-05 4e-05 0.9994130287567774 4e-05 4e-05 4.2799505535761515 0.3 0.3 10 
-2.2199556032816568 0.0008 0.0007 0.9999419681231181 2e-05 1e-05 0.999911021788915 2e-05 3e-05 4.508091446558635 0.2 0.2 11 
-2.222877286275228 0.3 0.002 0.9999751961231231 8e-06 0.0001 0.9995377200841904 4e-05 0.0002 4.4988231261571245 0.1 0.1 13 
-2.207520949045817 0.0003 0.0003 0.9999152755737305 4e-06 1e-05 0.999134598771731 1e-05 1e-05 4.494449782371521 0.1 0.1 15 
-1.875091937383016 0.004 0.003 0.9968592637777328 0.0002 0.0002 0.9995541522900263 0.0003 0.0006 4.2837057844797775 0.3 0.3 16 
-2.204636920293172 0.0006 0.0005 0.9999021949370702 2e-06 2e-06 0.9990348261594773 2e-05 2e-05 4.499478170077006 0.3 0.3 17 
-0.38909945805867513 0.0008 0.0005 0.8194229352474213 0.01 0.01 0.983850956360499 0.002 0.002 2.415029555161794 0.2 0.1 18 
-2.218961238861084 0.0002 0.0002 0.9998941175142924 2e-05 2e-05 0.9985759206612905 2e-05 2e-05 4.512442045211792 0.2 0.2 19 
-0.390719362894694 0.0006 0.0002 0.8194437146186828 0.004 0.004 0.9839826212326686 0.002 0.002 2.418013101418813 0.1 0.09 20 
-2.2217878437042238 0.0006 0.0006 0.9999428659677505 9e-06 9e-06 0.9999867848555247 9e-07 9e-07 4.511761213938395 0.1 0.1 21 
-2.223666178385417 0.0002 0.0003 0.9999634363253911 7e-06 7e-06 0.999919582605362 5e-06 6e-06 4.512233053843181 0.1 0.1 23 
-2.2218028577168782 0.002 0.001 0.9999375075101853 1e-05 3e-05 0.999576091170311 0.0002 0.0002 4.470736363728841 0.2 0.2 24 
-2.2035275872548423 0.001 0.0009 0.9997279632091522 2e-05 2e-05 0.99858529428641 7e-05 7e-05 4.4497336498896285 0.2 0.2 28 
-2.21459987004598 0.001 0.001 0.9998579945166906 4e-05 4e-05 0.9998169499635696 1e-05 1e-05 4.498254415194194 0.3 0.3 29 
-2.2038207785288493 0.0005 0.0004 0.999902626077334 7e-06 7e-06 0.999097655415535 1e-05 1e-05 4.4937853415807085 0.2 0.2 30 
-0.3898139603932699 0.0001 0.0001 0.820237523317337 0.006 0.006 0.9838821721076966 0.0003 0.0003 2.4206934356689453 0.002 0.001 31 
-2.209073225657145 0.02 0.02 0.9999060740073522 4e-05 0.0001 0.9995447796583176 0.0003 0.0006 4.4895494667689 0.4 0.3 37 
-2.215093479156494 0.002 0.001 0.9996934157609939 5e-05 7e-05 0.9995618899663289 8e-05 0.0002 4.467101995150248 0.2 0.2 40 
-2.183654038111369 0.0008 0.0008 0.999698188106219 4e-05 4e-05 0.9989648445447286 2e-05 2e-05 4.483319600423177 0.4 0.4 41 
-2.200253823598226 0.006 0.004 0.999889160990715 2e-05 2e-05 0.9977477451165517 5e-05 8e-05 4.510778492291768 0.2 0.2 42 
-2.2077144241333007 0.0001 0.0001 0.9999267186721166 5e-06 5e-06 0.9991868013143539 1e-05 1e-05 4.500248386065166 0.1 0.1 43 
-2.2071492449442545 0.0004 0.0004 0.9997557348012924 2e-05 2e-05 0.9997474171717962 4e-05 4e-05 4.490720462799072 0.3 0.3 44 
-2.195082222620646 0.03 0.01 0.9998570603132247 3e-05 8e-05 0.9997477994362514 1e-05 2e-05 4.501773705482483 0.1 0.1 45 
-2.221246452331543 0.0003 0.0003 0.9999334383010864 2e-05 2e-05 0.9999396020174026 5e-06 5e-06 4.510625848770141 0.2 0.2 50 
-0.17440544764200847 0.02 0.02 0.9057750797271729 0.008 0.008 0.9693152366081873 0.01 0.01 2.927435019016266 0.8 0.7 51 
-2.2215622965494792 0.003 0.002 0.9999033478895824 3e-05 4e-05 0.9995310388008753 1e-05 3e-05 4.514526419639587 0.2 0.2 52 
-2.195887492497762 0.001 0.001 0.9998113884528478 2e-05 2e-05 0.9977122479677201 3e-05 3e-05 4.48847665309906 0.3 0.3 53 
-0.3768220663070679 6e-05 6e-05 0.8143017812569936 0.004 0.004 0.9823178454240163 0.0006 0.0006 2.382484229405721 0.1 0.1 54 
-2.1901825586954753 0.001 0.001 0.9998820769786835 4e-06 4e-06 0.9989584777752558 1e-05 1e-05 4.490907770792643 0.1 0.1 56 
-2.2155266189575196 0.004 0.003 0.9997384502490362 5e-05 6e-05 0.9998114613691965 9e-06 2e-05 4.514643588066101 0.2 0.2 58 
-0.3875919802983602 0.0005 0.0004 0.8221918731927872 0.002 0.002 0.9845204627513886 0.002 0.003 2.4183380683263143 0.2 0.2 59 
-1.8782253964742024 0.0002 0.0002 0.9968922364711762 8e-05 8e-05 0.9991952111323674 0.0001 0.0002 4.2886963399251306 0.2 0.2 60 
-2.2181153138478598 0.004 0.001 0.9998400636514028 3e-05 0.0001 0.9999651285012563 7e-06 2e-05 4.5112731758753455 0.3 0.3 61 
-2.212868324915568 0.001 0.002 0.9999112604061763 9e-06 1e-05 0.9998215917746226 1e-05 2e-05 4.502061748504639 0.4 0.4 62 
-1.8764518610636394 0.0003 0.0003 0.9969141999880473 0.0003 0.0003 0.9992593608299891 6e-05 6e-05 4.291076900164287 0.2 0.2 64 
-2.212653865814209 0.0003 0.0003 0.9999092644453049 2e-06 2e-06 0.9985543241103491 2e-05 2e-05 4.5032116794586186 0.2 0.2 65 
-2.2195610841115316 0.0007 0.0006 0.9998839362462362 3e-05 3e-05 0.9999299335479737 1e-05 1e-05 4.504764000574748 0.2 0.2 68 
-2.2225859864552815 0.002 0.0008 0.999946617881457 1e-05 9e-06 0.999824341138204 5e-06 5e-06 4.512167105674743 0.1 0.1 71 
-1.5673917039235432 0.0005 0.0003 0.9900149261951446 0.0002 0.0002 0.9980293987194697 0.0002 0.0003 4.039709287484487 0.2 0.2 72 
-2.217151568730672 0.002 0.001 0.9998720705509185 1e-05 1e-05 0.9985161234935125 5e-05 0.0001 4.524260479609172 0.2 0.2 73 
-2.2219604365030925 0.0004 0.0003 0.9999552587668101 1e-05 1e-05 0.9999418999751409 4e-06 6e-06 4.509494115511576 0.2 0.2 74 
-2.215093390146891 0.004 0.002 0.9997942866881688 7e-05 0.0001 0.9996811938285828 5e-05 6e-05 4.487142244974772 0.1 0.2 76 
-2.2026989046732584 0.03 0.02 0.9998148713509242 9e-05 0.0002 0.9998486681779226 0.0001 0.0003 4.490415495236714 0.4 0.4 77 
-2.2228315448760987 0.0005 0.0003 0.9999461477994919 5e-06 5e-06 0.9999591239293416 4e-06 1e-05 4.509985706011454 0.2 0.2 78 
-2.211674337387085 0.0007 0.0006 0.9997393691539764 3e-05 3e-05 0.9985356573263804 0.0001 0.0001 4.4387959861755375 0.2 0.2 79 
-2.2014776865641275 0.0004 0.0003 0.9999364429712295 1e-05 1e-05 0.9992013617356619 1e-05 2e-05 4.494224282900492 0.1 0.1 81 
-0.25532803058624265 0.02 0.02 0.8862386560440063 0.02 0.03 0.9811814254522324 0.003 0.002 2.7284138989448548 0.6 0.5 82 
-2.2250383440653483 3e-05 3e-05 0.9999883355696996 1e-06 1e-06 0.9999838070074717 1e-06 1e-06 4.510375576019287 0.08 0.08 83 
-1.8684103775024414 0.004 0.003 0.99685551404953 0.0003 0.0003 0.9979320329427719 0.0004 0.0006 4.229224000771841 0.3 0.3 84 
-0.38886120160420734 5e-05 5e-05 0.8196751213073731 0.004 0.004 0.9829387613137563 0.0003 0.0003 2.418693417708079 0.1 0.1 86 
-0.3850709406534831 0.0005 0.0004 0.8228517643610637 0.004 0.004 0.9846196013689041 0.002 0.002 2.415644653638204 0.2 0.2 88 
-2.2113912359873455 0.0006 0.0006 0.9996757906675339 3e-05 3e-05 0.9982393381992976 4e-05 4e-05 4.518128981590271 0.2 0.2 89 
-2.2234965133666993 0.0007 0.0006 0.9999673638741176 7e-06 8e-06 0.9999531737963359 3e-06 7e-06 4.510246653556823 0.1 0.1 90 
-2.2202930132548016 0.002 0.002 0.9999294098218282 2e-05 2e-05 0.9999137453238169 9e-06 2e-05 4.508056917190552 0.2 0.2 91 
-2.210071646372477 2e-05 2e-05 0.9999689507484436 9e-06 9e-06 0.9992322085301081 1e-06 1e-06 4.498653937975566 0.09 0.09 92 
-0.38818400382995605 0.0004 0.0004 0.8194947377840678 0.008 0.008 0.9836307750145594 0.0009 0.0009 2.4130967418352762 0.1 0.1 93 
-2.2225186920166013 0.0004 0.0003 0.9999525241057078 9e-06 1e-05 0.9999431455135346 7e-06 1e-05 4.508895804087321 0.1 0.1 95 
-2.213798859914144 0.0009 0.0009 0.9998972501357396 1e-05 1e-05 0.998561668197314 2e-05 2e-05 4.512908658981323 0.2 0.2 96 
-2.19768710454305 0.0009 0.0009 0.9997096061706543 5e-06 5e-06 0.998596807718277 4e-06 4e-06 4.485427646636963 0.2 0.2 97 
-2.2217683378855386 0.003 0.001 0.9999653395016989 1e-05 2e-05 0.9999063205718994 3e-05 4e-05 4.500329424540202 0.2 0.2 98 
-0.3768426020940145 0.0001 0.0001 0.814441923101743 0.001 0.001 0.9823614710569382 0.0004 0.0004 2.3836190485954285 0.1 0.1 99 
