-2.225703557332357 0.002 0.0006 0.9999957100550334 3e-06 1e-05 0.9999875299135844 1e-05 4e-05 4.512124320665995 0.1 0.1 0 
-2.2254315916697185 0.0006 0.0004 0.999992870092392 2e-06 5e-06 0.9999856754144033 9e-06 2e-05 4.512203413645427 0.1 0.09 1 
-2.225636943181356 0.0009 0.0004 0.9999945857127508 2e-06 3e-06 0.999988140463829 9e-06 3e-05 4.512062056859334 0.1 0.1 2 
-2.2256936740875246 0.003 0.0006 0.999995222290357 3e-06 1e-05 0.9999879086017609 1e-05 3e-05 4.511917624473572 0.1 0.1 3 
-2.225581531524658 0.0007 0.0004 0.9999943959712982 2e-06 3e-06 0.9999854646126429 1e-05 3e-05 4.51215572198232 0.1 0.1 4 
-2.2256578381856285 0.001 0.0004 0.9999949250618617 1e-06 3e-06 0.9999878579378128 9e-06 4e-05 4.512136602401734 0.1 0.1 5 
-2.2256608486175535 0.001 0.0004 0.9999948579072953 1e-06 2e-06 0.999987811644872 9e-06 4e-05 4.512240881919861 0.1 0.1 6 
-2.2256146812438966 0.0008 0.0004 0.9999946568409602 2e-06 3e-06 0.9999874703089396 1e-05 3e-05 4.512156440416972 0.1 0.1 7 
-2.2256507142384847 0.002 0.0006 0.9999949663877488 3e-06 9e-06 0.9999874383211136 1e-05 7e-05 4.512277433077494 0.1 0.1 8 
-2.2255918693542482 0.0008 0.0004 0.9999943095445633 2e-06 3e-06 0.9999874804417292 9e-06 3e-05 4.512247864405314 0.1 0.1 9 
-2.2256514167785646 0.002 0.0006 0.9999947132666905 3e-06 1e-05 0.9999871067206065 1e-05 4e-05 4.511995476086934 0.1 0.1 10 
-2.225578645070394 0.0006 0.0004 0.9999944430589676 2e-06 3e-06 0.9999865561723709 1e-05 3e-05 4.512062020301819 0.09 0.1 11 
-2.225619570414225 0.0007 0.0004 0.9999947067101796 2e-06 3e-06 0.9999872879187266 9e-06 3e-05 4.512048659324646 0.1 0.1 12 
-2.2256146240234376 0.0007 0.0004 0.9999946377674739 2e-06 3e-06 0.9999871947367986 9e-06 3e-05 4.512292793591818 0.09 0.1 13 
-2.225616153081258 0.001 0.0005 0.999994255900383 2e-06 3e-06 0.9999881140391031 9e-06 4e-05 4.512239519755045 0.1 0.1 14 
-2.225564791361491 0.0006 0.0004 0.9999935841560363 2e-06 3e-06 0.9999860429763794 9e-06 3e-05 4.512321209907531 0.09 0.09 15 
-2.225680055618286 0.001 0.0004 0.9999951948722203 1e-06 2e-06 0.9999878390630086 9e-06 4e-05 4.511994322141011 0.1 0.1 16 
-2.2256753317515057 0.002 0.0006 0.9999953558047613 3e-06 1e-05 0.9999873654047648 1e-05 5e-05 4.512084574699402 0.1 0.1 17 
-2.225569610595703 0.002 0.0008 0.9999948006868362 4e-06 1e-05 0.9999851769208908 1e-05 6e-05 4.512209491729736 0.1 0.1 18 
-2.225620419184367 0.002 0.0006 0.9999951257308324 3e-06 1e-05 0.9999870880444844 1e-05 8e-05 4.511929065386454 0.1 0.1 19 
-2.225479129155477 0.0005 0.0004 0.9999933069944382 2e-06 5e-06 0.9999863076210022 9e-06 2e-05 4.512381405830383 0.09 0.09 20 
-2.225656312306722 0.0008 0.0004 0.9999951459964116 2e-06 3e-06 0.9999877444903056 9e-06 3e-05 4.51207413037618 0.1 0.1 21 
-2.225593894322713 0.002 0.0006 0.9999954547484716 3e-06 1e-05 0.9999841340382893 1e-05 7e-05 4.5121073913574214 0.1 0.1 22 
-2.225660829544067 0.001 0.0004 0.9999950081110001 2e-06 2e-06 0.9999885660409927 9e-06 4e-05 4.512074163754781 0.1 0.1 23 
-2.225608911514282 0.0006 0.0003 0.9999940256277721 1e-06 3e-06 0.99998765985171 8e-06 3e-05 4.512241233189901 0.1 0.1 24 
-2.225655806859334 0.001 0.0004 0.9999951396385829 1e-06 3e-06 0.9999883552392324 9e-06 4e-05 4.511967233022054 0.1 0.1 25 
-2.2256119378407795 0.002 0.0006 0.9999950041373571 3e-06 1e-05 0.9999855736891429 1e-05 6e-05 4.512124392191569 0.1 0.1 26 
-2.2256121412913004 0.002 0.0006 0.9999952214956284 3e-06 1e-05 0.9999859255552291 1e-05 5e-05 4.512004435857137 0.1 0.1 27 
-2.2255834579467773 0.0009 0.0004 0.9999937214454016 2e-06 3e-06 0.9999873475233714 9e-06 3e-05 4.512104856173197 0.1 0.1 28 
-2.2256856791178383 0.001 0.0004 0.9999956450859706 1e-06 2e-06 0.9999882906675339 9e-06 4e-05 4.512102953592936 0.1 0.1 29 
-2.2256432501475016 0.002 0.0005 0.9999948195616404 2e-06 3e-06 0.9999876320362091 9e-06 7e-05 4.512241220474243 0.1 0.1 30 
-2.2256184577941895 0.002 0.0005 0.999995135863622 2e-06 2e-06 0.9999874184528986 1e-05 5e-05 4.512105530103048 0.1 0.1 31 
-2.2254687277475993 0.0005 0.0004 0.9999936441580455 2e-06 4e-06 0.9999857819080353 9e-06 2e-05 4.512373207410176 0.09 0.09 32 
-2.225665445327759 0.002 0.0006 0.9999951827526092 3e-06 1e-05 0.999987610578537 1e-05 4e-05 4.5123318004608155 0.1 0.1 33 
-2.225640745162964 0.001 0.0004 0.9999949775139491 1e-06 2e-06 0.9999880387385687 1e-05 5e-05 4.512221295038859 0.1 0.1 34 
-2.225602397918701 0.002 0.0006 0.9999946735302607 3e-06 1e-05 0.999986275434494 1e-05 6e-05 4.512187422116598 0.1 0.1 35 
-2.225442994435628 0.002 0.0007 0.9999929076433182 4e-06 1e-05 0.9999848701556524 1e-05 4e-05 4.512204236984253 0.1 0.2 36 
-2.2256101163228355 0.002 0.0006 0.9999949022134145 3e-06 1e-05 0.9999868150552114 1e-05 6e-05 4.512132827440897 0.1 0.1 37 
-2.2255783748626707 0.001 0.0005 0.9999942209323247 2e-06 3e-06 0.9999868134657542 1e-05 4e-05 4.512287421226501 0.1 0.1 38 
-2.2255900700887046 0.001 0.0005 0.9999943355719249 2e-06 3e-06 0.9999874832232793 9e-06 4e-05 4.51200870513916 0.1 0.1 39 
-2.2256337547302247 0.0009 0.0004 0.9999947601556778 2e-06 3e-06 0.9999878418445587 9e-06 3e-05 4.512115106582642 0.1 0.1 40 
-2.22568515141805 0.002 0.0004 0.9999951527516047 2e-06 2e-06 0.9999887349208196 9e-06 5e-05 4.512077182133993 0.1 0.1 41 
-2.2256545384724933 0.001 0.0004 0.9999953595797221 1e-06 2e-06 0.9999873890479406 1e-05 4e-05 4.512318506240844 0.1 0.1 42 
-2.225598735809326 0.002 0.0007 0.9999953232208888 3e-06 1e-05 0.9999834660689036 1e-05 5e-05 4.5120807520548505 0.1 0.1 43 
-2.2255708154042564 0.001 0.0006 0.9999954789876938 3e-06 9e-06 0.9999832918246587 1e-05 5e-05 4.5121380201975505 0.1 0.1 44 
-2.225534954071045 0.002 0.0005 0.9999936850865682 2e-06 4e-06 0.9999864514668783 9e-06 6e-05 4.512044677734375 0.1 0.1 45 
-2.2254429117838543 0.0005 0.0004 0.999992914001147 2e-06 4e-06 0.9999856203794479 9e-06 3e-05 4.512447064717611 0.1 0.1 46 
-2.2257025623321534 0.002 0.0005 0.9999957529703776 2e-06 9e-06 0.9999880119164785 1e-05 6e-05 4.512103498776754 0.1 0.1 47 
-2.2256300481160483 0.003 0.0007 0.9999945511420568 4e-06 2e-05 0.9999869896968205 1e-05 3e-05 4.511992793083191 0.1 0.1 48 
-2.225647357304891 0.002 0.0005 0.9999947971105576 2e-06 2e-06 0.9999880774815877 9e-06 6e-05 4.512255409558614 0.1 0.1 49 
-2.225606981913249 0.001 0.0004 0.9999943576256434 1e-06 2e-06 0.9999859611193339 1e-05 4e-05 4.512136602401734 0.1 0.1 50 
-2.225612614949544 0.0007 0.0004 0.9999941889444987 2e-06 3e-06 0.9999873540798823 9e-06 3e-05 4.512187142372131 0.09 0.1 51 
-2.2256683572133382 0.002 0.0005 0.9999952338139216 2e-06 3e-06 0.9999882996082305 9e-06 6e-05 4.511964184443156 0.1 0.1 52 
-2.225630232493083 0.001 0.0004 0.9999950438737869 1e-06 3e-06 0.9999875611066819 1e-05 4e-05 4.512267931302389 0.1 0.1 53 
-2.2256375471750895 0.001 0.0004 0.9999945690234502 2e-06 3e-06 0.9999880119164785 9e-06 4e-05 4.512141990661621 0.1 0.1 54 
-2.2256567986806233 0.003 0.0007 0.9999951734145482 3e-06 1e-05 0.9999868081013361 1e-05 3e-05 4.512232526143392 0.1 0.1 55 
-2.2256041622161864 0.001 0.0004 0.9999939783414205 2e-06 3e-06 0.9999872567256292 9e-06 4e-05 4.512183257738749 0.1 0.1 56 
-2.2256149514516195 0.003 0.0007 0.9999957027037939 3e-06 1e-05 0.9999834523598353 1e-05 6e-05 4.512023243904114 0.1 0.1 57 
-2.225494867960612 0.0003 0.0003 0.9999945902824402 2e-06 3e-06 0.99998392979304 9e-06 2e-05 4.512110912005107 0.08 0.08 58 
-2.225584996541341 0.0008 0.0004 0.9999943097432454 2e-06 3e-06 0.9999864784876505 1e-05 3e-05 4.512281301816304 0.1 0.1 59 
-2.2256364822387695 0.001 0.0004 0.999994869629542 1e-06 2e-06 0.9999874915679295 1e-05 3e-05 4.512294265429179 0.1 0.09 60 
-2.2256386566162107 0.001 0.0004 0.9999946969747543 2e-06 3e-06 0.9999878007173538 9e-06 4e-05 4.512086696624756 0.1 0.1 61 
-2.225514907836914 0.0009 0.0005 0.9999931502342224 2e-06 4e-06 0.9999846378962199 9e-06 3e-05 4.512251240412394 0.1 0.1 62 
-2.225684912999471 0.0008 0.0004 0.9999952820936838 1e-06 3e-06 0.999988784790039 8e-06 3e-05 4.512018998463948 0.1 0.1 63 
-2.225555963516235 0.0005 0.0003 0.9999937293926875 2e-06 3e-06 0.9999866332610449 9e-06 2e-05 4.512290706634522 0.09 0.09 64 
-2.2256161626180013 0.0008 0.0004 0.9999942521254221 2e-06 3e-06 0.9999865122636159 9e-06 3e-05 4.512081104914348 0.1 0.1 65 
-2.2254939142862957 0.0008 0.0005 0.9999934854110082 2e-06 3e-06 0.9999846414724985 1e-05 4e-05 4.51230576356252 0.1 0.1 66 
-2.225577818552653 0.0008 0.0004 0.9999940941731135 2e-06 3e-06 0.9999872881174088 1e-05 3e-05 4.512082551320394 0.1 0.1 67 
-2.22554225285848 0.0004 0.0003 0.9999950134754181 2e-06 3e-06 0.9999847930669784 9e-06 2e-05 4.512075282732646 0.09 0.09 68 
-2.225660171508789 0.0009 0.0004 0.999995017449061 2e-06 3e-06 0.999988486568133 9e-06 3e-05 4.5121807750066125 0.1 0.1 69 
-2.2256252988179526 0.0007 0.0004 0.9999949018160502 2e-06 3e-06 0.9999874196449916 9e-06 3e-05 4.511998573939006 0.09 0.09 70 
-2.2255170345306396 0.0005 0.0003 0.9999948793649673 1e-06 3e-06 0.9999832701683045 1e-05 3e-05 4.512089368502299 0.09 0.09 71 
-2.225561726888021 0.0005 0.0003 0.9999952663977941 1e-06 3e-06 0.9999844849109649 1e-05 3e-05 4.512024100621542 0.08 0.08 72 
-2.225657755533854 0.001 0.0004 0.9999950607617696 2e-06 2e-06 0.9999884821971258 9e-06 5e-05 4.512041296958923 0.1 0.1 73 
-2.2255668036142984 0.002 0.0006 0.999994779030482 3e-06 9e-06 0.9999834064642589 1e-05 7e-05 4.511925179163615 0.1 0.1 74 
-2.2256147893269858 0.001 0.0005 0.9999947259823482 2e-06 2e-06 0.9999875022967657 9e-06 4e-05 4.512096179326376 0.1 0.1 75 
-2.225521062215169 0.0003 0.0003 0.9999943017959595 1e-06 3e-06 0.999983305533727 9e-06 2e-05 4.512037585576375 0.08 0.08 76 
-2.225493933359782 0.002 0.0006 0.999993856549263 2e-06 3e-06 0.9999846851825714 9e-06 5e-05 4.512021923065186 0.1 0.1 77 
-2.2256674575805664 0.001 0.0004 0.9999949798981349 1e-06 2e-06 0.999987643957138 9e-06 5e-05 4.512029727300008 0.1 0.1 78 
-2.2256481234232584 0.002 0.0006 0.9999961431821187 3e-06 1e-05 0.9999842377503713 1e-05 5e-05 4.511952487627665 0.1 0.1 79 
-2.225553137461344 0.0006 0.0004 0.9999942761659623 2e-06 4e-06 0.999986757238706 1e-05 3e-05 4.512132910092672 0.1 0.1 80 
-2.2256173515319824 0.002 0.0006 0.9999947559833526 3e-06 1e-05 0.9999872984488806 1e-05 6e-05 4.51217746257782 0.1 0.1 81 
-2.225690933863322 0.002 0.0005 0.9999953007698059 3e-06 9e-06 0.9999878678719203 1e-05 6e-05 4.512162453333537 0.1 0.1 82 
-2.225603640874227 0.0007 0.0004 0.999993942975998 2e-06 3e-06 0.9999868834018707 9e-06 3e-05 4.512234884897868 0.09 0.1 83 
-2.2256733926137287 0.002 0.0005 0.9999955970048905 3e-06 1e-05 0.9999869751930237 1e-05 5e-05 4.5120978307724 0.1 0.1 84 
-2.2255754184722902 0.0006 0.0004 0.9999939459562301 2e-06 4e-06 0.9999871971209844 9e-06 3e-05 4.512186085383098 0.09 0.09 85 
-2.225613295237223 0.0007 0.0004 0.9999946218729019 2e-06 3e-06 0.9999880216519038 9e-06 3e-05 4.5121473089853925 0.1 0.1 86 
-2.2256507205963136 0.001 0.0004 0.9999948946634928 2e-06 2e-06 0.9999881613254548 9e-06 5e-05 4.512104697227478 0.1 0.1 87 
-2.2256223487854006 0.002 0.0007 0.9999947508176168 4e-06 2e-05 0.9999856642882029 1e-05 6e-05 4.5122499179840085 0.1 0.1 88 
-2.2256230449676515 0.002 0.0006 0.9999952844778697 3e-06 1e-05 0.9999859301249187 1e-05 6e-05 4.512059194246928 0.1 0.1 89 
-2.2256091340382893 0.002 0.0005 0.9999941575527191 2e-06 3e-06 0.9999870401620865 9e-06 5e-05 4.512120083173116 0.1 0.1 90 
-2.225639543533325 0.002 0.0006 0.9999951988458633 3e-06 8e-06 0.9999863944451014 1e-05 6e-05 4.512222946484884 0.1 0.1 91 
-2.22574836730957 0.002 0.0005 0.9999958614508311 3e-06 1e-05 0.999987903436025 1e-05 4e-05 4.512063115437826 0.1 0.1 92 
-2.2256458123524983 0.001 0.0004 0.99999482969443 1e-06 2e-06 0.9999878458182017 1e-05 4e-05 4.512257784207662 0.1 0.1 93 
-2.2256870460510254 0.002 0.0005 0.9999950283765793 3e-06 9e-06 0.9999880603949229 9e-06 5e-05 4.512145868937174 0.1 0.1 94 
-2.225669816335042 0.002 0.0006 0.9999953554073969 3e-06 1e-05 0.9999866976340612 1e-05 5e-05 4.51200234413147 0.1 0.1 95 
-2.225657342274984 0.002 0.0007 0.9999949477116267 3e-06 2e-05 0.9999862970908483 1e-05 7e-05 4.512127070426941 0.1 0.1 96 
-2.2256495412190755 0.0008 0.0004 0.9999949697653453 2e-06 3e-06 0.9999877385298411 9e-06 3e-05 4.5121087551116945 0.1 0.1 97 
-2.225673453013102 0.002 0.0005 0.9999951408306758 2e-06 3e-06 0.999988257487615 9e-06 6e-05 4.512050595283508 0.1 0.1 98 
-2.2256318537394204 0.001 0.0004 0.9999947871764501 1e-06 2e-06 0.9999873129526774 1e-05 5e-05 4.512099947929382 0.1 0.1 99 
-2.2256205590566 0.001 0.0005 0.9999949711561203 2e-06 2e-06 0.9999870425462722 1e-05 5e-05 4.512118897438049 0.1 0.1 100 
-2.2256000296274823 0.001 0.0005 0.999994410276413 2e-06 2e-06 0.9999854336182277 1e-05 4e-05 4.512114704449972 0.1 0.1 101 
-2.2256566365559896 0.001 0.0004 0.9999947410821914 2e-06 3e-06 0.9999873854716619 9e-06 4e-05 4.512172555923462 0.1 0.1 102 
-2.225663871765137 0.001 0.0004 0.9999948499600092 2e-06 3e-06 0.9999883566300074 9e-06 4e-05 4.511901534398397 0.1 0.1 103 
-2.225408935546875 0.0005 0.0004 0.9999928629398346 2e-06 5e-06 0.9999853823582331 1e-05 2e-05 4.512440967559814 0.1 0.1 104 
-2.2256320571899413 0.002 0.0007 0.9999948132038117 3e-06 1e-05 0.9999874732891718 1e-05 6e-05 4.511940251986186 0.1 0.1 105 
-2.225612274805705 0.002 0.0006 0.9999958068132401 3e-06 1e-05 0.999984471599261 1e-05 7e-05 4.512162674268087 0.1 0.1 106 
-2.2256471983591717 0.002 0.0007 0.9999951416254044 3e-06 2e-05 0.9999860000610351 1e-05 5e-05 4.511934169133505 0.1 0.1 107 
-2.2256629053751626 0.002 0.0006 0.9999951018889746 3e-06 9e-06 0.9999877379337947 1e-05 6e-05 4.512146860758463 0.1 0.1 108 
-2.225592009226481 0.0007 0.0004 0.9999941039085388 2e-06 3e-06 0.9999869596958161 9e-06 3e-05 4.512061359087626 0.1 0.1 109 
-2.2254817803700764 0.0005 0.0004 0.9999933809041976 2e-06 4e-06 0.9999863612651825 9e-06 3e-05 4.512343891461691 0.09 0.09 110 
-2.225668017069499 0.002 0.0006 0.9999954648812612 2e-06 7e-06 0.999987378915151 1e-05 6e-05 4.512018248240153 0.1 0.1 111 
-2.225698941548665 0.002 0.0006 0.9999960201978684 3e-06 1e-05 0.999987317721049 1e-05 5e-05 4.5120443344116214 0.1 0.1 112 
-2.2256494172414145 0.0009 0.0004 0.9999952163298925 2e-06 3e-06 0.999987765153249 1e-05 4e-05 4.512059639294942 0.1 0.1 113 
-2.2256096426645913 0.002 0.0006 0.9999943981568019 3e-06 1e-05 0.999984759291013 1e-05 4e-05 4.512209177017212 0.1 0.1 114 
-2.225667667388916 0.003 0.0008 0.999994860291481 3e-06 2e-05 0.9999871236085892 1e-05 5e-05 4.512348895072937 0.1 0.1 115 
-2.2256595675150552 0.001 0.0004 0.9999952091773351 2e-06 3e-06 0.9999882155656814 9e-06 4e-05 4.512240311304728 0.1 0.1 116 
-2.225520486831665 0.0008 0.0004 0.9999940991401672 2e-06 3e-06 0.9999861039717992 1e-05 3e-05 4.512190408706665 0.1 0.1 117 
-2.2254353872934978 0.0005 0.0004 0.9999929402271907 2e-06 5e-06 0.9999861588080724 9e-06 2e-05 4.512356330553691 0.09 0.09 118 
-2.225703115463257 0.003 0.0006 0.999995640317599 3e-06 1e-05 0.999987728993098 1e-05 7e-05 4.512246592839559 0.1 0.1 119 
-2.225484863917033 0.0005 0.0003 0.9999943300088247 1e-06 3e-06 0.9999832232793172 1e-05 3e-05 4.512136459350586 0.09 0.09 120 
-2.2255083338419595 0.002 0.0007 0.9999943627913793 3e-06 1e-05 0.999979896346728 1e-05 9e-05 4.512105544408162 0.1 0.1 121 
-2.2256856028238934 0.002 0.0006 0.9999956502517064 3e-06 1e-05 0.9999871770540874 1e-05 5e-05 4.51210419178009 0.1 0.1 122 
-2.225643342336019 0.002 0.0006 0.9999960841735204 3e-06 1e-05 0.9999838447570801 1e-05 8e-05 4.512171460787456 0.1 0.1 123 
-2.2255304718017577 0.0006 0.0004 0.9999936813116074 2e-06 4e-06 0.9999871718883514 9e-06 3e-05 4.512240997950236 0.09 0.09 124 
-2.225643180211385 0.001 0.0004 0.999995021422704 1e-06 3e-06 0.9999878253539404 1e-05 4e-05 4.512095912297567 0.1 0.1 125 
-2.2256621297200523 0.002 0.0006 0.9999957855542501 3e-06 1e-05 0.999987685084343 1e-05 6e-05 4.511917006174723 0.1 0.1 126 
-2.225592613220215 0.0008 0.0004 0.9999941394726435 2e-06 3e-06 0.9999870117505392 9e-06 3e-05 4.512156974474589 0.1 0.1 127 
-2.225623461405436 0.002 0.0006 0.9999950863917668 3e-06 9e-06 0.9999869205554326 1e-05 7e-05 4.512091380755106 0.1 0.1 128 
-2.2256407165527343 0.0009 0.0004 0.9999948245286941 1e-06 3e-06 0.999986806511879 9e-06 4e-05 4.512133784294129 0.1 0.1 129 
-2.2256107743581137 0.001 0.0004 0.9999944408734639 2e-06 3e-06 0.9999872581164042 9e-06 3e-05 4.512068667411804 0.1 0.1 130 
-2.2256665897369383 0.002 0.0006 0.9999953925609588 3e-06 1e-05 0.9999872533480326 1e-05 4e-05 4.511960589090983 0.1 0.1 131 
-2.2256171321868896 0.003 0.0007 0.9999956490596136 3e-06 1e-05 0.9999841849009196 1e-05 6e-05 4.512131843566895 0.1 0.1 132 
-2.2255519994099937 0.0006 0.0004 0.9999949910243352 2e-06 3e-06 0.9999845264355341 1e-05 3e-05 4.512197190920512 0.09 0.09 133 
-2.2255947748819986 0.002 0.0006 0.9999950248003006 3e-06 9e-06 0.9999853450059891 1e-05 6e-05 4.512025931676229 0.1 0.1 134 
-2.2257249482472736 0.002 0.0005 0.9999956971406937 3e-06 1e-05 0.99998795012633 1e-05 3e-05 4.512010397911072 0.09 0.09 135 
-2.2255475171407064 0.0006 0.0004 0.9999950353304545 2e-06 3e-06 0.9999846929311752 1e-05 3e-05 4.512132317225138 0.09 0.09 136 
-2.225638370513916 0.0009 0.0004 0.9999945259094238 2e-06 3e-06 0.9999879119793574 9e-06 3e-05 4.512112746238708 0.1 0.1 137 
-2.22563055674235 0.003 0.0008 0.9999947470426559 4e-06 2e-05 0.999985621770223 1e-05 6e-05 4.512356702486674 0.1 0.1 138 
-2.225661741892497 0.003 0.0007 0.999995414018631 3e-06 2e-05 0.9999870250622431 1e-05 5e-05 4.51188888390859 0.1 0.1 139 
-2.2256762568155923 0.002 0.0006 0.9999954303105673 3e-06 1e-05 0.9999875992536544 1e-05 5e-05 4.512079203923543 0.1 0.1 140 
-2.2256429449717205 0.001 0.0006 0.9999959746996562 2e-06 1e-05 0.9999842270215352 1e-05 5e-05 4.512008210817973 0.1 0.1 141 
-2.2256668027242026 0.001 0.0004 0.9999950440724691 2e-06 2e-06 0.9999885475635528 9e-06 4e-05 4.512067257563273 0.1 0.1 142 
-2.2256664562225343 0.002 0.0006 0.9999952731529872 3e-06 1e-05 0.9999866692225138 1e-05 5e-05 4.512104725837707 0.1 0.1 143 
-2.2257273133595783 0.002 0.0005 0.9999954843521118 2e-06 4e-06 0.9999889375766119 8e-06 6e-05 4.511912975311279 0.1 0.1 144 
-2.225636650721232 0.003 0.0007 0.9999948724110921 3e-06 2e-05 0.9999870894352595 1e-05 4e-05 4.5121225802103675 0.1 0.1 145 
-2.2257403564453124 0.003 0.0007 0.9999954428275426 3e-06 1e-05 0.999987906217575 1e-05 4e-05 4.512023905118307 0.1 0.1 146 
-2.225654681523641 0.0009 0.0004 0.9999950885772705 2e-06 3e-06 0.9999877653519312 9e-06 3e-05 4.512192893028259 0.1 0.1 147 
-2.2254486719767255 0.0005 0.0004 0.9999926821390788 2e-06 4e-06 0.9999842192729315 9e-06 2e-05 4.512380056381225 0.09 0.09 148 
-2.2255766073862713 0.0006 0.0004 0.9999943433205286 2e-06 3e-06 0.9999870763222376 1e-05 3e-05 4.5121444288889565 0.09 0.09 149 
