-2.225990915298462 0.0004 0.0002 0.999990008076032 7e-06 1e-05 0.9999968528747558 2e-06 5e-06 4.511894017855326 0.07 0.07 0 
-2.2260041681925458 0.0005 0.0002 0.9999902927875519 6e-06 1e-05 0.9999972057342529 2e-06 4e-06 4.51198390642802 0.08 0.08 1 
-2.226011660893758 0.0004 0.0002 0.9999906025330225 6e-06 1e-05 0.9999974636236827 2e-06 3e-06 4.51196541150411 0.07 0.07 2 
-2.226033557256063 0.0005 0.0002 0.9999908401568731 6e-06 1e-05 0.9999971284468969 2e-06 4e-06 4.512081190745036 0.07 0.08 3 
-2.226018829345703 0.0003 0.0002 0.999990856051445 6e-06 1e-05 0.9999973406394322 2e-06 4e-06 4.511916705767313 0.07 0.07 5 
-2.2260185718536376 0.0003 0.0002 0.9999905703465144 6e-06 1e-05 0.9999970897038778 2e-06 6e-06 4.511965921719869 0.07 0.07 6 
-2.2260131804148355 0.0003 0.0002 0.9999903708696365 7e-06 1e-05 0.9999969669183095 2e-06 5e-06 4.512028126716614 0.07 0.07 7 
-2.2259876028696697 0.0005 0.0002 0.9999897970755895 7e-06 1e-05 0.9999969762563705 2e-06 4e-06 4.511776183446249 0.08 0.08 8 
-2.2259889094034833 0.0005 0.0002 0.9999901541074117 7e-06 1e-05 0.9999968411525091 2e-06 5e-06 4.5118857224782305 0.08 0.08 9 
-2.226000550587972 0.0005 0.0002 0.9999902627865473 6e-06 1e-05 0.9999971415599187 2e-06 4e-06 4.511935132344564 0.08 0.08 10 
-2.2260022926330567 0.0004 0.0002 0.9999903968969981 7e-06 1e-05 0.9999966629346212 3e-06 6e-06 4.511905535062154 0.07 0.07 11 
-2.2260161940256755 0.0005 0.0002 0.9999907861153284 6e-06 1e-05 0.9999973332881927 2e-06 4e-06 4.51191124757131 0.07 0.07 12 
-2.2260274187723796 0.0004 0.0002 0.9999909303585688 6e-06 1e-05 0.9999973547458648 2e-06 4e-06 4.511973304748535 0.07 0.07 13 
-2.226009127298991 0.0005 0.0002 0.9999902713298797 7e-06 1e-05 0.9999970404307047 2e-06 5e-06 4.51197785059611 0.08 0.08 14 
-2.2260055637359617 0.0004 0.0002 0.9999903206030528 7e-06 1e-05 0.9999970012903213 2e-06 5e-06 4.5118720404307044 0.07 0.07 15 
-2.226067457199097 0.0003 0.0002 0.99999156832695 6e-06 9e-06 0.999997414747874 2e-06 5e-06 4.511944197018941 0.07 0.07 16 
-2.2260140291849773 0.0004 0.0002 0.9999906935294469 6e-06 1e-05 0.9999972424904505 2e-06 4e-06 4.511919118563334 0.07 0.07 18 
-2.2260098234812418 0.0004 0.0002 0.9999906327327093 7e-06 1e-05 0.9999973964691162 2e-06 3e-06 4.511910780270894 0.08 0.08 19 
-2.2259977372487385 0.0004 0.0002 0.9999901549021403 7e-06 1e-05 0.9999968854586283 2e-06 5e-06 4.511921836535136 0.07 0.07 20 
-2.226020952860514 0.0003 0.0002 0.9999909436702729 6e-06 1e-05 0.9999973875284195 2e-06 4e-06 4.511943736076355 0.07 0.07 21 
-2.226021213531494 0.0005 0.0002 0.9999906015396118 7e-06 1e-05 0.9999971495072046 2e-06 4e-06 4.512121801376343 0.08 0.08 23 
-2.2260173924764 0.0005 0.0002 0.9999906986951828 6e-06 1e-05 0.9999975140889485 2e-06 3e-06 4.511946760813395 0.08 0.08 24 
-2.226027396519979 0.0004 0.0002 0.9999910475810369 6e-06 1e-05 0.9999973694483439 2e-06 3e-06 4.511850996017456 0.07 0.07 25 
-2.2260127290089926 0.0003 0.0002 0.9999907137950261 6e-06 1e-05 0.9999970237414042 2e-06 4e-06 4.511919474601745 0.07 0.07 26 
-2.2259969679514566 0.0004 0.0002 0.9999904982248942 6e-06 1e-05 0.9999969929456711 2e-06 5e-06 4.511922170321147 0.07 0.08 27 
-2.22601167678833 0.0006 0.0003 0.999990404645602 7e-06 1e-05 0.9999970956643423 2e-06 5e-06 4.511865770022075 0.09 0.09 28 
-2.226013043721517 0.0004 0.0002 0.9999905794858932 7e-06 1e-05 0.9999971852699916 2e-06 4e-06 4.5119416697820025 0.08 0.08 29 
-2.2260195604960122 0.0004 0.0002 0.9999905161062876 6e-06 1e-05 0.9999971604347229 2e-06 4e-06 4.511865903536479 0.07 0.07 30 
-2.2259906895955406 0.0005 0.0002 0.9999905747175216 7e-06 1e-05 0.9999969470500946 2e-06 5e-06 4.511737949053447 0.08 0.08 31 
-2.226019105911255 0.0003 0.0002 0.9999908272425334 6e-06 1e-05 0.9999970461924871 2e-06 5e-06 4.5119202613830565 0.07 0.07 32 
-2.225966787338257 0.0005 0.0003 0.9999893844127655 7e-06 1e-05 0.9999965226650238 3e-06 6e-06 4.511949838002523 0.08 0.08 33 
-2.2260071245829263 0.0005 0.0003 0.9999901729822159 7e-06 1e-05 0.9999968612194061 2e-06 6e-06 4.511745204925537 0.08 0.08 34 
-2.2260280418395997 0.0003 0.0002 0.9999912013610204 6e-06 1e-05 0.9999973716338476 2e-06 4e-06 4.511896290779114 0.07 0.07 35 
-2.2260186131795248 0.0005 0.0002 0.9999907052516938 6e-06 1e-05 0.9999970008929571 2e-06 4e-06 4.5117159303029375 0.08 0.08 36 
-2.2259975242614747 0.0005 0.0002 0.9999903645118078 7e-06 1e-05 0.9999971328179041 2e-06 4e-06 4.511936553319296 0.09 0.09 38 
-2.2260188420613605 0.0004 0.0002 0.9999908451239268 6e-06 1e-05 0.99999742547671 2e-06 4e-06 4.51190224647522 0.07 0.07 40 
-2.2260061804453533 0.0003 0.0002 0.9999904348452886 6e-06 1e-05 0.999996949036916 2e-06 5e-06 4.5119162988662715 0.07 0.07 43 
-2.2260120995839436 0.0004 0.0002 0.9999905147155126 6e-06 1e-05 0.9999970080455144 2e-06 4e-06 4.511967337926229 0.07 0.07 44 
-2.226021480560303 0.0003 0.0002 0.9999909545977911 6e-06 1e-05 0.9999974886576335 2e-06 3e-06 4.511867620150248 0.08 0.08 45 
-2.226003516515096 0.0004 0.0002 0.9999905145168304 7e-06 1e-05 0.9999968588352204 2e-06 5e-06 4.511918474833171 0.07 0.07 46 
-2.2260167185465494 0.0004 0.0002 0.999990834792455 6e-06 1e-05 0.9999970451990763 2e-06 5e-06 4.511952271461487 0.08 0.08 48 
-2.226026678085327 0.0004 0.0002 0.9999908405542374 6e-06 1e-05 0.9999974163373312 2e-06 4e-06 4.5119133567810055 0.08 0.08 49 
-2.226021509170532 0.0004 0.0002 0.999990837375323 6e-06 1e-05 0.9999970620870591 2e-06 5e-06 4.5118157084782915 0.07 0.07 50 
-2.2259977277119956 0.0004 0.0002 0.999990214506785 7e-06 1e-05 0.9999968443314234 2e-06 5e-06 4.51193213780721 0.07 0.07 51 
-2.226022450129191 0.0004 0.0002 0.9999908671776454 6e-06 1e-05 0.9999974034229915 2e-06 4e-06 4.511880807876587 0.07 0.07 52 
-2.2260365867614746 0.0003 0.0002 0.9999909623463948 6e-06 1e-05 0.9999973376592001 2e-06 4e-06 4.511918808619181 0.07 0.07 53 
-2.2260162734985354 0.0003 0.0002 0.9999908232688903 6e-06 1e-05 0.9999971997737884 2e-06 5e-06 4.511803517341614 0.07 0.07 54 
-2.22601159731547 0.0003 0.0002 0.9999904467662175 6e-06 1e-05 0.9999971262613933 2e-06 4e-06 4.511907345453898 0.07 0.07 55 
-2.2260014820098877 0.0003 0.0002 0.9999902675549189 6e-06 1e-05 0.9999970684448878 2e-06 5e-06 4.511879472732544 0.07 0.07 56 
-2.2259794998168947 0.0006 0.0003 0.9999894436200459 7e-06 1e-05 0.9999966992934545 2e-06 5e-06 4.511970842679341 0.08 0.08 57 
-2.2260261154174805 0.0004 0.0002 0.999990958571434 6e-06 1e-05 0.9999974942207337 2e-06 3e-06 4.511886469523112 0.08 0.08 58 
-2.226016864776611 0.0005 0.0002 0.9999907833337783 7e-06 1e-05 0.9999973356723786 2e-06 4e-06 4.51168869972229 0.08 0.08 59 
-2.226004950205485 0.0005 0.0002 0.9999904179573059 6e-06 1e-05 0.9999971495072046 2e-06 4e-06 4.512013487815857 0.08 0.08 60 
-2.2260075982411704 0.0005 0.0002 0.9999905079603195 7e-06 1e-05 0.9999972542126974 2e-06 4e-06 4.5120896752675375 0.08 0.08 61 
-2.2260187530517577 0.0004 0.0002 0.999990998506546 6e-06 1e-05 0.9999973271290461 2e-06 4e-06 4.511892910003662 0.07 0.07 62 
-2.2260327116648355 0.0003 0.0002 0.9999912291765213 6e-06 1e-05 0.9999977358182272 2e-06 2e-06 4.511929046312968 0.07 0.07 63 
-2.226018451054891 0.0004 0.0002 0.9999905935923259 7e-06 1e-05 0.999997139374415 2e-06 4e-06 4.512044173876444 0.07 0.07 64 
-2.2260076332092287 0.0006 0.0002 0.9999902641773224 7e-06 1e-05 0.9999970714251201 2e-06 4e-06 4.512055236498515 0.08 0.09 65 
-2.2260213788350423 0.0003 0.0002 0.9999907755851746 6e-06 1e-05 0.9999969911575317 2e-06 5e-06 4.511956766446431 0.07 0.07 67 
-2.226008717219035 0.0004 0.0002 0.9999904157718023 6e-06 1e-05 0.9999970787763596 2e-06 4e-06 4.5120412588119505 0.07 0.07 69 
-2.2260022226969403 0.0005 0.0002 0.9999904231230418 7e-06 1e-05 0.9999971238772074 2e-06 4e-06 4.511938169797261 0.08 0.08 71 
-2.226012913386027 0.0004 0.0002 0.9999906049172084 7e-06 1e-05 0.9999973398447036 2e-06 3e-06 4.511823476155599 0.07 0.07 72 
-2.2259581661224366 0.0004 0.0002 0.9999896514415741 7e-06 1e-05 0.9999969053268433 2e-06 5e-06 4.511907025973002 0.08 0.08 73 
-2.2259941132863363 0.0005 0.0002 0.9999902260303497 7e-06 1e-05 0.9999970177809397 2e-06 5e-06 4.511950163841248 0.08 0.08 76 
-2.2260115337371826 0.0004 0.0002 0.9999906041224798 7e-06 1e-05 0.9999970958630244 2e-06 5e-06 4.5119011068344115 0.07 0.07 77 
-2.2260244782765706 0.0003 0.0002 0.9999909601608912 5e-06 1e-05 0.9999974850813548 2e-06 4e-06 4.51195647239685 0.07 0.07 78 
-2.226019878387451 0.0004 0.0002 0.9999909691015879 6e-06 1e-05 0.9999973885218303 2e-06 4e-06 4.511932695706685 0.07 0.08 80 
-2.22600817044576 0.0003 0.0002 0.9999906986951828 6e-06 1e-05 0.999997212489446 2e-06 4e-06 4.511914421717326 0.07 0.07 81 
-2.2260128752390544 0.0003 0.0002 0.9999906152486802 6e-06 1e-05 0.999997105995814 2e-06 4e-06 4.511902596155802 0.07 0.07 82 
-2.226013110478719 0.0005 0.0002 0.9999903162320455 6e-06 1e-05 0.9999970306952795 2e-06 4e-06 4.511915454864502 0.08 0.08 83 
-2.22599321047465 0.0005 0.0002 0.9999902764956157 7e-06 1e-05 0.9999965991576513 2e-06 6e-06 4.51200470606486 0.08 0.08 84 
-2.225998821258545 0.0004 0.0002 0.9999901143709818 7e-06 1e-05 0.9999970171848933 2e-06 5e-06 4.512024292945862 0.07 0.07 86 
-2.22599294980367 0.0004 0.0002 0.9999900496006012 6e-06 1e-05 0.9999971743424734 2e-06 4e-06 4.511957359313965 0.07 0.07 88 
-2.225992498397827 0.0004 0.0002 0.999990097284317 7e-06 1e-05 0.999996967514356 2e-06 5e-06 4.511936119397482 0.08 0.08 89 
-2.2260215282440186 0.0003 0.0002 0.9999906293551127 6e-06 1e-05 0.999997144540151 2e-06 3e-06 4.511924761136373 0.07 0.07 90 
-2.2260032431284587 0.0005 0.0002 0.999990364909172 7e-06 1e-05 0.9999969647328059 2e-06 5e-06 4.5117570511500045 0.07 0.07 91 
-2.2260186354319256 0.0005 0.0002 0.9999903521935145 7e-06 1e-05 0.9999972252051036 2e-06 4e-06 4.511987117131551 0.08 0.08 92 
-2.226013142267863 0.0004 0.0002 0.9999905633926391 6e-06 1e-05 0.999997212489446 2e-06 4e-06 4.511939236323038 0.08 0.08 93 
-2.22607354482015 0.0003 0.0001 0.9999901403983434 6e-06 6e-06 0.9999974038203557 2e-06 3e-06 4.5120236937205 0.07 0.07 94 
-2.2260105737050373 0.0003 0.0002 0.9999904654423396 7e-06 1e-05 0.9999970215559005 2e-06 5e-06 4.51195458094279 0.07 0.07 95 
-2.225981636047363 0.0005 0.0002 0.9999901610612869 7e-06 1e-05 0.999996874332428 2e-06 5e-06 4.512054459253947 0.08 0.08 96 
-2.226022090911865 0.0005 0.0002 0.9999905689557393 6e-06 1e-05 0.9999972595771154 2e-06 4e-06 4.511872873306275 0.07 0.08 97 
-2.226039031346639 0.0006 0.0003 0.9999904084205627 7e-06 1e-05 0.9999977119763692 1e-06 3e-06 4.511919760704041 0.09 0.09 98 
-2.2260144583384194 0.0004 0.0002 0.9999904803435008 6e-06 1e-05 0.9999970879157384 2e-06 4e-06 4.511938177744548 0.08 0.08 99 
