-2.2144866816202797 0.0003 0.0003 0.9999520721038183 6e-06 1e-05 0.999949326912562 1e-05 2e-05 4.5055678923924765 0.07 0.07 0 
-2.214580675760905 0.0007 0.0005 0.9999539508422216 7e-06 2e-05 0.9999489086866379 1e-05 2e-05 4.5052810494105024 0.08 0.07 1 
-2.214503787358602 0.0003 0.0003 0.999955475529035 6e-06 1e-05 0.9999502940972647 1e-05 1e-05 4.505095729827881 0.07 0.07 2 
-2.2213466008504232 0.0002 0.0002 0.9999681862195333 2e-06 2e-06 0.9999469375610351 7e-06 7e-06 4.5102925856908165 0.1 0.09 3 
-2.2146033414204918 0.0006 0.0005 0.9999558434883753 7e-06 1e-05 0.9999521541595459 1e-05 2e-05 4.505205980936686 0.07 0.07 4 
-2.223857386906942 0.008 0.002 0.9999736956755321 8e-06 3e-05 0.9999791997671127 1e-05 8e-05 4.511320729255676 0.2 0.2 5 
-2.2144611422220866 0.0002 0.0002 0.9999555490414301 5e-06 6e-06 0.9999496374527613 1e-05 1e-05 4.5052458906173705 0.06 0.06 6 
-2.1056414794921876 0.003 0.001 0.9996000359455744 6e-05 6e-05 0.9939704092343649 0.0003 0.0004 4.435582434336345 0.1 0.1 7 
-2.2143352667490643 0.0001 0.0001 0.9999354422092438 4e-06 5e-06 0.9999496787786484 1e-05 1e-05 4.506223758061727 0.05 0.05 8 
-1.688200937906901 3e-05 2e-05 0.9938446180025736 0.0002 0.0002 0.9618054942289989 0.0005 0.0005 4.044329018592834 0.04 0.04 9 
-2.105891990661621 0.003 0.001 0.9996157972017924 6e-05 7e-05 0.9939905120929082 0.0003 0.0004 4.435279995600382 0.1 0.1 10 
-2.214586067199707 0.0007 0.0006 0.999948404232661 7e-06 1e-05 0.9999527970949809 1e-05 2e-05 4.5055528863271075 0.08 0.07 11 
-2.2239316431681315 0.007 0.002 0.9999786182244619 8e-06 2e-05 0.9999841870864232 1e-05 6e-05 4.510641551017761 0.2 0.2 12 
-2.1058635393778484 0.003 0.001 0.9996049771706264 6e-05 7e-05 0.9939905452728272 0.0003 0.0004 4.435528326034546 0.1 0.1 13 
-2.2144670136769613 0.0003 0.0003 0.9999485464890798 5e-06 8e-06 0.9999499545494716 1e-05 1e-05 4.505623817443848 0.07 0.07 14 
-2.2061295827229817 0.0001 0.0001 0.9998628044128418 7e-06 1e-05 0.9999398650725683 1e-05 1e-05 4.496672054926554 0.05 0.05 15 
-2.2144327100118 0.0002 0.0001 0.9999558418989182 5e-06 6e-06 0.999949669043223 1e-05 1e-05 4.505152972539266 0.06 0.06 16 
-2.214461580912272 0.0006 0.0005 0.9999307016531627 7e-06 1e-05 0.9999491282304128 1e-05 1e-05 4.506330372492473 0.07 0.07 17 
-2.223855428695679 0.006 0.002 0.9999779367446899 8e-06 2e-05 0.9999839289983113 1e-05 7e-05 4.511214296023051 0.2 0.2 18 
-2.2210966555277505 0.0001 0.0001 0.9999581748247146 1e-06 1e-06 0.9999460514386495 6e-06 6e-06 4.510751158396403 0.09 0.09 19 
-2.2239058272043866 0.007 0.002 0.9999783740441004 8e-06 2e-05 0.9999844557046891 1e-05 0.0001 4.510856881141662 0.2 0.2 20 
-2.2212434323628742 0.0001 0.0001 0.999967435002327 2e-06 2e-06 0.9999469568332037 6e-06 6e-06 4.5102623780568445 0.09 0.09 21 
-2.2215024439493813 0.0002 0.0002 0.9999684303998947 2e-06 3e-06 0.9999498065312703 6e-06 6e-06 4.510386681556701 0.09 0.09 22 
-2.214373346964518 0.0001 9e-05 0.9999513856569926 5e-06 5e-06 0.9999490586916605 1e-05 1e-05 4.505472006797791 0.06 0.06 23 
-2.099278631210327 0.002 0.0009 0.9994597053527832 5e-05 6e-05 0.9938893820842107 0.0003 0.0004 4.430475589434306 0.1 0.1 24 
-2.214469372431437 0.0006 0.0005 0.9999334472417831 7e-06 1e-05 0.9999485856294632 1e-05 2e-05 4.506256821950276 0.07 0.07 25 
-2.098172461191813 0.002 0.0009 0.9994550470511119 5e-05 6e-05 0.9938627429803213 0.0003 0.0004 4.4263511610031125 0.1 0.1 26 
-2.214093770980835 7e-05 7e-05 0.9998837900161743 3e-06 3e-06 0.9999480477968852 1e-05 1e-05 4.507884055773417 0.04 0.04 27 
-2.2060831356048585 0.0001 0.0001 0.9998625993728638 7e-06 8e-06 0.9999393330017725 1e-05 1e-05 4.496627620061239 0.05 0.05 28 
-2.1056255149841308 0.003 0.001 0.9995995730161666 6e-05 6e-05 0.9939700490236283 0.0003 0.0004 4.435900144577026 0.1 0.1 29 
-2.2144081083933513 0.0002 0.0002 0.9999516983826955 5e-06 7e-06 0.9999492386976878 1e-05 1e-05 4.505460629463196 0.06 0.06 30 
-2.2143820031483967 0.0001 0.0001 0.9999481006463369 5e-06 5e-06 0.9999494288365046 1e-05 1e-05 4.505556378364563 0.05 0.05 31 
-2.2144911511739096 0.0009 0.0006 0.9999305790662766 7e-06 1e-05 0.9999518988529841 1e-05 2e-05 4.506298136711121 0.07 0.07 32 
-2.2143512948354087 0.0001 0.0001 0.9999354231357575 4e-06 5e-06 0.9999497226874033 1e-05 1e-05 4.506229232152303 0.05 0.05 33 
-2.1059003003438312 0.003 0.001 0.9996027169624965 6e-05 7e-05 0.9939910501241684 0.0003 0.0004 4.435706357955933 0.1 0.1 34 
-2.2239746125539144 0.008 0.002 0.99997909228007 9e-06 3e-05 0.9999815199772517 1e-05 8e-05 4.511324110031128 0.2 0.2 35 
-2.223794323603312 0.006 0.002 0.9999697208404541 9e-06 2e-05 0.9999832397699356 1e-05 6e-05 4.5113522863388065 0.2 0.2 36 
-2.2145685577392578 0.0009 0.0006 0.9999460482597351 8e-06 2e-05 0.9999529310067494 1e-05 1e-05 4.505711897214254 0.07 0.07 37 
-2.214157594045003 0.0003 0.0002 0.9998799137274424 5e-06 5e-06 0.9999490477641424 1e-05 1e-05 4.508015411694845 0.06 0.07 38 
-2.1055427900950114 0.002 0.001 0.9995913849274317 5e-05 6e-05 0.9939702353874842 0.0003 0.0004 4.436453131039937 0.1 0.1 39 
-2.214457597732544 0.0002 0.0002 0.9999559311072032 5e-06 9e-06 0.9999501285950343 1e-05 1e-05 4.5051477368672685 0.06 0.06 40 
-2.2144881852467857 0.0005 0.0004 0.9999481906493505 6e-06 9e-06 0.9999473440647125 1e-05 1e-05 4.505488793055217 0.07 0.06 41 
-2.2143880303700767 0.0001 8e-05 0.999951460758845 5e-06 5e-06 0.999949143131574 1e-05 1e-05 4.505486296017964 0.05 0.05 42 
-2.1048005326588948 0.003 0.0009 0.9995668492714564 5e-05 6e-05 0.9939695179462433 0.0003 0.0004 4.434795241355896 0.1 0.1 43 
-2.1057216517130533 0.003 0.001 0.9995933759212494 6e-05 7e-05 0.9939896774291992 0.0003 0.0004 4.436917848587036 0.1 0.1 44 
-2.1056455198923745 0.003 0.001 0.9996030553181966 6e-05 6e-05 0.9939697450399398 0.0003 0.0004 4.435877455075582 0.1 0.1 45 
-2.1056912899017335 0.003 0.001 0.9996036763985952 6e-05 7e-05 0.9939714095989863 0.0003 0.0004 4.435689268112182 0.1 0.1 46 
-2.2210687001546225 0.0002 0.0001 0.9999401712417603 7e-07 1e-06 0.9999457412958145 6e-06 6e-06 4.511563765207926 0.09 0.09 47 
-2.1058651129404704 0.003 0.001 0.999604550798734 6e-05 7e-05 0.9939901602268219 0.0003 0.0004 4.435521755218506 0.1 0.1 48 
-2.22376158396403 0.007 0.002 0.9999565297365188 9e-06 2e-05 0.999982992609342 1e-05 7e-05 4.512128651936849 0.2 0.2 49 
-2.105818551381429 0.003 0.001 0.9996018491188685 6e-05 7e-05 0.9939906444152197 0.0003 0.0004 4.436240061124166 0.1 0.1 50 
-2.1056886196136473 0.003 0.001 0.9996013468503953 5e-05 6e-05 0.9939698266983032 0.0003 0.0004 4.435158065160116 0.1 0.1 51 
-2.2144248580932615 0.0004 0.0003 0.9999359291791916 6e-06 9e-06 0.9999499519666036 1e-05 2e-05 4.506258463859558 0.07 0.07 52 
-2.2145396900177 0.0007 0.0006 0.9999358506997427 7e-06 1e-05 0.9999523802598318 1e-05 1e-05 4.506346225738525 0.07 0.07 53 
-2.214448766708374 0.0006 0.0004 0.9999357555309931 6e-06 9e-06 0.999946979880333 1e-05 1e-05 4.50616285165151 0.07 0.07 54 
-2.214501447677612 0.0004 0.0003 0.9999520806471507 6e-06 1e-05 0.9999502368768056 1e-05 2e-05 4.505562529563904 0.07 0.07 55 
-2.214448486963908 0.0002 0.0002 0.9999547249078751 5e-06 9e-06 0.9999495412906011 1e-05 1e-05 4.505223957697551 0.06 0.06 56 
-2.2238149134318035 0.009 0.002 0.999951856136322 9e-06 3e-05 0.9999838503201802 1e-05 7e-05 4.511692201296489 0.2 0.2 57 
-2.1056445407867432 0.002 0.0009 0.9996028772989909 5e-05 6e-05 0.9939701032638549 0.0003 0.0004 4.435960200627645 0.1 0.1 58 
-2.1054975414276123 0.003 0.001 0.9995631885528564 6e-05 7e-05 0.9939895103375117 0.0003 0.0004 4.439136443138122 0.1 0.1 59 
-2.214416678746541 0.0002 0.0002 0.999947996934255 5e-06 7e-06 0.9999503485361735 1e-05 1e-05 4.505569171905518 0.05 0.05 60 
-2.0982042598724364 0.002 0.0009 0.9994539674123128 5e-05 6e-05 0.9938629295428594 0.0003 0.0003 4.426029459635417 0.1 0.1 61 
-2.214298159281413 0.0001 0.0001 0.9999302806456883 4e-06 5e-06 0.9999495605627696 1e-05 1e-05 4.506309196154277 0.05 0.05 62 
-2.2111473719278973 0.0001 8e-05 0.9998742709557216 5e-06 5e-06 0.9999463649590811 1e-05 1e-05 4.503054264386495 0.05 0.05 63 
-2.105533323287964 0.002 0.0009 0.9995882624387741 6e-05 6e-05 0.9939694188038508 0.0003 0.0004 4.436651045481364 0.1 0.1 64 
-2.214241828918457 0.0001 9e-05 0.9999269326527913 4e-06 4e-06 0.9999488653739294 1e-05 1e-05 4.506316372553507 0.05 0.05 65 
-2.105623680750529 0.003 0.001 0.9995998350779215 6e-05 6e-05 0.9939691783984502 0.0003 0.0004 4.435478396415711 0.1 0.1 66 
-2.206117960611979 0.0002 0.0001 0.9998589261372884 7e-06 9e-06 0.999939883351326 1e-05 1e-05 4.496964535713196 0.05 0.05 67 
-2.220522575378418 9e-05 9e-05 0.9997862068812052 3e-06 3e-06 0.9999510437250138 6e-06 6e-06 4.516304879188538 0.09 0.09 68 
-2.2144138272603353 0.0001 0.0001 0.9999561981360118 5e-06 6e-06 0.9999483646949132 1e-05 1e-05 4.505080219904582 0.06 0.06 69 
-2.1056669616699217 0.003 0.001 0.9996031653881073 6e-05 6e-05 0.9939710758129756 0.0003 0.0004 4.435618152618408 0.1 0.1 70 
-2.10561159769694 0.002 0.001 0.9995995455980301 6e-05 6e-05 0.9939695807298025 0.0003 0.0004 4.435882287025452 0.1 0.1 71 
-2.214368797938029 0.0002 0.0002 0.9999357306957245 5e-06 7e-06 0.9999492837985356 1e-05 1e-05 4.506228213310242 0.06 0.06 72 
-2.105381965637207 0.002 0.001 0.9995727092027664 6e-05 6e-05 0.9939688676595688 0.0003 0.0004 4.437208630243937 0.1 0.1 73 
-2.1056827767690023 0.003 0.0009 0.999602731068929 5e-05 6e-05 0.9939693180720012 0.0003 0.0004 4.435076816876729 0.1 0.1 74 
-2.2141101137797037 0.0001 0.0001 0.9998840725421906 3e-06 3e-06 0.9999481238921484 1e-05 1e-05 4.5078915198644 0.05 0.05 75 
-2.2239110565185545 0.008 0.002 0.9999698807795843 9e-06 4e-05 0.9999848320086797 1e-05 9e-05 4.511002162297567 0.2 0.2 76 
-2.214384616216024 0.0001 9e-05 0.999947967727979 5e-06 5e-06 0.9999493181705474 1e-05 1e-05 4.505511603355408 0.06 0.06 77 
-2.223969923655192 0.006 0.002 0.9999793595075608 8e-06 3e-05 0.9999846150477727 1e-05 0.0001 4.510444903373719 0.2 0.2 78 
-2.1055427996317544 0.003 0.001 0.9995916374524434 6e-05 7e-05 0.993970357577006 0.0003 0.0004 4.436625402768453 0.1 0.1 79 
-2.21431978225708 0.0002 0.0001 0.9999332704146703 5e-06 6e-06 0.999949092666308 1e-05 1e-05 4.506239000956217 0.06 0.06 80 
-2.105830227533976 0.003 0.001 0.9996020476023356 6e-05 7e-05 0.9939905778566996 0.0003 0.0004 4.436259385744731 0.1 0.1 81 
-2.1058535130818683 0.003 0.001 0.9996030100186666 6e-05 7e-05 0.9939897261063257 0.0003 0.0004 4.4350447734196985 0.1 0.1 82 
-2.214646873474121 0.0009 0.0007 0.9999486247698466 8e-06 2e-05 0.9999526725212733 2e-05 2e-05 4.505709346135458 0.08 0.08 83 
-2.1057098134358725 0.003 0.001 0.9996137473980585 5e-05 7e-05 0.9939697454373042 0.0003 0.0004 4.435174603462219 0.1 0.1 84 
-2.21442019144694 0.0003 0.0002 0.9999482943614324 5e-06 7e-06 0.9999493819475174 1e-05 1e-05 4.505579047203064 0.06 0.06 85 
-2.2144792811075846 0.0002 0.0002 0.9999565472205479 5e-06 8e-06 0.9999495494365692 1e-05 1e-05 4.505124896367391 0.07 0.07 86 
-2.2144916184743244 0.0002 0.0002 0.9999559978644054 5e-06 8e-06 0.9999498109022776 1e-05 1e-05 4.505200026830037 0.06 0.06 87 
-2.1057056395212808 0.003 0.001 0.9996030072371165 5e-05 6e-05 0.993971497019132 0.0003 0.0004 4.435647435188294 0.1 0.1 88 
-2.214430046081543 0.0002 0.0001 0.9999556386470795 5e-06 7e-06 0.9999490739901861 1e-05 1e-05 4.505157046318054 0.06 0.06 89 
-2.214439417521159 0.0002 0.0002 0.9999517863988876 5e-06 7e-06 0.9999493018786112 1e-05 1e-05 4.505561264355977 0.06 0.06 90 
-2.2060740598042807 0.0001 0.0001 0.9998586197694143 7e-06 8e-06 0.9999395277102788 1e-05 1e-05 4.496953158378601 0.04 0.04 91 
-2.214546537399292 0.0006 0.0004 0.9999563600619634 7e-06 1e-05 0.9999469665686289 1e-05 2e-05 4.505131944020589 0.07 0.07 92 
-2.1058174546559654 0.003 0.001 0.9996019651492437 6e-05 7e-05 0.9939901912212372 0.0003 0.0004 4.4360547399520875 0.1 0.1 93 
-2.105504795710246 0.002 0.001 0.9995881778001785 6e-05 6e-05 0.9939703164498012 0.0003 0.0004 4.43665500164032 0.1 0.1 94 
-2.206143096288045 0.0002 0.0001 0.9998636192083359 7e-06 9e-06 0.9999392638603847 1e-05 2e-05 4.49660103003184 0.06 0.05 95 
-2.105908199946086 0.003 0.001 0.999603633483251 6e-05 7e-05 0.993990797996521 0.0003 0.0004 4.435518708229065 0.1 0.1 96 
-2.1059089597066243 0.003 0.001 0.9996029971043269 6e-05 7e-05 0.9939908995230993 0.0003 0.0004 4.435689633687337 0.1 0.1 97 
-2.2144360891977946 0.0006 0.0004 0.9999306521813075 6e-06 1e-05 0.9999483585357666 1e-05 1e-05 4.5062508344650265 0.07 0.07 98 
-2.223971265157064 0.008 0.002 0.9999757275978725 9e-06 4e-05 0.9999852530161539 1e-05 8e-05 4.51094429175059 0.2 0.2 99 
