-2.2249156538645427 0.003 0.0009 0.9999910165866216 3e-06 9e-06 0.9999560038248698 2e-05 5e-05 4.511531093915304 0.09 0.09 82 
-2.225287946065267 0.002 0.0007 0.9999900621175766 5e-06 1e-05 0.9999643335739772 3e-05 5e-05 4.512553265889486 0.1 0.1 6 
-2.2247215779622396 0.002 0.001 0.9999737109740575 1e-05 3e-05 0.9999625917275746 2e-05 5e-05 4.512631305058798 0.2 0.2 85 
-2.2243763637542724 0.005 0.002 0.9999848939975102 8e-06 2e-05 0.9999451432625452 3e-05 0.0001 4.511785354614258 0.2 0.2 68 
-2.2232327302296957 0.005 0.002 0.9999476826190948 3e-05 0.0001 0.999937859972318 3e-05 0.0001 4.51217133363088 0.2 0.3 48 
-2.224720039367676 0.0006 0.0005 0.9999883085489273 4e-06 8e-06 0.9999548816680908 1e-05 2e-05 4.511952573458354 0.1 0.1 46 
-2.224382925033569 0.001 0.0007 0.9999897982676824 4e-06 1e-05 0.9999471211433411 3e-05 6e-05 4.511426552136739 0.08 0.08 99 
-2.223740380605062 0.003 0.001 0.9999755857388178 9e-06 2e-05 0.9999396532773972 2e-05 4e-05 4.512550021807352 0.1 0.1 1 
-2.2250963624318443 0.002 0.0008 0.9999906092882156 5e-06 8e-06 0.9999668647845587 2e-05 5e-05 4.511788042386373 0.1 0.1 93 
-2.224628225962321 0.0009 0.0005 0.9999840227762858 5e-06 7e-06 0.9999659993251164 1e-05 2e-05 4.512272124290466 0.1 0.1 80 
-2.2235681947072345 0.0004 0.0003 0.9999736847480138 5e-06 6e-06 0.9999395291010539 1e-05 2e-05 4.511991090774536 0.1 0.1 73 
-2.226267064412435 0.0004 0.0002 0.9999941398700078 5e-06 1e-05 0.9999959407250086 2e-06 4e-06 4.512205808957418 0.07 0.07 25 
-2.2251328086853026 0.002 0.0008 0.9999812495708466 9e-06 1e-05 0.9999662633736929 2e-05 7e-05 4.511962785720825 0.2 0.2 81 
-2.2242822392781574 0.003 0.001 0.9999599746863047 1e-05 3e-05 0.9999600956837337 1e-05 1e-05 4.513620343208313 0.2 0.2 49 
-2.2257801977793377 0.001 0.0006 0.99999343196551 5e-06 2e-05 0.9999866296847661 1e-05 3e-05 4.512202823956807 0.1 0.1 40 
-2.2250807921091718 0.001 0.0007 0.9999817945559819 1e-05 2e-05 0.9999696491161982 2e-05 4e-05 4.511751599311829 0.1 0.1 69 
-2.225622282028198 0.001 0.0004 0.9999744262297948 2e-05 4e-05 0.9999906120697657 5e-06 2e-05 4.51257217725118 0.09 0.09 33 
-2.225433553059896 0.001 0.0008 0.9999896148840587 5e-06 1e-05 0.999979820450147 1e-05 4e-05 4.5121787103017175 0.1 0.1 12 
-2.2249984073638918 0.002 0.0008 0.9999886838595072 5e-06 1e-05 0.9999655985832214 1e-05 3e-05 4.5122208420435586 0.1 0.1 26 
-2.2248388226826985 0.001 0.0008 0.9999845010042191 6e-06 1e-05 0.9999688667058945 2e-05 6e-05 4.512063287099203 0.1 0.1 10 
