-2.22399746576945 0.005 0.002 0.9998751236995062 7e-06 2e-05 0.9999836909770966 1e-05 0.0003 4.514214175542196 0.1 0.2 25 
-2.223982359568278 0.005 0.002 0.9999256283044815 7e-06 2e-05 0.9999904785553614 5e-06 2e-05 4.512972583770752 0.1 0.2 56 
-2.224126377105713 0.002 0.0007 0.9998633086681366 3e-06 6e-06 0.9999598954121272 4e-06 8e-06 4.51503098487854 0.08 0.08 50 
-2.2244424788157144 0.004 0.001 0.9998796592156093 6e-06 6e-05 0.999712528983752 1e-05 7e-05 4.516839318275451 0.1 0.1 62 
-2.2230306498209633 0.003 0.001 0.9998688318332036 4e-06 9e-06 0.9999893728892009 7e-06 5e-05 4.511400430997213 0.1 0.1 23 
-2.223509152730306 0.005 0.001 0.9998030376434326 6e-05 0.0006 0.9999915762742361 6e-06 3e-05 4.515541718800862 0.3 0.2 83 
-2.2210176881154378 0.002 0.0009 0.999514875014623 1e-05 1e-05 0.9998074640830358 4e-06 7e-05 4.5214505259195965 0.07 0.08 10 
-2.22392853418986 0.007 0.002 0.9999396745363871 9e-06 3e-05 0.9999874921639761 6e-06 2e-05 4.510994003613789 0.1 0.1 4 
-2.220958875020345 0.005 0.0009 0.9991109478473663 2e-05 4e-05 0.9999906929334005 3e-06 1e-05 4.530720887184143 0.1 0.1 118 
-2.2229439926147463 0.002 0.001 0.9995349574089051 1e-05 2e-05 0.9997176647186279 5e-06 2e-05 4.525949529012045 0.1 0.1 66 
-2.2209898598988853 0.003 0.002 0.9997105207045873 7e-06 1e-05 0.9999675691127777 1e-05 5e-05 4.512999879519144 0.2 0.1 81 
-2.2241172059377035 0.0003 0.0002 0.9999599067370096 2e-06 2e-06 0.9999844986200332 2e-06 3e-06 4.512067147890726 0.1 0.1 104 
-2.220436503092448 0.005 0.001 0.9990785519282023 2e-05 5e-05 0.9997656100988388 1e-05 4e-05 4.534407351811727 0.1 0.1 105 
-2.2244436232248943 0.005 0.002 0.9999348493417104 9e-06 4e-05 0.9999916964769363 7e-06 3e-05 4.512256204287211 0.2 0.2 96 
-2.222667620976766 0.001 0.0006 0.999526729385058 1e-05 1e-05 0.9999781103928884 4e-06 4e-05 4.520500807762146 0.1 0.1 73 
-2.221994562149048 0.004 0.001 0.9996001114447911 1e-05 3e-05 0.9999302492539088 6e-06 2e-05 4.518149587313334 0.1 0.1 16 
-2.2216958522796633 0.003 0.002 0.9999271770318349 1e-05 2e-05 0.9999556676546733 3e-05 8e-05 4.509122333526611 0.2 0.2 85 
-2.2246672471364337 0.0008 0.0006 0.9999511557817459 3e-06 3e-06 0.9999905874331793 6e-06 3e-05 4.512122104962667 0.1 0.1 123 
-2.222373504638672 0.004 0.001 0.9996958673000336 1e-05 2e-05 0.999985768198967 7e-06 6e-05 4.516995040575663 0.1 0.1 71 
-2.2245525042215983 0.001 0.0006 0.9997850426038106 6e-06 1e-05 0.999977723757426 8e-06 2e-05 4.51691515604655 0.1 0.1 133 
