-2.224821310043335 0.001 0.0007 0.9999737006425857 4e-06 5e-06 0.9999813447395961 1e-05 4e-05 4.511801241238912 0.2 0.2 0 
-2.2247301705678306 0.001 0.0007 0.9999796994527181 6e-06 1e-05 0.9999850193659464 9e-06 2e-05 4.5114081128438315 0.1 0.1 1 
-2.223938102722168 0.001 0.0008 0.9999753701686859 4e-06 9e-06 0.9999423209826152 3e-05 5e-05 4.5112363052368165 0.2 0.2 2 
-2.22489138285319 0.003 0.001 0.9999743280808131 5e-06 6e-06 0.9999811814228694 1e-05 5e-05 4.511861324310303 0.2 0.2 3 
-2.2250098037719725 0.002 0.0008 0.999990730881691 7e-06 2e-05 0.9999895256757736 8e-06 2e-05 4.511442688306173 0.2 0.2 4 
-2.2251152006785073 0.002 0.001 0.9999929559230805 4e-06 7e-06 0.9999848330020904 1e-05 2e-05 4.511588986714681 0.2 0.2 5 
-2.2252823893229166 0.0009 0.0005 0.999993577003479 5e-06 1e-05 0.9999856426318486 7e-06 2e-05 4.511593934694926 0.1 0.1 6 
-2.224213167826335 0.006 0.002 0.9999933550755183 5e-06 2e-05 0.9999779566129049 2e-05 5e-05 4.511170333226522 0.2 0.2 7 
-2.2248740832010907 0.002 0.0008 0.9999900009234747 7e-06 2e-05 0.9999835864702861 8e-06 1e-05 4.511615796089172 0.1 0.1 8 
-2.225161918004354 0.001 0.0008 0.9999929187695186 5e-06 1e-05 0.9999872972567876 9e-06 3e-05 4.511635411580404 0.2 0.2 9 
-2.224944715499878 0.001 0.0008 0.9999795053402583 4e-06 1e-05 0.9999798705180486 1e-05 4e-05 4.5116802533467615 0.2 0.2 10 
-2.2248465538024904 0.0005 0.0004 0.9999936300516129 3e-06 4e-06 0.9999882133801778 7e-06 1e-05 4.511369873682658 0.1 0.1 11 
-2.224769436518351 0.003 0.001 0.9999776224295298 6e-06 1e-05 0.9999786835908889 2e-05 3e-05 4.511478452682495 0.1 0.1 12 
-2.2248836835225423 0.0003 0.0002 0.9999957376718521 2e-06 2e-06 0.9999884722630182 6e-06 1e-05 4.511491764386495 0.1 0.1 13 
-2.2249157015482584 0.001 0.0005 0.9999939674139022 3e-06 6e-06 0.999987027645111 8e-06 1e-05 4.51150364557902 0.1 0.1 14 
-2.2242431322733562 0.003 0.002 0.9999726901451746 6e-06 2e-05 0.9999687572320303 3e-05 7e-05 4.51124676545461 0.2 0.2 15 
-2.2247846285502115 0.001 0.0006 0.9999767969051997 5e-06 8e-06 0.9999819497267405 8e-06 2e-05 4.511437044143677 0.1 0.1 16 
-2.2246302445729573 0.0003 0.0003 0.9999952429533004 2e-06 3e-06 0.999965792298317 1e-05 2e-05 4.511509408950806 0.1 0.1 17 
-2.2246946620941164 0.004 0.001 0.9999697099129359 5e-06 9e-06 0.999964824517568 2e-05 5e-05 4.511751592954 0.2 0.2 18 
-2.2249065589904786 0.0009 0.0006 0.9999868279695511 4e-06 8e-06 0.9999780116478602 9e-06 2e-05 4.511654562950135 0.1 0.1 19 
-2.2251058769226075 0.001 0.0005 0.9999923225243886 4e-06 1e-05 0.9999892576535543 6e-06 1e-05 4.511490159034729 0.1 0.1 20 
-2.224645306269328 0.001 0.0006 0.9999902514616649 3e-06 4e-06 0.999979252020518 1e-05 3e-05 4.511581726074219 0.1 0.1 21 
-2.225076592763265 0.0003 0.0002 0.9999950768550238 1e-06 3e-06 0.9999898296594619 5e-06 6e-06 4.511618229548136 0.1 0.1 22 
-2.2236423969268797 0.004 0.001 0.9999636147419612 6e-06 1e-05 0.9999589429299036 3e-05 0.0001 4.510984862645467 0.2 0.2 23 
-2.224133087793986 0.003 0.001 0.9999918274084727 3e-06 7e-06 0.9999580339590708 4e-05 7e-05 4.5110769462585445 0.2 0.2 24 
-2.2245980167388915 0.004 0.001 0.999984572728475 8e-06 3e-05 0.9999787016709646 1e-05 7e-05 4.511324103673299 0.2 0.2 25 
-2.224722032546997 0.004 0.001 0.9999719305833181 5e-06 2e-05 0.9999816594521205 1e-05 5e-05 4.511331615447998 0.2 0.2 26 
-2.2232908089955647 2e-05 2e-05 0.9999868816137314 5e-07 5e-07 0.9999324156840642 2e-05 2e-05 4.513407929738363 0.03 0.03 27 
-2.223519147237142 0.001 0.0008 0.9999903732538223 4e-06 6e-06 0.9999590013424555 3e-05 7e-05 4.510884668032328 0.2 0.2 28 
-2.225244607925415 0.001 0.0006 0.9999946123361587 4e-06 7e-06 0.999987453420957 6e-06 1e-05 4.511621023813883 0.1 0.1 29 
-2.225076328913371 0.002 0.0009 0.9999740344285964 4e-06 6e-06 0.9999794681866964 1e-05 2e-05 4.51144539197286 0.1 0.1 30 
-2.2249470551808677 0.001 0.0005 0.999993655482928 4e-06 1e-05 0.9999850821495057 7e-06 1e-05 4.511456918716431 0.1 0.1 31 
-2.2247318776448566 0.0006 0.0005 0.9999842641750971 4e-06 6e-06 0.9999876739581426 7e-06 1e-05 4.511433450380961 0.1 0.1 32 
-2.224291133880615 0.002 0.001 0.9999682305256525 5e-06 1e-05 0.999971851905187 2e-05 5e-05 4.511337504386902 0.2 0.2 33 
-2.22488964398702 0.002 0.0008 0.999992107351621 6e-06 2e-05 0.9999853098392486 9e-06 2e-05 4.511526432037353 0.1 0.1 34 
-2.224997418721517 0.0001 0.0001 0.9999967354536057 9e-07 1e-06 0.9999887158473333 4e-06 6e-06 4.511610282262167 0.1 0.1 35 
-2.22481125831604 0.0004 0.0004 0.9999944786230723 3e-06 4e-06 0.9999874899784724 7e-06 1e-05 4.511534498532613 0.1 0.1 36 
-2.2251114304860433 0.002 0.0008 0.9999915770689647 6e-06 1e-05 0.9999850849310558 9e-06 2e-05 4.511420383453369 0.1 0.2 37 
-2.224988342920939 0.0009 0.0004 0.9999943312009175 4e-06 6e-06 0.9999832767248154 7e-06 1e-05 4.511566340128581 0.1 0.1 38 
-2.223797416687012 0.002 0.001 0.9999691132704417 4e-06 7e-06 0.999957624276479 3e-05 7e-05 4.5112536954879765 0.2 0.2 39 
-2.224842348098755 0.0004 0.0003 0.9999841803312302 2e-06 3e-06 0.9999876246849696 7e-06 1e-05 4.511514509518941 0.1 0.1 40 
-2.2246237913767497 0.002 0.001 0.9999779987335206 7e-06 2e-05 0.9999806636571884 1e-05 3e-05 4.511468138694763 0.2 0.2 41 
-2.2243478202819826 0.004 0.001 0.9999743902683258 1e-05 4e-05 0.9999757941563924 2e-05 7e-05 4.5108381382624305 0.2 0.2 42 
-2.224784806569417 0.0002 0.0002 0.9999865382909775 1e-06 2e-06 0.99998748421669 5e-06 8e-06 4.51155047416687 0.1 0.1 43 
-2.224934508005778 0.0007 0.0003 0.9999952433506648 2e-06 5e-06 0.9999851649999618 5e-06 7e-06 4.511535496711731 0.1 0.1 44 
-2.22481281598409 0.0002 0.0002 0.9999855293830235 1e-06 2e-06 0.9999863723913829 4e-06 5e-06 4.5115211947758995 0.1 0.1 45 
-2.224034792582194 2e-05 2e-05 0.9999883490800857 6e-07 6e-07 0.9999187185366949 1e-05 1e-05 4.513736030260722 0.03 0.03 46 
-2.224992691675822 0.0009 0.0004 0.9999914610385895 4e-06 6e-06 0.9999811142683029 6e-06 1e-05 4.511694110234578 0.1 0.1 47 
-2.22498353322347 0.003 0.001 0.9999888068437577 5e-06 2e-05 0.9999738659461339 2e-05 2e-05 4.511868993441264 0.1 0.1 48 
-2.224871301651001 0.0006 0.0004 0.9999857880671819 3e-06 5e-06 0.9999845836559932 7e-06 1e-05 4.511514933904012 0.1 0.1 49 
-2.2247140185038248 0.001 0.0006 0.9999799034992853 5e-06 1e-05 0.9999856742223104 8e-06 2e-05 4.511406542460124 0.1 0.1 50 
-2.225270783106486 0.002 0.0009 0.9999896973371506 7e-06 8e-06 0.9999743801355362 2e-05 4e-05 4.511484847068787 0.2 0.2 51 
-2.2250308895111086 0.003 0.001 0.9999760017792384 6e-06 1e-05 0.9999802350997925 1e-05 4e-05 4.5117112795511884 0.2 0.2 52 
-2.2249082120259605 0.0009 0.0005 0.9999731729427973 3e-06 3e-06 0.9999646284182866 2e-05 5e-05 4.511966102917989 0.2 0.2 53 
-2.224746675491333 0.003 0.001 0.9999710734685262 3e-06 5e-06 0.9999791365861893 2e-05 5e-05 4.5117249027887985 0.2 0.2 54 
-2.2245011520385742 0.005 0.001 0.9999651300907135 9e-06 4e-05 0.9999611469109854 3e-05 7e-05 4.5120052194595335 0.2 0.2 55 
-2.2235611406962077 0.004 0.002 0.9999606426556905 6e-06 1e-05 0.9999475361903508 3e-05 9e-05 4.510954896608989 0.2 0.2 56 
-2.224903243382772 0.001 0.0006 0.9999912736813227 4e-06 7e-06 0.9999807645877202 9e-06 2e-05 4.511623764038086 0.1 0.1 57 
-2.2251219113667804 0.001 0.0005 0.9999930681784948 4e-06 7e-06 0.9999879366159439 6e-06 1e-05 4.511512282689412 0.1 0.1 58 
-2.2249976634979247 0.002 0.0009 0.9999795224269231 5e-06 1e-05 0.9999812744061152 1e-05 7e-05 4.511594805717468 0.2 0.2 59 
-2.2250266869862876 0.001 0.0005 0.9999942640463512 4e-06 1e-05 0.9999901328484218 6e-06 9e-06 4.511662885348002 0.1 0.1 60 
-2.2243805948893227 0.003 0.001 0.9999746072292328 6e-06 2e-05 0.9999711986382802 2e-05 7e-05 4.5117859967549645 0.2 0.2 61 
-2.224912576675415 0.002 0.0009 0.9999744391441345 3e-06 8e-06 0.9999798099199931 2e-05 3e-05 4.51176372051239 0.1 0.1 62 
-2.225056842168172 0.001 0.0007 0.9999758660793304 4e-06 1e-05 0.9999802803993225 1e-05 4e-05 4.511570011774699 0.1 0.2 63 
-2.2247783533732095 0.0006 0.0004 0.9999811166524887 3e-06 4e-06 0.9999867274363836 6e-06 1e-05 4.51152841091156 0.1 0.1 64 
-2.224492883682251 0.004 0.001 0.9999895755449931 7e-06 2e-05 0.999961017370224 3e-05 5e-05 4.511344615618388 0.2 0.2 65 
-2.2248351828257245 0.001 0.0006 0.9999931118885677 5e-06 9e-06 0.9999844054381053 8e-06 1e-05 4.51145476659139 0.1 0.1 66 
-2.2247459348042806 0.002 0.001 0.9999879882733027 5e-06 2e-05 0.9999725544452667 2e-05 4e-05 4.511799534161885 0.2 0.2 67 
-2.2247380669911703 0.0008 0.0006 0.999980969230334 5e-06 9e-06 0.9999872100353241 8e-06 2e-05 4.511545664469401 0.1 0.1 68 
-2.223510529200236 0.005 0.002 0.999961547255516 8e-06 2e-05 0.9999373030662536 4e-05 0.0001 4.511516070365905 0.2 0.2 69 
-2.225044323603312 0.003 0.0009 0.9999920405944188 7e-06 1e-05 0.9999831155935923 1e-05 3e-05 4.511654609044393 0.2 0.2 70 
-2.225058215459188 0.0005 0.0004 0.999975955883662 3e-06 5e-06 0.9999829069773356 9e-06 2e-05 4.511907278696696 0.1 0.1 71 
-2.224900779724121 0.0003 0.0003 0.9999909955263138 2e-06 3e-06 0.9999872887134552 6e-06 1e-05 4.511650005976359 0.1 0.1 72 
-2.22480837504069 0.0009 0.0004 0.9999842615922292 4e-06 5e-06 0.9999809034665426 7e-06 1e-05 4.511711619695028 0.1 0.1 73 
-2.225057175954183 0.001 0.0004 0.9999943663676579 3e-06 1e-05 0.9999891171852747 5e-06 8e-06 4.511600645383199 0.1 0.1 74 
-2.224541476567586 0.005 0.002 0.9999731250603994 1e-05 3e-05 0.9999619170029959 3e-05 0.0001 4.511422321001689 0.2 0.2 75 
-2.223844725290934 0.005 0.002 0.9999792538086574 8e-06 1e-05 0.9999572515487671 3e-05 8e-05 4.510878586769104 0.2 0.2 76 
-2.224256470998128 0.002 0.001 0.9999749761819839 5e-06 1e-05 0.9999587827920914 2e-05 6e-05 4.511288282076518 0.2 0.2 77 
-2.224160623550415 0.003 0.002 0.9999735063314438 1e-05 3e-05 0.9999689064423243 3e-05 6e-05 4.51173489411672 0.2 0.2 78 
-2.2250548140207926 0.002 0.0009 0.9999830643335978 4e-06 6e-06 0.9999809247255326 1e-05 4e-05 4.511806934674581 0.2 0.2 79 
-2.2247924264272054 0.002 0.001 0.999977765083313 6e-06 1e-05 0.9999735726912816 2e-05 4e-05 4.511003945668539 0.2 0.2 80 
-2.220527006785075 3e-05 3e-05 0.9998928012450536 2e-06 2e-06 0.9998703839381536 2e-05 2e-05 4.5233603906631465 0.05 0.05 81 
-2.224399045308431 0.002 0.001 0.999971385995547 5e-06 1e-05 0.9999769033988317 2e-05 5e-05 4.511550227801005 0.2 0.2 82 
-2.2248137187957764 0.0007 0.0005 0.9999827114741008 4e-06 7e-06 0.9999879670143127 7e-06 2e-05 4.5115159861246745 0.1 0.1 83 
-2.2247595087687175 0.001 0.0007 0.9999765775601069 5e-06 8e-06 0.9999804806709289 1e-05 2e-05 4.511367578506469 0.2 0.2 84 
-2.2238520558675132 1e-05 2e-05 0.9999928009510041 5e-07 3e-07 0.9999294696251552 6e-06 6e-06 4.5123040421803795 0.02 0.02 85 
-2.2221563466389975 2e-05 2e-05 0.9999363181988398 1e-06 1e-06 0.99979489783446 8e-06 8e-06 4.523216150601705 0.04 0.04 86 
-2.225326875050863 0.0008 0.0004 0.9999945310751597 3e-06 1e-05 0.9999624361594518 1e-05 2e-05 4.511637983322143 0.09 0.09 87 
-2.2248974609375 0.0002 0.0002 0.9999847708145777 1e-06 2e-06 0.9999874075253804 5e-06 8e-06 4.511571920712789 0.1 0.1 88 
-2.2240386835734047 0.006 0.002 0.999968643784523 5e-06 6e-06 0.9999619422356287 3e-05 0.0001 4.511042362848918 0.2 0.2 89 
-2.2249252287546795 0.0006 0.0004 0.9999948012828827 3e-06 4e-06 0.9999847064415613 7e-06 1e-05 4.511531829833984 0.1 0.1 90 
-2.2249977588653564 0.0009 0.0005 0.9999951569239298 3e-06 5e-06 0.9999878732363383 7e-06 1e-05 4.511623862584432 0.1 0.1 91 
-2.225109332402547 0.002 0.0008 0.9999769574403763 4e-06 1e-05 0.9999824684858322 1e-05 5e-05 4.511611078580221 0.2 0.2 92 
-2.225058027903239 0.001 0.0007 0.9999941372871399 4e-06 6e-06 0.9999845119317373 8e-06 2e-05 4.5116067886352536 0.1 0.1 93 
-2.224878002802531 0.002 0.0008 0.9999909770488739 5e-06 1e-05 0.9999863388140996 9e-06 2e-05 4.511529038747152 0.2 0.2 94 
-2.224779869715373 0.0003 0.0002 0.9999773965279262 1e-06 1e-06 0.9999631834030152 1e-05 2e-05 4.511255278587341 0.1 0.1 95 
-2.223592306772868 0.0007 0.0005 0.999972649415334 2e-06 6e-06 0.999953598578771 2e-05 3e-05 4.51080596446991 0.2 0.2 96 
-2.2242076873779295 0.002 0.001 0.9999813600381215 4e-06 1e-05 0.9999564550320308 2e-05 5e-05 4.511387941042583 0.2 0.2 97 
-2.224832394917806 0.005 0.001 0.9999805190165838 8e-06 2e-05 0.9999763460954031 2e-05 8e-05 4.51164023399353 0.2 0.2 98 
-2.224481585820516 0.001 0.0007 0.9999751869837443 4e-06 1e-05 0.9999652330080668 1e-05 3e-05 4.5116311581929525 0.1 0.1 99 
-2.2250576464335126 0.001 0.0008 0.9999741697311402 6e-06 2e-05 0.9999805907408397 1e-05 4e-05 4.511409648259481 0.2 0.2 100 
-2.2245210202534995 0.003 0.002 0.9999893037478129 8e-06 4e-05 0.9999749294916789 2e-05 9e-05 4.511172466278076 0.2 0.2 101 
-2.2252330780029297 0.001 0.0005 0.9999955956141154 3e-06 8e-06 0.9999793297052384 1e-05 3e-05 4.511525055567423 0.1 0.1 102 
-2.2249122778574626 0.002 0.0009 0.9999751861890157 3e-06 6e-06 0.999984803199768 1e-05 2e-05 4.511520641644796 0.2 0.2 103 
-2.2252028719584147 0.002 0.0009 0.9999934405088424 3e-06 6e-06 0.9999776987234751 2e-05 2e-05 4.511462788581849 0.1 0.1 104 
-2.2250387859344483 0.002 0.0008 0.9999957462151845 2e-06 7e-06 0.9999725810686747 2e-05 6e-05 4.511236225763957 0.2 0.2 105 
-2.224955078760783 0.0006 0.0004 0.9999937478701274 4e-06 5e-06 0.999987723827362 6e-06 1e-05 4.511515914599101 0.1 0.1 106 
-2.224664405186971 0.007 0.002 0.9999703762928644 6e-06 3e-05 0.9999755841493606 2e-05 6e-05 4.512333539326986 0.2 0.2 107 
-2.224826250076294 0.0003 0.0003 0.9999828950564067 2e-06 3e-06 0.9999862041076024 6e-06 1e-05 4.511383209228516 0.1 0.1 108 
-2.2250132751464844 0.0006 0.0004 0.9999941442410151 4e-06 7e-06 0.999988944331805 6e-06 1e-05 4.51163335164388 0.1 0.1 109 
-2.2243189080556234 0.005 0.002 0.9999748235940933 8e-06 2e-05 0.9999698557456335 2e-05 5e-05 4.511538888613383 0.2 0.2 110 
-2.2246198940277098 0.003 0.001 0.9999929728110631 4e-06 5e-06 0.9999673509597778 3e-05 5e-05 4.511396080652872 0.2 0.2 111 
-2.2249827861785887 0.001 0.0006 0.999992526769638 5e-06 8e-06 0.9999875263373057 8e-06 2e-05 4.5115727615356445 0.1 0.1 112 
-2.223835296630859 0.004 0.002 0.99997978190581 5e-06 1e-05 0.9999550475676855 3e-05 5e-05 4.5111391099294025 0.2 0.2 113 
-2.224860283533732 0.004 0.001 0.9999670714139939 9e-06 3e-05 0.9999731713533402 2e-05 3e-05 4.51200611114502 0.2 0.2 114 
-2.225014279683431 0.0002 0.0002 0.9999882900714874 2e-06 3e-06 0.9999884516000748 5e-06 8e-06 4.5117327006657915 0.1 0.1 115 
-2.224092944463094 0.002 0.001 0.999988668958346 5e-06 1e-05 0.9999563699960708 3e-05 8e-05 4.511131636301676 0.2 0.2 116 
-2.225151685078939 0.002 0.0006 0.999993963042895 4e-06 8e-06 0.9999855973323186 7e-06 1e-05 4.511678500175476 0.1 0.1 117 
-2.2252206389109292 0.002 0.0008 0.9999918963511785 6e-06 1e-05 0.9999874613682429 9e-06 2e-05 4.511652545928955 0.2 0.2 118 
-2.225174344380697 0.001 0.0008 0.9999911650021871 4e-06 4e-06 0.999972844918569 2e-05 5e-05 4.511444625854492 0.2 0.2 119 
-2.2250299294789633 0.001 0.0005 0.9999900921185811 2e-06 3e-06 0.9999805142482122 8e-06 2e-05 4.511464014053344 0.1 0.1 120 
-2.2249432818094887 0.001 0.0007 0.9999724260965983 4e-06 8e-06 0.999977930188179 1e-05 4e-05 4.51186244169871 0.1 0.1 121 
-2.224852755864461 0.0003 0.0002 0.9999893365303675 1e-06 2e-06 0.999977928797404 1e-05 2e-05 4.511508708000183 0.1 0.1 122 
-2.2249606800079347 0.0006 0.0004 0.9999949634075165 3e-06 5e-06 0.9999883286158244 6e-06 1e-05 4.511705905596415 0.1 0.1 123 
-2.2247162087758383 0.001 0.0007 0.9999917135636012 5e-06 1e-05 0.9999870091676712 8e-06 2e-05 4.51148136138916 0.1 0.1 124 
-2.224934050242106 0.001 0.0006 0.9999929545323054 5e-06 1e-05 0.9999851375818253 7e-06 1e-05 4.511516340573629 0.1 0.1 125 
-2.2248338254292808 0.003 0.001 0.9999731626113256 4e-06 5e-06 0.9999835719664891 1e-05 4e-05 4.511654028892517 0.2 0.2 126 
-2.224746125539144 0.002 0.001 0.9999781417846679 5e-06 2e-05 0.9999682446320851 2e-05 8e-05 4.5115834395090735 0.1 0.1 127 
-2.2237421607971193 2e-05 2e-05 0.9999878758192062 6e-07 6e-07 0.999858116308848 2e-05 2e-05 4.513752403259278 0.03 0.03 128 
-2.224738400777181 0.001 0.0007 0.9999938460191091 4e-06 8e-06 0.9999807435274124 1e-05 3e-05 4.511436518033346 0.2 0.2 129 
-2.2248966121673583 0.0001 0.0001 0.9999856623013814 8e-07 8e-07 0.9999877913792928 4e-06 5e-06 4.5115955464045205 0.1 0.1 130 
-2.2238579750061036 0.002 0.001 0.9999911401669185 5e-06 1e-05 0.9999535034100214 3e-05 9e-05 4.510832354227702 0.2 0.2 131 
-2.224905818303426 0.003 0.001 0.9999744639794031 6e-06 1e-05 0.9999699568748475 2e-05 4e-05 4.511789487202962 0.2 0.2 132 
-2.2248115094502765 0.0005 0.0004 0.9999829578399658 3e-06 4e-06 0.9999876987934112 7e-06 1e-05 4.5115981912612915 0.1 0.1 133 
-2.224986000061035 0.0002 0.0002 0.9999852627515793 1e-06 1e-06 0.9999871536095937 5e-06 9e-06 4.511641685167948 0.1 0.1 134 
-2.224838145573934 0.002 0.0009 0.9999910124142964 8e-06 1e-05 0.999984996120135 1e-05 2e-05 4.5114231300354 0.2 0.2 135 
-2.22468887646993 0.001 0.0006 0.999993863304456 4e-06 7e-06 0.9999777567386627 1e-05 2e-05 4.51140928586324 0.1 0.1 136 
-2.2236857191721597 0.001 0.001 0.9999928965171179 5e-06 1e-05 0.9999507425228754 3e-05 7e-05 4.511016313234965 0.2 0.2 137 
-2.2253183873494464 0.002 0.0006 0.9999941229820252 4e-06 2e-05 0.9999652117490768 3e-05 0.0001 4.511666758855184 0.2 0.2 138 
-2.2250033728281657 0.0005 0.0004 0.9999909991025925 3e-06 4e-06 0.9999890373150507 6e-06 1e-05 4.51174668153127 0.1 0.1 139 
-2.2245126310984293 0.004 0.001 0.9999696060021719 6e-06 7e-06 0.9999609915415446 2e-05 9e-05 4.511616519292196 0.2 0.2 140 
-2.2244310569763184 0.002 0.0007 0.9999740582704544 3e-06 5e-06 0.9999634039402008 2e-05 5e-05 4.511249531110128 0.2 0.2 141 
-2.224952214558919 0.002 0.0007 0.999993443886439 5e-06 1e-05 0.9999874216318131 7e-06 1e-05 4.511525950431824 0.1 0.1 142 
-2.2250742530822754 0.001 0.0008 0.9999774195750555 4e-06 5e-06 0.9999822094043096 1e-05 3e-05 4.5116314156850175 0.1 0.1 143 
-2.2239103444417316 0.003 0.001 0.9999896202484767 5e-06 9e-06 0.999958241780599 3e-05 0.0001 4.511175433794658 0.2 0.2 144 
-2.224827470779419 0.0006 0.0004 0.9999874718983968 3e-06 5e-06 0.9999555814266204 6e-06 1e-05 4.511680757204692 0.1 0.1 145 
-2.224755484263102 0.0005 0.0004 0.9999842403332392 3e-06 5e-06 0.999987578590711 7e-06 2e-05 4.511442500750224 0.1 0.1 146 
-2.2248224226633706 0.002 0.001 0.9999784076213837 4e-06 9e-06 0.9999776228268942 2e-05 4e-05 4.511809627215068 0.2 0.2 147 
-2.224879881540934 0.0004 0.0004 0.9999949334065119 3e-06 3e-06 0.9999850312868754 6e-06 1e-05 4.5115793689092 0.1 0.1 148 
-2.2249578475952148 0.003 0.0009 0.9999914449453354 6e-06 1e-05 0.9999834110339483 1e-05 2e-05 4.511376255353292 0.1 0.2 149 
