-2.2253347873687743 0.0002 0.0002 0.999993356068929 3e-06 3e-06 0.9999809616804123 2e-05 2e-05 4.511557040214538 0.05 0.05 17 
-2.224958448410034 0.0009 0.0007 0.999989804426829 7e-06 8e-06 0.9999821561574936 1e-05 1e-05 4.511336569786072 0.07 0.07 97 
-2.2245454025268554 0.0007 0.0006 0.999987553358078 9e-06 1e-05 0.999970049460729 2e-05 2e-05 4.510775024096171 0.09 0.08 72 
-2.223564567565918 0.001 0.001 0.9999741784731547 1e-05 1e-05 0.9999563785394033 2e-05 2e-05 4.510053731600443 0.1 0.1 114 
-2.224680477778117 0.0006 0.0006 0.9999894670645396 9e-06 9e-06 0.9999712560574213 2e-05 2e-05 4.5110219287872315 0.08 0.08 105 
-2.2242665672302246 0.0007 0.0007 0.9999858486652374 1e-05 1e-05 0.9999683531125386 2e-05 2e-05 4.511096631685893 0.1 0.1 91 
-2.2245908705393473 0.0006 0.0006 0.9999875773986181 1e-05 1e-05 0.9999700464804967 2e-05 2e-05 4.510843739509583 0.09 0.08 5 
-2.224359916051229 0.0007 0.0007 0.9999865774313609 9e-06 1e-05 0.9999687091509502 2e-05 2e-05 4.510729624430339 0.1 0.1 21 
-2.2245627212524415 0.0007 0.0007 0.9999880174795787 9e-06 1e-05 0.9999717992544174 2e-05 2e-05 4.511064430872599 0.08 0.08 117 
-2.2245665391286216 0.0007 0.0006 0.9999862376848857 9e-06 1e-05 0.9999711213509241 2e-05 2e-05 4.510662145614624 0.08 0.08 70 
-2.22459298769633 0.0007 0.0006 0.9999887382984162 1e-05 1e-05 0.9999716458717982 2e-05 2e-05 4.510740092595419 0.08 0.08 10 
-2.2246871916453044 0.0006 0.0006 0.9999897164106369 8e-06 9e-06 0.9999719421068828 2e-05 2e-05 4.511031792958577 0.08 0.07 115 
-2.224419803619385 0.0008 0.0008 0.9999864359696706 1e-05 1e-05 0.9999723358949025 2e-05 2e-05 4.510932173728943 0.09 0.08 87 
-2.2244874636332193 0.0008 0.0008 0.9999867824713389 1e-05 1e-05 0.9999737189213435 2e-05 2e-05 4.511074212392171 0.09 0.09 140 
-2.22458748181661 0.0006 0.0006 0.999988597035408 9e-06 1e-05 0.9999708406130473 2e-05 2e-05 4.511018083890279 0.09 0.08 6 
-2.224483283360799 0.0007 0.0007 0.9999856579303742 1e-05 1e-05 0.9999686553080877 2e-05 2e-05 4.5111201445261635 0.08 0.08 59 
-2.224316250483195 0.0007 0.0007 0.9999861977497737 1e-05 1e-05 0.9999686674276987 2e-05 2e-05 4.511082572937012 0.1 0.1 146 
-2.2245954767862957 0.0006 0.0006 0.9999889886379242 9e-06 1e-05 0.9999703292051951 2e-05 2e-05 4.510952750841777 0.09 0.08 28 
-2.2240955607096353 0.0005 0.0007 0.9999900559584299 6e-06 9e-06 0.9999581815799078 3e-05 3e-05 4.511283499399821 0.1 0.1 56 
-2.22494260152181 0.0006 0.0004 0.9999909673134486 4e-06 5e-06 0.9999759519100189 1e-05 2e-05 4.511347800890604 0.1 0.1 147 
