-2.2260335604349772 0.0004 0.0002 0.9999959999322892 8e-07 1e-06 0.9999951473871866 3e-06 1e-05 4.512547602653504 0.07 0.07 62 
-2.2260560353597003 0.0005 0.0002 0.9999955793221792 7e-07 9e-07 0.9999936415751776 3e-06 1e-05 4.512349098523458 0.07 0.07 77 
-2.226052672068278 2e-05 2e-05 0.9999965471029282 5e-07 7e-07 0.9999860568841299 2e-06 2e-06 4.512312178611755 0.04 0.04 69 
-2.226100066502889 3e-05 3e-05 0.999997284412384 7e-07 8e-07 0.9999900531768798 2e-06 3e-06 4.512285863558452 0.04 0.04 39 
-2.226137841542562 0.0002 0.0001 0.9999968483050664 8e-07 1e-06 0.9999944603443146 4e-06 9e-06 4.5124200852711995 0.06 0.06 85 
-2.226115271250407 0.0005 0.0002 0.9999965304136276 7e-07 1e-06 0.9999954162041346 3e-06 1e-05 4.512488047281901 0.08 0.07 72 
-2.2261827564239502 0.0006 0.0003 0.9999974437554677 2e-06 4e-06 0.999995238383611 3e-06 5e-06 4.512295649846394 0.06 0.06 55 
-2.2261644903818767 0.0005 0.0002 0.9999975132942199 8e-07 1e-06 0.9999961284796397 3e-06 1e-05 4.512274554570516 0.07 0.07 27 
-2.226065508524577 6e-06 7e-06 0.9999968620141347 3e-07 3e-07 0.9999909869829814 3e-07 2e-07 4.512362778981527 0.04 0.04 46 
-2.2261530367533364 0.001 0.0003 0.9999975419044494 2e-06 6e-06 0.999993993639946 3e-06 5e-06 4.512432891527812 0.06 0.06 21 
-2.226119654973348 0.0008 0.0003 0.9999969218174617 2e-06 5e-06 0.9999948497613271 3e-06 4e-06 4.512318517367045 0.05 0.05 59 
-2.22609538714091 6e-06 6e-06 0.9999972174564997 3e-07 3e-07 0.9999918645620346 2e-07 3e-07 4.51231093565623 0.04 0.04 82 
-2.2260066286722817 6e-06 7e-06 0.9999959582090377 3e-07 4e-07 0.9999851075808207 4e-07 4e-07 4.512485473950704 0.04 0.04 63 
-2.2260938358306883 0.0009 0.0003 0.9999972289800644 2e-06 6e-06 0.999994102716446 2e-06 5e-06 4.512296144167582 0.05 0.05 81 
-2.2260501543680826 0.001 0.0004 0.9999964022636414 2e-06 1e-05 0.9999927632013956 3e-06 6e-06 4.512247732480367 0.05 0.05 5 
-2.22607673962911 0.0004 0.0002 0.9999962935845057 8e-07 1e-06 0.9999952004353205 3e-06 1e-05 4.5124698257446285 0.07 0.07 98 
-2.225946585337321 3e-05 3e-05 0.9999940325816472 8e-07 9e-07 0.9999816491206487 3e-06 4e-06 4.512559561729431 0.05 0.05 68 
-2.2261253356933595 0.0006 0.0002 0.9999973005056382 1e-06 5e-06 0.9999939193328221 3e-06 7e-06 4.512362766265869 0.07 0.07 30 
-2.226029125849406 0.0003 0.0002 0.9999960553646088 1e-06 3e-06 0.9999867035945257 4e-06 8e-06 4.512436424891154 0.06 0.06 29 
-2.226084038416545 0.0003 0.0002 0.9999956379334132 9e-07 1e-06 0.9999952801068623 3e-06 1e-05 4.512412729263306 0.07 0.07 80 
