-2.22613761583964 0.0003 0.0002 0.9999970851341883 8e-07 1e-06 0.9999957863489787 3e-06 1e-05 4.512396966616313 0.07 0.07 14 
-2.226191873550415 0.0002 0.0001 0.9999982380867004 9e-07 2e-06 0.9999937015771866 3e-06 7e-06 4.512290838559468 0.05 0.05 79 
-2.226150894165039 0.0004 0.0002 0.999997866153717 1e-06 3e-06 0.999991588195165 3e-06 5e-06 4.512254802385966 0.06 0.06 60 
-2.2260573959350585 0.0008 0.0003 0.9999966959158579 2e-06 3e-06 0.9999945749839146 3e-06 1e-05 4.512339245478312 0.08 0.08 5 
-2.226108061472575 5e-06 5e-06 0.9999975832303365 3e-07 3e-07 0.9999904841184616 3e-07 3e-07 4.512222491900126 0.03 0.03 93 
-2.2261335182189943 0.0001 8e-05 0.9999974844853083 9e-07 1e-06 0.9999917455514272 3e-06 5e-06 4.512305625279745 0.05 0.05 57 
-2.226182238260905 0.0003 0.0001 0.9999976509809494 9e-07 2e-06 0.9999958103895188 3e-06 8e-06 4.512295687993367 0.07 0.07 67 
-2.226180845896403 0.0007 0.0002 0.9999978721141816 8e-07 1e-06 0.9999960221846899 3e-06 1e-05 4.512255098025004 0.08 0.07 74 
-2.226181208292643 0.0002 0.0001 0.9999975675344467 8e-07 1e-06 0.9999954998493195 3e-06 8e-06 4.512272024154663 0.06 0.06 95 
-2.2261275831858316 0.0002 0.0001 0.9999974882602691 1e-06 2e-06 0.9999912695089976 3e-06 5e-06 4.512201231320699 0.06 0.05 77 
-2.2261728795369464 0.0003 0.0002 0.9999975901842117 9e-07 2e-06 0.999996071656545 3e-06 9e-06 4.5122537501653035 0.07 0.07 65 
-2.2261531925201417 0.0002 0.0001 0.9999980878829956 9e-07 2e-06 0.9999926459789276 3e-06 5e-06 4.512207355499267 0.05 0.05 31 
-2.2261926809946697 0.0003 0.0001 0.9999977614482244 8e-07 2e-06 0.9999949018160502 3e-06 9e-06 4.51227174282074 0.07 0.07 2 
-2.226130507787069 4e-05 4e-05 0.9999975681304931 6e-07 8e-07 0.9999917070070903 2e-06 3e-06 4.512227040926615 0.05 0.04 82 
-2.226146608988444 0.0001 0.0001 0.9999975889921189 1e-06 2e-06 0.9999904642502467 3e-06 6e-06 4.512244674364726 0.05 0.05 33 
-2.2261467806498207 0.0006 0.0002 0.9999973287185033 9e-07 1e-06 0.9999955370028814 4e-06 2e-05 4.5123216374715165 0.08 0.08 52 
-2.226222095489502 0.0008 0.0002 0.9999982047080994 1e-06 5e-06 0.9999961864948272 3e-06 8e-06 4.512250366210938 0.06 0.06 34 
-2.226197020212809 0.0004 0.0002 0.9999980213244756 1e-06 3e-06 0.9999957833687464 3e-06 9e-06 4.512210976282756 0.06 0.06 64 
-2.2261539777119954 0.0001 0.0001 0.999997496008873 8e-07 1e-06 0.9999946196873982 3e-06 7e-06 4.512298043568929 0.06 0.06 61 
-2.2261484622955323 8e-05 7e-05 0.9999978593985239 8e-07 1e-06 0.9999914910395941 3e-06 4e-06 4.512212171554565 0.05 0.05 24 
