-2.225561615626017 0.0003 0.0002 0.9999945110082626 2e-06 3e-06 0.9999869545300801 8e-06 1e-05 4.512111679712931 0.08 0.08 0 
-2.2256215031941733 0.0003 0.0002 0.9999952065944672 1e-06 3e-06 0.9999876773357391 7e-06 1e-05 4.512158563931783 0.08 0.08 1 
-2.225626230239868 0.0004 0.0003 0.9999954030911128 1e-06 3e-06 0.9999866298834483 8e-06 2e-05 4.512163956960042 0.08 0.08 2 
-2.2255403995513916 8e-05 8e-05 0.9999950844049453 1e-06 2e-06 0.9999835662047069 5e-06 7e-06 4.512022164662679 0.06 0.06 3 
-2.2256377188364667 0.0003 0.0003 0.9999956570068995 1e-06 3e-06 0.9999869432051977 8e-06 2e-05 4.512100494702657 0.08 0.08 4 
-2.225629285176595 0.0002 0.0002 0.9999963021278382 1e-06 3e-06 0.9999842113256454 7e-06 1e-05 4.512045683860779 0.07 0.07 5 
-2.2255008379618326 2e-05 2e-05 0.9999951060612996 3e-07 3e-07 0.9999843368927638 6e-07 6e-07 4.512027986844381 0.05 0.05 6 
-2.225631004969279 0.0004 0.0003 0.9999957954883576 1e-06 3e-06 0.9999863831202189 9e-06 2e-05 4.512017129262288 0.08 0.08 7 
-2.2257386684417724 0.0004 0.0003 0.9999963186184565 1e-06 3e-06 0.9999885843197505 8e-06 2e-05 4.512060419718424 0.08 0.08 8 
-2.2255451520284018 0.0002 0.0002 0.9999945018688837 1e-06 3e-06 0.9999867963790894 8e-06 2e-05 4.512130611737569 0.08 0.08 9 
-2.225522451400757 0.0002 0.0001 0.9999952177206676 1e-06 2e-06 0.9999842369556426 6e-06 1e-05 4.5120440864562985 0.07 0.07 10 
-2.2256441179911297 0.0004 0.0003 0.9999954764048259 2e-06 4e-06 0.9999876523017883 7e-06 2e-05 4.512003270785014 0.08 0.08 11 
-2.2255637232462564 0.0003 0.0002 0.9999944518009821 2e-06 3e-06 0.9999862756331762 8e-06 2e-05 4.512174661954244 0.08 0.08 12 
-2.2255828444163006 0.0003 0.0002 0.9999953279892604 1e-06 3e-06 0.9999863797426224 8e-06 2e-05 4.512107961972554 0.08 0.08 13 
-2.2255030918121337 0.0007 0.0004 0.9999948378403981 2e-06 5e-06 0.9999863990147908 1e-05 3e-05 4.512116524378459 0.1 0.1 14 
-2.2257381693522134 0.0004 0.0003 0.9999963049093882 1e-06 3e-06 0.9999879950284958 8e-06 2e-05 4.5120227924982705 0.08 0.08 15 
-2.225647045771281 0.0004 0.0003 0.9999951738119125 2e-06 3e-06 0.9999875199794769 7e-06 2e-05 4.512164713541667 0.08 0.08 16 
-2.2256855074564617 0.0003 0.0002 0.9999957658847173 1e-06 3e-06 0.9999873811006545 7e-06 2e-05 4.5119579188028975 0.08 0.08 17 
-2.22560777982076 0.0003 0.0002 0.9999952965974808 1e-06 3e-06 0.9999873663981755 8e-06 2e-05 4.51208025932312 0.08 0.08 18 
-2.225742251078288 0.002 0.0005 0.99999647239844 2e-06 8e-06 0.9999867131312689 1e-05 7e-05 4.511963930130005 0.1 0.1 19 
-2.2256173610687258 0.0003 0.0002 0.9999955888589224 2e-06 3e-06 0.9999874732891718 8e-06 2e-05 4.512127405802409 0.08 0.08 20 
-2.2255772972106933 0.0003 0.0002 0.9999951140085857 1e-06 3e-06 0.9999863076210022 8e-06 2e-05 4.5121044810613 0.08 0.08 21 
-2.225602693557739 0.0003 0.0002 0.9999954771995544 2e-06 3e-06 0.9999873179197312 7e-06 2e-05 4.512063989639282 0.08 0.08 22 
-2.225513251622518 0.0001 9e-05 0.9999953806400299 1e-06 2e-06 0.9999838205178578 5e-06 7e-06 4.511941108703613 0.07 0.07 23 
-2.2255496247609456 5e-05 5e-05 0.999995749592781 9e-07 1e-06 0.9999833772579829 4e-06 6e-06 4.51199721177419 0.06 0.06 24 
-2.2255207284291587 0.0001 9e-05 0.9999954026937484 1e-06 2e-06 0.9999833355347315 6e-06 9e-06 4.512025260925293 0.07 0.07 25 
-2.225645268758138 0.0003 0.0002 0.9999954283237458 2e-06 3e-06 0.9999882225195567 7e-06 2e-05 4.512064453760783 0.08 0.08 26 
-2.225703760782878 0.0003 0.0003 0.9999963722626368 1e-06 3e-06 0.9999878311157226 8e-06 2e-05 4.511968585650126 0.08 0.08 27 
-2.2256396198272705 0.0004 0.0003 0.9999958310524623 2e-06 3e-06 0.9999867482980093 8e-06 2e-05 4.512138748168946 0.09 0.09 28 
-2.2256090037027993 0.0003 0.0002 0.9999953452746073 1e-06 3e-06 0.9999862718582153 8e-06 2e-05 4.5120901679992675 0.08 0.08 29 
-2.225650199254354 0.0003 0.0003 0.9999955723683039 2e-06 3e-06 0.9999871907631556 8e-06 2e-05 4.5120492919286095 0.08 0.08 30 
-2.225640920003255 0.0004 0.0002 0.9999964179595312 1e-06 3e-06 0.9999847823381424 8e-06 2e-05 4.511974608103435 0.07 0.07 31 
-2.2255160586039224 0.0001 0.0001 0.9999951493740081 1e-06 2e-06 0.9999839870134989 6e-06 9e-06 4.512081605593363 0.07 0.07 32 
-2.2256045055389406 0.0003 0.0002 0.9999952109654745 1e-06 3e-06 0.9999838958183924 8e-06 2e-05 4.512125535011291 0.08 0.08 33 
-2.225641202926636 0.0003 0.0002 0.9999954015016556 2e-06 3e-06 0.9999871206283569 7e-06 2e-05 4.512026332219442 0.08 0.08 34 
-2.2255825074513753 0.0003 0.0002 0.999995171825091 1e-06 3e-06 0.999985806743304 8e-06 2e-05 4.512196553548177 0.08 0.08 35 
-2.2256595579783123 0.0003 0.0002 0.9999958725770315 2e-06 3e-06 0.9999882713953654 7e-06 1e-05 4.512027476628622 0.08 0.08 36 
-2.225657517115275 0.0003 0.0002 0.9999955487251282 2e-06 3e-06 0.9999880232413609 7e-06 2e-05 4.51209157148997 0.08 0.08 37 
-2.225450038909912 5e-05 5e-05 0.9999948441982269 8e-07 1e-06 0.9999825916687648 4e-06 4e-06 4.51204283396403 0.07 0.06 38 
-2.2256003189086915 0.0003 0.0002 0.9999952300389607 2e-06 3e-06 0.9999872183799744 8e-06 2e-05 4.512067402203877 0.08 0.08 39 
-2.225628935496012 0.0003 0.0003 0.9999953134854634 2e-06 4e-06 0.9999874214331309 8e-06 2e-05 4.51210574944814 0.09 0.09 40 
-2.22562385559082 0.0004 0.0003 0.9999949355920156 2e-06 3e-06 0.9999865539868673 8e-06 2e-05 4.512120456695556 0.09 0.09 41 
-2.22564595858256 0.0002 0.0002 0.9999964690208435 1e-06 2e-06 0.9999840382734935 8e-06 2e-05 4.512052669525146 0.07 0.07 42 
-2.225575329462687 0.0002 0.0002 0.9999954561392467 1e-06 3e-06 0.9999836573998133 7e-06 1e-05 4.512015452384949 0.07 0.07 43 
-2.225649560292562 0.0004 0.0003 0.9999953562021255 2e-06 4e-06 0.9999868577718735 8e-06 2e-05 4.512240705490112 0.08 0.08 44 
-2.2256655820210773 0.0003 0.0002 0.9999956981341044 2e-06 2e-06 0.9999878311157226 8e-06 2e-05 4.512133949597676 0.08 0.08 45 
-2.225638478597005 0.0003 0.0003 0.9999958286682765 1e-06 3e-06 0.9999866682291031 8e-06 2e-05 4.512064272562663 0.08 0.08 46 
-2.2256587473551432 0.0003 0.0002 0.9999955960114797 2e-06 3e-06 0.9999876288572948 8e-06 2e-05 4.512083509763082 0.08 0.08 47 
-2.225653378168742 0.0003 0.0002 0.9999961690107981 1e-06 3e-06 0.9999873459339141 8e-06 2e-05 4.512016150156657 0.08 0.08 48 
-2.22547931989034 0.0002 0.0001 0.999994840224584 1e-06 2e-06 0.999982611934344 6e-06 1e-05 4.5120995966593425 0.08 0.08 49 
-2.225609862009684 0.0003 0.0002 0.9999948157866796 2e-06 3e-06 0.9999857725699742 7e-06 1e-05 4.512142252922058 0.08 0.08 50 
-2.225618257522583 0.0003 0.0002 0.9999962387482325 1e-06 3e-06 0.9999842854340871 7e-06 1e-05 4.512004259427388 0.07 0.07 51 
-2.225648110707601 0.0004 0.0003 0.9999954662720363 2e-06 4e-06 0.999988185763359 7e-06 2e-05 4.512166223526001 0.08 0.08 52 
-2.225685297648112 0.0003 0.0002 0.9999959582090377 1e-06 3e-06 0.9999883041779201 7e-06 2e-05 4.5121149746576945 0.08 0.08 53 
-2.225546906789144 0.0002 0.0002 0.9999949030081431 1e-06 2e-06 0.9999840327103933 6e-06 1e-05 4.512022833824158 0.07 0.07 54 
-2.2256366062164306 0.0003 0.0002 0.9999954889218012 1e-06 3e-06 0.999987332423528 7e-06 2e-05 4.512178341547648 0.08 0.08 55 
-2.225534922281901 0.0003 0.0002 0.9999939582745234 2e-06 3e-06 0.9999866346518199 7e-06 1e-05 4.512116543451945 0.08 0.08 56 
-2.2256725056966147 0.0003 0.0002 0.9999959592024485 1e-06 3e-06 0.9999883234500885 7e-06 1e-05 4.511963658332824 0.08 0.08 57 
-2.2255557282765706 0.0002 0.0002 0.9999949578444163 1e-06 3e-06 0.9999858669439952 8e-06 2e-05 4.5120329125722245 0.08 0.08 58 
-2.225649843215942 0.0004 0.0003 0.9999959516525269 1e-06 3e-06 0.9999870338042577 9e-06 2e-05 4.512011313438416 0.08 0.08 59 
-2.225633773803711 0.0003 0.0002 0.9999955002466837 2e-06 3e-06 0.9999874075253804 7e-06 2e-05 4.512077663739523 0.08 0.08 60 
-2.225636841456095 0.0003 0.0002 0.999995593825976 1e-06 3e-06 0.9999867037932078 8e-06 2e-05 4.5120504792531335 0.08 0.08 61 
-2.225577901204427 0.0003 0.0002 0.9999949270486832 2e-06 3e-06 0.9999871293703715 8e-06 2e-05 4.512167749404907 0.08 0.08 62 
-2.225663522084554 0.0003 0.0002 0.9999957782030106 1e-06 3e-06 0.999987811644872 7e-06 1e-05 4.512084813117981 0.08 0.08 63 
-2.2255938466389975 7e-05 7e-05 0.9999959232409795 1e-06 1e-06 0.9999837468067805 5e-06 7e-06 4.512011845906575 0.06 0.06 64 
-2.2256656487782798 0.0003 0.0002 0.9999956963459651 1e-06 3e-06 0.9999875156084697 7e-06 1e-05 4.512032470703125 0.08 0.08 65 
-2.2256473890940347 0.0003 0.0002 0.9999959506591161 1e-06 3e-06 0.9999870810906092 8e-06 2e-05 4.512029538154602 0.08 0.08 66 
-2.225550788243612 2e-05 2e-05 0.9999957656860352 4e-07 4e-07 0.9999840605258942 6e-07 6e-07 4.512003531455994 0.05 0.05 67 
-2.225616703033447 0.0004 0.0002 0.9999962492783865 2e-06 4e-06 0.9999841247002283 7e-06 2e-05 4.5120112403233845 0.08 0.08 68 
-2.2256106313069663 0.0004 0.0003 0.9999952111641566 2e-06 3e-06 0.9999872110287349 8e-06 2e-05 4.5123620080947875 0.09 0.09 69 
-2.2256500720977783 0.0004 0.0003 0.9999958433707555 1e-06 3e-06 0.9999873675902684 9e-06 2e-05 4.5120224889119465 0.08 0.08 70 
-2.2256103197733563 0.0003 0.0002 0.9999951283137004 2e-06 3e-06 0.9999872386455536 7e-06 1e-05 4.512024038632711 0.08 0.08 71 
-2.2257262070973716 0.0004 0.0003 0.9999962705373764 2e-06 4e-06 0.9999873358011245 7e-06 2e-05 4.512162497838339 0.08 0.08 72 
-2.225530916849772 0.0004 0.0003 0.9999944686889648 2e-06 4e-06 0.9999856424331665 8e-06 1e-05 4.512246913909912 0.08 0.08 73 
-2.2256150754292805 0.0004 0.0003 0.9999953416983286 2e-06 3e-06 0.9999862629175186 7e-06 2e-05 4.5120863978068035 0.08 0.08 74 
-2.22555814743042 0.0004 0.0003 0.9999950144688289 2e-06 5e-06 0.9999866710106532 8e-06 1e-05 4.512028177579244 0.09 0.08 75 
-2.2255096117655437 2e-05 2e-05 0.9999954187870026 3e-07 2e-07 0.9999834434191386 5e-07 7e-07 4.512042094866435 0.05 0.05 76 
-2.2254924233754476 2e-05 2e-05 0.9999950494368871 2e-07 2e-07 0.9999832620223363 6e-07 6e-07 4.512042989730835 0.05 0.05 77 
-2.2256331475575766 0.0003 0.0002 0.9999952890475591 1e-06 3e-06 0.9999850138028463 8e-06 2e-05 4.512032454808553 0.08 0.08 78 
-2.225588254928589 0.0002 0.0001 0.9999959071477255 1e-06 2e-06 0.9999831298987071 6e-06 1e-05 4.5120372438430785 0.07 0.07 79 
-2.225640211105347 0.0003 0.0003 0.9999953603744507 2e-06 3e-06 0.9999863872925441 8e-06 2e-05 4.5121026007334395 0.08 0.08 80 
-2.225530598958333 0.0007 0.0004 0.9999949165185292 2e-06 3e-06 0.9999832401672999 1e-05 4e-05 4.512095926602681 0.1 0.1 81 
-2.2257295989990236 0.0006 0.0003 0.9999963810046514 1e-06 3e-06 0.9999877707163493 9e-06 3e-05 4.51221974213918 0.09 0.08 82 
-2.2255261452992756 0.0002 0.0001 0.9999951958656311 1e-06 2e-06 0.9999838838974635 6e-06 1e-05 4.512101122538248 0.07 0.07 83 
-2.2256506729125975 0.0003 0.0002 0.9999956468741099 1e-06 3e-06 0.9999877049525578 8e-06 2e-05 4.511970793406169 0.08 0.08 84 
-2.2255107434590657 0.0004 0.0003 0.9999942036469778 2e-06 4e-06 0.9999868333339691 7e-06 1e-05 4.51221655368805 0.08 0.08 85 
-2.2255306593577067 0.0002 0.0001 0.9999953860044479 1e-06 2e-06 0.9999829312165578 6e-06 1e-05 4.512072537740072 0.07 0.07 86 
-2.2256298859914145 0.0003 0.0002 0.9999961696068446 2e-06 3e-06 0.99998390853405 8e-06 2e-05 4.512039267222087 0.07 0.07 87 
-2.225698534647624 0.0004 0.0003 0.9999963748455047 1e-06 3e-06 0.9999873747428258 9e-06 2e-05 4.5119930283228555 0.08 0.08 88 
-2.2255993334452313 0.0004 0.0003 0.9999953093131383 2e-06 3e-06 0.9999851546684901 9e-06 2e-05 4.512141717274984 0.09 0.09 89 
-2.2256169605255125 0.0002 0.0002 0.9999962035814921 1e-06 3e-06 0.9999845308065415 7e-06 1e-05 4.512066993713379 0.07 0.07 90 
-2.2255067284901937 3e-05 3e-05 0.9999949787060419 6e-07 6e-07 0.9999830873807272 3e-06 4e-06 4.512060852050781 0.06 0.06 91 
-2.2256326993306477 0.0003 0.0003 0.999995497862498 2e-06 3e-06 0.9999872551361719 8e-06 2e-05 4.5120314677556355 0.08 0.08 92 
-2.225640427271525 0.0004 0.0003 0.9999953277905782 2e-06 4e-06 0.9999882449706395 7e-06 1e-05 4.512050015131632 0.08 0.08 93 
-2.22566775004069 0.0003 0.0003 0.9999958890676498 1e-06 3e-06 0.9999875118335088 8e-06 2e-05 4.512114917437236 0.08 0.08 94 
-2.225570561091105 0.0003 0.0003 0.9999951597054799 2e-06 3e-06 0.9999856603145599 8e-06 1e-05 4.512146615982056 0.08 0.08 95 
-2.2256489181518555 0.0004 0.0003 0.9999958465496699 2e-06 3e-06 0.9999869720141092 9e-06 2e-05 4.512065963745117 0.09 0.09 96 
-2.225564292271932 0.0003 0.0002 0.9999949723482132 2e-06 3e-06 0.9999864967664083 8e-06 2e-05 4.512144759496053 0.08 0.08 97 
-2.2257615534464517 0.0005 0.0003 0.9999965280294418 1e-06 3e-06 0.999988598227501 8e-06 2e-05 4.512089335123698 0.08 0.08 98 
-2.225675360361735 0.0005 0.0003 0.9999959862232208 2e-06 3e-06 0.9999848957856496 9e-06 2e-05 4.511997429529826 0.09 0.09 99 
-2.2256072266896565 0.0003 0.0002 0.9999953184525172 2e-06 3e-06 0.9999872797727585 8e-06 2e-05 4.512114273707072 0.08 0.08 100 
-2.2256673685709636 0.0004 0.0003 0.999995768070221 2e-06 4e-06 0.9999871701002121 8e-06 2e-05 4.512100831667582 0.08 0.08 101 
-2.2256441338857016 0.0003 0.0002 0.9999952952067057 2e-06 3e-06 0.9999880516529083 7e-06 2e-05 4.512058537801106 0.08 0.08 102 
-2.2256537532806395 0.0003 0.0002 0.9999965010086695 1e-06 3e-06 0.9999850048621496 8e-06 2e-05 4.512008606592814 0.07 0.07 103 
-2.2256288623809812 0.0003 0.0002 0.9999962490797043 1e-06 3e-06 0.9999838091929754 9e-06 2e-05 4.512052551905314 0.07 0.07 104 
-2.225671984354655 0.0003 0.0002 0.9999956995248794 1e-06 3e-06 0.9999876823027929 8e-06 2e-05 4.512179981867472 0.08 0.08 105 
-2.2256410439809162 0.0003 0.0002 0.9999958781401316 1e-06 3e-06 0.9999865547815958 8e-06 2e-05 4.512165741920471 0.08 0.08 106 
-2.2256301244099936 0.0003 0.0002 0.9999956015745799 1e-06 3e-06 0.9999873381853104 8e-06 2e-05 4.512054920196533 0.08 0.08 107 
-2.225638256072998 0.0003 0.0003 0.9999956345558166 2e-06 4e-06 0.9999864457050959 8e-06 2e-05 4.5121271006266275 0.08 0.08 108 
-2.2255660247802735 0.0004 0.0003 0.9999946574370067 2e-06 4e-06 0.9999872022867202 7e-06 1e-05 4.512164950370789 0.08 0.08 109 
-2.2256168365478515 0.0003 0.0002 0.9999950818220774 2e-06 3e-06 0.9999867357810338 7e-06 1e-05 4.5120831457773845 0.08 0.08 110 
-2.2256920274098713 0.0004 0.0003 0.9999960205952326 2e-06 4e-06 0.9999871869881948 8e-06 2e-05 4.512059423128764 0.08 0.08 111 
-2.2256296348571776 0.0003 0.0003 0.9999957738320032 1e-06 3e-06 0.999985876083374 9e-06 2e-05 4.512170192400615 0.08 0.08 112 
-2.225623451868693 0.0003 0.0002 0.9999945912758509 2e-06 3e-06 0.999987340370814 7e-06 2e-05 4.5120844666163125 0.07 0.08 113 
-2.2256399377187095 0.0004 0.0003 0.9999956711133321 2e-06 4e-06 0.9999862698713938 9e-06 2e-05 4.512035654385884 0.09 0.09 114 
-2.22563401222229 0.0003 0.0002 0.9999957048892975 2e-06 3e-06 0.9999873286485672 8e-06 2e-05 4.512061637242635 0.08 0.08 115 
-2.2256384817759196 0.0003 0.0003 0.9999952709674835 2e-06 3e-06 0.9999878191947937 8e-06 2e-05 4.512179420789082 0.08 0.08 116 
-2.2256290086110435 0.0003 0.0002 0.9999956486622492 1e-06 3e-06 0.9999874776601791 8e-06 2e-05 4.512073666254679 0.08 0.08 117 
-2.2256172211964924 0.0003 0.0002 0.9999951547384263 2e-06 3e-06 0.9999870312213898 7e-06 1e-05 4.512178835868835 0.08 0.08 118 
-2.225539296468099 2e-05 2e-05 0.9999954764048259 3e-07 3e-07 0.999983105858167 6e-07 6e-07 4.512055050532023 0.05 0.05 119 
-2.2256664180755616 0.0004 0.0003 0.9999961203336716 1e-06 3e-06 0.9999870296319325 9e-06 2e-05 4.5121701129277545 0.09 0.09 120 
-2.225685469309489 0.0003 0.0002 0.9999961149692536 1e-06 3e-06 0.9999879930416743 7e-06 2e-05 4.51208423614502 0.08 0.08 121 
-2.2256551361083985 0.0003 0.0002 0.9999959840377172 2e-06 3e-06 0.9999869078397751 8e-06 2e-05 4.512106984456381 0.08 0.08 122 
-2.2256604544321696 0.0004 0.0003 0.9999959129095077 2e-06 4e-06 0.9999870365858078 8e-06 2e-05 4.511977928479513 0.09 0.09 123 
-2.2256624412536623 0.0003 0.0002 0.999996101061503 2e-06 3e-06 0.9999876811107 8e-06 2e-05 4.512102060317993 0.08 0.08 124 
-2.225614484151204 0.0004 0.0003 0.9999950780471166 2e-06 4e-06 0.9999877333641052 7e-06 1e-05 4.5122558832168576 0.08 0.08 125 
-2.2256424872080487 0.0004 0.0003 0.9999959067503611 1e-06 3e-06 0.999986375371615 9e-06 2e-05 4.512070968945821 0.08 0.08 126 
-2.225572884877523 0.0003 0.0002 0.9999946421384811 2e-06 3e-06 0.999987256526947 7e-06 1e-05 4.512060861587525 0.08 0.08 127 
-2.2256398328145344 0.0003 0.0003 0.9999957233667374 1e-06 3e-06 0.9999865980943045 9e-06 2e-05 4.512030159632365 0.08 0.08 128 
-2.225454772313436 0.0001 0.0001 0.9999949240684509 1e-06 2e-06 0.9999830571810404 5e-06 7e-06 4.512058820724487 0.07 0.07 129 
-2.2255888843536376 0.0003 0.0002 0.9999948906898498 2e-06 3e-06 0.9999872467915217 7e-06 2e-05 4.5121749337514245 0.08 0.08 130 
-2.2255813535054525 0.0003 0.0002 0.999995708266894 2e-06 3e-06 0.9999839824438095 6e-06 1e-05 4.512017024358114 0.07 0.07 131 
-2.225487492879232 7e-05 7e-05 0.9999950911601384 9e-07 1e-06 0.9999834179878235 4e-06 6e-06 4.512090342839559 0.07 0.07 132 
-2.225662466684977 0.0004 0.0003 0.9999960859616598 2e-06 3e-06 0.9999871814250946 9e-06 2e-05 4.512077512741089 0.08 0.08 133 
-2.2256370480855305 0.0003 0.0002 0.9999951752026875 2e-06 3e-06 0.9999867868423462 7e-06 1e-05 4.51213937441508 0.08 0.08 134 
-2.2256329027811685 0.0003 0.0002 0.9999956407149633 1e-06 3e-06 0.9999875583251318 8e-06 2e-05 4.512016790707906 0.08 0.08 135 
-2.225578597386678 0.0003 0.0002 0.999995176990827 1e-06 3e-06 0.9999865303436916 8e-06 2e-05 4.512189992268881 0.08 0.08 136 
-2.2256280199686684 0.0003 0.0003 0.9999955926338832 2e-06 3e-06 0.9999866783618927 9e-06 2e-05 4.512144368489583 0.09 0.09 137 
-2.225581655502319 0.0003 0.0002 0.9999949661890666 2e-06 3e-06 0.9999856376647949 8e-06 2e-05 4.5120872163772585 0.08 0.08 138 
-2.225620485941569 0.0003 0.0002 0.999995086590449 2e-06 3e-06 0.9999870957930883 7e-06 1e-05 4.512136176427205 0.08 0.08 139 
-2.22568039894104 0.0005 0.0003 0.9999960551659266 2e-06 4e-06 0.9999876205126444 7e-06 2e-05 4.5121553484598795 0.08 0.08 140 
-2.2256306139628093 0.0003 0.0002 0.9999955455462138 1e-06 3e-06 0.9999868669112524 8e-06 2e-05 4.512131384213766 0.08 0.08 141 
-2.22559276898702 0.0003 0.0002 0.9999952256679535 2e-06 3e-06 0.9999858925739924 8e-06 2e-05 4.51215564886729 0.08 0.08 142 
-2.225690221786499 0.0004 0.0003 0.9999959433078766 1e-06 3e-06 0.9999879391988119 9e-06 2e-05 4.512097751299541 0.08 0.08 143 
-2.225611079533895 0.0002 0.0002 0.9999961537122727 1e-06 2e-06 0.9999846746524175 7e-06 1e-05 4.512075149218242 0.07 0.07 144 
-2.2256300099690756 0.0003 0.0003 0.9999956478675206 1e-06 3e-06 0.999986014564832 9e-06 2e-05 4.512051847775777 0.08 0.08 145 
-2.225700963338216 0.0004 0.0003 0.9999963786204656 1e-06 3e-06 0.9999870123465856 9e-06 2e-05 4.512026774088541 0.08 0.08 146 
-2.225514125823975 0.0003 0.0002 0.9999945682287216 2e-06 3e-06 0.9999833569924037 9e-06 2e-05 4.512249523798625 0.09 0.09 147 
-2.225593729019165 0.0003 0.0002 0.9999955775340398 1e-06 3e-06 0.9999862589438756 8e-06 2e-05 4.512062203089396 0.08 0.08 148 
-2.2256545861562094 0.0003 0.0002 0.9999958924452463 2e-06 3e-06 0.9999875907103221 8e-06 2e-05 4.512014037768046 0.08 0.08 149 
