-2.22565279006958 0.0003 0.0002 0.9999962017933528 2e-06 3e-06 0.9999861667553583 7e-06 1e-05 4.5120187187194825 0.09 0.08 32 
-2.225654748280843 0.0003 0.0002 0.9999963589509329 1e-06 3e-06 0.9999857288599014 8e-06 2e-05 4.512018535931905 0.08 0.08 97 
-2.2256204001108806 0.0003 0.0002 0.9999960088729858 2e-06 3e-06 0.9999864953756332 7e-06 1e-05 4.511998097101848 0.08 0.08 88 
-2.225653893152873 0.0002 0.0002 0.9999955429633458 1e-06 3e-06 0.9999864107370376 7e-06 1e-05 4.51208803653717 0.08 0.08 62 
-2.2256737486521403 0.0003 0.0002 0.9999961596727371 2e-06 3e-06 0.999986855785052 7e-06 1e-05 4.512072118123372 0.08 0.08 5 
-2.225605017344157 0.0003 0.0002 0.9999956417083741 1e-06 3e-06 0.9999862043062846 7e-06 1e-05 4.512103629112244 0.08 0.08 40 
-2.2256276766459147 0.0003 0.0002 0.999996009071668 2e-06 3e-06 0.999985382159551 8e-06 2e-05 4.511937670707702 0.09 0.09 63 
-2.2256492805480956 0.0002 0.0002 0.999996174176534 2e-06 3e-06 0.9999862068891525 7e-06 1e-05 4.512014849980672 0.08 0.08 76 
-2.225625737508138 0.0003 0.0002 0.9999958636363347 2e-06 3e-06 0.9999855840206147 7e-06 1e-05 4.5119184319178265 0.08 0.08 47 
-2.2256523418426513 0.0003 0.0002 0.9999962278207143 1e-06 3e-06 0.9999845912059148 8e-06 2e-05 4.511986527442932 0.08 0.08 39 
-2.2256252193450927 0.0003 0.0002 0.9999959081411361 1e-06 3e-06 0.999986093044281 8e-06 2e-05 4.512044599850973 0.09 0.09 52 
-2.2256828435262044 0.0002 0.0002 0.9999962898095449 1e-06 3e-06 0.9999871583779653 7e-06 1e-05 4.512059885660808 0.08 0.08 78 
-2.225639050801595 0.0003 0.0002 0.9999960482120513 1e-06 3e-06 0.9999855655431747 8e-06 2e-05 4.511913406054179 0.08 0.08 66 
-2.2256609376271568 0.0002 0.0002 0.9999959743022919 1e-06 2e-06 0.9999867562452952 7e-06 1e-05 4.512110126813253 0.08 0.08 82 
-2.2256453545888264 0.0002 0.0002 0.9999959892034531 1e-06 3e-06 0.999986600279808 7e-06 1e-05 4.512049387296041 0.08 0.08 73 
-2.225646588007609 0.0003 0.0002 0.9999960468212763 1e-06 3e-06 0.9999860596656799 7e-06 2e-05 4.511964152654012 0.08 0.08 20 
-2.225652395884196 0.0003 0.0002 0.9999960013230642 1e-06 3e-06 0.9999848860502243 7e-06 1e-05 4.512103420893351 0.09 0.09 60 
-2.2256481297810873 0.0003 0.0002 0.9999963347117106 1e-06 3e-06 0.9999860841035842 8e-06 2e-05 4.5120157702763874 0.09 0.09 36 
-2.2256505139668783 0.0002 0.0002 0.9999964396158855 1e-06 3e-06 0.9999845510721207 7e-06 1e-05 4.511902615229289 0.07 0.07 87 
-2.225679553349813 0.0003 0.0002 0.9999962067604065 1e-06 3e-06 0.9999863511323929 7e-06 1e-05 4.511970809300741 0.08 0.08 81 
