-2.2139632670084635 0.02 0.008 0.9998690400520961 0.0001 0.0002 0.999695987701416 0.0002 0.0006 4.503762669563294 0.3 0.2 0 
-2.2140567016601564 0.03 0.008 0.9998692504564921 0.0001 0.0002 0.9996979983647665 0.0002 0.0006 4.503716756502787 0.2 0.2 1 
-2.2138922850290936 0.03 0.008 0.999868568778038 0.0001 0.0002 0.9996954886118571 0.0002 0.0006 4.503911259969075 0.2 0.2 2 
10335312.6 3 
10335311.2 4 
-2.2234953022003174 0.002 0.001 0.9999523019790649 3e-05 5e-05 0.999933819770813 4e-05 6e-05 4.510889019966125 0.07 0.07 5 
nan 6 
-2.225599946975708 0.002 0.0007 0.9999642171462377 3e-05 0.0001 0.9999971950054168 2e-06 3e-06 4.51174372514089 0.03 0.03 7 
10335312.2 8 
-2.2139430745442708 0.02 0.009 0.9998767681916555 9e-05 0.0003 0.9996868860721588 0.0002 0.0006 4.504178425470988 0.3 0.2 9 
-2.2167193285624185 0.003 0.003 0.9999450188875199 3e-05 3e-05 0.999733719031016 0.0001 0.0001 4.505298736890157 0.06 0.06 10 
nan 11 
nan 12 
454.339697265625 13 
-2.2150444062550863 0.02 0.006 0.9999073096116384 6e-05 0.0001 0.9996860545873641 0.0002 0.0004 4.505040434201558 0.1 0.1 14 
475.56639404296874 15 
10335312.6 16 
10335311.4 17 
146.1055480957031 18 
10335312.2 19 
-2.2150204086303713 0.02 0.006 0.9999073932568232 6e-05 0.0001 0.9996848237514496 0.0002 0.0004 4.505023266474406 0.1 0.1 20 
nan 21 
-2.2139009475708007 0.04 0.009 0.9998706322908402 0.0001 0.0002 0.9996935774882635 0.0002 0.0007 4.504322296778361 0.3 0.2 22 
-2.2140284220377606 0.02 0.01 0.9998749963442485 0.0001 0.0003 0.9996893980105718 0.0003 0.001 4.5039764579137165 0.3 0.3 23 
-2.215049015680949 0.02 0.006 0.9999068824450175 6e-05 0.0001 0.9996858863035838 0.0002 0.0004 4.505189312299093 0.1 0.1 24 
-2.2139238357543944 0.03 0.01 0.9998719229300816 0.0001 0.0003 0.9996916910012563 0.0003 0.0008 4.503976146380107 0.3 0.2 25 
nan 26 
-2.2140808073679605 0.02 0.009 0.999878065387408 9e-05 0.0003 0.9996881516774495 0.0002 0.0005 4.503790721893311 0.3 0.2 27 
nan 28 
-2.2139323647816975 0.02 0.009 0.999877147078514 9e-05 0.0003 0.9996863281726838 0.0002 0.0006 4.503451962471008 0.3 0.2 29 
nan 30 
-2.178655077616374 0.03 0.02 0.999439630707105 0.0004 0.0004 0.9992340177297592 0.0004 0.0002 4.474953253269195 0.6 0.6 31 
-2.2138031991322835 0.03 0.009 0.9998703664541244 0.0001 0.0002 0.9996899757782618 0.0002 0.0005 4.503718756039937 0.3 0.2 32 
-2.2139043458302816 0.02 0.008 0.9998690245548884 0.0001 0.0002 0.9996943173805872 0.0002 0.0004 4.503867816925049 0.2 0.2 33 
108.15175933837891 34 
10335311.0 35 
nan 36 
251.57422485351563 37 
-2.213822062810262 0.03 0.008 0.9998671366771062 0.0001 0.0002 0.9996943080425262 0.0002 0.0006 4.504115656216939 0.2 0.2 38 
10335311.6 39 
nan 40 
-2.224562168121338 0.002 0.0009 0.9999584829807282 2e-05 5e-05 0.9999751987059912 2e-05 3e-05 4.510930399894715 0.05 0.05 41 
nan 42 
nan 43 
nan 44 
nan 45 
nan 46 
-2.2255860551198325 0.001 0.0006 0.9999725625912348 2e-05 8e-05 0.9999950637420019 4e-06 5e-06 4.511416703859965 0.06 0.05 47 
-2.2152111943562827 0.02 0.005 0.9999080973863602 6e-05 0.0001 0.9996885639429093 0.0002 0.0004 4.504852091471355 0.1 0.1 48 
nan 49 
200.6879455566406 50 
nan 51 
-2.213973894119263 0.02 0.009 0.999877302646637 9e-05 0.0003 0.999684462149938 0.0002 0.0006 4.503995571136475 0.3 0.2 52 
-2.2138856633504234 0.01 0.008 0.9998757741848627 9e-05 0.0002 0.9996851567427317 0.0002 0.0005 4.503777008056641 0.3 0.2 53 
10335311.4 54 
nan 55 
nan 56 
200.47905883789062 57 
-2.2140359179178875 0.02 0.009 0.9998757149775823 9e-05 0.0003 0.9996889090538025 0.0002 0.0006 4.503939123153686 0.3 0.2 58 
-2.1786472670237225 0.03 0.02 0.9994391800959905 0.0004 0.0004 0.999232458670934 0.0004 0.0002 4.472185162703196 0.7 0.6 59 
nan 60 
nan 61 
144.98770751953126 62 
251.3300537109375 63 
10335313.0 64 
nan 65 
nan 66 
325.14136962890626 67 
-2.215035810470581 0.02 0.006 0.9999072166283925 6e-05 0.0001 0.9996859262386958 0.0002 0.0004 4.50479061126709 0.1 0.1 68 
10335312.2 69 
-2.215100784301758 0.02 0.006 0.9999062577883403 6e-05 0.0001 0.9996870589256287 0.0002 0.0004 4.504957098960876 0.1 0.1 70 
nan 71 
nan 72 
-2.213905855814616 0.02 0.008 0.9998681088288625 0.0001 0.0002 0.999695260922114 0.0002 0.0004 4.503653659820556 0.2 0.2 73 
10335312.4 74 
10335311.6 75 
-2.2139063421885172 0.03 0.009 0.9998739476998647 0.0001 0.0003 0.999687662521998 0.0002 0.0006 4.504351127942403 0.3 0.2 76 
nan 77 
nan 78 
nan 79 
-2.2251348304748535 0.002 0.0007 0.9999630167086919 2e-05 6e-05 0.9999697466691335 3e-05 8e-05 4.513052635192871 0.08 0.09 80 
-2.2171592617034914 0.003 0.003 0.9999463701248169 3e-05 3e-05 0.9997409490744272 0.0001 0.0001 4.505716034571329 0.07 0.07 81 
-2.2137968571980795 0.03 0.009 0.9998679077625274 0.0001 0.0002 0.9996943300962449 0.0002 0.0006 4.504178117116292 0.2 0.2 82 
10335312.4 83 
-2.2140064938863118 0.02 0.01 0.9998758018016816 9e-05 0.0003 0.9996883632739385 0.0002 0.0008 4.504290550549825 0.3 0.2 84 
10335311.2 85 
325.45294189453125 86 
10335312.6 87 
251.6558410644531 88 
-2.2139216677347817 0.03 0.008 0.9998687007029852 0.0001 0.0002 0.9996957629919052 0.0002 0.0006 4.503790067036946 0.2 0.2 89 
nan 90 
581.9485595703125 91 
nan 92 
nan 93 
432.5368286132813 94 
-2.225536902745565 0.0006 0.0006 0.9999658385912578 2e-05 3e-05 0.9999950877825419 4e-06 7e-06 4.511662564277649 0.03 0.03 95 
nan 96 
-2.2139347267150877 0.02 0.009 0.9998763966560363 9e-05 0.0003 0.9996840916077296 0.0002 0.0006 4.503838218053182 0.3 0.2 97 
nan 98 
nan 99 
nan 100 
-2.220747652053833 0.0007 0.0008 0.9999698110421499 1e-05 1e-05 0.9995531139771143 6e-05 8e-05 4.51110590616862 0.1 0.1 101 
144.93719177246095 102 
nan 103 
-2.213848969141642 0.02 0.008 0.999867755373319 0.0001 0.0002 0.9996967244148255 0.0002 0.0006 4.503923110961914 0.3 0.2 104 
nan 105 
-2.2150518226623537 0.02 0.006 0.9999077216784159 6e-05 0.0001 0.999685886700948 0.0002 0.0004 4.504940031369527 0.1 0.1 106 
325.1028137207031 107 
-2.2153864161173504 0.01 0.004 0.9999322138230006 4e-05 4e-05 0.9996898337205251 0.0002 0.0002 4.5050678014755245 0.1 0.1 108 
-2.2215604146321613 0.007 0.002 0.9999506199359893 4e-05 0.0001 0.9998226364453634 0.0001 0.0005 4.510547870000203 0.2 0.2 109 
-2.2139569981892904 0.02 0.009 0.9998762540022532 9e-05 0.0003 0.9996876553694407 0.0002 0.0005 4.503976435661316 0.3 0.2 110 
-2.21504275004069 0.02 0.006 0.9999071516593298 6e-05 0.0001 0.999685885310173 0.0002 0.0004 4.504815333684285 0.1 0.1 111 
-2.21385027885437 0.02 0.01 0.9998750325043996 9e-05 0.0003 0.9996866063276927 0.0003 0.0007 4.503990321159363 0.3 0.3 112 
nan 113 
nan 114 
-2.213977139790853 0.02 0.008 0.9998689848184585 0.0001 0.0002 0.9996955664952596 0.0002 0.0005 4.503946030934651 0.2 0.2 115 
10335311.6 116 
nan 117 
10335312.2 118 
-2.2235477415720624 0.002 0.001 0.9999541862805684 2e-05 6e-05 0.9999278505643209 4e-05 5e-05 4.510751527150472 0.06 0.06 119 
251.3387939453125 120 
-2.2138360850016277 0.03 0.009 0.9998727244138718 0.0001 0.0003 0.9996875188748042 0.0002 0.0006 4.503650145530701 0.3 0.2 121 
-2.21388814608256 0.02 0.009 0.9998754070202509 9e-05 0.0003 0.999684499502182 0.0002 0.0006 4.504001549084982 0.3 0.2 122 
nan 123 
nan 124 
206.07731018066406 125 
nan 126 
-2.2139932982126873 0.03 0.009 0.9998713757594426 0.0001 0.0003 0.9996945959329605 0.0002 0.0006 4.504395949045817 0.3 0.2 127 
nan 128 
nan 129 
-2.21517245610555 0.03 0.006 0.9999122969309489 6e-05 0.0001 0.9996785090367 0.0002 0.0007 4.505455775260925 0.2 0.2 130 
-2.223423630396525 0.006 0.001 0.999951793551445 3e-05 0.0001 0.9999346846342086 4e-05 8e-05 4.510665513674418 0.1 0.1 131 
nan 132 
nan 133 
nan 134 
-2.21504815419515 0.02 0.006 0.999907555381457 6e-05 0.0001 0.99968565483888 0.0002 0.0004 4.504935619036357 0.1 0.1 135 
-2.2257262102762856 0.0002 0.0003 0.999978506565094 5e-06 4e-06 0.9999934289852778 4e-06 4e-06 4.511919533411662 0.04 0.04 136 
nan 137 
-2.2150188446044923 0.02 0.006 0.9999078623453777 6e-05 0.0001 0.9996850051482519 0.0002 0.0004 4.5048366578420005 0.1 0.1 138 
nan 139 
nan 140 
145.0198516845703 141 
10335312.2 142 
10335312.0 143 
nan 144 
nan 145 
200.44041137695314 146 
10335311.8 147 
10335311.8 148 
-2.2139304574330647 0.03 0.009 0.9998744438091914 0.0001 0.0003 0.9996873841683069 0.0002 0.0006 4.503957160313925 0.3 0.2 149 
144.70256958007812 150 
nan 151 
252.57756958007812 152 
-2.215290381113688 0.03 0.006 0.9999118516842525 6e-05 0.0001 0.9996809146801631 0.0002 0.0007 4.505087974866231 0.2 0.2 153 
-2.2149968719482422 0.02 0.006 0.9999068494637807 6e-05 0.0001 0.9996851056814193 0.0002 0.0004 4.504832334518433 0.1 0.1 154 
-2.225174525578817 0.001 0.0007 0.9999679464101792 2e-05 3e-05 0.9999890663226445 7e-06 1e-05 4.511521530151367 0.05 0.05 155 
nan 156 
nan 157 
-2.213865404129028 0.03 0.009 0.9998724134763082 0.0001 0.0003 0.9996861869096756 0.0003 0.0007 4.503755089441936 0.3 0.2 158 
10335311.8 159 
-2.2151962916056314 0.02 0.005 0.9999075724681219 6e-05 0.0001 0.9996881834665934 0.0002 0.0004 4.505236202875773 0.1 0.1 160 
nan 161 
-2.220768979390462 0.0007 0.0006 0.9999664811293284 1e-05 1e-05 0.9995798973242441 5e-05 7e-05 4.511582269668579 0.1 0.1 162 
nan 163 
-2.2138798395792643 0.02 0.009 0.9998756325244904 9e-05 0.0002 0.999682776927948 0.0002 0.0007 4.504167092641195 0.3 0.2 164 
nan 165 
nan 166 
nan 167 
-2.213975741068522 0.03 0.009 0.9998746351401011 0.0001 0.0003 0.9996867322921753 0.0002 0.0006 4.50396071434021 0.3 0.2 168 
-2.214013131459554 0.02 0.009 0.9998766913016637 9e-05 0.0003 0.9996839330593745 0.0002 0.0006 4.503814498583476 0.3 0.2 169 
nan 170 
nan 171 
10335311.2 172 
10335311.6 173 
nan 174 
108.1921157836914 175 
-2.214004564285278 0.02 0.009 0.999876149892807 9e-05 0.0002 0.9996881715456645 0.0002 0.0006 4.504026618003845 0.3 0.2 176 
-2.224533789952596 0.002 0.001 0.9999620733658473 3e-05 5e-05 0.9999777032931646 2e-05 3e-05 4.511098666191101 0.07 0.07 177 
10335312.0 178 
200.61398620605468 179 
-2.21387300491333 0.02 0.008 0.9998692840337753 0.0001 0.0002 0.9996922675768535 0.0002 0.0004 4.503786997795105 0.2 0.2 180 
10335311.2 181 
-2.2151577218373615 0.02 0.006 0.9999078516165415 6e-05 0.0001 0.9996880300839742 0.0002 0.0004 4.504923632939657 0.1 0.1 182 
nan 183 
-2.2171528339385986 0.005 0.003 0.9999440332253774 3e-05 4e-05 0.9997441309690476 0.0001 0.0001 4.506210823059082 0.1 0.1 184 
nan 185 
nan 186 
nan 187 
10335312.0 188 
-2.213878348668416 0.02 0.009 0.9998746758699417 9e-05 0.0003 0.9996863243977229 0.0003 0.0006 4.504010133743286 0.3 0.2 189 
10335312.8 190 
10335312.4 191 
-2.2138573201497396 0.03 0.009 0.9998730605840683 0.0001 0.0002 0.9996887159347534 0.0002 0.0005 4.503728386561076 0.2 0.2 192 
-2.2150168005625406 0.02 0.006 0.9999070187409719 6e-05 0.0001 0.9996854794025422 0.0002 0.0004 4.504722952842712 0.1 0.1 193 
325.0419006347656 194 
-2.2139649963378907 0.03 0.009 0.9998752737045288 9e-05 0.0003 0.9996869699160258 0.0002 0.0007 4.504357550938924 0.3 0.2 195 
10335312.0 196 
769.2581298828125 197 
-2.2138588778177897 0.01 0.009 0.9998758425315221 9e-05 0.0002 0.9996843745311101 0.0002 0.0006 4.503972967465718 0.3 0.2 198 
-2.2139202976226806 0.03 0.009 0.9998703926801682 0.0001 0.0002 0.9996945178508758 0.0002 0.0007 4.503329146703084 0.3 0.2 199 
nan 200 
-2.21388960202535 0.03 0.009 0.9998734458287557 0.0001 0.0003 0.9996870104471842 0.0002 0.0006 4.504140267372131 0.3 0.2 201 
nan 202 
nan 203 
-2.2254326883951823 0.01 0.0009 0.999968558549881 3e-05 0.0004 0.9999951374530792 4e-06 2e-05 4.512146501541138 0.06 0.05 204 
-2.213951377868652 0.03 0.009 0.9998756468296051 0.0001 0.0003 0.9996856357653936 0.0002 0.0006 4.503358073234558 0.3 0.2 205 
10335312.8 206 
251.38861389160155 207 
nan 208 
nan 209 
-2.2141074021657308 0.02 0.01 0.999876603881518 9e-05 0.0003 0.9996885013580322 0.0002 0.0008 4.504239710172017 0.3 0.2 210 
nan 211 
nan 212 
-2.2140950965881347 0.02 0.009 0.9998775734504064 9e-05 0.0003 0.9996873078743617 0.0002 0.0006 4.503997430801392 0.3 0.2 213 
200.43866271972655 214 
-2.2139910888671874 0.02 0.01 0.9998788642883301 9e-05 0.0003 0.9996855396032334 0.0002 0.001 4.5043959681193035 0.3 0.3 215 
-2.2139695485432944 0.03 0.009 0.9998754088083903 9e-05 0.0003 0.9996866571903229 0.0002 0.0006 4.504388791720072 0.3 0.2 216 
nan 217 
-2.2151296965281166 0.02 0.006 0.9999075243870418 6e-05 0.0001 0.9996869101126988 0.0002 0.0004 4.504701913197835 0.1 0.1 218 
325.2083740234375 219 
nan 220 
nan 221 
-2.2152482509613036 0.008 0.004 0.9999301421642304 4e-05 5e-05 0.9996910089254379 0.0001 0.0002 4.504752060572306 0.1 0.1 222 
-2.213917350769043 0.02 0.009 0.9998773284753164 9e-05 0.0003 0.9996869605779648 0.0002 0.0006 4.503438612620036 0.3 0.2 223 
10335311.4 224 
-2.2151780223846433 0.008 0.004 0.9999296545982361 4e-05 5e-05 0.9996904436747233 0.0001 0.0002 4.5050409889221195 0.1 0.1 225 
nan 226 
-2.213982734680176 0.01 0.008 0.9998761403560639 9e-05 0.0003 0.9996841788291931 0.0002 0.0005 4.503657868703207 0.3 0.2 227 
nan 228 
-2.178703966140747 0.03 0.02 0.9994389977057775 0.0004 0.0004 0.9992332734664281 0.0004 0.0002 4.4754307993253075 0.7 0.6 229 
nan 230 
572.0205932617188 231 
-2.213899641036987 0.02 0.008 0.9998690303166707 0.0001 0.0002 0.9996940829356511 0.0002 0.0004 4.503819465637207 0.2 0.2 232 
-2.213891906738281 0.02 0.008 0.999868648648262 0.0001 0.0002 0.9996935357650121 0.0002 0.0005 4.503818809191386 0.2 0.2 233 
10335313.0 234 
-2.213835684458415 0.03 0.008 0.9998674863576889 0.0001 0.0002 0.9996952257553736 0.0002 0.0006 4.503508451779683 0.2 0.2 235 
10335311.2 236 
nan 237 
nan 238 
-2.2150505510965983 0.02 0.006 0.9999076382319132 6e-05 0.0001 0.9996857096751531 0.0002 0.0004 4.504906970659892 0.1 0.1 239 
324.8396240234375 240 
10335312.2 241 
nan 242 
nan 243 
-2.214016939798991 0.02 0.01 0.999876183072726 9e-05 0.0003 0.9996876829862594 0.0002 0.0006 4.504264678955078 0.3 0.2 244 
-2.222215248743693 0.003 0.002 0.9999637222290039 3e-05 8e-05 0.9997999489307403 0.0001 0.0003 4.512068549791972 0.2 0.1 245 
-2.2140603669484458 0.02 0.009 0.9998771701256434 9e-05 0.0003 0.9996886938810349 0.0002 0.0005 4.504082336425781 0.3 0.2 246 
-2.215071668624878 0.02 0.006 0.9999075317382813 6e-05 0.0001 0.9996856643756231 0.0002 0.0004 4.505106360117594 0.1 0.1 247 
nan 248 
nan 249 
nan 250 
nan 251 
108.22193756103516 252 
10335311.6 253 
10335312.2 254 
nan 255 
nan 256 
-2.221694014867147 0.004 0.002 0.9999522697925568 3e-05 0.0002 0.9996782435973486 0.0001 0.0002 4.510663927396139 0.1 0.08 257 
-2.215368938446045 0.009 0.004 0.9999322062730789 4e-05 4e-05 0.9996900109450022 0.0002 0.0002 4.505059159596761 0.1 0.1 258 
-2.218190352121989 0.007 0.003 0.9999562921126683 2e-05 2e-05 0.9997548965613047 0.0001 0.0002 4.506525727907817 0.09 0.08 259 
-2.2140250396728516 0.02 0.01 0.9998775337139766 9e-05 0.0003 0.9996850987275442 0.0002 0.001 4.503481295903524 0.3 0.2 260 
-2.2140444978078206 0.03 0.009 0.9998748195171356 0.0001 0.0003 0.9996900947888693 0.0003 0.0007 4.5036299562454225 0.3 0.2 261 
-2.2138745562235513 0.02 0.009 0.9998748222986857 9e-05 0.0003 0.9996861888964971 0.0002 0.0006 4.504029218355814 0.3 0.2 262 
387.565966796875 263 
nan 264 
-2.2139060815175373 0.03 0.009 0.9998759895563125 9e-05 0.0003 0.9996878717343013 0.0003 0.0006 4.503674098650614 0.3 0.2 265 
-2.215054372151693 0.02 0.006 0.9999071538448334 6e-05 0.0001 0.9996853240331014 0.0002 0.0004 4.504812521934509 0.1 0.1 266 
nan 267 
nan 268 
-2.214026978810628 0.03 0.009 0.9998758975664774 0.0001 0.0003 0.999689775109291 0.0002 0.0007 4.503897271156311 0.3 0.2 269 
nan 270 
nan 271 
nan 272 
-2.2138031895955406 0.04 0.01 0.9998706507682801 0.0001 0.0003 0.9996926571925481 0.0002 0.0006 4.504327580134074 0.3 0.2 273 
nan 274 
-2.225692694981893 0.001 0.0005 0.9999766878286998 1e-05 2e-05 0.9999956278006236 3e-06 7e-06 4.512525596618652 0.02 0.03 275 
-2.213900864919027 0.03 0.009 0.9998739083607991 0.0001 0.0003 0.9996852564811707 0.0003 0.0007 4.503337214787801 0.3 0.2 276 
nan 277 
-2.2140382226308186 0.03 0.008 0.9998688397804896 0.0001 0.0002 0.9996969467401504 0.0002 0.0006 4.504061702092488 0.2 0.2 278 
-2.2153483041127524 0.009 0.004 0.9999318200349808 4e-05 4e-05 0.9996909993886948 0.0002 0.0002 4.5050382264455155 0.1 0.1 279 
nan 280 
-2.2139010938008625 0.03 0.009 0.9998686726888021 0.0001 0.0003 0.9996954679489136 0.0002 0.0006 4.504407707850138 0.3 0.2 281 
nan 282 
nan 283 
nan 284 
10335312.0 285 
nan 286 
-2.2152078692118327 0.02 0.005 0.9999076936642329 6e-05 0.0001 0.9996886658668518 0.0002 0.0004 4.505129693349202 0.1 0.1 287 
-2.2138669300079346 0.02 0.009 0.9998753641049067 9e-05 0.0003 0.9996843310197194 0.0003 0.0006 4.503957053820292 0.3 0.2 288 
nan 289 
-2.2138011328379315 0.02 0.01 0.9998685401678086 0.0001 0.0003 0.9996911869446437 0.0003 0.0005 4.504410463968913 0.3 0.2 290 
nan 291 
-2.213874899546305 0.02 0.008 0.9998688066005706 0.0001 0.0002 0.9996939154465994 0.0002 0.0004 4.503782464663188 0.2 0.2 292 
-2.2139416885375978 0.03 0.009 0.9998707389831543 0.0001 0.0003 0.999692465265592 0.0002 0.0005 4.504133175214132 0.3 0.2 293 
10335312.8 294 
-2.2225590896606446 0.004 0.002 0.9999644966920217 3e-05 7e-05 0.999844281077385 0.0001 0.0004 4.51129599571228 0.2 0.2 295 
nan 296 
-2.2138754908243814 0.03 0.008 0.9998683861891429 0.0001 0.0002 0.9996948941548666 0.0002 0.0006 4.503889519373576 0.3 0.2 297 
nan 298 
-2.213970340092977 0.02 0.009 0.9998750344912211 9e-05 0.0003 0.9996870605150858 0.0002 0.0006 4.504267156918844 0.3 0.2 299 
-2.2236676947275797 0.004 0.001 0.9999572014808655 3e-05 8e-05 0.9999303223689398 4e-05 7e-05 4.510957937240601 0.1 0.09 300 
-2.2140735975901285 0.01 0.008 0.9998770340283711 9e-05 0.0002 0.9996865816911061 0.0002 0.0005 4.504048010508219 0.3 0.2 301 
-2.213996686935425 0.03 0.009 0.9998738559087118 0.0001 0.0002 0.9996883825461069 0.0002 0.0007 4.503771473566691 0.3 0.2 302 
10335312.8 303 
nan 304 
10335311.8 305 
-2.2225022474924723 0.005 0.002 0.9999633020162583 3e-05 0.0001 0.9998235754172007 0.0001 0.0004 4.511967388788859 0.2 0.1 306 
nan 307 
10335311.0 308 
-2.2138383102416994 0.02 0.009 0.9998749802509944 9e-05 0.0003 0.9996835941076279 0.0002 0.0006 4.503933893839518 0.3 0.2 309 
769.6962280273438 310 
-2.2221728293100993 0.005 0.002 0.9999556539456049 3e-05 0.0001 0.9998390040795009 0.0001 0.0003 4.511919914881388 0.2 0.1 311 
nan 312 
nan 313 
nan 314 
-2.2137842909495036 0.03 0.008 0.9998680267731349 0.0001 0.0003 0.9996920879681905 0.0002 0.0006 4.504025238355001 0.2 0.2 315 
-2.213915497461955 0.02 0.01 0.9998763644695282 9e-05 0.0003 0.9996865071853002 0.0002 0.0007 4.504145827293396 0.3 0.2 316 
776.365234375 317 
nan 318 
nan 319 
nan 320 
-2.2153269259134927 0.009 0.005 0.9999318561951319 4e-05 4e-05 0.9996895412604014 0.0002 0.0002 4.505090316136678 0.1 0.1 321 
nan 322 
685.4412475585938 323 
nan 324 
-2.213941961924235 0.03 0.009 0.9998727641503016 0.0001 0.0002 0.9996946543455124 0.0002 0.0007 4.503617075284322 0.3 0.2 325 
-2.2138771629333496 0.02 0.008 0.9998691924413046 0.0001 0.0002 0.9996934443712234 0.0002 0.0005 4.5037886985143025 0.2 0.2 326 
10335312.4 327 
nan 328 
-2.2140431690216062 0.01 0.008 0.9998769895235697 9e-05 0.0002 0.9996881186962128 0.0002 0.0005 4.503984309832255 0.3 0.2 329 
-2.2141463788350424 0.03 0.009 0.9998777931928635 9e-05 0.0003 0.9996860541899999 0.0003 0.0008 4.503909370104472 0.3 0.2 330 
10335312.4 331 
392.3076965332031 332 
-2.213809061050415 0.03 0.008 0.9998676737149557 0.0001 0.0002 0.9996957091490427 0.0002 0.0006 4.503753863970439 0.3 0.2 333 
506.22923583984374 334 
-2.2140136051177977 0.04 0.01 0.9998718762397766 0.0001 0.0003 0.9996917992830276 0.0003 0.0007 4.503344043095907 0.3 0.2 335 
nan 336 
nan 337 
-2.2140565299987793 0.02 0.01 0.9998772382736206 9e-05 0.0003 0.9996855578819911 0.0002 0.0007 4.503658723831177 0.3 0.2 338 
-2.2237176100413003 0.002 0.0009 0.999958060781161 2e-05 4e-05 0.9999301725625992 3e-05 4e-05 4.5110411516825355 0.07 0.07 339 
nan 340 
-2.215176328023275 0.02 0.006 0.999907896121343 6e-05 0.0001 0.9996877455711365 0.0002 0.0004 4.5051465368270875 0.1 0.1 341 
-2.2153722858428955 0.009 0.004 0.9999321776628495 4e-05 4e-05 0.999690302213033 0.0002 0.0002 4.505053575833639 0.1 0.1 342 
10335312.0 343 
nan 344 
nan 345 
nan 346 
10335311.8 347 
nan 348 
nan 349 
-2.213886629740397 0.02 0.009 0.9998755017916362 9e-05 0.0003 0.9996865876515706 0.0002 0.0006 4.504087855021159 0.3 0.2 350 
nan 351 
-2.213865073521932 0.03 0.009 0.9998730850219727 0.0001 0.0003 0.9996864165862401 0.0003 0.0007 4.503807129859925 0.3 0.2 352 
nan 353 
10335311.6 354 
-2.213931318918864 0.03 0.009 0.9998736236492792 0.0001 0.0003 0.999687537352244 0.0003 0.0007 4.503779878616333 0.3 0.2 355 
-2.2139110501607258 0.02 0.009 0.9998753126462301 9e-05 0.0003 0.999686769048373 0.0002 0.0006 4.503995132446289 0.3 0.2 356 
-2.216272090276082 0.004 0.002 0.9999425158898035 3e-05 5e-05 0.9997070225079855 0.0001 0.0001 4.505131778717041 0.07 0.06 357 
10335311.0 358 
nan 359 
-2.2207967217763267 0.0008 0.0008 0.9999697534243266 1e-05 2e-05 0.9995612446467081 6e-05 9e-05 4.511659488677979 0.1 0.1 360 
-2.213962567647298 0.01 0.009 0.9998768450816472 9e-05 0.0002 0.999685455362002 0.0002 0.0006 4.5036676947275796 0.3 0.2 361 
-2.2139477062225343 0.02 0.009 0.9998754723866781 9e-05 0.0003 0.9996865965922673 0.0003 0.0006 4.503983750343322 0.3 0.2 362 
-2.2139356835683186 0.03 0.009 0.9998763312896093 9e-05 0.0002 0.9996873191992441 0.0002 0.0007 4.503547172546387 0.2 0.2 363 
nan 364 
10335312.0 365 
nan 366 
10335312.2 367 
10335312.8 368 
nan 369 
-2.2150621763865153 0.02 0.006 0.9999073914686839 6e-05 0.0001 0.9996855115890503 0.0002 0.0004 4.5050426133473715 0.1 0.1 370 
-2.2153221448262532 0.009 0.005 0.9999317411581675 4e-05 4e-05 0.9996897361675898 0.0002 0.0002 4.505055964787801 0.1 0.1 371 
324.39744262695314 372 
-2.215353676478068 0.009 0.004 0.999931534131368 4e-05 4e-05 0.9996896249055862 0.0002 0.0002 4.505045658747355 0.1 0.1 373 
-2.214018217722575 0.02 0.009 0.9998776068290075 9e-05 0.0003 0.9996861487627029 0.0002 0.0006 4.504074422518412 0.3 0.2 374 
10335311.6 375 
nan 376 
nan 377 
10335312.6 378 
nan 379 
nan 380 
507.05165405273436 381 
10335311.0 382 
nan 383 
-2.213973118464152 0.03 0.009 0.9998748791217804 0.0001 0.0003 0.9996869907776514 0.0003 0.0006 4.504435977935791 0.3 0.2 384 
-2.2150511868794758 0.02 0.006 0.9999076980352402 6e-05 0.0001 0.9996854744354884 0.0002 0.0004 4.504963048299154 0.1 0.1 385 
-2.2140238666534424 0.03 0.009 0.9998740875720977 0.0001 0.0003 0.9996912334362665 0.0002 0.0007 4.50451800664266 0.3 0.2 386 
nan 387 
nan 388 
nan 389 
-2.2139687569936117 0.02 0.009 0.9998760002851487 9e-05 0.0003 0.999685174425443 0.0002 0.0006 4.503985590934754 0.3 0.2 390 
nan 391 
379.2644470214844 392 
-2.2139911810557047 0.02 0.009 0.999878176053365 9e-05 0.0003 0.9996865659952163 0.0002 0.0006 4.503923743565878 0.3 0.2 393 
108.09525451660156 394 
nan 395 
nan 396 
nan 397 
-2.2150314076741537 0.02 0.006 0.9999071232477824 6e-05 0.0001 0.9996857963005702 0.0002 0.0004 4.50478101571401 0.1 0.1 398 
-2.213917032877604 0.03 0.01 0.9998734251658121 0.0001 0.0003 0.999688880443573 0.0003 0.0006 4.504122172991435 0.3 0.2 399 
nan 400 
nan 401 
-2.215036636988322 0.02 0.006 0.9999075253804525 6e-05 0.0001 0.9996852217117945 0.0002 0.0004 4.505070595741272 0.1 0.1 402 
nan 403 
nan 404 
nan 405 
-2.213938455581665 0.02 0.009 0.9998761824766795 9e-05 0.0003 0.9996838621298472 0.0002 0.0006 4.503951554298401 0.3 0.2 406 
-2.2139198112487795 0.01 0.009 0.9998755542437235 9e-05 0.0002 0.9996880505482356 0.0002 0.0005 4.504271262486776 0.3 0.2 407 
-2.2153476587931316 0.009 0.004 0.9999323352177938 4e-05 4e-05 0.9996899410088858 0.0002 0.0002 4.505026899973552 0.1 0.1 408 
nan 409 
325.12346801757815 410 
-2.21502339998881 0.02 0.006 0.9999069950977961 6e-05 0.0001 0.9996859669685364 0.0002 0.0004 4.505122890472412 0.1 0.1 411 
-2.213953580856323 0.02 0.009 0.9998754974206289 9e-05 0.0003 0.999685449997584 0.0003 0.0005 4.5038989162445064 0.3 0.2 412 
324.9306335449219 413 
324.89667358398435 414 
nan 415 
nan 416 
nan 417 
-2.215158306757609 0.02 0.006 0.9999077041943868 6e-05 0.0001 0.9996873843669891 0.0002 0.0004 4.505237437884013 0.1 0.1 418 
-2.2139852046966553 0.02 0.01 0.9998689073324204 0.0001 0.0003 0.9996965322891871 0.0002 0.0008 4.5037256638209024 0.3 0.2 419 
-2.213884531656901 0.02 0.009 0.9998758103450139 9e-05 0.0003 0.9996853444973628 0.0002 0.0006 4.504072120984396 0.3 0.2 420 
nan 421 
nan 422 
-2.2140239334106444 0.03 0.008 0.9998682498931885 0.0001 0.0002 0.9996972215175629 0.0002 0.0006 4.504152218500773 0.3 0.2 423 
-2.2138613255818687 0.03 0.009 0.9998711766799291 0.0001 0.0003 0.9996899062395096 0.0003 0.0008 4.504473384221395 0.3 0.2 424 
-2.213972800572713 0.02 0.009 0.9998763926823934 9e-05 0.0003 0.9996882675091425 0.0002 0.0006 4.503930808703105 0.3 0.2 425 
-2.225157257715861 0.001 0.0007 0.9999688237905502 2e-05 3e-05 0.999988386631012 8e-06 1e-05 4.511688969930013 0.06 0.06 426 
-2.2140869585673015 0.03 0.009 0.999873805642128 0.0001 0.0003 0.9996919761101405 0.0003 0.0006 4.503392877578736 0.3 0.2 427 
-2.2139607175191243 0.02 0.009 0.9998769130309423 9e-05 0.0003 0.9996834230422974 0.0003 0.0006 4.504220794041951 0.3 0.2 428 
-2.2226400502522785 0.009 0.003 0.9999643097321192 3e-05 0.0001 0.9998569107055664 0.0001 0.0007 4.510816876093546 0.2 0.1 429 
-2.218105093638102 0.002 0.001 0.9999530293544133 2e-05 3e-05 0.99976205209891 9e-05 9e-05 4.506415238380432 0.06 0.07 430 
108.22849884033204 431 
571.3247192382812 432 
-2.214019101460775 0.02 0.009 0.9998766593138377 9e-05 0.0003 0.9996872593959173 0.0002 0.0007 4.503520234425863 0.3 0.2 433 
-2.2150238100687663 0.02 0.006 0.9999074629942576 6e-05 0.0001 0.9996848948796591 0.0002 0.0004 4.504805773099264 0.1 0.1 434 
-2.213903233210246 0.02 0.008 0.999868343671163 0.0001 0.0002 0.999695155819257 0.0002 0.0005 4.50362365881602 0.2 0.2 435 
-2.2202083110809325 0.001 0.0009 0.9999478046099345 2e-05 2e-05 0.9995787302652995 4e-05 7e-05 4.511136554082235 0.1 0.1 436 
-2.2140636666615805 0.03 0.009 0.9998769410451254 9e-05 0.0003 0.9996882402896881 0.0002 0.0006 4.504094642003377 0.3 0.2 437 
nan 438 
10335310.0 439 
nan 440 
-2.2153287665049235 0.009 0.005 0.9999320675929387 4e-05 4e-05 0.9996903995672862 0.0002 0.0002 4.505009551048278 0.1 0.1 441 
nan 442 
484.04248046875 443 
144.69988403320312 444 
nan 445 
10335312.6 446 
-2.2150350443522133 0.02 0.006 0.999907287756602 6e-05 0.0001 0.9996858610709508 0.0002 0.0004 4.505287135442098 0.1 0.1 447 
10335312.2 448 
108.1713638305664 449 
nan 450 
-2.2140004221598306 0.03 0.009 0.999874271551768 0.0001 0.0003 0.9996903703610103 0.0003 0.0007 4.503945681254069 0.3 0.2 451 
10335312.4 452 
10335313.2 453 
nan 454 
-2.2140648873647053 0.03 0.009 0.9998740615447362 0.0001 0.0003 0.9996895436445872 0.0003 0.0007 4.504150290489196 0.3 0.2 455 
251.8668670654297 456 
10335312.2 457 
-2.213978408177694 0.02 0.009 0.9998757416009902 9e-05 0.0003 0.9996882575750351 0.0003 0.0006 4.503985473314921 0.3 0.2 458 
-2.213942267100016 0.02 0.009 0.9998750593264898 9e-05 0.0003 0.9996870402495066 0.0003 0.0006 4.504456664721171 0.3 0.2 459 
-2.213888231913249 0.03 0.008 0.9998688383897145 0.0001 0.0002 0.9996936730543773 0.0002 0.0004 4.503787061373393 0.2 0.2 460 
-2.2140063603719073 0.02 0.009 0.9998774862289429 9e-05 0.0003 0.9996874811251958 0.0002 0.0006 4.5037710539499916 0.3 0.2 461 
-2.2154757022857665 0.01 0.004 0.9999353369077046 4e-05 3e-05 0.9996936674912771 0.0002 0.0002 4.505031792322795 0.1 0.1 462 
-2.2245944945017495 0.002 0.001 0.9999617278575897 3e-05 5e-05 0.9999780803918839 2e-05 3e-05 4.511114395459493 0.07 0.07 463 
nan 464 
nan 465 
-2.2139944394429523 0.02 0.009 0.9998763060569763 9e-05 0.0003 0.9996866854031881 0.0002 0.0006 4.504609483083089 0.3 0.2 466 
191.14572143554688 467 
nan 468 
-2.2153337669372557 0.009 0.005 0.9999318222204844 4e-05 4e-05 0.9996901313463847 0.0002 0.0002 4.505028918584188 0.1 0.1 469 
nan 470 
nan 471 
nan 472 
-2.2138345591227213 0.03 0.008 0.9998673870166143 0.0001 0.0002 0.9996953892707825 0.0002 0.0006 4.504015431404114 0.2 0.2 473 
-2.214007469813029 0.02 0.009 0.9998762575785319 9e-05 0.0003 0.999688234726588 0.0003 0.0006 4.504210974375407 0.3 0.2 474 
nan 475 
251.48070373535157 476 
-2.214017162322998 0.03 0.01 0.99987540046374 9e-05 0.0003 0.999687603910764 0.0002 0.0008 4.504313586552938 0.3 0.2 477 
nan 478 
nan 479 
10335311.0 480 
nan 481 
nan 482 
-2.2139221223195396 0.02 0.008 0.9998687853415807 0.0001 0.0002 0.9996945550044377 0.0002 0.0004 4.503829998970032 0.2 0.2 483 
nan 484 
nan 485 
10335312.0 486 
-2.2139497566223145 0.02 0.009 0.9998757056395213 9e-05 0.0003 0.9996841951211294 0.0002 0.0006 4.503974634806315 0.3 0.2 487 
-2.213897879918416 0.02 0.008 0.9998694876829783 0.0001 0.0002 0.999694186647733 0.0002 0.0005 4.503814206123352 0.2 0.2 488 
-2.2139491335550945 0.02 0.01 0.9998748016357422 9e-05 0.0003 0.9996877882877986 0.0002 0.0007 4.504261949857076 0.3 0.3 489 
nan 490 
nan 491 
10335313.0 492 
-2.213929681777954 0.01 0.009 0.9998760437965393 9e-05 0.0003 0.9996865318218867 0.0002 0.0004 4.503760272661845 0.3 0.2 493 
-2.2139333788553874 0.02 0.009 0.9998752077420553 9e-05 0.0003 0.9996842082341512 0.0002 0.0006 4.504038232167562 0.3 0.2 494 
nan 495 
10335311.2 496 
10335313.0 497 
-2.2231888294219972 0.01 0.003 0.999979563554128 2e-05 9e-05 0.9997841874758403 0.0002 0.001 4.509516065915426 0.2 0.2 498 
-2.2139133644104003 0.02 0.009 0.9998752278089523 9e-05 0.0003 0.999686653415362 0.0002 0.0005 4.503668433825175 0.3 0.2 499 
nan 500 
-2.225167636871338 0.001 0.0008 0.9999682188034058 2e-05 3e-05 0.9999891275167465 8e-06 1e-05 4.511656500498454 0.06 0.06 501 
10335313.0 502 
324.7283996582031 503 
325.57733154296875 504 
nan 505 
nan 506 
-2.213862854639689 0.03 0.01 0.999870116909345 0.0001 0.0003 0.9996909481287003 0.0003 0.0008 4.5043426688512165 0.3 0.2 507 
-2.2152035840352378 0.02 0.005 0.9999073431889216 6e-05 0.0001 0.9996883620818456 0.0002 0.0004 4.505169741312662 0.1 0.1 508 
nan 509 
-2.2138490041097003 0.02 0.008 0.9998690271377564 0.0001 0.0002 0.9996929423014322 0.0002 0.0004 4.50380432287852 0.2 0.2 510 
469.0338928222656 511 
nan 512 
nan 513 
-2.2139628760019936 0.03 0.008 0.9998694002628327 0.0001 0.0002 0.999696028828621 0.0002 0.0006 4.503890317281087 0.2 0.2 514 
10335311.4 515 
-2.223380028406779 0.004 0.002 0.9999498218297959 3e-05 0.0001 0.9999320491154988 5e-05 7e-05 4.5106427415212 0.09 0.08 516 
nan 517 
10335312.2 518 
10335312.0 519 
nan 520 
-2.2150371646881104 0.02 0.006 0.9999071361621221 6e-05 0.0001 0.9996859739224117 0.0002 0.0004 4.504787967999776 0.1 0.1 521 
-2.2151867580413818 0.02 0.006 0.9999076724052429 6e-05 0.0001 0.9996879746516546 0.0002 0.0004 4.5052288659413655 0.1 0.1 522 
-2.213903611501058 0.02 0.009 0.9998767518997193 9e-05 0.0003 0.999686122139295 0.0003 0.0006 4.5035845629374185 0.3 0.2 523 
nan 524 
-2.2139374860127767 0.02 0.009 0.999874215722084 9e-05 0.0003 0.9996879921356837 0.0002 0.0006 4.503406629562378 0.3 0.2 525 
-2.2167787647247312 0.003 0.003 0.9999459018309911 3e-05 3e-05 0.9997344046831131 0.0001 0.0002 4.50534188747406 0.06 0.06 526 
nan 527 
108.26243438720704 528 
-2.2202363713582356 0.006 0.001 0.9999468658367793 3e-05 0.0001 0.9996353632211685 6e-05 0.0001 4.510904180208842 0.1 0.1 529 
-2.215079123179118 0.02 0.006 0.9999072084824244 6e-05 0.0001 0.9996861654520035 0.0002 0.0004 4.504947752952575 0.1 0.1 530 
nan 531 
-2.215036500295003 0.02 0.006 0.9999073193470637 6e-05 0.0001 0.9996851207812627 0.0002 0.0004 4.505027968088786 0.1 0.1 532 
nan 533 
nan 534 
10335312.8 535 
nan 536 
-2.214040880203247 0.02 0.009 0.9998772313197454 9e-05 0.0003 0.9996879949172338 0.0002 0.0006 4.503620781898499 0.3 0.2 537 
-2.21396240234375 0.02 0.009 0.9998744984467824 9e-05 0.0003 0.9996865594387054 0.0002 0.0006 4.504354966481527 0.3 0.2 538 
nan 539 
10335312.2 540 
10335311.2 541 
-2.213955059051514 0.02 0.009 0.9998744257291158 0.0001 0.0003 0.9996880104144414 0.0003 0.0006 4.504386280377706 0.3 0.2 542 
10335311.8 543 
nan 544 
479.1012023925781 545 
-2.213874616622925 0.03 0.009 0.9998699750502904 0.0001 0.0002 0.9996921761830648 0.0003 0.0006 4.50438912709554 0.2 0.2 546 
nan 547 
nan 548 
-2.2139068094889325 0.02 0.008 0.9998689313729604 0.0001 0.0002 0.9996938723325729 0.0002 0.0004 4.503803412119548 0.2 0.2 549 
-2.215341265996297 0.009 0.005 0.9999318226178487 4e-05 4e-05 0.9996899785598119 0.0002 0.0002 4.505032922426859 0.1 0.1 550 
-2.2250421142578123 0.0009 0.0009 0.9999562287330628 3e-05 3e-05 0.9999926189581553 6e-06 7e-06 4.511368641853332 0.07 0.07 551 
nan 552 
nan 553 
10335312.4 554 
nan 555 
456.4665832519531 556 
-2.2219177436828614 0.0009 0.0007 0.9999675975243251 2e-05 2e-05 0.9996070466438929 5e-05 5e-05 4.511524674097697 0.09 0.09 557 
-2.2150447877248127 0.02 0.006 0.9999076253175736 6e-05 0.0001 0.9996853325764338 0.0002 0.0004 4.505055317878723 0.1 0.1 558 
506.25843505859376 559 
10335312.8 560 
nan 561 
nan 562 
-2.214065237045288 0.02 0.01 0.9998792918523153 9e-05 0.0003 0.9996838700771332 0.0002 0.0007 4.50339674949646 0.3 0.2 563 
757.2976806640625 564 
-2.2151122029622394 0.02 0.007 0.9999052532513937 6e-05 0.0001 0.9996769609053929 0.0002 0.0008 4.505509735743205 0.2 0.2 565 
nan 566 
10335311.6 567 
nan 568 
334.687890625 569 
nan 570 
-2.2139940706888837 0.04 0.01 0.9998718649148941 0.0001 0.0003 0.9996902803579967 0.0002 0.0008 4.504275561968486 0.3 0.2 571 
nan 572 
-2.220221694310506 0.001 0.0009 0.9999499150117238 2e-05 2e-05 0.9995705749591192 4e-05 7e-05 4.511253644625346 0.1 0.1 573 
-2.223638064066569 0.003 0.001 0.999956947962443 3e-05 7e-05 0.9999317131439844 4e-05 7e-05 4.510794073740641 0.1 0.1 574 
nan 575 
-2.2152943070729574 0.01 0.005 0.9999319463968277 4e-05 4e-05 0.9996900264422098 0.0002 0.0002 4.505225268999736 0.1 0.1 576 
506.58135375976565 577 
-2.2138542874654132 0.03 0.009 0.9998705345392227 0.0001 0.0002 0.9996929840246837 0.0002 0.0006 4.503819497426351 0.3 0.2 578 
-2.2138862578074137 0.02 0.009 0.9998765420913697 9e-05 0.0003 0.9996859204769134 0.0003 0.0006 4.5041224479675295 0.3 0.2 579 
10335311.6 580 
10335312.4 581 
nan 582 
108.12254638671875 583 
-2.225655460357666 0.0003 0.0004 0.999977743824323 9e-06 8e-06 0.9999944363037745 4e-06 4e-06 4.511677071253459 0.05 0.05 584 
nan 585 
469.26612548828126 586 
-2.215334987640381 0.009 0.005 0.9999321200450262 4e-05 4e-05 0.9996894307931264 0.0002 0.0002 4.505006742477417 0.1 0.1 587 
nan 588 
10335311.2 589 
10335313.0 590 
-2.2139660040537517 0.02 0.009 0.9998768089214961 9e-05 0.0003 0.9996878669659297 0.0002 0.0006 4.504187240600586 0.3 0.2 591 
525.01484375 592 
-2.2150413036346435 0.02 0.006 0.9999076857169469 6e-05 0.0001 0.9996856544415156 0.0002 0.0004 4.504931011199951 0.1 0.1 593 
469.05958862304686 594 
-2.213915729522705 0.03 0.008 0.9998685495058696 0.0001 0.0002 0.9996958023309708 0.0002 0.0006 4.503882778485616 0.3 0.2 595 
-2.2139666493733725 0.03 0.008 0.9998694598674774 0.0001 0.0002 0.9996940596898397 0.0002 0.0004 4.503749299049377 0.2 0.2 596 
nan 597 
-2.215033400853475 0.02 0.006 0.9999070606629054 6e-05 0.0001 0.999686052997907 0.0002 0.0004 4.5053510697682695 0.1 0.1 598 
nan 599 
10335311.4 600 
nan 601 
nan 602 
10335312.0 603 
nan 604 
-2.215122089385986 0.02 0.006 0.9999075567722321 6e-05 0.0001 0.999686819712321 0.0002 0.0004 4.504595875740051 0.1 0.1 605 
251.82163696289064 606 
-2.2140749581654866 0.03 0.01 0.9998760082324346 9e-05 0.0004 0.9996883861223856 0.0003 0.0007 4.50465691725413 0.3 0.3 607 
nan 608 
-2.223523591359456 0.003 0.001 0.9999548798799515 3e-05 6e-05 0.9999285068114598 5e-05 6e-05 4.510940073331197 0.08 0.08 609 
nan 610 
nan 611 
-2.2150619316101072 0.02 0.006 0.9999075116713841 6e-05 0.0001 0.9996862411499023 0.0002 0.0004 4.505234829584757 0.1 0.1 612 
-2.213957913716634 0.02 0.009 0.9998741785685221 0.0001 0.0003 0.9996882031361262 0.0003 0.0005 4.504420065879822 0.3 0.2 613 
nan 614 
nan 615 
nan 616 
nan 617 
-2.215211556752523 0.02 0.005 0.9999080133438111 6e-05 0.0001 0.9996882939338684 0.0002 0.0004 4.504687679608663 0.1 0.1 618 
461.88836669921875 619 
-2.2139151000976565 0.02 0.009 0.999873680472374 0.0001 0.0003 0.9996875510613124 0.0002 0.0007 4.5038627926508585 0.3 0.2 620 
145.11884460449218 621 
-2.213855307896932 0.02 0.009 0.9998741006851196 0.0001 0.0003 0.9996873795986175 0.0002 0.0006 4.503970448176066 0.3 0.2 622 
nan 623 
-2.215020112991333 0.02 0.006 0.9999075746536255 6e-05 0.0001 0.9996845497687658 0.0002 0.0004 4.505054411888122 0.1 0.1 624 
nan 625 
nan 626 
-2.21391056060791 0.04 0.01 0.99987340370814 0.0001 0.0003 0.9996882116794586 0.0002 0.0006 4.504026770591736 0.3 0.2 627 
-2.2225228055318196 0.008 0.003 0.9999638881285985 3e-05 0.0001 0.9998447644710541 0.0001 0.0008 4.510948437054952 0.2 0.1 628 
nan 629 
532.5747924804688 630 
nan 631 
-2.2138780816396078 0.03 0.009 0.9998728519678116 0.0001 0.0003 0.9996894091367722 0.0002 0.0005 4.503720413843791 0.3 0.2 632 
10335311.2 633 
-2.2151616636912026 0.02 0.006 0.9999074286222458 6e-05 0.0001 0.9996874938408534 0.0002 0.0004 4.505176224708557 0.1 0.1 634 
990.6290893554688 635 
10335311.8 636 
-2.2139283784230552 0.03 0.008 0.999868985414505 0.0001 0.0002 0.9996954782803853 0.0002 0.0006 4.503916427294413 0.3 0.2 637 
-2.2139546298980712 0.02 0.01 0.999874637722969 9e-05 0.0003 0.99968647758166 0.0002 0.0008 4.503704201380412 0.3 0.2 638 
-2.215074345270793 0.02 0.006 0.9999074665705363 6e-05 0.0001 0.9996857895453771 0.0002 0.0004 4.505042328834533 0.1 0.1 639 
-2.213920841217041 0.02 0.009 0.999875208735466 9e-05 0.0003 0.9996850335597992 0.0002 0.0006 4.504001652399699 0.3 0.2 640 
nan 641 
-2.2152119286855063 0.02 0.005 0.9999079517523448 6e-05 0.0001 0.9996886708339056 0.0002 0.0004 4.50499418258667 0.1 0.1 642 
nan 643 
-2.213972126642863 0.02 0.01 0.9998719688256582 0.0001 0.0003 0.9996940871079762 0.0002 0.0008 4.503437287012736 0.3 0.2 644 
nan 645 
-2.2138880093892417 0.02 0.008 0.9998691189289093 0.0001 0.0002 0.9996931155522665 0.0002 0.0004 4.5038092978795365 0.2 0.2 646 
nan 647 
-2.2137557665506997 0.02 0.008 0.9998677213986714 0.0001 0.0002 0.9996913276116053 0.0002 0.0004 4.504008069038391 0.2 0.2 648 
-2.2150417232513426 0.02 0.006 0.9999074625968933 6e-05 0.0001 0.9996854587395986 0.0002 0.0004 4.505093342463176 0.1 0.1 649 
-2.220694856643677 0.006 0.001 0.999950156211853 3e-05 0.0001 0.9996782811482747 7e-05 0.0002 4.510971164703369 0.1 0.1 650 
-2.2139318656921385 0.03 0.009 0.9998750507831573 0.0001 0.0003 0.9996866716941197 0.0003 0.0008 4.504384476343791 0.3 0.2 651 
-2.2140572547912596 0.03 0.01 0.9998719529310862 0.0001 0.0003 0.9996949682633082 0.0003 0.0007 4.503883500099182 0.3 0.2 652 
-2.213873109817505 0.03 0.009 0.9998723806937536 0.0001 0.0003 0.9996923591693242 0.0002 0.0005 4.50402946472168 0.3 0.2 653 
nan 654 
-2.213943643569946 0.02 0.009 0.9998756478230159 9e-05 0.0003 0.9996869804461798 0.0002 0.0006 4.504161734580993 0.3 0.2 655 
-2.2140519205729166 0.03 0.01 0.9998740526040395 0.0001 0.0003 0.9996959680318832 0.0003 0.0006 4.503931846618652 0.3 0.2 656 
-2.219872989654541 0.004 0.001 0.9999371308088303 4e-05 7e-05 0.9995927349726359 5e-05 7e-05 4.510683682759603 0.1 0.09 657 
nan 658 
-2.2140138435363768 0.02 0.009 0.9998762265841166 9e-05 0.0003 0.9996856743097305 0.0002 0.0006 4.50410353342692 0.3 0.2 659 
200.3274719238281 660 
-2.2139551226298013 0.03 0.01 0.9998724128802617 0.0001 0.0003 0.999692917863528 0.0003 0.0006 4.504068489074707 0.3 0.2 661 
nan 662 
nan 663 
nan 664 
nan 665 
108.13637237548828 666 
-2.213949998219808 0.02 0.009 0.9998763438065846 9e-05 0.0003 0.9996875325838724 0.0002 0.0006 4.504075568517049 0.3 0.2 667 
-2.2140638542175295 0.03 0.01 0.9998740394910176 0.0001 0.0003 0.9996884455283482 0.0003 0.0007 4.50455158551534 0.3 0.2 668 
nan 669 
-2.213888676961263 0.02 0.008 0.9998691817124684 0.0001 0.0002 0.9996942178408305 0.0002 0.0004 4.503819155693054 0.2 0.2 670 
-2.2153560384114583 0.009 0.005 0.9999321178595225 4e-05 4e-05 0.9996899610757828 0.0002 0.0002 4.505013229052226 0.1 0.1 671 
200.68442077636718 672 
nan 673 
nan 674 
-2.2139754931132 0.03 0.009 0.999875801006953 9e-05 0.0003 0.9996862618128458 0.0003 0.0007 4.503479804992676 0.3 0.2 675 
-2.213815174102783 0.03 0.009 0.9998705995082855 0.0001 0.0003 0.9996897731224695 0.0002 0.0006 4.50454660097758 0.3 0.2 676 
nan 677 
nan 678 
nan 679 
-1.039689114888509 0.7 0.3 0.9564828441540401 0.03 0.05 0.891526187385122 0.07 0.8 4.061471345921357 10.0 4.0 680 
-2.213831361134847 0.04 0.009 0.9998723510901133 0.0001 0.0002 0.9996895126501719 0.0002 0.0006 4.504320430755615 0.3 0.2 681 
-2.2153655242919923 0.01 0.005 0.9999321556091308 4e-05 4e-05 0.9996894965569179 0.0002 0.0002 4.505000864664714 0.1 0.1 682 
nan 683 
478.43825073242186 684 
10335311.6 685 
-2.2140585231781005 0.03 0.009 0.9998766571283341 9e-05 0.0003 0.9996886338790257 0.0002 0.0006 4.503443614641825 0.3 0.2 686 
10335311.6 687 
-2.213819398880005 0.02 0.008 0.9998678747812907 0.0001 0.0002 0.9996941691637039 0.0002 0.0005 4.5035706615448 0.2 0.2 688 
nan 689 
nan 690 
-2.213997170130412 0.02 0.009 0.9998769636948903 9e-05 0.0003 0.9996861322720846 0.0002 0.0006 4.504092823664347 0.3 0.2 691 
456.5876220703125 692 
506.3961181640625 693 
nan 694 
nan 695 
-2.2151207955678305 0.02 0.006 0.999907242655754 6e-05 0.0001 0.9996871592601141 0.0002 0.0004 4.504732316335042 0.1 0.1 696 
10335312.0 697 
nan 698 
10335311.2 699 
-2.2150952847798666 0.02 0.005 0.9999069841702779 6e-05 0.0001 0.999686349829038 0.0002 0.0004 4.504941042264303 0.1 0.1 700 
-2.2138358847300212 0.02 0.009 0.9998747664690018 9e-05 0.0003 0.9996865099668503 0.0002 0.0006 4.503551154136658 0.3 0.2 701 
-2.213997071584066 0.03 0.009 0.9998710576693217 0.0001 0.0003 0.999695463180542 0.0002 0.0005 4.503225344022115 0.3 0.2 702 
nan 703 
nan 704 
nan 705 
nan 706 
-2.2139967759450276 0.03 0.008 0.9998693879445394 0.0001 0.0002 0.9996966363986334 0.0002 0.0006 4.50387369632721 0.2 0.2 707 
325.0709716796875 708 
10335311.4 709 
251.61217346191407 710 
-2.2150528144836428 0.02 0.006 0.9999075977007548 6e-05 0.0001 0.9996858372290929 0.0002 0.0004 4.505006686846415 0.1 0.1 711 
nan 712 
nan 713 
nan 714 
nan 715 
nan 716 
-2.221951961517334 0.0004 0.0004 0.9999771652619044 9e-06 1e-05 0.999567278623581 4e-05 4e-05 4.511747287114461 0.1 0.1 717 
-2.2171453189849855 0.003 0.003 0.9999479713042577 3e-05 2e-05 0.9997478411595027 0.0001 0.0001 4.505716786384583 0.09 0.09 718 
-2.2140533924102783 0.02 0.009 0.9998770560820898 9e-05 0.0003 0.9996862002213796 0.0003 0.0005 4.504207008679708 0.3 0.2 719 
-2.2140157572428385 0.03 0.009 0.999870491027832 0.0001 0.0002 0.9996949422359467 0.0002 0.0008 4.503680965105692 0.3 0.2 720 
nan 721 
-2.217414328257243 0.009 0.004 0.9999354837338129 4e-05 4e-05 0.99974695622921 0.0001 0.0002 4.506321026484172 0.1 0.1 722 
-2.213914451599121 0.02 0.008 0.9998690007130305 0.0001 0.0002 0.9996946807702383 0.0002 0.0004 4.503857933680217 0.2 0.2 723 
-2.2138571039835613 0.02 0.008 0.9998686075210571 0.0001 0.0002 0.9996935331821442 0.0002 0.0004 4.503850703239441 0.2 0.2 724 
-2.2150370121002196 0.02 0.006 0.9999074570337931 6e-05 0.0001 0.9996859455108642 0.0002 0.0004 4.50502194404602 0.1 0.1 725 
-2.2139466698964436 0.02 0.009 0.9998770240942637 9e-05 0.0003 0.9996840037902196 0.0002 0.0006 4.5035675350824995 0.3 0.2 726 
-2.2140301513671874 0.03 0.009 0.9998741370439529 0.0001 0.0003 0.9996897917985916 0.0003 0.0007 4.5039660374323525 0.3 0.2 727 
-2.2150383694966633 0.02 0.006 0.9999071248372395 6e-05 0.0001 0.9996851094563802 0.0002 0.0004 4.504828335444133 0.1 0.1 728 
10335311.6 729 
-2.2150388367970786 0.02 0.006 0.9999070835113525 6e-05 0.0001 0.9996861519416174 0.0002 0.0004 4.505323365529378 0.1 0.1 730 
nan 731 
nan 732 
-2.21740153948466 0.003 0.002 0.9999362633625666 4e-05 6e-05 0.999755349556605 0.0001 9e-05 4.505838351249695 0.07 0.08 733 
nan 734 
-2.2140352567036947 0.02 0.009 0.9998764594395956 9e-05 0.0003 0.9996875 0.0002 0.0006 4.503561704953512 0.3 0.2 735 
379.95676879882814 736 
108.0759262084961 737 
10335312.6 738 
-2.2236564604441327 0.004 0.001 0.9999590623378753 3e-05 8e-05 0.9999316436052322 4e-05 8e-05 4.511059703826905 0.1 0.1 739 
nan 740 
-2.213938700358073 0.02 0.009 0.9998772637049357 9e-05 0.0003 0.9996857174237569 0.0002 0.0005 4.503683174451192 0.3 0.2 741 
-2.21508947690328 0.02 0.006 0.999906961520513 6e-05 0.0001 0.9996859256426494 0.0002 0.0004 4.50501060962677 0.1 0.1 742 
-2.21401136080424 0.03 0.009 0.999874666929245 0.0001 0.0003 0.9996875921885172 0.0003 0.0007 4.504530933698018 0.3 0.2 743 
nan 744 
-2.213900464375814 0.02 0.01 0.9998715513944626 0.0001 0.0002 0.9996915286779404 0.0003 0.001 4.504030054410299 0.3 0.2 745 
10335311.4 746 
-2.21391232808431 0.02 0.009 0.999875451127688 9e-05 0.0003 0.9996845271190008 0.0002 0.0006 4.503868338267009 0.3 0.2 747 
555.1171020507812 748 
-2.215037530263265 0.02 0.006 0.9999077504873276 6e-05 0.0001 0.999685905178388 0.0002 0.0004 4.504977523485819 0.1 0.1 749 
-2.213952131271362 0.02 0.009 0.9998737899462382 0.0001 0.0003 0.9996891164779663 0.0002 0.0006 4.503535831769307 0.3 0.2 750 
nan 751 
-2.21384591738383 0.03 0.009 0.9998690134286881 0.0001 0.0002 0.9996932526429494 0.0002 0.0006 4.504353035291036 0.3 0.2 752 
10335312.2 753 
10335312.0 754 
-2.2137749735514323 0.03 0.009 0.9998751709858577 9e-05 0.0003 0.9996839328606923 0.0002 0.0006 4.504090139071146 0.3 0.2 755 
10335311.8 756 
-2.2153382015228273 0.009 0.005 0.9999320610364278 4e-05 4e-05 0.9996899114052454 0.0002 0.0002 4.505036312739055 0.1 0.1 757 
nan 758 
10335312.2 759 
nan 760 
-2.213933022816976 0.02 0.009 0.999874792098999 9e-05 0.0003 0.9996860871712366 0.0002 0.0006 4.503705143928528 0.3 0.2 761 
nan 762 
nan 763 
501.21282958984375 764 
10335311.6 765 
-2.2153648726145425 0.01 0.005 0.9999325795968373 4e-05 4e-05 0.9996901388963063 0.0002 0.0002 4.505122776031494 0.1 0.1 766 
nan 767 
-2.214092715581258 0.03 0.01 0.9998779306809108 9e-05 0.0004 0.9996896934509277 0.0003 0.001 4.504383087158203 0.4 0.3 768 
-2.2140473810831707 0.02 0.01 0.9998758141199747 9e-05 0.0003 0.9996886678536733 0.0002 0.001 4.504015274047852 0.3 0.3 769 
-2.2140276559193928 0.01 0.008 0.9998768188556035 9e-05 0.0002 0.9996853826443354 0.0002 0.0005 4.504100904464722 0.3 0.2 770 
-2.215343147913615 0.009 0.005 0.9999320952097575 4e-05 4e-05 0.9996901857852936 0.0002 0.0002 4.5050634765625 0.1 0.1 771 
251.46841430664062 772 
10335311.2 773 
nan 774 
-2.215336777369181 0.009 0.005 0.9999321945508322 4e-05 4e-05 0.9996894756952922 0.0002 0.0002 4.505065592130025 0.1 0.1 775 
nan 776 
-2.217425228754679 0.01 0.004 0.9999356903632481 4e-05 4e-05 0.9997475572427114 0.0001 0.0002 4.506310157775879 0.1 0.1 777 
-2.22371439297994 0.003 0.001 0.9999575573205948 3e-05 7e-05 0.9999308343728384 4e-05 8e-05 4.511224881807963 0.1 0.1 778 
-2.2138372230529786 0.03 0.008 0.9998689434925715 0.0001 0.0002 0.9996921632687251 0.0002 0.0004 4.503834778467814 0.2 0.2 779 
nan 780 
-2.2138264815012616 0.01 0.009 0.9998754020531972 9e-05 0.0002 0.9996854631106059 0.0002 0.0006 4.504491155942281 0.3 0.2 781 
379.8718017578125 782 
10335312.2 783 
nan 784 
108.16887969970703 785 
nan 786 
nan 787 
nan 788 
nan 789 
248.72037048339843 790 
251.93961486816406 791 
-2.214113260904948 0.02 0.01 0.9998767717679342 9e-05 0.0003 0.9996870400508245 0.0002 0.001 4.503682839075724 0.3 0.2 792 
-2.2225949001312255 0.009 0.002 0.9999632988373438 3e-05 0.0001 0.9998527465264002 0.0001 0.001 4.510989116032918 0.2 0.2 793 
nan 794 
-2.2150204372406006 0.02 0.006 0.9999069623152415 6e-05 0.0001 0.9996856029828389 0.0002 0.0004 4.504807189305623 0.1 0.1 795 
-2.2152155431111655 0.008 0.004 0.999929855465889 4e-05 5e-05 0.999690994421641 0.0001 0.0002 4.504912673632304 0.1 0.1 796 
nan 797 
nan 798 
nan 799 
10335311.2 800 
-2.2227286593119304 0.01 0.003 0.9999732335408529 2e-05 7e-05 0.9997747027873993 0.0002 0.001 4.509782007535299 0.2 0.2 801 
nan 802 
nan 803 
nan 804 
10335312.6 805 
-2.213799123764038 0.03 0.009 0.9998689985275269 0.0001 0.0002 0.9996924819548925 0.0002 0.0006 4.50403556505839 0.3 0.2 806 
10335311.8 807 
-2.2154221789042157 0.009 0.004 0.9999340903759003 4e-05 4e-05 0.9996949712435405 0.0002 0.0002 4.504932174682617 0.1 0.1 808 
nan 809 
-2.225859696070353 0.0006 0.0005 0.9999752942721049 2e-05 2e-05 0.9999986735979716 7e-07 7e-07 4.512139514287313 0.04 0.04 810 
-2.2137699794769286 0.02 0.008 0.9998677353064219 0.0001 0.0002 0.999692345460256 0.0002 0.0004 4.503945004145304 0.2 0.2 811 
200.5745635986328 812 
10335312.4 813 
-2.213864107131958 0.03 0.008 0.9998685862620672 0.0001 0.0002 0.9996947087844212 0.0002 0.0006 4.50407655398051 0.3 0.2 814 
-2.2259562110900877 0.0005 0.0004 0.9999805847803752 1e-05 1e-05 0.9999985857804616 9e-07 1e-06 4.511936359405517 0.03 0.03 815 
nan 816 
nan 817 
nan 818 
nan 819 
nan 820 
10335312.6 821 
nan 822 
10335311.6 823 
nan 824 
nan 825 
nan 826 
-2.225922934214274 0.0003 0.0003 0.999982928832372 1e-05 1e-05 0.9999984135230382 6e-07 6e-07 4.511856617927552 0.04 0.04 827 
nan 828 
nan 829 
nan 830 
nan 831 
-2.2139461199442545 0.02 0.009 0.9998758415381114 9e-05 0.0003 0.9996876406669617 0.0002 0.0005 4.503770346641541 0.3 0.2 832 
nan 833 
-2.2141026814778644 0.02 0.01 0.999878868063291 9e-05 0.0003 0.9996825275818507 0.0002 0.0008 4.504513012568156 0.3 0.2 834 
458.98804931640626 835 
-2.2150212701161704 0.02 0.006 0.9999068983395895 6e-05 0.0001 0.9996857780218125 0.0002 0.0004 4.50516663869222 0.1 0.1 836 
-2.2139544900258383 0.02 0.009 0.9998748918374379 9e-05 0.0003 0.9996853737036387 0.0003 0.0006 4.5042664257685345 0.3 0.2 837 
nan 838 
-2.225317974090576 0.003 0.001 0.9999747373660406 2e-05 8e-05 0.9999714136123657 3e-05 0.0002 4.509429834683736 0.1 0.1 839 
nan 840 
nan 841 
nan 842 
10335311.8 843 
-2.2153228187561034 0.009 0.005 0.9999320328235626 4e-05 4e-05 0.9996901261806488 0.0002 0.0002 4.505035386085511 0.1 0.1 844 
nan 845 
-2.2152012062072752 0.02 0.005 0.9999076022704443 6e-05 0.0001 0.9996883126099905 0.0002 0.0004 4.5052179431915285 0.1 0.1 846 
-2.2151948579152427 0.02 0.006 0.9999079497655233 6e-05 0.0001 0.9996883672475815 0.0002 0.0004 4.505222427050272 0.1 0.1 847 
10335312.4 848 
nan 849 
324.8856994628906 850 
nan 851 
108.1026840209961 852 
nan 853 
88.41077423095703 854 
251.73322448730468 855 
378.86085205078126 856 
-2.2150183486938477 0.02 0.006 0.9999072547753652 6e-05 0.0001 0.9996859814723332 0.0002 0.0004 4.505111983617147 0.1 0.1 857 
-2.2139559268951414 0.03 0.008 0.9998685779174169 0.0001 0.0002 0.9996951991319656 0.0002 0.0006 4.503757591247559 0.2 0.2 858 
nan 859 
nan 860 
nan 861 
nan 862 
-2.220171988805135 0.001 0.0009 0.9999486627181371 2e-05 2e-05 0.9995735023419062 4e-05 7e-05 4.511129970550537 0.1 0.1 863 
10335312.0 864 
-2.2252107206980387 0.002 0.0008 0.9999642006556193 3e-05 4e-05 0.9999893109003702 8e-06 1e-05 4.511231133143107 0.07 0.07 865 
10335311.6 866 
108.29519500732422 867 
-2.213894828160604 0.02 0.009 0.9998745222886404 9e-05 0.0003 0.9996850544214249 0.0002 0.0006 4.504232238133748 0.3 0.2 868 
nan 869 
-2.215049041112264 0.02 0.006 0.9999074107408523 6e-05 0.0001 0.9996852149566015 0.0002 0.0004 4.505062584877014 0.1 0.1 870 
-2.2140749422709147 0.02 0.01 0.9998789715766907 9e-05 0.0003 0.9996840316057205 0.0002 0.0007 4.503569229443868 0.3 0.2 871 
10335311.8 872 
108.23134918212891 873 
-2.2140580368041993 0.02 0.01 0.9998772128423055 9e-05 0.0003 0.9996829054752986 0.0003 0.0009 4.503730161984762 0.3 0.2 874 
200.40371704101562 875 
nan 876 
-2.213988415400187 0.02 0.01 0.9998755087455113 9e-05 0.0004 0.9996897055705388 0.0003 0.0009 4.503682805697124 0.3 0.2 877 
nan 878 
10335311.8 879 
10335312.0 880 
nan 881 
nan 882 
-2.222520055770874 0.007 0.002 0.999964565038681 3e-05 0.0001 0.9998472273349762 0.0001 0.0007 4.510446405410766 0.2 0.2 883 
nan 884 
nan 885 
-2.2138496907552083 0.02 0.008 0.9998690011103948 0.0001 0.0002 0.9996937435865402 0.0002 0.0005 4.503763559659322 0.2 0.2 886 
-2.1787945938110354 0.03 0.02 0.9994403876860937 0.0004 0.0004 0.99923189163208 0.0004 0.0002 4.475241963863373 0.6 0.6 887 
-2.2150345547993977 0.02 0.006 0.9999075929323832 6e-05 0.0001 0.9996850446859995 0.0002 0.0004 4.504841702779134 0.1 0.1 888 
-2.2153568204243976 0.009 0.005 0.9999319312969843 4e-05 4e-05 0.9996898192167282 0.0002 0.0002 4.505112139383952 0.1 0.1 889 
-2.213954356511434 0.02 0.009 0.9998741896947225 0.0001 0.0003 0.9996915398041407 0.0002 0.0006 4.5034561427434285 0.3 0.2 890 
-2.213928181330363 0.03 0.009 0.9998751918474833 9e-05 0.0003 0.999684322476387 0.0002 0.0005 4.503350658416748 0.3 0.2 891 
-2.2138713932037355 0.02 0.01 0.9998758349816005 9e-05 0.0003 0.9996881920099259 0.0003 0.001 4.5039386510848995 0.3 0.3 892 
nan 893 
nan 894 
-2.2138888454437256 0.02 0.008 0.999869151711464 0.0001 0.0002 0.9996946454048157 0.0002 0.0004 4.5037648375829065 0.2 0.2 895 
nan 896 
-2.2202033106486003 0.001 0.0009 0.9999468288818996 3e-05 2e-05 0.9995833633343378 4e-05 7e-05 4.511063785552978 0.1 0.1 897 
nan 898 
nan 899 
-2.2139819272359214 0.03 0.01 0.9998752468824387 0.0001 0.0003 0.9996871570746104 0.0002 0.0006 4.503563081423442 0.3 0.2 900 
-2.1787573591868084 0.03 0.02 0.9994393128156662 0.0004 0.0004 0.9992316859960556 0.0004 0.0002 4.475170482794444 0.7 0.6 901 
456.5237609863281 902 
nan 903 
-2.214020357131958 0.01 0.009 0.9998768814404806 9e-05 0.0003 0.9996851501862208 0.0002 0.0006 4.503438812891642 0.3 0.2 904 
nan 905 
108.10741577148437 906 
10335313.0 907 
504.0126953125 908 
10335311.6 909 
nan 910 
nan 911 
nan 912 
-2.2138689231872557 0.02 0.009 0.9998757557074229 9e-05 0.0003 0.999686276714007 0.0002 0.0006 4.5037528387705485 0.3 0.2 913 
nan 914 
-2.213989766438802 0.01 0.008 0.9998775788148244 9e-05 0.0002 0.9996836749712626 0.0002 0.0005 4.504041457176209 0.3 0.2 915 
nan 916 
nan 917 
-2.225664914449056 0.0008 0.0006 0.9999723531802496 2e-05 3e-05 0.9999963251749674 2e-06 2e-06 4.512412516276042 0.06 0.06 918 
nan 919 
-2.213892558415731 0.03 0.009 0.9998734794060389 0.0001 0.0003 0.9996901039282481 0.0002 0.0005 4.504370576540629 0.3 0.2 920 
-2.215045903523763 0.02 0.006 0.9999076984326045 6e-05 0.0001 0.999685288866361 0.0002 0.0004 4.504868327776591 0.1 0.1 921 
445.4486999511719 922 
10335311.8 923 
-2.2153346347808838 0.009 0.005 0.999931857585907 4e-05 4e-05 0.9996901094913483 0.0002 0.0002 4.505049854914347 0.1 0.1 924 
nan 925 
108.10541687011718 926 
454.39772338867186 927 
108.2965316772461 928 
nan 929 
nan 930 
325.1272033691406 931 
nan 932 
108.15914611816406 933 
687.4813354492187 934 
nan 935 
nan 936 
nan 937 
88.42135620117188 938 
-2.213809715906779 0.01 0.009 0.9998757437864939 9e-05 0.0002 0.9996830632289251 0.0002 0.0006 4.5040599091847735 0.3 0.2 939 
nan 940 
-2.2151326942443847 0.02 0.006 0.999907369017601 6e-05 0.0001 0.9996875919898351 0.0002 0.0005 4.504961201349894 0.1 0.1 941 
200.61106872558594 942 
nan 943 
nan 944 
nan 945 
-2.2139166990915933 0.02 0.008 0.999869359532992 0.0001 0.0002 0.9996943221489588 0.0002 0.0005 4.503770456314087 0.2 0.2 946 
325.18748168945314 947 
251.69702758789063 948 
-2.215353670120239 0.009 0.004 0.9999323642253876 4e-05 4e-05 0.9996902175744374 0.0002 0.0002 4.505041158994039 0.1 0.1 949 
10335311.6 950 
10335312.6 951 
323.9820251464844 952 
-2.2139618078867596 0.03 0.01 0.9998745328187942 9e-05 0.0003 0.9996863029400508 0.0002 0.0007 4.504703566233317 0.3 0.2 953 
nan 954 
nan 955 
-2.2241190687815346 0.001 0.001 0.9999699948231379 2e-05 3e-05 0.9999248667558034 5e-05 5e-05 4.510113379160563 0.09 0.1 956 
388.06296997070314 957 
nan 958 
nan 959 
nan 960 
-2.213891951243083 0.02 0.009 0.9998749071359634 9e-05 0.0003 0.9996866160631179 0.0002 0.0006 4.5041968552271525 0.3 0.2 961 
-2.213975378672282 0.03 0.009 0.9998728450139364 0.0001 0.0003 0.9996899851163228 0.0002 0.0005 4.503799640337626 0.3 0.2 962 
nan 963 
nan 964 
10335312.2 965 
-2.2208124923706056 0.0005 0.0005 0.999969518383344 1e-05 1e-05 0.9995658866564433 5e-05 8e-05 4.511390064557394 0.1 0.1 966 
nan 967 
-2.2140431149800617 0.03 0.009 0.9998769478003184 9e-05 0.0003 0.9996879035234452 0.0003 0.0006 4.504161337216695 0.3 0.2 968 
nan 969 
10335312.2 970 
10335312.0 971 
nan 972 
nan 973 
-2.213843930562337 0.03 0.01 0.9998706620931626 0.0001 0.0003 0.9996890870730082 0.0003 0.0008 4.5033897717793785 0.3 0.2 974 
-2.2139182154337567 0.03 0.01 0.9998735910654069 9e-05 0.0003 0.9996881200869878 0.0003 0.0008 4.503865361213684 0.3 0.3 975 
-2.2138485527038574 0.03 0.01 0.9998713119824727 0.0001 0.0003 0.999688329299291 0.0002 0.0006 4.503354617754618 0.3 0.2 976 
nan 977 
10335311.2 978 
nan 979 
nan 980 
-2.2150123723347983 0.02 0.006 0.9999071399370829 6e-05 0.0001 0.9996858841180801 0.0002 0.0004 4.504792105356852 0.1 0.1 981 
nan 982 
nan 983 
nan 984 
687.8427612304688 985 
489.48578491210935 986 
nan 987 
-2.2151194445292153 0.02 0.006 0.9999112439155579 6e-05 0.0001 0.9996799667676289 0.0002 0.0008 4.505431529680888 0.2 0.2 988 
-2.2138329982757567 0.02 0.008 0.9998687543471654 0.0001 0.0002 0.999692922035853 0.0002 0.0005 4.503942753473917 0.2 0.2 989 
489.53107299804685 990 
nan 991 
nan 992 
200.51087646484376 993 
10335312.0 994 
nan 995 
nan 996 
-2.215041119257609 0.02 0.006 0.9999075224002202 6e-05 0.0001 0.9996850991249084 0.0002 0.0004 4.504822390874227 0.1 0.1 997 
-2.214019784927368 0.03 0.009 0.9998761083682378 9e-05 0.0003 0.9996887846787771 0.0003 0.0006 4.503370668093363 0.3 0.2 998 
nan 999 
nan 1000 
-2.2138570022583006 0.02 0.008 0.9998690394560495 0.0001 0.0002 0.9996926039457321 0.0002 0.0004 4.503813012440999 0.2 0.2 1001 
200.64180908203124 1002 
-2.213993190129598 0.03 0.009 0.9998756424585978 0.0001 0.0003 0.9996870706478754 0.0002 0.0007 4.5040335337320965 0.3 0.2 1003 
-2.2150343799591066 0.02 0.006 0.9999076449871063 6e-05 0.0001 0.999684986670812 0.0002 0.0004 4.504828715324402 0.1 0.1 1004 
-2.2157657623291014 0.003 0.003 0.9999219528834025 3e-05 3e-05 0.9996992669502894 0.0002 0.0002 4.5076141945521035 0.05 0.04 1005 
-2.2139934571584066 0.03 0.01 0.9998763749996821 9e-05 0.0003 0.9996886463960012 0.0002 0.0007 4.503524537086487 0.3 0.3 1006 
nan 1007 
-2.223488572438558 0.003 0.001 0.9999529562393824 3e-05 7e-05 0.9999343434969584 4e-05 5e-05 4.511005636850993 0.08 0.09 1008 
200.4739990234375 1009 
nan 1010 
nan 1011 
nan 1012 
nan 1013 
-2.215032132466634 0.02 0.006 0.9999067320426305 6e-05 0.0001 0.999685942530632 0.0002 0.0004 4.505283308029175 0.1 0.1 1014 
-2.2138698546091717 0.03 0.01 0.9998735294739405 0.0001 0.0003 0.999691299200058 0.0003 0.0008 4.5041323041915895 0.3 0.2 1015 
nan 1016 
-2.2138406467437743 0.02 0.008 0.9998688675959905 0.0001 0.0002 0.9996926953395208 0.0002 0.0004 4.503853619893392 0.2 0.2 1017 
-2.2139156913757323 0.03 0.008 0.9998686170578003 0.0001 0.0002 0.999695383310318 0.0002 0.0006 4.503824661572774 0.3 0.2 1018 
-2.2138503869374593 0.03 0.008 0.9998692482709884 0.0001 0.0002 0.9996925777196884 0.0002 0.0004 4.503805707295736 0.2 0.2 1019 
-2.2151552867889404 0.02 0.006 0.999908059835434 6e-05 0.0001 0.9996878449122111 0.0002 0.0004 4.50491449991862 0.1 0.1 1020 
-2.2139552052815756 0.02 0.009 0.9998761967817942 9e-05 0.0003 0.9996877113978068 0.0002 0.0005 4.503983251253763 0.3 0.2 1021 
-2.213961836496989 0.03 0.01 0.999875454902649 9e-05 0.0003 0.9996889843543371 0.0003 0.001 4.504655966758728 0.3 0.3 1022 
378.8148986816406 1023 
-2.213856693903605 0.02 0.009 0.9998755262295405 9e-05 0.0003 0.99968512515227 0.0002 0.0006 4.50332225004832 0.3 0.2 1024 
88.430029296875 1025 
145.71250915527344 1026 
380.0121276855469 1027 
nan 1028 
10335313.0 1029 
nan 1030 
nan 1031 
-2.225558245976766 0.0005 0.0006 0.9999677409728368 2e-05 2e-05 0.9999976837635041 7e-07 6e-07 4.511720863978068 0.05 0.05 1032 
nan 1033 
-2.2150469811757407 0.02 0.006 0.9999073334534962 6e-05 0.0001 0.999685280919075 0.0002 0.0004 4.504912281036377 0.1 0.1 1034 
-2.224418697357178 0.002 0.002 0.999965388973554 3e-05 5e-05 0.9999025472005209 0.0001 0.0002 4.510636026064555 0.08 0.07 1035 
nan 1036 
nan 1037 
nan 1038 
nan 1039 
nan 1040 
nan 1041 
10335312.0 1042 
-2.2138920974731446 0.02 0.009 0.9998730095227559 0.0001 0.0003 0.9996869397163392 0.0003 0.0006 4.504146227836609 0.3 0.2 1043 
-2.2152773412068685 0.03 0.006 0.9999127624432246 6e-05 0.0001 0.9996792074044546 0.0002 0.0008 4.504812162717183 0.2 0.2 1044 
nan 1045 
nan 1046 
nan 1047 
nan 1048 
-2.2140512752532957 0.02 0.009 0.9998767669995626 9e-05 0.0002 0.999687074025472 0.0003 0.0006 4.503426011403402 0.3 0.2 1049 
nan 1050 
-2.2139445622762044 0.02 0.009 0.999875389734904 9e-05 0.0003 0.9996842390298843 0.0002 0.0006 4.503871067365011 0.3 0.2 1051 
-2.2139192644755044 0.04 0.01 0.99986843029658 0.0001 0.0003 0.9996981334686279 0.0003 0.0007 4.503907899856568 0.3 0.2 1052 
144.69727783203126 1053 
-2.2139143498738605 0.02 0.009 0.9998752280076345 9e-05 0.0003 0.9996873605251312 0.0002 0.0007 4.503984581629435 0.3 0.2 1054 
nan 1055 
-2.2137797768910725 0.02 0.009 0.9998730425039927 0.0001 0.0003 0.9996877749760945 0.0002 0.0005 4.503833680152893 0.3 0.3 1056 
nan 1057 
-2.2152351315816246 0.008 0.004 0.9999298157294592 4e-05 5e-05 0.9996908664703369 0.0001 0.0002 4.505035099983215 0.1 0.1 1058 
432.47511596679686 1059 
10335311.6 1060 
10335312.0 1061 
nan 1062 
nan 1063 
-2.214001579284668 0.01 0.008 0.9998762641350428 9e-05 0.0002 0.9996870694557826 0.0002 0.0004 4.504095616340638 0.3 0.2 1064 
nan 1065 
nan 1066 
200.43629760742186 1067 
nan 1068 
-2.2187303098042808 0.002 0.002 0.9999650502204895 2e-05 3e-05 0.9997598155339559 0.0001 0.0001 4.507295862833659 0.05 0.05 1069 
10335311.0 1070 
nan 1071 
nan 1072 
-2.21746927579244 0.01 0.004 0.9999358057975769 4e-05 4e-05 0.999747017621994 0.0001 0.0002 4.506484560966491 0.1 0.1 1073 
-2.2257410271962486 0.0004 0.0004 0.9999745939175287 1e-05 2e-05 0.9999979215860367 1e-06 1e-06 4.511940544446309 0.04 0.04 1074 
-2.220572147369385 0.0009 0.0006 0.9999611326058706 2e-05 2e-05 0.9995615973075231 4e-05 7e-05 4.511648023923238 0.1 0.1 1075 
-2.2241836865743 0.002 0.002 0.9999213552474976 3e-05 6e-05 0.9999445380767187 3e-05 4e-05 4.5173810450236 0.09 0.1 1076 
251.54090881347656 1077 
456.41493530273436 1078 
10335312.6 1079 
369.51027221679686 1080 
nan 1081 
-2.213936389287313 0.02 0.01 0.9998740682999293 9e-05 0.0004 0.9996870849529902 0.0003 0.0008 4.503571362495422 0.3 0.2 1082 
nan 1083 
88.41818542480469 1084 
1301.0533203125 1085 
nan 1086 
-2.2153604729970295 0.009 0.004 0.9999322976668675 4e-05 4e-05 0.9996898742516835 0.0002 0.0002 4.505048848787943 0.1 0.1 1087 
-2.215363817214966 0.009 0.004 0.9999320409695307 4e-05 4e-05 0.999689740339915 0.0002 0.0002 4.505050322214762 0.1 0.1 1088 
nan 1089 
-2.2139748509724937 0.02 0.009 0.9998747819662094 9e-05 0.0003 0.9996887934207916 0.0002 0.0005 4.503617140452067 0.3 0.2 1090 
-2.221847645441691 0.006 0.002 0.9999498528242111 4e-05 0.0001 0.9998177329699198 0.0001 0.0007 4.511072699228922 0.2 0.2 1091 
nan 1092 
-2.2140507475535074 0.03 0.01 0.9998726224899293 0.0001 0.0003 0.9996897109349568 0.0003 0.0005 4.503871792157491 0.3 0.2 1093 
nan 1094 
nan 1095 
nan 1096 
-2.2256174882253013 0.0007 0.0006 0.9999731248617172 2e-05 2e-05 0.9999966782331466 2e-06 3e-06 4.511442297299703 0.06 0.06 1097 
nan 1098 
nan 1099 
