-2.2261324310302735 7e-05 6e-05 0.9999976374705632 6e-07 9e-07 0.9999911139408747 3e-06 5e-06 4.5121715259552 0.05 0.05 0 
-2.2262198321024576 0.0002 0.0001 0.999998273452123 7e-07 2e-06 0.9999932871262233 3e-06 6e-06 4.512119698524475 0.06 0.06 1 
-2.226177244186401 0.0001 8e-05 0.9999979199965795 7e-07 1e-06 0.9999933550755183 3e-06 4e-06 4.512167995770772 0.05 0.05 2 
-2.226223704020182 0.0001 0.0001 0.9999981439113617 7e-07 1e-06 0.9999944774309794 3e-06 5e-06 4.512175504366557 0.06 0.06 3 
-2.2261836910247803 0.0001 7e-05 0.9999982090791066 7e-07 1e-06 0.9999928251902263 3e-06 4e-06 4.512069664001465 0.05 0.05 4 
-2.2262384414672853 0.0001 0.0001 0.999998182853063 7e-07 1e-06 0.9999951541423797 3e-06 7e-06 4.512104903856914 0.06 0.06 5 
-2.226234572728475 9e-05 8e-05 0.9999983793497086 6e-07 1e-06 0.9999949187040329 3e-06 6e-06 4.512154375712077 0.05 0.05 6 
-2.2262598927815755 0.0004 0.0002 0.9999984526634216 7e-07 1e-06 0.9999963492155075 3e-06 1e-05 4.512131967544556 0.07 0.07 7 
-2.226191832224528 0.0001 8e-05 0.9999979084730148 7e-07 1e-06 0.9999947591622671 3e-06 5e-06 4.51217691262563 0.06 0.06 8 
-2.226227820714315 0.0004 0.0002 0.9999976577361425 6e-07 9e-07 0.9999953409036001 3e-06 1e-05 4.512212855021159 0.07 0.07 9 
-2.226212724049886 0.0002 0.0001 0.9999985204140345 9e-07 2e-06 0.9999927840630214 3e-06 5e-06 4.512100798288981 0.05 0.05 10 
-2.226156365076701 2e-05 2e-05 0.9999977932373683 5e-07 6e-07 0.9999918687343597 2e-06 2e-06 4.512112005551656 0.05 0.05 11 
-2.226200294494629 0.0002 0.0001 0.9999979911247889 8e-07 2e-06 0.9999957501888275 3e-06 7e-06 4.512098916371664 0.07 0.07 12 
-2.226254192988078 0.0003 0.0001 0.9999983002742131 7e-07 1e-06 0.9999959379434585 3e-06 9e-06 4.512136987050375 0.06 0.06 13 
-2.2262077077229816 0.0001 9e-05 0.9999981399377187 6e-07 1e-06 0.999993599653244 3e-06 6e-06 4.51216295560201 0.06 0.06 14 
-2.226204096476237 0.0001 0.0001 0.9999980499347051 8e-07 1e-06 0.9999954974651337 3e-06 6e-06 4.51217435836792 0.06 0.06 15 
-2.226247714360555 0.0002 0.0001 0.9999983326594035 8e-07 1e-06 0.9999963076909383 3e-06 8e-06 4.512155391375224 0.07 0.07 16 
-2.226195650100708 0.0004 0.0002 0.9999981635808944 6e-07 1e-06 0.9999945161739985 4e-06 1e-05 4.512261145909627 0.07 0.07 17 
-2.2262036323547365 7e-05 6e-05 0.9999982317288717 6e-07 9e-07 0.9999933455387752 3e-06 4e-06 4.512169753710429 0.05 0.05 18 
-2.2262199370066327 0.0002 0.0001 0.9999979545672735 8e-07 2e-06 0.9999944454431534 3e-06 6e-06 4.512177338600159 0.06 0.06 19 
-2.2262294165293377 0.0002 0.0001 0.9999982235829036 8e-07 2e-06 0.9999951259295146 3e-06 6e-06 4.512196501096089 0.06 0.06 20 
-2.226256415049235 0.0002 0.0001 0.9999982563654581 7e-07 1e-06 0.9999957996606826 3e-06 8e-06 4.51213706334432 0.06 0.06 21 
-2.2262307008107505 0.0002 0.0001 0.999998308022817 9e-07 2e-06 0.9999952274560928 3e-06 7e-06 4.512192967732747 0.07 0.07 22 
-2.226180607477824 0.0002 0.0001 0.9999973374605179 8e-07 2e-06 0.9999949155251185 3e-06 7e-06 4.512304933865865 0.07 0.07 23 
-2.2262064011891685 0.0007 0.0002 0.999998278816541 9e-07 2e-06 0.9999945998191834 4e-06 2e-05 4.51214715162913 0.09 0.09 24 
-2.2262646611531576 0.0004 0.0002 0.9999984514713287 7e-07 1e-06 0.9999962145090103 3e-06 1e-05 4.512157813707987 0.07 0.07 25 
-2.2262104415893553 0.0001 9e-05 0.9999981627861658 6e-07 1e-06 0.9999940898021062 3e-06 6e-06 4.512168329556783 0.06 0.06 26 
-2.226241874694824 0.0002 0.0001 0.9999982653061549 7e-07 1e-06 0.9999958731730779 3e-06 7e-06 4.512209803263346 0.06 0.06 27 
-2.2262493991851806 0.0002 0.0001 0.9999981798728307 6e-07 1e-06 0.9999959027767181 3e-06 8e-06 4.512138686180115 0.06 0.06 28 
-2.2261807982126873 9e-05 7e-05 0.999998027086258 7e-07 1e-06 0.9999929849306742 3e-06 4e-06 4.5121315558751425 0.05 0.05 29 
-2.226220865249634 0.0002 0.0001 0.9999980932474136 8e-07 2e-06 0.9999958548943202 3e-06 6e-06 4.512093784014384 0.06 0.06 30 
-2.226229616800944 0.0001 8e-05 0.9999983576933543 5e-07 1e-06 0.9999939046303431 3e-06 6e-06 4.512152926127116 0.05 0.05 31 
-2.2262401898701984 0.0002 9e-05 0.9999984085559845 8e-07 2e-06 0.9999961098035176 2e-06 4e-06 4.512230811119079 0.05 0.05 32 
-2.2262202231089274 0.0002 0.0001 0.9999983284870784 7e-07 1e-06 0.9999938521782558 3e-06 6e-06 4.512166396776835 0.05 0.05 33 
-2.2262144184112547 0.0002 0.0001 0.9999982092777888 9e-07 2e-06 0.9999937570095062 3e-06 7e-06 4.512112706502279 0.06 0.06 34 
-2.226220973332723 0.0001 0.0001 0.9999981747070948 7e-07 1e-06 0.9999947516123454 3e-06 6e-06 4.512218143145243 0.06 0.06 35 
-2.226264403661092 0.0002 0.0001 0.9999984725316365 6e-07 1e-06 0.999996140797933 3e-06 8e-06 4.512179880142212 0.06 0.06 36 
-2.2261925474802653 8e-05 6e-05 0.9999982885519664 6e-07 1e-06 0.9999935583273569 3e-06 4e-06 4.512082033157348 0.05 0.05 37 
-2.226149524052938 0.0004 0.0002 0.9999982623259226 1e-06 3e-06 0.9999922726551692 3e-06 5e-06 4.51221080938975 0.06 0.06 38 
-2.22617714881897 2e-05 2e-05 0.9999981747070948 5e-07 6e-07 0.9999923181533813 2e-06 2e-06 4.512103320757548 0.04 0.04 39 
-2.2261672592163086 4e-05 4e-05 0.9999977030356725 5e-07 7e-07 0.9999917926390965 2e-06 3e-06 4.5121760654449465 0.05 0.05 40 
-2.2261514981587727 5e-06 6e-06 0.9999979581435522 2e-07 2e-07 0.9999893112977346 4e-07 4e-07 4.5121152289708455 0.04 0.04 41 
-2.226168476740519 6e-06 5e-06 0.9999980807304383 3e-07 2e-07 0.9999918740987778 3e-07 3e-07 4.512110276222229 0.04 0.04 42 
-2.2261158657073974 2e-05 2e-05 0.9999975113073984 6e-07 7e-07 0.9999909196297327 1e-06 2e-06 4.512145005861918 0.05 0.05 43 
-2.226228059132894 0.0001 0.0001 0.9999980479478836 7e-07 1e-06 0.9999959244330724 3e-06 6e-06 4.512195774714152 0.06 0.06 44 
-2.22619348526001 0.0001 8e-05 0.9999977177381516 6e-07 1e-06 0.9999930985768636 3e-06 5e-06 4.51217282295227 0.06 0.06 45 
-2.226178290049235 0.0002 0.0001 0.9999977759520213 9e-07 2e-06 0.9999931365251541 3e-06 7e-06 4.512231589953105 0.06 0.06 46 
-2.2261425495147704 5e-06 6e-06 0.9999976722399394 3e-07 3e-07 0.999988644917806 4e-07 3e-07 4.512136553128561 0.04 0.04 47 
-2.2262324778238933 0.0003 0.0001 0.9999981858332951 7e-07 1e-06 0.999996064901352 3e-06 1e-05 4.512197728157044 0.06 0.07 48 
-2.226193733215332 0.0006 0.0002 0.9999980922540029 1e-06 4e-06 0.999995312889417 4e-06 2e-05 4.512256730397542 0.06 0.06 49 
-2.226198492050171 0.0001 8e-05 0.9999984012047449 6e-07 1e-06 0.999993959069252 3e-06 5e-06 4.512062150637309 0.05 0.05 50 
-2.2262158807118735 0.0001 0.0001 0.9999981667598089 7e-07 1e-06 0.9999933570623398 3e-06 6e-06 4.512133313814799 0.06 0.06 51 
-2.2262174606323244 0.0003 0.0001 0.9999980841080348 8e-07 2e-06 0.9999956864118577 2e-06 5e-06 4.5121422306696575 0.06 0.06 52 
-2.2262167294820148 4e-05 4e-05 0.9999983247121175 5e-07 8e-07 0.9999942165613175 2e-06 3e-06 4.512159921328227 0.04 0.04 53 
-2.2262089157104494 0.0004 0.0002 0.9999981556336085 6e-07 1e-06 0.9999948857227962 4e-06 1e-05 4.512192970911662 0.07 0.07 54 
-2.226234525044759 0.0003 0.0001 0.9999979799985885 5e-07 1e-06 0.9999958024422327 3e-06 1e-05 4.512177616755167 0.07 0.07 55 
-2.2261482079823813 0.0002 0.0001 0.9999974519014359 8e-07 1e-06 0.9999958336353302 3e-06 7e-06 4.512121454874674 0.06 0.06 56 
-2.226206423441569 0.0001 0.0001 0.9999980596701304 8e-07 1e-06 0.9999945676326751 3e-06 6e-06 4.512162957191467 0.06 0.06 57 
-2.2262113094329834 0.0001 8e-05 0.9999983936548233 7e-07 1e-06 0.9999941150347392 3e-06 5e-06 4.512153031031291 0.05 0.05 58 
-2.2261989974975585 8e-05 7e-05 0.9999980839093526 7e-07 1e-06 0.9999930671850841 3e-06 4e-06 4.512133606274923 0.05 0.05 59 
-2.226157824198405 5e-06 5e-06 0.9999978188673655 2e-07 3e-07 0.9999902403354645 3e-07 3e-07 4.51213128566742 0.04 0.04 60 
-2.2261564922332764 0.0001 6e-05 0.9999980731805166 7e-07 1e-06 0.9999932084480921 2e-06 3e-06 4.512172338167827 0.05 0.05 61 
-2.226209529240926 0.0002 0.0001 0.9999974989891052 7e-07 1e-06 0.9999958425760269 3e-06 7e-06 4.512164618174235 0.06 0.06 62 
-2.226223710378011 0.0001 0.0001 0.9999980934460958 7e-07 1e-06 0.9999959894021352 2e-06 6e-06 4.5122153170903525 0.06 0.06 63 
-2.226171185175578 0.0002 0.0001 0.9999979857603709 6e-07 1e-06 0.9999925144513448 4e-06 1e-05 4.512169774373373 0.06 0.06 64 
-2.226212698618571 9e-05 7e-05 0.9999980928500494 5e-07 1e-06 0.9999940303961435 3e-06 5e-06 4.512192384401957 0.05 0.05 65 
-2.226187629699707 0.0004 0.0001 0.9999981925884882 9e-07 3e-06 0.9999932104349136 3e-06 4e-06 4.512146320343017 0.06 0.06 66 
-2.226202309926351 9e-05 7e-05 0.9999980141719182 7e-07 1e-06 0.9999927314122518 3e-06 5e-06 4.512239068349203 0.06 0.06 67 
-2.226175759633382 0.0002 9e-05 0.999998242855072 7e-07 2e-06 0.9999922267595927 2e-06 4e-06 4.512119148572286 0.05 0.05 68 
-2.226189489364624 0.0001 8e-05 0.9999983143806458 7e-07 1e-06 0.9999924192825953 3e-06 4e-06 4.512092331250509 0.05 0.05 69 
-2.226217514673869 0.0005 0.0002 0.999998349348704 1e-06 3e-06 0.9999936731656393 4e-06 1e-05 4.5121689812342325 0.07 0.07 70 
-2.2261531798044842 0.0004 0.0002 0.9999975136915843 8e-07 1e-06 0.9999925696849823 2e-06 8e-06 4.512275471687317 0.06 0.06 71 
-2.2261755975087483 4e-05 4e-05 0.9999979400634765 5e-07 7e-07 0.9999932517608007 2e-06 4e-06 4.512188143730164 0.05 0.05 72 
-2.22617257754008 0.0002 0.0001 0.9999973533550898 7e-07 1e-06 0.9999949238697687 3e-06 7e-06 4.5121760129928585 0.06 0.06 73 
-2.226214450200399 0.0002 0.0001 0.9999980465571086 9e-07 2e-06 0.9999961125850677 2e-06 6e-06 4.512166051864624 0.06 0.06 74 
-2.2261696179707844 6e-05 5e-05 0.9999979283412298 6e-07 8e-07 0.999992293715477 2e-06 4e-06 4.512199800809224 0.05 0.05 75 
-2.226256106694539 0.0002 0.0001 0.9999982360998789 6e-07 1e-06 0.9999960360924403 3e-06 9e-06 4.512197585105896 0.06 0.06 76 
-2.2262325191497805 0.0008 0.0002 0.9999984260400137 1e-06 5e-06 0.9999941951036453 4e-06 8e-06 4.51226020971934 0.07 0.07 77 
-2.2262466939290366 0.0001 9e-05 0.999998368024826 6e-07 1e-06 0.9999960501988728 3e-06 6e-06 4.512146263122559 0.05 0.05 78 
-2.226213124593099 0.0002 0.0001 0.9999982786178588 7e-07 2e-06 0.9999945561091105 3e-06 5e-06 4.512151745160421 0.06 0.06 79 
-2.2262112776438396 0.0002 0.0001 0.9999976845582327 7e-07 1e-06 0.9999943713347117 3e-06 7e-06 4.512147701581319 0.06 0.06 80 
-2.226226603190104 0.0002 0.0001 0.9999980686108271 7e-07 1e-06 0.9999957664807637 3e-06 7e-06 4.512187074025472 0.06 0.06 81 
-2.2262039438883465 6e-05 5e-05 0.9999980779488882 6e-07 8e-07 0.9999930932124456 2e-06 4e-06 4.5121522076924645 0.05 0.05 82 
-2.2262160714467365 0.0001 0.0001 0.9999981582164764 8e-07 1e-06 0.9999952495098114 3e-06 7e-06 4.512158783276876 0.06 0.06 83 
-2.226155424118042 6e-06 6e-06 0.9999977546930313 3e-07 2e-07 0.9999904505411784 3e-07 3e-07 4.51210219224294 0.04 0.04 84 
-2.22617205619812 4e-06 5e-06 0.9999980582793554 3e-07 1e-07 0.9999914852778117 3e-07 2e-07 4.5121036211649574 0.04 0.04 85 
-2.2261657587687176 9e-06 7e-06 0.9999979408582051 2e-07 3e-07 0.9999914034207662 8e-07 9e-07 4.512135237058004 0.04 0.04 86 
-2.2262030251820883 0.0002 0.0001 0.9999983076254527 7e-07 2e-06 0.9999942181507746 3e-06 4e-06 4.512198915481568 0.06 0.06 87 
-2.22623233795166 0.0004 0.0001 0.9999982472260793 9e-07 3e-06 0.9999943868319193 3e-06 5e-06 4.512157816886901 0.06 0.06 88 
-2.226182657877604 0.0001 9e-05 0.9999983114004135 8e-07 1e-06 0.9999924087524414 3e-06 4e-06 4.5121385288238525 0.05 0.05 89 
-2.226247164408366 0.0002 0.0001 0.999998121658961 6e-07 1e-06 0.9999957124392191 3e-06 8e-06 4.512154021263123 0.06 0.06 90 
-2.226225420633952 0.0001 0.0001 0.9999980602661769 6e-07 1e-06 0.9999948537349701 3e-06 6e-06 4.5121671517690025 0.06 0.06 91 
-2.2262410990397137 0.0001 0.0001 0.9999982577562332 6e-07 1e-06 0.9999948219458262 3e-06 7e-06 4.5121888796488445 0.06 0.06 92 
-2.2262414264678956 0.0003 0.0002 0.9999983108043671 8e-07 2e-06 0.9999921254316966 3e-06 8e-06 4.512117260297139 0.06 0.07 93 
-2.226196091969808 6e-05 5e-05 0.9999981294075648 6e-07 9e-07 0.9999935718377432 3e-06 4e-06 4.5121441745758055 0.05 0.05 94 
-2.226182107925415 0.0001 8e-05 0.9999983012676239 7e-07 1e-06 0.9999927260478337 3e-06 4e-06 4.512094416618347 0.05 0.05 95 
-2.2261961110432944 6e-05 6e-05 0.9999979935089747 5e-07 9e-07 0.99999351978302 3e-06 4e-06 4.512164932886759 0.05 0.05 96 
-2.226177708307902 5e-05 5e-05 0.9999978965520859 6e-07 9e-07 0.9999916716416677 2e-06 4e-06 4.512187735239665 0.05 0.05 97 
-2.226226800282796 0.0001 0.0001 0.9999980394045512 6e-07 1e-06 0.9999954611063003 3e-06 7e-06 4.512145196596782 0.06 0.06 98 
-2.226208683649699 0.0001 8e-05 0.9999983048439026 7e-07 1e-06 0.9999941275517146 3e-06 5e-06 4.51218354066213 0.05 0.05 99 
