-2.2255401611328125 0.004 0.001 0.9999831155935923 1e-05 4e-05 0.9999977095921835 2e-06 4e-06 4.511919860839844 0.06 0.07 4 
-2.226136376063029 5e-05 5e-05 0.9999752569198609 8e-07 8e-07 0.9999967000881831 2e-07 3e-07 4.512694161732991 0.06 0.06 5 
-2.2261708545684815 1e-05 1e-05 0.9999749690294266 7e-07 7e-07 0.9999966184298198 5e-07 6e-07 4.512874512672425 0.06 0.06 6 
-2.2078771877288816 0.004 0.003 0.9999442384640376 1e-05 1e-05 0.9998484289646149 5e-05 6e-05 4.50065777460734 0.01 0.01 7 
-2.1953195190429686 0.03 0.01 0.9999121459325154 4e-05 8e-05 0.9995442106326421 0.0004 0.001 4.492714378039042 0.04 0.06 16 
-2.225097510019938 0.005 0.001 0.9999584766228994 2e-05 3e-05 0.9999961390097936 2e-06 5e-06 4.5121255381902055 0.08 0.08 18 
-2.2070635318756104 0.05 0.01 0.9999293915430705 5e-05 0.0002 0.9997412824630737 0.0003 0.001 4.501441594759624 0.07 0.08 21 
-2.2213516998291016 0.005 0.002 0.9999625496069591 1e-05 0.0001 0.9997864542404811 0.0002 0.0002 4.508380676905314 0.09 0.08 25 
-2.2262444496154785 2e-05 2e-05 0.9999789812167486 7e-07 6e-07 0.9999967676401138 3e-07 3e-07 4.512697399457296 0.05 0.05 26 
-2.214200045267741 0.009 0.006 0.999977104862531 2e-05 5e-05 0.9989809481302897 0.0005 0.0008 4.498015042940776 0.2 0.2 27 
-2.2079449876149497 0.009 0.005 0.9999456318219503 2e-05 7e-05 0.9995409286022187 0.0004 0.0009 4.49981950600942 0.09 0.1 32 
-2.2264159615834553 2e-06 3e-06 0.9999938660860062 3e-07 3e-07 0.9999977393945059 2e-07 2e-07 4.512470467885335 0.03 0.03 34 
-2.225234336853027 0.003 0.001 0.9999476408958435 2e-05 3e-05 0.9999950500329335 2e-06 4e-06 4.512738060951233 0.09 0.09 38 
-2.2166241137186686 0.005 0.001 0.9999651515483856 1e-05 2e-05 0.9998470568656921 8e-05 0.0002 4.506598793665568 0.03 0.03 40 
-2.225064843495687 0.004 0.001 0.9999538938204448 1e-05 2e-05 0.9999957722425461 2e-06 5e-06 4.5124565744400025 0.08 0.08 43 
-2.2251476033528648 0.04 0.001 0.9999786347150803 2e-05 0.0005 0.999981376727422 2e-05 0.0006 4.512208177248637 0.1 0.09 45 
-2.225390526453654 0.09 0.001 0.9999791745344798 2e-05 0.0003 0.9999911606311798 8e-06 0.002 4.512033818562825 0.1 0.1 54 
-2.2107973861694337 0.003 0.002 0.999952018459638 1e-05 1e-05 0.9998442180951437 3e-05 4e-05 4.502794310251872 0.01 0.01 55 
-2.220385093688965 0.006 0.003 0.999966681599617 2e-05 3e-05 0.9998248189687728 7e-05 8e-05 4.509722569783529 0.09 0.09 56 
-2.213937406539917 0.0002 0.0001 0.9999423019091288 1e-05 1e-05 0.9997866141796112 6e-05 7e-05 4.504501878420512 0.01 0.01 60 
-2.2253210735321045 0.001 0.0006 0.9999502114454906 2e-05 3e-05 0.9999979076782862 1e-06 1e-06 4.511794732411702 0.03 0.03 67 
-2.1955241362253823 0.05 0.009 0.9999161765972773 4e-05 0.0002 0.9995252599318822 0.0004 0.002 4.492934667269389 0.04 0.03 69 
-2.225937728881836 0.0002 0.0002 0.9999735053380331 2e-06 1e-06 0.999997682372729 8e-07 2e-06 4.512452901204427 0.05 0.05 71 
-2.1900125567118325 0.04 0.02 0.9998982810974121 6e-05 0.0002 0.9994996416568757 0.0005 0.002 4.489431853294373 0.04 0.05 79 
-2.2192221609751384 0.02 0.004 0.9999790642658869 1e-05 4e-05 0.9999020437399546 8e-05 0.0009 4.508030532201131 0.05 0.05 80 
-2.211522232691447 0.6 0.01 0.9999170660972595 6e-05 0.007 0.9998059024413427 0.0002 0.005 4.503787105878194 0.5 0.2 83 
-2.218347438176473 0.004 0.002 0.9999767774343491 1e-05 0.0002 0.9997507812579473 0.0001 0.0002 4.507701689402262 0.09 0.08 89 
-2.220566682815552 0.005 0.002 0.999973308245341 1e-05 2e-05 0.9999227148294448 6e-05 0.0003 4.508954555193583 0.09 0.09 95 
-2.225257844924927 0.004 0.001 0.9999699278672536 1e-05 2e-05 0.9999955401817957 3e-06 5e-06 4.512278377215067 0.08 0.08 97 
-2.226305154164632 5e-06 4e-06 0.9999754172563553 6e-07 7e-07 0.9999967702229817 2e-07 3e-07 4.5127552763621015 0.05 0.05 98 
-2.1729520416259764 0.06 0.03 0.9998273356755575 9e-05 0.0003 0.9992092277606328 0.0008 0.002 4.479196098645528 0.07 0.08 99 
