-2.2257642046610515 0.0003 0.0002 0.9999955399831136 3e-06 3e-06 0.9999913879235586 5e-06 6e-06 4.511623832384745 0.05 0.05 5 
-2.2257967631022137 0.0002 0.0002 0.9999958056211472 3e-06 3e-06 0.9999909867842992 6e-06 6e-06 4.511877551078796 0.05 0.05 6 
-2.2258942540486655 0.0001 0.0001 0.9999952789147695 2e-06 2e-06 0.9999878410498301 8e-06 9e-06 4.511505409876506 0.05 0.05 79 
-2.225876604715983 0.0002 0.0001 0.9999959496657054 3e-06 3e-06 0.9999882386128107 9e-06 1e-05 4.511670004526774 0.05 0.05 30 
-2.225920731226603 7e-05 6e-05 0.9999962538480759 2e-06 2e-06 0.9999820464849472 1e-05 1e-05 4.511839739481608 0.06 0.06 10 
-2.2257808176676432 0.0003 0.0002 0.9999957595268886 3e-06 4e-06 0.9999919309218724 5e-06 5e-06 4.511806828180949 0.05 0.05 39 
-2.225768283208211 0.0003 0.0002 0.9999960664908091 3e-06 3e-06 0.9999922873576482 5e-06 5e-06 4.51190123240153 0.05 0.05 92 
-2.2259628105163576 0.0003 0.0003 0.9999974415699641 8e-07 1e-06 0.9999822860956192 2e-05 2e-05 4.511859426498413 0.06 0.06 84 
-2.2258364073435466 0.0002 0.0002 0.9999948889017105 3e-06 3e-06 0.999991328517596 6e-06 6e-06 4.511785217920939 0.05 0.05 14 
-2.225757427215576 0.0003 0.0002 0.9999956246217092 3e-06 4e-06 0.9999912349383037 6e-06 6e-06 4.511805342038472 0.06 0.05 63 
-2.225798406600952 0.0002 0.0002 0.9999959800640742 3e-06 3e-06 0.9999904731909434 6e-06 6e-06 4.511675629615784 0.05 0.05 56 
-2.225699030558268 0.0003 0.0002 0.9999945229291916 3e-06 4e-06 0.9999903829892477 6e-06 6e-06 4.51160413424174 0.06 0.06 16 
-2.226144914627075 6e-05 7e-05 0.9999966744581859 1e-06 1e-06 0.9999905830621719 7e-06 7e-06 4.512078062693278 0.05 0.05 54 
-2.225529890060425 0.0003 0.0003 0.9999915480613708 4e-06 4e-06 0.999986913005511 7e-06 8e-06 4.511823371251424 0.07 0.07 11 
-2.225839001337687 0.0002 0.0002 0.9999961400032044 3e-06 3e-06 0.9999911501010259 6e-06 6e-06 4.511758567492167 0.05 0.05 83 
-2.225914691289266 0.0001 0.0001 0.9999964779615402 2e-06 1e-06 0.9999916005134583 6e-06 7e-06 4.511806502342224 0.06 0.06 29 
-2.2261527442932127 0.0002 0.0002 0.9999944082895915 2e-06 2e-06 0.9999929871161779 5e-06 7e-06 4.511992451349895 0.06 0.06 73 
-2.2260362911224365 9e-05 7e-05 0.9999959262212118 2e-06 2e-06 0.9999901495377223 7e-06 9e-06 4.512073763211569 0.06 0.06 42 
-2.22592892964681 6e-05 6e-05 0.9999964662392934 2e-06 2e-06 0.99998295267423 1e-05 1e-05 4.511582961082459 0.06 0.06 22 
-2.2257024097442626 0.0003 0.0002 0.999994414250056 3e-06 3e-06 0.9999893126885097 6e-06 7e-06 4.511506107648214 0.06 0.05 78 
