-2.2249233690897623 0.0006 0.0004 0.9999915850162506 2e-06 2e-06 0.999980985323588 6e-06 6e-06 4.511114794413249 0.08 0.08 53 
-2.225473244984945 0.0004 0.0003 0.9999947462479274 2e-06 2e-06 0.9999796924988429 2e-06 3e-06 4.51136813322703 0.07 0.07 25 
-2.2246053886413573 0.0001 0.0002 0.9999828916788102 3e-06 3e-06 0.9999726412693659 5e-06 1e-05 4.510926911036173 0.1 0.1 7 
-2.2252642567952474 8e-05 7e-05 0.9999860697984695 1e-06 2e-06 0.9999827551841736 2e-06 2e-06 4.511730500857035 0.08 0.08 0 
-2.2251278241475423 0.001 0.0006 0.9999920054276784 4e-06 7e-06 0.9999971689780554 1e-06 1e-06 4.511410336494446 0.07 0.08 15 
-2.2246460787455242 3e-05 3e-05 0.9999862861633301 1e-06 1e-06 0.9999371282259624 6e-07 6e-07 4.510163741111755 0.07 0.07 39 
-2.2230006090799965 0.004 0.002 0.9999953587849935 3e-06 5e-06 0.9998356171449025 8e-05 0.0002 4.494305607477824 0.2 0.2 95 
-2.225040658315023 0.003 0.0008 0.9999852585792541 6e-06 1e-05 0.9999962323904037 2e-06 4e-06 4.5106568463643395 0.1 0.1 79 
-2.224668887456258 0.003 0.001 0.9999577613671621 3e-05 6e-05 0.9999832185109456 2e-06 8e-06 4.512724822362264 0.1 0.1 44 
-2.225567766825358 0.001 0.0004 0.9999957621097565 2e-06 9e-06 0.9999984365701675 1e-06 7e-06 4.5119106531143185 0.1 0.1 60 
-2.223810618718465 0.001 0.0005 0.9999904374281565 2e-06 4e-06 0.9998866613705953 3e-05 3e-05 4.4998914893468225 0.1 0.1 43 
-2.224563102722168 0.001 0.0008 0.9999846575657526 8e-06 2e-05 0.999982159336408 7e-06 1e-05 4.5102153539657595 0.1 0.1 70 
-2.221077292760213 0.002 0.001 0.9999769204854965 5e-06 8e-06 0.9998006268342337 9e-05 0.0001 4.492054994901022 0.2 0.2 84 
-2.2242987791697186 0.0003 0.0003 0.999984703262647 2e-06 2e-06 0.9999444391330083 2e-05 2e-05 4.5033784421285 0.1 0.1 5 
-2.2241490650177003 7e-05 7e-05 0.9999822374184927 2e-06 2e-06 0.9999418930212657 6e-06 6e-06 4.507363114356995 0.1 0.1 65 
-2.2251842180887857 0.002 0.0006 0.9999952540795009 3e-06 7e-06 0.9985710714260737 1e-05 2e-05 4.527354537645976 0.1 0.1 96 
-2.225074427922567 0.001 0.0006 0.9999946385622025 3e-06 3e-06 0.9999835687875748 1e-05 3e-05 4.5113366508483885 0.1 0.1 77 
-2.225964136123657 0.0005 0.0003 0.9999959564208984 9e-07 2e-06 0.9999860938390096 7e-06 1e-05 4.511347495714824 0.09 0.1 98 
-2.2246518675486247 0.0009 0.0005 0.9999855095148087 3e-06 4e-06 0.9999644535779953 1e-05 2e-05 4.507996969223022 0.1 0.1 13 
-2.225373338063558 0.001 0.0007 0.9999942809343338 3e-06 1e-05 0.9999718868732452 2e-05 6e-05 4.511518702507019 0.1 0.1 58 
