-2.2204812367757163 0.005 0.003 0.9998967095216116 7e-05 9e-05 0.9998492622375488 7e-05 0.0001 4.5110511843363446 0.2 0.2 0 
-2.219118725458781 0.0005 0.0005 0.9999426670869191 1e-05 1e-05 0.9998396207888921 2e-05 2e-05 4.511041126251221 0.1 0.1 1 
-2.219177862803141 0.002 0.001 0.9999437783161799 2e-05 2e-05 0.9997670469681422 0.0001 0.0001 4.510396105448405 0.2 0.2 4 
-2.219257624944051 0.003 0.002 0.9999339556694031 2e-05 2e-05 0.9998551253477732 5e-05 0.0001 4.512536516189575 0.2 0.2 6 
-2.2189815934499104 0.003 0.002 0.9999110148350397 3e-05 4e-05 0.99986991584301 7e-05 0.0001 4.512325220108032 0.2 0.2 7 
-2.2108361593882244 0.01 0.006 0.9997434254487355 0.0001 0.0004 0.9995548570156098 0.0002 0.0005 4.510690170923869 0.4 0.4 8 
-2.2233716201782228 0.002 0.001 0.9999674073855083 2e-05 4e-05 0.9999339574575424 4e-05 0.0001 4.511303965250651 0.2 0.2 9 
-2.2204499689737958 0.0004 0.0004 0.9999795726935069 3e-06 4e-06 0.9998252600431442 2e-05 2e-05 4.508539563814799 0.08 0.08 10 
-2.222352558771769 0.005 0.002 0.9999690997600555 2e-05 5e-05 0.9999080401659012 6e-05 0.0001 4.51040295124054 0.2 0.2 11 
-2.2221114444732666 0.001 0.0007 0.9999663768212 1e-05 2e-05 0.9999012519915899 3e-05 3e-05 4.511548911730449 0.2 0.2 12 
-2.2226322587331135 0.003 0.002 0.9999632757902145 3e-05 9e-05 0.99977905412515 0.0001 0.0005 4.510660139719645 0.3 0.3 13 
-2.222107146581014 0.003 0.002 0.9999611282348633 2e-05 3e-05 0.9998995778958003 8e-05 0.0002 4.5113792816797895 0.1 0.1 15 
-2.2217299524943033 0.003 0.002 0.9999333596229554 4e-05 7e-05 0.9998910860220591 5e-05 9e-05 4.511631679534912 0.2 0.2 16 
-2.2197412649790444 0.003 0.002 0.999923388560613 3e-05 4e-05 0.9998849008480708 8e-05 0.0001 4.512493815422058 0.2 0.2 17 
-2.220590909322103 0.005 0.002 0.9999319801727931 2e-05 3e-05 0.9999024889866511 8e-05 0.0002 4.512293804486593 0.2 0.2 18 
-2.2173876984914145 0.0006 0.0006 0.999924235145251 2e-05 2e-05 0.9996846052010854 2e-05 2e-05 4.5120266803105675 0.2 0.2 20 
-2.215852359135946 0.002 0.001 0.9999669555823009 7e-06 2e-05 0.9999195867776871 4e-05 0.0001 4.507639354070028 0.1 0.1 21 
-2.220098237991333 0.002 0.002 0.9998576291402181 6e-05 7e-05 0.9998876329263051 6e-05 8e-05 4.5118539396921795 0.2 0.2 22 
-2.216633399327596 0.0006 0.0006 0.9999007018407186 2e-05 2e-05 0.9998189369837444 5e-06 5e-06 4.512322872479757 0.1 0.1 23 
-2.218574390411377 0.004 0.003 0.9998317885398865 0.0001 0.0002 0.9999024536212285 7e-05 0.0001 4.513381737073263 0.4 0.3 25 
-2.2202943642934163 0.003 0.002 0.9999342228968938 2e-05 3e-05 0.9998445898294449 6e-05 8e-05 4.512206703821818 0.2 0.2 27 
-2.2238055070241294 0.002 0.001 0.9999850434064865 8e-06 3e-05 0.9999629012743632 3e-05 6e-05 4.511461091041565 0.2 0.2 29 
-2.2185146872202557 0.002 0.001 0.9999239818255107 2e-05 3e-05 0.9998325637976329 3e-05 5e-05 4.51083115418752 0.2 0.2 31 
-2.2215639781951904 0.004 0.002 0.9999252845843632 4e-05 0.0001 0.9999152032534281 7e-05 0.0002 4.5117218240102135 0.2 0.2 32 
-2.2207510693868002 0.004 0.002 0.9999551171064377 1e-05 2e-05 0.9998369948069254 0.0001 0.0003 4.510036894480387 0.1 0.1 33 
-2.2185043970743816 0.002 0.002 0.999889865120252 4e-05 6e-05 0.999783617456754 8e-05 0.0002 4.51310399055481 0.2 0.2 36 
-2.222409232457479 0.002 0.001 0.9999481586615244 2e-05 1e-05 0.9999117853244146 3e-05 8e-05 4.51242697874705 0.2 0.2 37 
-2.2200951258341473 0.004 0.002 0.9999174549182256 3e-05 6e-05 0.9998825321594874 4e-05 0.0001 4.511813700993856 0.2 0.2 38 
-2.217513831456502 0.006 0.003 0.9997691098848979 0.0001 0.0001 0.9997891114155452 0.0001 0.0002 4.512309044202169 0.2 0.2 39 
-2.2228575992584227 0.002 0.0008 0.9999583262205124 1e-05 2e-05 0.9999278903007507 4e-05 3e-05 4.513145842552185 0.2 0.2 41 
-2.2222379207611085 0.004 0.002 0.999968735575676 1e-05 2e-05 0.9998972191413243 8e-05 0.0002 4.511410172780355 0.2 0.2 43 
-2.2223519039154054 0.002 0.001 0.999962198138237 1e-05 1e-05 0.999896091222763 4e-05 8e-05 4.512139145533244 0.1 0.1 44 
-2.221877400080363 0.002 0.001 0.9999501568078994 2e-05 3e-05 0.9999202076594035 5e-05 0.0001 4.511912557284037 0.2 0.2 45 
-2.218463338216146 0.0004 0.0004 0.99993956665198 1e-05 1e-05 0.999775821963946 4e-05 4e-05 4.511225035985311 0.1 0.1 46 
-2.223686164220174 0.002 0.001 0.9999043212334315 6e-05 6e-05 0.9999697196483612 2e-05 3e-05 4.513380239804586 0.2 0.2 48 
-2.221003793080648 0.004 0.002 0.9999201089143753 5e-05 0.0001 0.9999157744646072 6e-05 8e-05 4.511106004714966 0.2 0.2 49 
-2.222436307271322 0.003 0.002 0.9999689706166586 1e-05 2e-05 0.9999088976780574 7e-05 0.0001 4.510937317212423 0.1 0.1 50 
-2.220873244603475 0.004 0.003 0.9999103933572769 5e-05 0.0001 0.9999023707707723 7e-05 0.0001 4.512286044756571 0.2 0.2 51 
-2.221097707748413 0.003 0.002 0.999971846540769 1e-05 2e-05 0.9998910295963287 7e-05 0.0001 4.5101051489512125 0.2 0.2 53 
-2.2251054795583087 0.0004 0.0003 0.9999752996365229 2e-05 0.0001 0.9999903170267741 4e-06 6e-06 4.5124717728296915 0.1 0.1 54 
-2.2184841855367026 0.009 0.004 0.9999173221985499 4e-05 6e-05 0.9998174665371576 9e-05 0.0002 4.511299602190653 0.3 0.3 55 
-2.2227392101287844 0.002 0.001 0.999961998462677 1e-05 2e-05 0.9999022702376048 4e-05 9e-05 4.5121343835194905 0.2 0.2 56 
-2.2222340965270995 0.005 0.002 0.9999708608786265 1e-05 3e-05 0.999870777130127 0.0001 0.0003 4.512054783503214 0.2 0.2 57 
-2.2206037267049155 0.002 0.002 0.9999494928121567 2e-05 3e-05 0.9998546914259593 7e-05 0.0001 4.51119455019633 0.2 0.2 58 
-2.2207715193430584 0.003 0.002 0.999927593866984 4e-05 6e-05 0.9998977452516555 7e-05 0.0001 4.5109775368372595 0.2 0.2 61 
-2.218229268391927 0.004 0.003 0.9999120618899663 2e-05 3e-05 0.9997861981391907 0.0001 0.0003 4.51194196065267 0.2 0.2 63 
-2.2194175783793133 0.002 0.002 0.999836570819219 0.0001 0.0002 0.9998096885283788 0.0001 0.0002 4.512345832188924 0.2 0.2 65 
-2.2180542087554933 0.0004 0.0004 0.9999480559428533 3e-06 4e-06 0.9997982875506083 1e-05 1e-05 4.507652950286865 0.1 0.1 66 
-2.221844205856323 0.002 0.001 0.9999666718641916 9e-06 1e-05 0.9999176841974259 6e-05 0.0001 4.511242283185323 0.2 0.2 70 
-2.221267131169637 0.002 0.001 0.9999443866809209 2e-05 2e-05 0.999871031443278 7e-05 8e-05 4.512112005551656 0.2 0.2 71 
-2.2181469504038493 0.002 0.001 0.9999134238560995 2e-05 3e-05 0.9997983610630036 6e-05 0.0001 4.5111898914972945 0.2 0.2 73 
-2.214900617599487 0.002 0.001 0.999916224082311 4e-05 5e-05 0.9999286806583405 4e-05 0.0001 4.507403729756673 0.2 0.2 74 
-2.2218493207295738 0.002 0.001 0.9999597698450089 1e-05 1e-05 0.9999180126190186 4e-05 7e-05 4.511869632403056 0.2 0.2 75 
-2.2195600096384682 0.007 0.003 0.9999498085180918 2e-05 4e-05 0.9997762443621954 0.0002 0.0002 4.510127712885539 0.2 0.2 76 
-2.221707045237223 0.003 0.002 0.9999447788794835 2e-05 2e-05 0.999902418255806 7e-05 0.0002 4.512366100947062 0.2 0.2 77 
-2.2221368885040285 0.0005 0.0004 0.9999772449334462 5e-06 7e-06 0.9998552290598551 1e-05 2e-05 4.510716408093771 0.1 0.1 78 
-2.2218265438079836 0.002 0.001 0.9999540191888809 2e-05 2e-05 0.9998857820034027 4e-05 6e-05 4.512380681037903 0.2 0.2 79 
-2.2200434017181396 0.004 0.002 0.9999218342701593 2e-05 3e-05 0.9998964923620224 8e-05 0.0002 4.5128266143798825 0.2 0.2 80 
-2.2215068181355795 0.0007 0.0007 0.9999514430761337 1e-05 2e-05 0.9998764822880427 3e-05 5e-05 4.51231307665507 0.2 0.2 81 
-2.2190162150065103 0.0004 0.0004 0.999954577088356 5e-06 5e-06 0.9998128992319107 1e-05 1e-05 4.508727744420369 0.1 0.1 83 
-2.2215302499135334 0.003 0.002 0.9999276107549667 5e-05 6e-05 0.9998946293195089 6e-05 0.0001 4.510765840212504 0.2 0.2 84 
-2.2197759342193604 0.005 0.003 0.9999070386091868 4e-05 4e-05 0.9998862427473069 8e-05 7e-05 4.513172748883565 0.2 0.2 85 
-2.2171264680226646 0.01 0.004 0.9998993055025737 4e-05 7e-05 0.9998068898916245 0.0001 0.0007 4.511486202875773 0.3 0.3 86 
-2.217850170135498 0.006 0.003 0.9997982041041056 0.0001 0.0003 0.9998360395431518 0.0001 0.0003 4.512921977043152 0.3 0.3 88 
-2.2197177378336588 0.005 0.003 0.9998955202102661 5e-05 0.0001 0.9998281401395798 0.0001 0.0003 4.512608458201091 0.2 0.2 89 
-2.2226122442881264 0.004 0.002 0.9999553577105205 3e-05 9e-05 0.999930033882459 5e-05 9e-05 4.510756244659424 0.2 0.2 91 
-2.220799554189046 0.003 0.001 0.9999223164717357 3e-05 6e-05 0.9998738586902618 7e-05 6e-05 4.511501491864522 0.2 0.2 94 
-2.2182857100168865 0.009 0.004 0.9998948854207993 4e-05 0.0005 0.9998657117287318 0.0001 0.0003 4.5124372307459515 0.3 0.3 95 
-2.2192242336273194 0.004 0.002 0.9998569657405217 0.0001 0.0001 0.9998655062913895 7e-05 0.0001 4.510108435948689 0.2 0.2 98 
-2.2173220507303872 0.005 0.003 0.9998944499095281 3e-05 3e-05 0.9998592180013657 8e-05 0.0001 4.511237527529398 0.2 0.2 99 
