-2.208505007425944 0.004 0.002 0.999959245522817 1e-05 3e-05 0.9992047641674677 2e-05 4e-05 4.497501757939657 0.1 0.1 0 
-2.221627492904663 0.01 0.004 0.999933127562205 3e-05 0.0002 0.999961238304774 3e-05 0.0001 4.508582372665405 0.4 0.3 1 
9.199183182317938e-07 2 
-2.2075737126668296 0.002 0.001 0.9999645227193832 7e-06 1e-05 0.9977805382013321 6e-05 9e-05 4.506496930122376 0.2 0.2 3 
-2.207741524378459 0.002 0.001 0.9999351904789606 9e-06 2e-05 0.999223552942276 6e-06 9e-06 4.498498897552491 0.1 0.1 4 
-2.191923224131266 0.001 0.001 0.9997339961926143 1e-05 1e-05 0.9986724845568339 8e-06 9e-06 4.482892144521077 0.3 0.3 5 
9.201778425449448e-07 6 
0.009979525022208691 7 
589.3656860351563 8 
-2.2005313873291015 0.002 0.001 0.9999079529444377 7e-06 2e-05 0.9991593633095424 4e-06 4e-06 4.48909916083018 0.4 0.4 9 
9.204753496305784e-07 10 
493.4309814453125 11 
-2.207972993850708 0.0007 0.0005 0.9999395869175594 7e-06 1e-05 0.9991868948936462 1e-05 2e-05 4.497325789133708 0.1 0.1 12 
9.205500646203291e-07 13 
9.206821232510265e-07 14 
-2.2243885739644367 0.0008 0.0004 0.9999754591782888 4e-06 5e-06 0.9999870904286703 3e-06 3e-06 4.511363116900126 0.1 0.1 15 
1357.140087890625 16 
9.204632874570962e-07 17 
-2.2232854715983073 0.003 0.001 0.9999728478988011 1e-05 3e-05 0.9998467103640238 1e-05 3e-05 4.512900360425314 0.1 0.1 18 
-2.1678899256388346 0.003 0.002 0.9999100192387899 2e-05 5e-05 0.9737650076548259 0.0005 0.0005 4.005653816858928 0.2 0.2 19 
5746.76865234375 20 
0.014351489394903183 21 
-2.2235052172342935 0.0006 0.0004 0.9999462834993998 1e-05 1e-05 0.9999844298760097 4e-06 1e-05 4.511758141517639 0.2 0.2 22 
9.207051903104002e-07 23 
9.20451020647306e-07 24 
9.20529657832958e-07 25 
-2.213944574991862 0.01 0.004 0.999947497844696 2e-05 6e-05 0.9984967297315598 5e-05 0.0001 4.519565258026123 0.3 0.3 26 
9.206973800246487e-07 27 
0.15383383348598728 28 
9.20691127248574e-07 29 
9.204372872773092e-07 30 
-2.2130599466959637 0.0005 0.0005 0.9999375959237417 3e-06 2e-06 0.9998854726552964 1e-06 1e-06 4.503623997370402 0.1 0.1 31 
-2.2031119696299233 0.003 0.003 0.9998359978199005 3e-05 3e-05 0.9994340451558431 2e-05 2e-05 4.510625247955322 0.4 0.4 32 
714.7797973632812 33 
9.204484854308248e-07 34 
-2.2011956373850503 0.001 0.0007 0.999956661661466 1e-05 3e-05 0.9992146267493566 2e-05 5e-05 4.492962665557862 0.1 0.1 35 
-2.216251964569092 0.0001 0.0001 0.999838125705719 5e-06 5e-06 0.9999250262975693 1e-05 1e-05 4.497738636334737 0.2 0.2 36 
-2.2150792503356933 0.0007 0.0007 0.999929751753807 5e-06 6e-06 0.9998561825354894 1e-05 1e-05 4.49994615872701 0.2 0.2 37 
-1.877304515838623 0.002 0.001 0.9968883663415908 0.0002 0.0002 0.9993089890480041 0.0001 0.0003 4.282895197868347 0.2 0.2 38 
922.8274658203125 39 
-2.2082400067647296 0.0005 0.0005 0.9998980389038722 6e-06 6e-06 0.9999430096149444 1e-05 1e-05 4.506205283800761 0.3 0.3 40 
-2.222183281580607 0.002 0.001 0.9998918636639913 1e-05 1e-05 0.9999580528338751 2e-05 3e-05 4.510642058054606 0.2 0.2 41 
-2.218863366444906 0.002 0.002 0.999818510611852 8e-05 0.0002 0.9999501359462738 1e-05 4e-05 4.505122092564901 0.2 0.2 42 
9.204633670378826e-07 43 
378.52048950195314 44 
-0.3882445859909058 0.007 0.002 0.8188938734928767 0.01 0.02 0.9845744653542836 0.001 0.001 2.407447917461395 0.2 0.2 45 
-0.384879576365153 0.0004 0.0004 0.8198398075501124 0.004 0.004 0.9834940801064174 0.002 0.002 2.412376967271169 0.2 0.2 46 
-2.0270345306396482 1.0 0.2 0.9994758033752441 0.0003 0.0008 0.9930104476213455 0.006 0.05 4.2833334565162655 3.0 3.0 47 
9.168073233922769e-07 48 
-2.211555185317993 0.002 0.002 0.9998757521311442 1e-05 1e-05 0.9996258213122686 8e-05 8e-05 4.460197952588399 0.4 0.4 49 
-2.204664882024129 0.007 0.003 0.999878152012825 3e-05 7e-05 0.999122412999471 8e-05 0.0002 4.4845449765523275 0.2 0.2 50 
-2.21093505859375 0.0004 0.0004 0.9999462833007177 2e-06 2e-06 0.9997840897242228 1e-05 1e-05 4.493008745511373 0.2 0.2 51 
-2.2129673099517824 0.02 0.005 0.9999447685480117 2e-05 7e-05 0.9998666441440582 3e-05 0.0002 4.4946523809432986 0.4 0.4 52 
-2.2203967920939127 0.01 0.004 0.9999801615873972 1e-05 3e-05 0.9996783691644668 7e-05 0.0001 4.485539129575094 0.3 0.3 53 
657.63544921875 54 
0.033518518507480624 55 
-2.218439817428589 0.0003 0.0003 0.9999325068791708 5e-06 5e-06 0.9998023176193237 5e-05 5e-05 4.489409300486247 0.2 0.2 56 
1022.2111206054688 57 
719.6892578125 58 
-2.223306706746419 0.0001 9e-05 0.9999508037169774 7e-06 7e-06 0.999869584441185 2e-06 2e-06 4.5110301510492965 0.1 0.1 59 
-2.1959094683329266 0.004 0.002 0.9996679270267487 5e-05 4e-05 0.9977636100848516 3e-05 4e-05 4.513883639971415 0.3 0.3 60 
4.262463189661503e-05 61 
9.210584607899364e-07 62 
-2.2120593293507893 0.04 0.01 0.9998351925611496 0.0001 0.0009 0.9998565018177032 9e-05 0.0004 4.499765172004699 0.4 0.4 63 
-2.222278362909953 0.01 0.003 0.9999262915054957 4e-05 0.0001 0.9998928066094717 3e-05 0.0001 4.511253159840901 0.3 0.3 64 
-2.2022782452901204 0.02 0.007 0.9998905762036642 9e-05 0.0004 0.9991624178489049 4e-06 2e-05 4.491185596783956 0.4 0.4 65 
9.211679639520298e-07 66 
9.296765711042098e-07 67 
9.176338721772482e-07 68 
527.6430419921875 69 
9.204413117913646e-07 70 
-2.2093108304341635 0.03 0.01 0.9999127870798111 5e-05 0.0001 0.999829669992129 7e-05 0.0002 4.4856931885083515 0.5 0.6 71 
9.31490455968742e-07 72 
0.004434707760810852 73 
-2.2215487353006997 0.003 0.002 0.9998409553368887 9e-05 0.0001 0.9985541105270386 2e-05 4e-05 4.5279377698898315 0.2 0.2 74 
9.33780279410712e-07 75 
-0.3846596638361613 0.0004 0.0004 0.8226677177349726 0.006 0.006 0.9841337994734446 0.001 0.001 2.4217354424794517 0.2 0.2 76 
-2.2180421702067057 0.001 0.001 0.999916761914889 1e-05 1e-05 0.9999311770995458 8e-06 1e-05 4.507270089785258 0.3 0.3 77 
-0.38135817686716716 0.0008 0.0008 0.8170983451604843 0.003 0.003 0.9834125622113545 0.0003 0.0003 2.392016414006551 0.3 0.3 78 
0.008032403513789177 79 
658.6637817382813 80 
-2.2221790568033852 0.006 0.002 0.9999096451203028 5e-05 7e-05 0.9999416124820709 1e-05 4e-05 4.509907949765523 0.2 0.2 81 
-0.38383132934570313 0.0009 0.0007 0.8202823762098949 0.005 0.005 0.9837603157758713 0.001 0.001 2.40892241636912 0.3 0.3 82 
9.205656283484132e-07 83 
9.20461047826393e-07 84 
9.201154853144545e-07 85 
9.228778935721493e-07 86 
-2.2197291024525962 0.02 0.005 0.999963384270668 2e-05 8e-05 0.9997824060916901 0.0001 0.0006 4.506452310880025 0.3 0.3 87 
-2.2181475925445557 0.003 0.001 0.9999475548664729 2e-05 2e-05 0.9999298181136449 2e-05 3e-05 4.505032709439596 0.3 0.3 88 
823.1045166015625 89 
-2.2241459274291993 0.005 0.002 0.9999793541431427 5e-06 1e-05 0.9999676984548569 2e-05 7e-05 4.509243780771891 0.2 0.2 90 
9.20763977774186e-07 91 
-2.222219845453898 0.0005 0.0005 0.9999494135379792 9e-06 8e-06 0.9985414644082388 3e-05 3e-05 4.526222845713297 0.1 0.1 92 
817.4444702148437 93 
9.206967661157251e-07 94 
9.245939963875571e-07 95 
-2.2113463179270427 0.0004 0.0005 0.9999196179707845 2e-06 2e-06 0.9985698113838831 3e-05 3e-05 4.512205568949382 0.2 0.2 96 
750.3095092773438 97 
386.02373046875 98 
-2.2226640510559084 0.004 0.002 0.9999658071994781 2e-05 4e-05 0.9985482388734818 2e-05 4e-05 4.525560313860575 0.1 0.1 99 
-2.1976967652638755 0.03 0.02 0.9998228182395299 0.0001 0.0002 0.9996370341380437 3e-05 4e-05 4.485689344406128 0.6 0.7 100 
9.204403568219277e-07 101 
871.0155151367187 102 
-0.3868728733062744 0.004 0.002 0.8205139805873235 0.01 0.01 0.9836833280324936 0.001 0.001 2.417661844889323 0.2 0.2 103 
-2.220646155675252 0.0007 0.0005 0.9999665379524231 3e-06 4e-06 0.9997617433468501 6e-05 7e-05 4.489763062795003 0.2 0.2 104 
518.1490600585937 105 
-2.211313082377116 6e-05 6e-05 0.9999154553810755 2e-06 2e-06 0.9998894611994426 2e-05 2e-05 4.493208123842876 0.1 0.1 106 
-2.219375845591227 0.02 0.005 0.9999430499474208 4e-05 7e-05 0.999975688457489 2e-05 5e-05 4.509107007980346 0.4 0.4 107 
840.2692260742188 108 
-2.2048266156514487 0.0004 0.0004 0.9998009216785431 2e-05 2e-05 0.9997108097871145 6e-06 5e-06 4.507497537930806 0.2 0.2 109 
-2.1966232808430988 0.002 0.002 0.9998885349432627 2e-05 2e-05 0.9999766504764557 4e-06 4e-06 4.49244783560435 0.1 0.1 110 
-2.2138541825612386 0.01 0.004 0.9997554755210877 0.0001 0.0001 0.9993993971745173 0.0004 0.0007 4.460505620638529 0.3 0.3 111 
9.198734232995776e-07 112 
-2.2227865282694497 0.0005 0.0004 0.9999467257658641 7e-06 8e-06 0.999860936999321 2e-05 4e-05 4.499082956314087 0.2 0.2 113 
-2.2089637533823647 0.01 0.005 0.9997924383481344 7e-05 0.0003 0.9998695456981659 8e-06 3e-05 4.513526584307352 0.2 0.3 114 
751.6407836914062 115 
9.205911737808492e-07 116 
1096.4456787109375 117 
2602.5341796875 118 
-2.219724162419637 0.002 0.001 0.9998627104361852 3e-05 3e-05 0.9999154323339462 2e-05 7e-05 4.511862575213114 0.2 0.2 119 
-0.38895679473876954 0.0001 0.0001 0.8209398780266444 0.001 0.001 0.9846302858988444 0.002 0.002 2.41364933013916 0.1 0.1 120 
-2.2108293469746907 0.001 0.001 0.9998385190963746 7e-05 0.0001 0.9984971829255422 4e-05 6e-05 4.506710648536682 0.2 0.2 121 
0.012094300612807274 122 
-2.2234303696950275 0.009 0.003 0.9999747369686762 1e-05 5e-05 0.9999641019105912 2e-05 0.0001 4.5109556261698405 0.2 0.2 123 
9.201541388392798e-07 124 
-2.221053498586019 0.004 0.004 0.9998954812685649 4e-05 8e-05 0.9999621593952179 3e-05 4e-05 4.51048324584961 0.2 0.2 125 
9.204790330841206e-07 126 
-2.2220552349090577 0.0008 0.0005 0.9999687472979227 5e-06 5e-06 0.9999499271313349 7e-06 6e-06 4.50587334950765 0.2 0.2 127 
2.9942099354229866e-05 128 
-2.209708007176717 0.0003 0.0003 0.9998432650168737 6e-06 6e-06 0.9999193696180979 5e-06 3e-06 4.502014284133911 0.2 0.2 129 
9.218388754561602e-07 130 
408.8737365722656 131 
2.5521310806274413 132 
-2.2095038000742595 0.0003 0.0003 0.9997123126188914 3e-05 3e-05 0.999857261578242 4e-06 3e-06 4.504621082941691 0.1 0.1 133 
1814.0118896484375 134 
-2.208950023651123 0.001 0.001 0.9999601211150487 1e-05 1e-05 0.9991514263550441 1e-05 2e-05 4.49943009853363 0.2 0.2 135 
-2.2021559842427574 0.004 0.002 0.9999615838130315 1e-05 4e-05 0.9992281258106231 8e-06 3e-05 4.49390619913737 0.2 0.2 136 
-2.2136554590861004 0.02 0.01 0.9999367495377859 4e-05 9e-05 0.9998550047477086 0.0001 0.0002 4.498705259958903 0.3 0.4 137 
-2.211744734446208 0.007 0.004 0.9998818643887838 6e-05 0.0003 0.9999573729435602 2e-05 6e-05 4.503146014213562 0.2 0.2 138 
9.207058610627428e-07 139 
9.205445962834347e-07 140 
8.409834117628634e-05 141 
9.205666628986364e-07 142 
9.941780717781513e-07 143 
-0.38817490259806314 0.003 0.001 0.8202864289283752 0.01 0.01 0.984002384742101 0.001 0.002 2.4178809054692585 0.2 0.2 144 
9.203453487316437e-07 145 
-2.222690617243449 0.008 0.002 0.9999169158935547 3e-05 3e-05 0.9994877394040426 2e-05 8e-05 4.509389982223511 0.3 0.3 146 
-2.223082113265991 0.002 0.0009 0.9999540243546168 9e-06 1e-05 0.9999801272153854 1e-05 3e-05 4.511197039286295 0.2 0.2 147 
-2.219144213994344 0.01 0.005 0.9999259805679321 2e-05 5e-05 0.9991127858559291 0.0002 0.001 4.503806646664938 0.3 0.3 148 
461.7501220703125 149 
