-2.225603634516398 0.0003 0.0002 0.9999957207838694 2e-06 3e-06 0.9999841723839442 8e-06 2e-05 4.512109910647075 0.07 0.07 12 
-2.22560733795166 0.0003 0.0003 0.9999947847922643 2e-06 3e-06 0.9999876896540324 8e-06 2e-05 4.512188088099162 0.08 0.08 25 
-2.2256160672505696 0.0004 0.0003 0.9999941579500834 2e-06 3e-06 0.9999867343902588 9e-06 2e-05 4.5122548135121665 0.08 0.08 15 
-2.225573279062907 0.0003 0.0003 0.9999938631057739 2e-06 3e-06 0.9999862680832545 8e-06 2e-05 4.512201255162557 0.08 0.08 55 
-2.2255362192789714 0.0004 0.0003 0.999993843237559 2e-06 3e-06 0.9999857445557913 9e-06 2e-05 4.51232844988505 0.09 0.09 87 
-2.2255630397796633 0.0005 0.0003 0.9999947430690129 2e-06 3e-06 0.9999861651659012 1e-05 3e-05 4.512171328862508 0.09 0.09 24 
-2.225570233662923 0.0003 0.0002 0.9999951775868734 2e-06 3e-06 0.9999848971764247 8e-06 1e-05 4.512064347267151 0.07 0.07 57 
-2.2256076176961264 0.0004 0.0003 0.999994720419248 2e-06 3e-06 0.9999865702788036 9e-06 2e-05 4.512272168795268 0.08 0.08 59 
-2.225567715962728 0.0004 0.0003 0.9999945642550786 2e-06 3e-06 0.9999862134456634 9e-06 2e-05 4.512202758789062 0.08 0.08 69 
-2.2256026299794516 0.0003 0.0002 0.9999942002693812 2e-06 3e-06 0.9999879030386607 7e-06 2e-05 4.512199926376343 0.08 0.08 0 
-2.2254141839345296 2e-05 2e-05 0.9999935253461202 4e-07 4e-07 0.9999825338522593 7e-07 7e-07 4.512216471036275 0.06 0.06 22 
-2.225607592264811 0.0005 0.0003 0.9999948998292287 2e-06 3e-06 0.9999863710006078 1e-05 2e-05 4.512178004582723 0.09 0.09 5 
-2.2255013179779053 0.0003 0.0002 0.9999931301673254 2e-06 3e-06 0.9999840118487676 8e-06 2e-05 4.512263717651368 0.08 0.08 61 
-2.2255045318603517 8e-05 7e-05 0.9999946590264638 9e-07 1e-06 0.9999832926193873 6e-06 8e-06 4.512197233835856 0.06 0.06 72 
-2.225662975311279 0.0004 0.0003 0.9999950756629308 2e-06 3e-06 0.9999879755576452 8e-06 2e-05 4.5122153170903525 0.08 0.08 98 
-2.225509262084961 0.0003 0.0003 0.9999941446383794 2e-06 3e-06 0.9999854497114817 9e-06 2e-05 4.5123632510503136 0.08 0.08 66 
-2.2255696392059328 0.0004 0.0003 0.9999942952394485 2e-06 4e-06 0.9999871953328451 8e-06 2e-05 4.512260862986246 0.08 0.08 38 
-2.2255946572621665 0.0003 0.0002 0.9999955171346664 2e-06 3e-06 0.9999844594796499 8e-06 2e-05 4.512124934196472 0.08 0.08 79 
-2.225553118387858 0.0004 0.0003 0.9999941402673721 2e-06 4e-06 0.9999874665339787 8e-06 2e-05 4.512288935979208 0.08 0.08 39 
-2.225604607264201 0.0004 0.0003 0.9999942477544149 2e-06 3e-06 0.9999862561623255 8e-06 2e-05 4.512220147450765 0.08 0.08 29 
