-2.225603249867757 0.001 0.0006 0.9999813322226206 1e-05 3e-05 0.9999943296114604 5e-06 2e-05 4.512523938814799 0.1 0.1 26 
-2.225638376871745 0.0009 0.0005 0.9999871097008387 8e-06 2e-05 0.9999937373399734 6e-06 1e-05 4.512476366360982 0.1 0.1 40 
-2.2255133406321206 0.001 0.0006 0.9999808752536774 1e-05 2e-05 0.9999927882353464 6e-06 2e-05 4.512658480008443 0.1 0.1 66 
-2.225474650065104 0.0005 0.0003 0.9999803996086121 8e-06 2e-05 0.9999913676579794 5e-06 9e-06 4.512459497451783 0.1 0.1 47 
-2.225278959274292 0.0006 0.0004 0.999981034398079 8e-06 2e-05 0.9999866785605749 9e-06 2e-05 4.512226835886637 0.1 0.1 59 
-2.2256107266743976 0.0009 0.0005 0.9999835634231568 1e-05 2e-05 0.9999938128391902 6e-06 1e-05 4.512215530077617 0.1 0.1 5 
-2.2256060473124184 0.0009 0.0005 0.9999837418397267 1e-05 2e-05 0.9999937359491984 6e-06 1e-05 4.512730145454407 0.1 0.1 55 
-2.2256287988026937 0.0009 0.0005 0.9999847177664439 1e-05 1e-05 0.9999939666191737 6e-06 1e-05 4.51232501188914 0.1 0.1 68 
-2.22558970451355 0.001 0.0006 0.9999819485346476 1e-05 2e-05 0.9999933177232743 5e-06 2e-05 4.512248088518779 0.1 0.1 31 
-2.225670715967814 0.001 0.0005 0.9999856575330098 1e-05 4e-05 0.9999944009383519 5e-06 1e-05 4.512170244852702 0.1 0.1 27 
-2.2255701446533203 0.001 0.0006 0.9999819775422414 1e-05 2e-05 0.999993881781896 5e-06 2e-05 4.512604031562805 0.1 0.1 58 
-2.225557174682617 0.001 0.0006 0.9999802752335867 1e-05 3e-05 0.9999941980838776 5e-06 1e-05 4.512278979619344 0.1 0.1 0 
-2.2255872948964437 0.001 0.0007 0.9999830993016561 1e-05 3e-05 0.9999930065870285 6e-06 2e-05 4.512527043024699 0.1 0.1 57 
-2.2256221453348797 0.001 0.0006 0.9999815626939138 1e-05 3e-05 0.9999947331349055 4e-06 1e-05 4.512393372853597 0.2 0.1 20 
-2.2255797958374024 0.001 0.0006 0.9999816546837489 1e-05 2e-05 0.9999935438235601 5e-06 1e-05 4.512340410550435 0.1 0.1 23 
-2.2256402365366617 0.0009 0.0005 0.9999828857183456 1e-05 3e-05 0.9999947776397069 4e-06 9e-06 4.512663674354553 0.1 0.1 98 
-2.225632553100586 0.001 0.0006 0.9999831587076187 1e-05 3e-05 0.9999940103292465 5e-06 2e-05 4.512411127090454 0.1 0.2 19 
-2.225521430969238 0.0009 0.0006 0.9999806948502858 1e-05 1e-05 0.9999913811683655 7e-06 1e-05 4.512537746429444 0.1 0.1 12 
-2.225571943918864 0.001 0.0006 0.9999820379416148 1e-05 2e-05 0.9999941464265187 5e-06 2e-05 4.51213724454244 0.1 0.1 70 
-2.225537970860799 0.0006 0.0004 0.9999817063411077 9e-06 2e-05 0.9999931478500366 4e-06 1e-05 4.512265954017639 0.1 0.1 75 
