-2.2256494776407876 0.0003 0.0002 0.9999956625699997 2e-06 3e-06 0.9999875317017237 7e-06 1e-05 4.512026596069336 0.08 0.08 0 
-2.2256506125132245 0.0003 0.0002 0.999996155500412 2e-06 3e-06 0.9999858218431473 8e-06 2e-05 4.512044922510783 0.08 0.08 1 
-2.2256361770629884 0.0002 0.0002 0.9999960074822108 1e-06 3e-06 0.9999866358439128 7e-06 2e-05 4.512013087272644 0.08 0.08 2 
-2.2257068379720053 0.0004 0.0003 0.9999965884288152 1e-06 3e-06 0.9999865567684174 8e-06 2e-05 4.511914490063985 0.08 0.08 3 
-2.2255003293355307 0.0001 0.0001 0.99999547402064 1e-06 2e-06 0.9999833581844966 6e-06 8e-06 4.512037792205811 0.07 0.07 4 
-2.2255649439493816 0.0001 0.0001 0.9999958032369614 1e-06 2e-06 0.999983694156011 6e-06 9e-06 4.511970930099487 0.07 0.07 5 
-2.2256298510233563 0.0003 0.0002 0.999995789527893 1e-06 3e-06 0.9999860751628876 8e-06 2e-05 4.512067116101583 0.08 0.08 6 
-2.2256592909495034 0.0003 0.0003 0.9999961658318838 1e-06 3e-06 0.9999860254923503 9e-06 2e-05 4.512030771573385 0.08 0.08 7 
-2.2256309604644775 0.0003 0.0002 0.9999961159626642 1e-06 3e-06 0.9999857558806737 8e-06 2e-05 4.5120266151428225 0.08 0.08 8 
-2.2256500053405763 0.0003 0.0002 0.9999958896636962 1e-06 3e-06 0.9999859658877055 7e-06 1e-05 4.512002600034078 0.08 0.08 9 
-2.2255355803171795 9e-05 9e-05 0.999995668331782 1e-06 2e-06 0.9999837279319763 5e-06 7e-06 4.51196603457133 0.07 0.07 10 
-2.2255730565388996 0.0001 0.0001 0.9999958682060242 1e-06 2e-06 0.9999842302004496 5e-06 8e-06 4.51197199344635 0.07 0.07 11 
-2.225610694885254 0.0003 0.0002 0.9999958316485087 1e-06 3e-06 0.9999844229221344 9e-06 2e-05 4.512034532229106 0.08 0.08 12 
-2.225586967468262 0.0003 0.0002 0.9999956361452739 1e-06 3e-06 0.999986295302709 8e-06 2e-05 4.512078595161438 0.09 0.09 13 
-2.225655749638875 0.0003 0.0002 0.9999959218502045 2e-06 3e-06 0.999986975590388 7e-06 1e-05 4.511999158859253 0.08 0.08 14 
-2.225702886581421 0.0005 0.0003 0.9999964386224747 2e-06 4e-06 0.9999872569243113 7e-06 2e-05 4.512103225390116 0.08 0.08 15 
-2.2256061681111654 0.0002 0.0002 0.9999955153465271 1e-06 3e-06 0.9999866612752278 7e-06 1e-05 4.512043499946595 0.08 0.08 16 
-2.225650103886922 0.0003 0.0002 0.9999958608547846 1e-06 3e-06 0.9999869765837988 7e-06 1e-05 4.512048385938009 0.08 0.08 17 
-2.225668570200602 0.0005 0.0003 0.9999961392084757 2e-06 4e-06 0.9999853203694026 7e-06 2e-05 4.512037712732951 0.09 0.09 18 
-2.225633904139201 0.0003 0.0002 0.9999958449602127 2e-06 3e-06 0.9999867471059164 7e-06 1e-05 4.511971503893534 0.08 0.08 19 
-2.2256236203511555 0.0002 0.0002 0.9999960718552271 1e-06 3e-06 0.9999867437283197 8e-06 2e-05 4.512083886464437 0.08 0.08 20 
-2.225612185796102 0.0002 0.0002 0.9999952123562494 1e-06 2e-06 0.9999867806831996 7e-06 1e-05 4.51212337176005 0.08 0.08 21 
-2.225620371500651 0.0003 0.0002 0.9999956651528676 1e-06 3e-06 0.9999855820337932 8e-06 2e-05 4.5120753542582195 0.08 0.08 22 
-2.2257506243387857 0.0003 0.0003 0.9999966855843861 1e-06 3e-06 0.9999875034888586 7e-06 2e-05 4.511954115231831 0.08 0.08 23 
-2.225554660161336 0.0003 0.0002 0.9999956033627192 2e-06 3e-06 0.9999840641021729 6e-06 1e-05 4.512035183906555 0.08 0.08 24 
-2.2256756369272868 0.0004 0.0003 0.9999961622556051 2e-06 3e-06 0.9999869483709335 8e-06 2e-05 4.51199862798055 0.08 0.08 25 
-2.2256152216593423 0.0003 0.0002 0.999995374083519 1e-06 3e-06 0.9999863503376643 8e-06 2e-05 4.512068926493327 0.08 0.08 26 
-2.22560432434082 0.0003 0.0002 0.9999955364068349 2e-06 3e-06 0.9999852605660756 7e-06 2e-05 4.512079917589824 0.08 0.08 27 
-2.2256524562835693 0.0003 0.0002 0.9999958902597428 2e-06 3e-06 0.9999874724944433 7e-06 1e-05 4.512092790603638 0.08 0.08 28 
-2.2256492137908936 0.0003 0.0002 0.9999957636992136 2e-06 3e-06 0.9999874158700307 7e-06 1e-05 4.51201561609904 0.08 0.08 29 
-2.2256651878356934 0.0003 0.0002 0.9999960877497991 1e-06 3e-06 0.9999873050053915 7e-06 2e-05 4.512053028742472 0.08 0.08 30 
-2.2256338882446287 0.0003 0.0002 0.9999960120519003 1e-06 3e-06 0.9999864715337753 8e-06 2e-05 4.5120752064387 0.08 0.08 31 
-2.225659653345744 0.0003 0.0003 0.9999962486823399 1e-06 3e-06 0.9999850285053253 9e-06 2e-05 4.511907679239909 0.08 0.08 32 
-2.2256537373860676 0.0002 0.0002 0.9999957440296808 1e-06 3e-06 0.9999877963463465 6e-06 1e-05 4.5120263767242434 0.07 0.07 33 
-2.225616432825724 0.0002 0.0002 0.9999962804714838 1e-06 3e-06 0.9999839381376903 7e-06 1e-05 4.511918110847473 0.07 0.07 34 
-2.2256403223673504 0.0003 0.0003 0.9999960901339849 2e-06 3e-06 0.9999861758947373 8e-06 2e-05 4.512143511772155 0.09 0.09 35 
-2.2257272593180337 0.0004 0.0003 0.9999965608119965 2e-06 4e-06 0.9999869022766749 8e-06 2e-05 4.5119223817189535 0.09 0.09 36 
-2.2256396929423015 0.0003 0.0002 0.9999961058298746 1e-06 3e-06 0.9999870371818542 8e-06 2e-05 4.512063018480936 0.08 0.08 37 
-2.225805155436198 0.001 0.0004 0.9999969720840454 2e-06 3e-06 0.9999870441357295 8e-06 5e-05 4.5120835701624555 0.1 0.1 38 
-2.225673147837321 0.0003 0.0003 0.9999962435166041 2e-06 4e-06 0.9999854125579198 8e-06 2e-05 4.511998674074809 0.09 0.09 39 
-2.2257172584533693 0.0004 0.0003 0.999996632138888 2e-06 4e-06 0.9999859784046808 8e-06 2e-05 4.511946185429891 0.08 0.08 40 
-2.2256572246551514 0.0003 0.0002 0.999996200799942 1e-06 3e-06 0.999986878434817 8e-06 2e-05 4.512087834676107 0.09 0.09 41 
-2.225657625198364 0.0003 0.0002 0.9999961366256078 1e-06 3e-06 0.9999866040547689 8e-06 2e-05 4.511982782681783 0.08 0.08 42 
-2.2257095686594646 0.0003 0.0002 0.9999961906671524 1e-06 3e-06 0.9999876413742701 7e-06 2e-05 4.512053831418355 0.08 0.08 43 
-2.2256851768493653 0.0004 0.0003 0.9999962878227234 2e-06 3e-06 0.9999863562981287 8e-06 2e-05 4.512052224477132 0.09 0.09 44 
-2.2256385262807212 0.0005 0.0003 0.9999954088528951 2e-06 5e-06 0.999985986550649 7e-06 2e-05 4.5121186876297 0.09 0.09 45 
-2.225664227803548 0.0003 0.0002 0.9999961578845977 1e-06 3e-06 0.9999867061773936 8e-06 2e-05 4.512072676022847 0.08 0.08 46 
-2.225637782414754 0.0003 0.0002 0.9999962266286214 2e-06 3e-06 0.9999858603874843 8e-06 2e-05 4.51196661790212 0.08 0.08 47 
-2.2256775347391766 0.0003 0.0002 0.9999963287512461 1e-06 3e-06 0.9999870588382085 8e-06 2e-05 4.51202359199524 0.08 0.08 48 
-2.2256736660003664 0.0003 0.0003 0.999996090332667 2e-06 3e-06 0.9999872636795044 7e-06 2e-05 4.512095484733582 0.09 0.09 49 
-2.225652125676473 0.0004 0.0003 0.9999960378805797 2e-06 3e-06 0.9999865887562434 9e-06 2e-05 4.512158196767171 0.09 0.09 50 
-2.225619020462036 0.0005 0.0003 0.9999954448143641 2e-06 5e-06 0.9999869652589162 7e-06 2e-05 4.512065884272258 0.09 0.09 51 
-2.225661287307739 0.0004 0.0003 0.9999951573212942 2e-06 4e-06 0.999987277785937 7e-06 1e-05 4.512114556630452 0.08 0.08 52 
-2.2256927744547528 0.0004 0.0003 0.9999961205323538 2e-06 4e-06 0.9999869267145792 8e-06 2e-05 4.512025063832601 0.08 0.08 53 
-2.225656277338664 0.0003 0.0002 0.9999959878126781 2e-06 3e-06 0.9999875895182292 7e-06 2e-05 4.512008566856384 0.08 0.08 54 
-2.225639289220174 0.0003 0.0002 0.9999959363540014 1e-06 3e-06 0.9999875919024149 7e-06 1e-05 4.51211447874705 0.08 0.08 55 
-2.2257044633229572 0.0006 0.0003 0.9999962586164475 2e-06 5e-06 0.9999878044923146 7e-06 2e-05 4.511928493181864 0.09 0.09 56 
-2.225609556833903 0.0003 0.0002 0.9999957885344823 1e-06 3e-06 0.9999865289529165 7e-06 1e-05 4.512070074081421 0.08 0.08 57 
-2.225664923985799 0.0004 0.0003 0.9999961549043656 1e-06 3e-06 0.9999864766995112 9e-06 2e-05 4.512135049502055 0.08 0.09 58 
-2.225661236445109 0.0004 0.0003 0.999995788137118 2e-06 4e-06 0.9999874953428904 7e-06 1e-05 4.512065734863281 0.08 0.08 59 
-2.225718603134155 0.001 0.0005 0.999996250073115 3e-06 1e-05 0.9999825684229533 1e-05 5e-05 4.51210967540741 0.1 0.1 60 
-2.2256695238749185 0.0003 0.0003 0.999995946486791 1e-06 3e-06 0.9999862136443456 8e-06 2e-05 4.511959029833476 0.08 0.08 61 
-2.2256676801045736 0.0004 0.0003 0.9999959880113601 2e-06 3e-06 0.9999847958485285 9e-06 2e-05 4.51213341554006 0.09 0.09 62 
-2.225601199467977 0.0003 0.0002 0.9999954662720363 1e-06 3e-06 0.9999862517913183 8e-06 2e-05 4.511973592440287 0.08 0.08 63 
-2.225630718866984 0.0003 0.0003 0.9999958695967992 2e-06 3e-06 0.9999855784575145 9e-06 2e-05 4.512041133244832 0.09 0.09 64 
-2.2255959796905516 0.0002 0.0002 0.9999958658218384 1e-06 3e-06 0.9999843366940816 6e-06 1e-05 4.511954757372538 0.07 0.07 65 
-2.2255016072591145 2e-05 2e-05 0.9999955481290818 3e-07 3e-07 0.9999831968545914 5e-07 6e-07 4.511969505945841 0.05 0.05 66 
-2.2257314332326255 0.0004 0.0003 0.9999965645869573 1e-06 3e-06 0.9999869801600774 7e-06 2e-05 4.512040255864461 0.08 0.08 67 
-2.2256438477834064 0.0003 0.0002 0.9999959258238474 1e-06 3e-06 0.9999866370360057 8e-06 2e-05 4.5120794900258385 0.08 0.08 68 
-2.2256496397654217 0.0003 0.0002 0.9999959047635396 1e-06 3e-06 0.9999873264630635 7e-06 1e-05 4.512064708073934 0.08 0.08 69 
-2.2255432701110838 9e-05 8e-05 0.9999958111842473 1e-06 1e-06 0.9999820645650228 6e-06 8e-06 4.51195981502533 0.07 0.07 70 
-2.225572706858317 6e-05 6e-05 0.9999961243073145 9e-07 1e-06 0.9999836260080337 4e-06 6e-06 4.511933135986328 0.06 0.06 71 
-2.2256106185913085 0.0003 0.0002 0.9999957503875097 1e-06 3e-06 0.9999856980641683 7e-06 2e-05 4.512027958234151 0.08 0.08 72 
-2.225634396870931 0.0003 0.0002 0.9999958791335424 1e-06 3e-06 0.9999871009588241 7e-06 1e-05 4.512016002337138 0.08 0.08 73 
-2.225656957626343 0.0003 0.0002 0.9999959045648574 1e-06 3e-06 0.9999868271748225 8e-06 2e-05 4.511987805366516 0.08 0.08 74 
-2.225623556772868 0.0003 0.0002 0.999995464682579 1e-06 3e-06 0.999986445903778 7e-06 1e-05 4.512169286410014 0.08 0.08 75 
-2.22563045501709 0.0003 0.0002 0.999996015628179 1e-06 3e-06 0.9999865438540777 8e-06 2e-05 4.512018445332845 0.08 0.08 76 
-2.2256556669871013 0.0003 0.0003 0.999996178150177 2e-06 3e-06 0.9999854805072149 8e-06 2e-05 4.512042358716329 0.09 0.09 77 
-2.2256726837158203 0.0005 0.0003 0.999995709657669 2e-06 4e-06 0.9999864166975021 7e-06 1e-05 4.512132434844971 0.09 0.09 78 
-2.2255290095011393 7e-05 6e-05 0.9999956530332565 9e-07 1e-06 0.9999841626485189 4e-06 5e-06 4.511978786786397 0.07 0.07 79 
-2.2255524730682374 0.0002 0.0002 0.9999951040744781 1e-06 3e-06 0.999986509680748 7e-06 1e-05 4.5120025777816775 0.08 0.08 80 
-2.2255340003967286 0.0001 9e-05 0.9999958364168803 1e-06 2e-06 0.9999821841716766 5e-06 8e-06 4.511995778083802 0.07 0.07 81 
-2.2256560866038004 0.0003 0.0003 0.9999958992004394 2e-06 3e-06 0.999987655878067 7e-06 1e-05 4.512093696594238 0.09 0.09 82 
-2.2256296634674073 0.0003 0.0002 0.9999959095319112 2e-06 3e-06 0.999986018538475 8e-06 2e-05 4.512091717720032 0.08 0.08 83 
-2.225641117095947 0.0002 0.0002 0.9999954303105673 1e-06 3e-06 0.9999884965022405 7e-06 1e-05 4.512041945457458 0.08 0.08 84 
-2.225608504613241 0.0003 0.0002 0.9999958835045497 1e-06 3e-06 0.9999815698464711 8e-06 1e-05 4.512042225201925 0.07 0.07 85 
-2.225630073547363 0.0004 0.0003 0.9999955095847448 2e-06 4e-06 0.9999865734577179 7e-06 2e-05 4.51216658115387 0.09 0.09 86 
-2.225657819112142 0.0003 0.0002 0.9999961380163829 1e-06 3e-06 0.9999863505363464 8e-06 2e-05 4.51201468149821 0.08 0.08 87 
-2.2256673622131347 0.0003 0.0002 0.9999959770838419 1e-06 3e-06 0.9999871067206065 7e-06 1e-05 4.512072164217631 0.08 0.08 88 
-2.225660139719645 0.0004 0.0003 0.9999958976109823 2e-06 4e-06 0.9999875009059906 7e-06 2e-05 4.512125407854716 0.09 0.09 89 
-2.2256324005126955 0.0003 0.0002 0.9999958690007528 2e-06 3e-06 0.9999862215916315 8e-06 2e-05 4.512088395754496 0.08 0.08 90 
-2.225637804667155 0.0004 0.0003 0.9999959814548492 2e-06 4e-06 0.9999861957629522 8e-06 2e-05 4.5120581467946375 0.09 0.09 91 
-2.225619084040324 0.0002 0.0002 0.9999956742922465 1e-06 3e-06 0.999985977212588 7e-06 1e-05 4.512045041720072 0.08 0.08 92 
-2.225637321472168 0.0003 0.0002 0.9999960776170095 1e-06 3e-06 0.9999863706032435 8e-06 2e-05 4.511976313591004 0.08 0.08 93 
-2.225697231292725 0.0008 0.0004 0.9999965711434682 2e-06 4e-06 0.9999826421340307 7e-06 3e-05 4.512376909255981 0.1 0.1 94 
-2.2256724484761556 0.0003 0.0002 0.9999963035186131 1e-06 3e-06 0.9999871641397476 7e-06 2e-05 4.5119776407877605 0.08 0.08 95 
-2.2256342728932696 0.0003 0.0002 0.9999958900610606 2e-06 3e-06 0.9999858921766281 7e-06 2e-05 4.512111500104268 0.08 0.08 96 
-2.225561466217041 0.0001 0.0001 0.9999959870179495 1e-06 2e-06 0.999983334740003 6e-06 9e-06 4.511977667808533 0.07 0.07 97 
-2.225594031016032 0.0002 0.0002 0.9999953083197276 1e-06 3e-06 0.9999854582548141 7e-06 1e-05 4.5120836480458575 0.07 0.07 98 
-2.2256760851542157 0.0003 0.0002 0.9999962866306304 2e-06 3e-06 0.9999854632218679 8e-06 2e-05 4.512087338765462 0.08 0.08 99 
