-2.2260260486602785 0.0003 0.0002 0.999990464647611 6e-06 1e-05 0.9999967354536057 2e-06 5e-06 4.51190407594045 0.07 0.07 23 
-2.226022761662801 0.0004 0.0002 0.99999087591966 6e-06 1e-05 0.9999971832831701 2e-06 4e-06 4.511791079839071 0.07 0.07 21 
-2.226022294362386 0.0004 0.0002 0.9999905798832576 6e-06 1e-05 0.9999969104925791 2e-06 5e-06 4.511908040046692 0.07 0.07 15 
-2.226019271214803 0.0004 0.0002 0.9999906639258067 7e-06 1e-05 0.999996990164121 2e-06 4e-06 4.511943322817484 0.07 0.07 57 
-2.2260300795237224 0.0003 0.0002 0.9999908401568731 6e-06 1e-05 0.9999969120820363 2e-06 5e-06 4.51186005115509 0.07 0.07 44 
-2.2260248533884686 0.0003 0.0002 0.9999904855092366 6e-06 1e-05 0.9999967378377914 2e-06 6e-06 4.511894308725993 0.07 0.07 38 
-2.2260211245218913 0.0003 0.0002 0.9999904994169871 6e-06 1e-05 0.9999970100323359 2e-06 5e-06 4.511959255536397 0.07 0.07 52 
-2.2260241317749023 0.0006 0.0003 0.9999900629123052 8e-06 2e-05 0.9999974858760834 2e-06 4e-06 4.511851353645325 0.09 0.09 71 
-2.226018342971802 0.0004 0.0002 0.999990513920784 7e-06 1e-05 0.9999965633948644 2e-06 5e-06 4.511872084935506 0.07 0.07 9 
-2.2260198243459066 0.0004 0.0002 0.9999906760454178 6e-06 1e-05 0.9999970658620199 2e-06 4e-06 4.511920046806336 0.07 0.07 62 
-2.226036027272542 0.0003 0.0002 0.9999909965197246 6e-06 1e-05 0.9999968951940537 2e-06 5e-06 4.511897149085999 0.07 0.07 31 
-2.2260355313618976 0.0005 0.0002 0.999990760286649 7e-06 1e-05 0.9999967557191849 3e-06 5e-06 4.511927328109741 0.07 0.08 76 
-2.226029170354207 0.0006 0.0003 0.9999897996584575 8e-06 1e-05 0.9999974222977956 2e-06 4e-06 4.5118730386098225 0.09 0.09 77 
-2.2260239442189533 0.0004 0.0002 0.9999908806880315 6e-06 1e-05 0.9999969712893169 2e-06 4e-06 4.511890459060669 0.07 0.07 58 
-2.226019973754883 0.0004 0.0002 0.9999904290835062 6e-06 1e-05 0.99999713520209 2e-06 4e-06 4.512012141545614 0.08 0.08 50 
-2.2260223261515297 0.0005 0.0003 0.9999901648362478 8e-06 2e-05 0.9999974010388056 2e-06 4e-06 4.511793047587076 0.09 0.09 98 
-2.2260185877482095 0.0003 0.0002 0.9999907261133194 6e-06 1e-05 0.9999968612194061 2e-06 5e-06 4.511889332135518 0.07 0.07 92 
-2.226027749379476 0.0005 0.0002 0.999990761478742 7e-06 1e-05 0.999997048775355 2e-06 4e-06 4.511924594243368 0.07 0.08 54 
-2.2260187816619874 0.0003 0.0002 0.9999904934565226 7e-06 1e-05 0.9999965679645538 3e-06 5e-06 4.511852048238119 0.07 0.07 68 
-2.226024932861328 0.0003 0.0003 0.99999070028464 6e-06 1e-05 0.9999969474474589 2e-06 5e-06 4.511771988868714 0.07 0.07 43 
