-2.2250326665242515 0.0005 0.0004 0.9999893267949422 1e-06 1e-06 0.9999682992696762 2e-05 2e-05 4.51079396088918 0.1 0.1 75 
-2.2227228705088296 0.009 0.003 0.9999800799290339 1e-05 4e-05 0.9999402350187302 5e-05 8e-05 4.509561567306519 0.3 0.3 67 
-2.223296200434367 0.004 0.001 0.9999795643488566 1e-05 4e-05 0.9999772808949152 1e-05 2e-05 4.510473093986511 0.09 0.09 106 
-2.2233603127797443 0.001 0.0009 0.9999880532423655 4e-06 1e-05 0.9999550175666809 2e-05 3e-05 4.505498156547547 0.1 0.1 87 
-2.223359088897705 0.004 0.001 0.999979563554128 9e-06 4e-05 0.9999864645799001 8e-06 2e-05 4.509946292241414 0.1 0.1 53 
-2.22308819770813 0.002 0.0009 0.9999760997295379 7e-06 2e-05 0.9999706055720647 1e-05 1e-05 4.510513113339742 0.1 0.1 15 
-2.2248739337921144 0.0007 0.0005 0.9999920469522476 2e-06 3e-06 0.9995672601461411 1e-05 1e-05 4.5131898117065425 0.09 0.09 50 
-2.2233737341562905 0.002 0.001 0.9999757560094198 7e-06 9e-06 0.9999886415402095 5e-06 9e-06 4.509189995129903 0.1 0.1 142 
-2.224726473490397 0.002 0.001 0.9999848508834839 7e-06 1e-05 0.9999812088410059 7e-06 1e-05 4.511732641855875 0.1 0.1 58 
-2.222713441848755 0.004 0.002 0.9999765235185624 1e-05 5e-05 0.9999705259005228 2e-05 3e-05 4.509505044619242 0.09 0.09 57 
-2.2221640173594155 0.003 0.001 0.9999655169248581 1e-05 3e-05 0.999975339571635 7e-06 2e-05 4.508969693183899 0.1 0.1 36 
-2.224052158991496 0.0005 0.0003 0.9999835952123006 3e-06 3e-06 0.9999791236718496 8e-06 2e-05 4.510719985961914 0.1 0.1 140 
-2.222113202412923 0.002 0.0009 0.9999485685427983 9e-06 1e-05 0.9999282654126486 2e-05 3e-05 4.503245236078898 0.2 0.2 141 
-2.2230414231618245 0.0004 0.0005 0.99997622748216 5e-06 6e-06 0.9999675778547923 1e-05 2e-05 4.507931286493937 0.1 0.1 126 
-2.222728443145752 0.003 0.002 0.999977235198021 9e-06 2e-05 0.999963188568751 1e-05 2e-05 4.508043104807536 0.2 0.2 68 
-2.2247502930959064 0.003 0.001 0.9999879809220632 4e-06 6e-06 0.9999582278728485 3e-05 0.0001 4.50961094379425 0.2 0.2 37 
-2.223889430363973 0.0007 0.0004 0.9999854640165965 4e-06 4e-06 0.9999660609165827 2e-05 3e-05 4.5095682064692175 0.1 0.1 145 
-2.2249069023132324 0.002 0.0008 0.9999891895055771 3e-06 7e-06 0.9999699858824412 3e-05 0.0001 4.511386111577352 0.1 0.1 110 
-2.2221398067474367 0.0009 0.0009 0.9999610664447148 9e-06 1e-05 0.9999760419130326 7e-06 2e-05 4.510459990501404 0.2 0.2 82 
-2.222101484934489 0.0003 0.0002 0.9999762497345607 2e-06 1e-06 0.9999401293198268 9e-06 2e-05 4.50739281018575 0.1 0.1 89 
