-2.1742952919006346 0.02 0.02 0.9998077509800593 7e-05 0.0001 0.9994400022427241 0.0002 0.0003 4.485247623920441 0.8 0.9 0 
-2.2178952217102053 0.007 0.005 0.9999566930532455 1e-05 1e-05 0.9998358841737112 0.0001 0.0002 4.508343532880147 0.3 0.3 1 
-1.5258359305063884 0.2 0.1 0.9884697320063909 0.007 0.01 0.8369209507107734 0.09 0.3 4.7068559495608016 4.0 2.0 2 
-2.1839228216807047 0.02 0.01 0.9998806232213974 6e-05 0.0001 0.9995464100440343 0.0002 0.0002 4.489743736584981 0.7 0.8 3 
-2.1880988279978433 0.02 0.01 0.9998894051710765 5e-05 9e-05 0.9995654054482778 0.0002 0.0002 4.490410735607147 0.6 0.7 4 
-2.2181578985850017 0.007 0.006 0.9999581217765808 8e-06 9e-06 0.9998347592353821 0.0001 0.0002 4.508641742070516 0.3 0.3 5 
-1.5281168174743653 0.7 0.2 0.9842147920529047 0.01 0.03 0.7387087616324425 0.2 0.3 5.471127351125081 7.0 3.0 6 
-2.220313440958659 0.001 0.001 0.9999634337425232 6e-06 9e-06 0.9999424088001251 1e-05 2e-05 4.508876730600993 0.1 0.1 7 
-2.051503241856893 0.04 0.03 0.9991498643159866 0.0003 0.0005 0.995105801820755 0.0009 0.001 4.426959280967712 1.0 1.0 8 
-2.210510238011678 0.04 0.006 0.9998822808265686 5e-05 4e-05 0.9994064207871755 0.0004 0.001 4.487225983142853 0.3 0.5 9 
-2.1777927271525064 0.01 0.01 0.9998826048771541 6e-05 9e-05 0.9993019239107768 0.0002 0.0002 4.489038144747417 0.8 0.8 10 
-2.2171732870737713 0.007 0.005 0.9999349762996038 1e-05 1e-05 0.9998404157161712 0.0001 0.0002 4.507208754221598 0.4 0.3 11 
-2.1894414806365967 0.05 0.02 0.9999423638979594 2e-05 3e-05 0.9987465284268061 0.0006 0.002 4.488634912967682 0.6 0.6 12 
-1.5807645479838053 0.7 0.2 0.9894602994124094 0.009 0.03 0.7950201363364855 0.2 0.6 5.171020758946737 9.0 3.0 13 
-1.8483966445922853 0.2 0.1 0.9961899103720983 0.002 0.005 0.9755312403043112 0.01 0.03 4.397488748232524 3.0 2.0 14 
-1.6085707505544027 1.0 0.2 0.9899763498703639 0.007 0.02 0.8750866878032685 0.09 0.3 4.626956974665324 4.0 1.0 15 
-2.1559338251749676 0.04 0.02 0.9997682229677836 9e-05 0.0002 0.9991807250181833 0.0003 0.0005 4.476902097860972 0.9 1.0 16 
-1.5346773020426432 0.7 0.2 0.9872601876656214 0.01 0.03 0.7172432625293732 0.2 0.4 5.774318070411682 10.0 3.0 17 
-2.19393279393514 0.02 0.01 0.9998838452498118 4e-05 9e-05 0.9996125217278798 0.0002 0.0003 4.489744247595469 0.6 0.7 18 
-2.1986415576934815 0.009 0.008 0.9999211883544922 3e-05 5e-05 0.99965989112854 0.0002 0.0002 4.495578973293305 0.6 0.6 19 
-2.1963188298543295 0.01 0.01 0.999912868142128 4e-05 7e-05 0.9996172630786896 0.0002 0.0002 4.496406346162161 0.6 0.6 20 
-2.168489106496175 0.03 0.02 0.9998338349660237 7e-05 0.0002 0.9993292357524236 0.0002 0.0004 4.480725118319193 0.8 1.0 21 
-1.600365883509318 0.7 0.1 0.9912529182434082 0.005 0.02 0.9254337314764659 0.02 0.2 4.345321847995122 8.0 3.0 22 
-2.184793930053711 0.02 0.01 0.9998857271671295 5e-05 0.0001 0.9995584944883983 0.0002 0.0002 4.490093093713124 0.7 0.8 23 
-2.18344438234965 0.03 0.01 0.9998624920845032 6e-05 0.0001 0.9995183215538661 0.0002 0.0002 4.4837219913800554 0.7 0.8 24 
-1.506356153488159 0.8 0.2 0.986840414206187 0.01 0.03 0.7743669168154399 0.1 0.4 5.122905414104462 7.0 3.0 25 
-2.1731327692667644 0.03 0.02 0.9998521407445272 7e-05 0.0002 0.9994036297003428 0.0002 0.0003 4.480702480475108 0.8 0.9 26 
-2.218304967880249 0.01 0.006 0.9999567552407582 9e-06 2e-05 0.9997924288113912 0.0002 0.0004 4.509098755518595 0.4 0.4 27 
-2.1824059836069742 0.02 0.01 0.999876796801885 6e-05 0.0001 0.9995831547180811 0.0002 0.0002 4.488051034609477 0.7 0.8 28 
-1.5915816243489582 0.6 0.2 0.9871181299289068 0.01 0.05 0.8767704363663992 0.09 0.4 4.617387924194336 4.0 3.0 29 
-2.1715916951497394 0.0005 0.0005 0.9997720708449681 5e-05 5e-05 0.9998164006074269 3e-05 3e-05 4.477866546312968 0.1 0.1 30 
-2.149684165318807 0.03 0.02 0.9997318116823832 0.0001 0.0002 0.9991463154554368 0.0004 0.0006 4.4755230402946475 1.0 1.0 31 
-2.181451040903727 0.02 0.01 0.9998682065804799 7e-05 0.0001 0.9994086164236069 0.0002 0.0002 4.487847804228465 0.8 0.8 32 
-2.189611155192057 0.01 0.01 0.9999203739563624 5e-05 7e-05 0.9995720956722896 0.0002 0.0002 4.495120258331299 0.7 0.7 33 
-2.223118092219035 0.005 0.002 0.9999742647012074 8e-06 2e-05 0.9999571047226588 2e-05 6e-05 4.510511132876078 0.2 0.2 34 
-2.17561185836792 0.02 0.02 0.999794570406278 6e-05 0.0001 0.9993997790416081 0.0002 0.0003 4.485554099082947 0.8 0.9 35 
-2.189956401189168 0.02 0.01 0.9998402025302251 5e-05 0.0001 0.9995194425185522 0.0002 0.0002 4.491074021657308 0.6 0.7 36 
-2.1826375198364256 0.02 0.01 0.9998808417717616 6e-05 0.0001 0.9995210832357406 0.0002 0.0002 4.490053587754567 0.7 0.8 37 
-1.9700724188486736 0.1 0.03 0.9983081903060277 0.0006 0.002 0.9927069131533305 0.002 0.003 4.380843732357025 1.0 1.0 38 
-2.1897219721476238 0.01 0.01 0.9999047378698985 4e-05 7e-05 0.9995516673723857 0.0002 0.0002 4.49107813278834 0.7 0.7 39 
-1.4856620502471924 0.6 0.2 0.9844246405363083 0.01 0.03 0.6853950687249502 0.2 0.4 6.003766045570374 9.0 3.0 40 
-1.4728230762481689 0.8 0.2 0.9778499130407969 0.02 0.06 0.688271601398786 0.2 0.4 5.842087341149648 8.0 3.0 41 
-2.222084051767985 0.01 0.003 0.9999767736593882 2e-05 3e-05 0.9998442335923513 0.0001 0.0003 4.5075443728764855 0.2 0.3 42 
-1.3240856917699177 1.0 0.3 0.9768417282899221 0.01 0.05 0.6886446678141753 0.2 0.5 6.103777551651001 20.0 3.0 43 
-1.559439172744751 0.6 0.2 0.9874508772293726 0.01 0.02 0.7920370065172513 0.2 0.5 5.165332452456156 7.0 3.0 44 
-2.2250824292500813 0.001 0.001 0.99999438504378 4e-06 1e-05 0.9999805921316147 2e-05 5e-05 4.511619620323181 0.2 0.2 45 
-2.2204543272654216 0.01 0.004 0.999932730793953 4e-05 0.0001 0.9997475387652716 0.0002 0.0007 4.505863726933797 0.2 0.2 46 
-2.1880325190226237 0.01 0.01 0.9998999323447545 5e-05 7e-05 0.9995431168874105 0.0002 0.0002 4.493566931088766 0.7 0.7 47 
-2.163999115626017 0.03 0.02 0.9998108108838399 8e-05 0.0002 0.9993515612681707 0.0003 0.0004 4.4813584955533345 0.8 1.0 48 
-1.635421797434489 0.7 0.2 0.9916326181093852 0.006 0.01 0.9283453374107679 0.04 0.5 4.44204345146815 9.0 3.0 49 
-2.190226484934489 0.02 0.01 0.9999026411771774 5e-05 0.0001 0.9995604830980301 0.0002 0.0003 4.48824311653773 0.6 0.8 50 
-2.2250532341003417 0.0008 0.0006 0.9999693083763123 4e-06 7e-06 0.9999900768200557 6e-06 9e-06 4.51104922135671 0.1 0.1 51 
-2.172474234898885 0.02 0.02 0.9998391399780909 7e-05 0.0001 0.9994458719094594 0.0002 0.0003 4.4825937740008035 0.8 0.9 52 
-2.2004966640472414 0.01 0.008 0.9999244312445322 3e-05 5e-05 0.999653004805247 0.0002 0.0002 4.497374788920085 0.5 0.6 53 
-2.22386994043986 0.001 0.0009 0.9999707619349162 6e-06 1e-05 0.999967544277509 2e-05 4e-05 4.510601104100545 0.2 0.2 54 
-1.5111352030436198 0.8 0.2 0.9848689963420232 0.01 0.04 0.7868659525116285 0.1 0.4 5.0653398013114925 7.0 3.0 55 
-1.480587682723999 0.5 0.2 0.9845218282938003 0.01 0.04 0.7254824927449226 0.2 0.4 5.630983771483104 10.0 3.0 56 
-2.2243457063039145 0.003 0.001 0.9999695654710133 6e-06 2e-05 0.9999616519610087 2e-05 6e-05 4.511047418912252 0.1 0.1 57 
-1.4894496599833171 0.6 0.2 0.9818252742290496 0.02 0.05 0.7228937379519145 0.2 0.5 5.5911806186040245 10.0 3.0 58 
-1.5006562328338624 0.8 0.2 0.9837231985727946 0.01 0.04 0.8241417828202248 0.1 0.4 4.803601956367492 6.0 3.0 59 
-1.609049030939738 0.4 0.1 0.990075228214264 0.007 0.02 0.9279476422071457 0.04 0.4 4.41251602490743 6.0 3.0 60 
-2.177753912607829 0.03 0.02 0.9998609175284704 6e-05 0.0001 0.9993904485305151 0.0002 0.0003 4.486036290327708 0.7 0.9 61 
-1.5284866015116374 0.7 0.2 0.987581629951795 0.009 0.02 0.7911459071437518 0.1 0.4 5.051068590482076 6.0 3.0 62 
-1.514632552464803 0.7 0.2 0.9807623370488485 0.02 0.05 0.7328467952211698 0.2 0.4 5.405521218776703 8.0 3.0 63 
-2.1840073426564532 0.0008 0.0008 0.999843839208285 4e-05 4e-05 0.9998411552111308 1e-05 1e-05 4.485919677416484 0.1 0.1 64 
-1.5094772243499757 0.9 0.2 0.9875885101159414 0.008 0.02 0.7509803957740466 0.2 0.5 5.462795296510061 9.0 3.0 65 
-2.1919923210144043 0.02 0.01 0.9999038447936376 4e-05 8e-05 0.9996132407585779 0.0002 0.0002 4.491717073917389 0.6 0.7 66 
-2.1795109113057456 0.03 0.02 0.9998646362622579 6e-05 0.0001 0.9994537482659022 0.0002 0.0003 4.485342309474945 0.7 0.9 67 
-1.8139219538370768 0.04 0.03 0.9959140437841415 0.002 0.002 0.9822603066762289 0.004 0.004 4.2974467094739275 2.0 1.0 68 
-1.6099200948079426 0.8 0.2 0.9904823333024979 0.007 0.01 0.8860004939635595 0.07 0.4 4.562385899225871 5.0 1.0 69 
-2.216909074783325 0.01 0.005 0.9999637273947398 1e-05 3e-05 0.9996235809723536 0.0003 0.0007 4.507446335156758 0.3 0.3 70 
-1.7153403600056967 0.04 0.04 0.9940573394298553 0.001 0.002 0.9969234772523244 0.0002 0.0002 4.165848961671194 0.6 0.5 71 
-1.9455354658762614 0.1 0.05 0.9976064268747965 0.001 0.003 0.9922855989138285 0.001 0.002 4.351686906019847 1.0 1.0 72 
-2.182117201487223 0.01 0.01 0.9998902662595113 5e-05 9e-05 0.9995055290063223 0.0002 0.0002 4.490204843680064 0.7 0.8 73 
-1.709309180577596 0.04 0.02 0.9934263279040655 0.004 0.006 0.9630176055431366 0.01 0.01 4.291222101052602 2.0 1.0 74 
-2.220104004542033 0.001 0.0009 0.9999760697285335 6e-06 8e-06 0.9999276280403138 1e-05 2e-05 4.508302885691325 0.1 0.1 75 
-1.6046694978078206 0.3 0.1 0.9889973082145055 0.009 0.02 0.9193037988742193 0.04 0.1 4.353002177874247 2.0 2.0 76 
-2.2207152144114177 0.007 0.004 0.9999393540620803 8e-06 1e-05 0.9998519855737686 0.0001 0.0002 4.509717472394308 0.3 0.3 77 
-2.192270533243815 0.01 0.01 0.9999017794926961 4e-05 6e-05 0.9996207157770792 0.0002 0.0002 4.492939671675364 0.6 0.7 78 
-2.2035747559865317 0.005 0.004 0.9999467655022939 3e-05 4e-05 0.9997254433234533 0.0001 0.0001 4.497757145563761 0.5 0.5 79 
-1.5834973684946696 0.8 0.2 0.9878447117408117 0.009 0.03 0.8300636957089106 0.1 0.3 4.784186975955963 4.0 2.0 80 
-2.192542486190796 0.01 0.01 0.9999076535304388 4e-05 6e-05 0.9996084465583166 0.0002 0.0002 4.493301028410594 0.6 0.6 81 
-1.5946221701304117 0.5 0.1 0.9895523178577423 0.008 0.02 0.8515970502297083 0.1 0.4 4.772560077905655 5.0 3.0 82 
-1.5601646836598715 0.8 0.2 0.989388588865598 0.008 0.02 0.7759512450297673 0.2 0.4 5.196783569653829 6.0 3.0 83 
-1.5426675287882488 0.7 0.2 0.9861496293544769 0.01 0.03 0.766326633344094 0.2 0.5 5.330375983715057 10.0 3.0 84 
-2.1637435150146485 0.02 0.02 0.9998022190729777 8e-05 0.0001 0.9994333571195603 0.0003 0.0004 4.484231770038605 0.9 1.0 85 
-2.1722781244913736 0.02 0.01 0.9998174824317296 6e-05 0.0001 0.9990966359774271 0.0003 0.0002 4.481936587492625 0.8 0.8 86 
-2.218764190673828 0.008 0.006 0.9999660825729371 5e-06 7e-06 0.9997592264413834 0.0001 0.0002 4.508902738889058 0.3 0.3 87 
-1.5133760515848795 0.9 0.2 0.9838890637954076 0.01 0.04 0.8110206955671311 0.1 0.5 4.902882860501607 7.0 2.0 88 
-2.189583435058594 0.01 0.01 0.9998976767063141 5e-05 7e-05 0.9995963857571284 0.0002 0.0002 4.490930716196696 0.7 0.7 89 
-2.2143264611562095 0.01 0.009 0.9999411495526632 1e-05 2e-05 0.9997486120462418 0.0002 0.0003 4.511543041865031 0.5 0.5 90 
-2.1826058705647786 0.01 0.01 0.9999021625518799 5e-05 8e-05 0.9995044469833374 0.0002 0.0002 4.488717657725016 0.7 0.8 91 
-2.1073646640777586 0.04 0.03 0.999652251402537 0.0002 0.0002 0.9946680333216985 0.0007 0.001 4.440834885438283 0.7 0.7 92 
-2.1715762710571287 0.02 0.02 0.9998156772057215 8e-05 0.0002 0.9994266831874847 0.0002 0.0003 4.483590638637542 0.8 0.9 93 
-2.180068807601929 0.02 0.02 0.9998769078652064 6e-05 0.0001 0.9994667575756708 0.0002 0.0003 4.4881986530621845 0.8 0.9 94 
-1.5132745265960694 0.9 0.2 0.9826600801944733 0.01 0.05 0.7658098286390305 0.2 0.6 5.258533244927724 7.0 3.0 95 
-1.5559259510040284 0.8 0.2 0.9884815549850464 0.009 0.03 0.7948726668953896 0.1 0.6 5.097525356610616 9.0 3.0 96 
-1.6811710675557454 0.03 0.03 0.9927479455868403 0.003 0.003 0.9553914997975032 0.006 0.006 4.2932104182243345 1.0 1.0 97 
-2.1935706265767414 0.02 0.01 0.9998997366428375 4e-05 6e-05 0.9993496958414714 0.0002 0.0003 4.492791937192281 0.6 0.7 98 
-2.1694625091552733 0.03 0.02 0.9998346892992656 7e-05 0.0002 0.9993668625752131 0.0002 0.0003 4.482169706821441 0.8 1.0 99 
