-2.2244002342224123 0.002 0.0009 0.9999759525060654 6e-06 1e-05 0.9999761124451955 2e-05 4e-05 4.5113935407002765 0.1 0.1 77 
-2.2249460220336914 0.002 0.0008 0.9999727902809779 6e-06 1e-05 0.9999859513839086 9e-06 2e-05 4.511730896631876 0.1 0.1 84 
-2.22480624516805 0.0002 0.0002 0.999975941379865 1e-06 2e-06 0.9999865033229192 6e-06 9e-06 4.511605776151021 0.1 0.1 72 
-2.223720277150472 0.004 0.002 0.999969482421875 7e-06 2e-05 0.9999522334337234 3e-05 7e-05 4.511247571309408 0.2 0.2 97 
-2.22513601620992 0.002 0.0008 0.9999903353055318 4e-06 6e-06 0.9999627727270126 3e-05 6e-05 4.511786155700683 0.2 0.2 33 
-2.2251320330301922 0.002 0.0008 0.9999762157599131 5e-06 1e-05 0.9999837277332941 9e-06 3e-05 4.5116032075881956 0.2 0.2 39 
-2.2251643721262613 0.002 0.0008 0.999988277554512 4e-06 6e-06 0.9999682766199112 2e-05 3e-05 4.511597838401794 0.1 0.1 54 
-2.224469347000122 0.002 0.0009 0.9999717432260513 7e-06 2e-05 0.9999761382738749 1e-05 5e-05 4.511463165283203 0.2 0.2 56 
-2.2249942016601563 0.002 0.0009 0.9999673759937286 6e-06 8e-06 0.9999741862217585 2e-05 4e-05 4.511347284317017 0.2 0.2 11 
-2.2250613244374593 0.001 0.0007 0.9999928317467371 4e-06 1e-05 0.9999816662073135 9e-06 3e-05 4.511590669949849 0.1 0.1 2 
-2.2244116751352947 0.001 0.0007 0.9999756968021393 4e-06 9e-06 0.9999748267730078 2e-05 3e-05 4.51149022102356 0.1 0.1 63 
-2.224836928049723 0.001 0.0007 0.9999748375018438 5e-06 1e-05 0.9999822505315145 1e-05 2e-05 4.511631258328756 0.1 0.1 7 
-2.224593467712402 0.0007 0.0005 0.9999706389506658 4e-06 6e-06 0.9999812678496043 1e-05 2e-05 4.511591738065084 0.1 0.1 20 
-2.2243367067972817 0.003 0.001 0.9999722015857696 7e-06 3e-05 0.9999694496393203 3e-05 8e-05 4.511402947107951 0.2 0.2 27 
-2.224718964894613 0.002 0.0007 0.9999705255031586 5e-06 1e-05 0.9999769965807597 1e-05 2e-05 4.512048834164937 0.1 0.1 51 
-2.224735612869263 0.001 0.0006 0.9999714914957682 4e-06 1e-05 0.9999816147486369 9e-06 2e-05 4.511724543571472 0.1 0.1 79 
-2.2250305779774986 0.003 0.001 0.9999901521205902 3e-06 9e-06 0.9999787596861521 1e-05 4e-05 4.511632005373637 0.2 0.2 49 
-2.224386475880941 0.005 0.002 0.9999696725606918 6e-06 9e-06 0.9999774368604024 2e-05 7e-05 4.511939783096313 0.2 0.2 86 
-2.2250399748484293 0.002 0.0008 0.9999754037459692 5e-06 2e-05 0.9999838175376257 1e-05 3e-05 4.511814621289571 0.2 0.2 60 
-2.2247496859232583 0.001 0.0008 0.9999683370192846 5e-06 2e-05 0.9999845270315806 1e-05 2e-05 4.511981735229492 0.1 0.1 3 
