-2.223028230667114 0.007 0.003 0.9998952205975851 2e-05 4e-05 0.9999711958567301 9e-06 3e-05 4.521946500142415 0.09 0.09 2 
-2.2202082856496177 0.004 0.002 0.9998574032386144 3e-05 0.0001 0.9999053859710694 4e-05 0.0001 4.524357166290283 0.1 0.1 10 
-2.226208782196045 0.0006 0.0003 0.9999949526786804 2e-06 5e-06 0.9999932205677032 4e-06 1e-05 4.512923073768616 0.05 0.05 12 
-2.226276578903198 9e-05 5e-05 0.9999978572130204 2e-06 4e-06 0.9999968808889389 6e-07 6e-07 4.512046054204305 0.04 0.04 14 
-2.225862169265747 0.002 0.0005 0.9999940240383148 4e-06 2e-05 0.9999796545505524 9e-06 2e-05 4.512117772102356 0.1 0.08 15 
-2.2260381539662677 0.0005 0.0003 0.9999919998645782 5e-06 1e-05 0.9999925220012664 6e-06 2e-05 4.51193776289622 0.06 0.06 18 
-2.226148738861084 0.0009 0.0002 0.9999954320987066 3e-06 9e-06 0.9999953170617422 2e-06 7e-06 4.51224825223287 0.07 0.09 30 
-2.225612964630127 0.003 0.0007 0.9999686030546824 6e-06 2e-05 0.9999868480364481 5e-06 2e-05 4.515150950749715 0.1 0.1 46 
-2.225684083302816 0.003 0.0007 0.9999670896927516 3e-05 5e-05 0.9999892616271973 9e-06 2e-05 4.512490166028341 0.1 0.09 52 
-2.220555305480957 0.005 0.003 0.9998910758892695 3e-05 5e-05 0.9995310193300248 6e-05 0.0003 4.517693909009298 0.2 0.2 55 
-2.2236586729685466 0.006 0.002 0.9999156967798869 1e-05 3e-05 0.9999767617384593 2e-05 8e-05 4.517374459902445 0.2 0.2 62 
-2.2260134824117026 0.0008 0.0005 0.9999901250998179 4e-06 9e-06 0.9999936221043269 3e-06 6e-06 4.5127482382456465 0.07 0.07 69 
-2.2257920837402345 0.002 0.0006 0.9999932422240575 5e-06 3e-05 0.9999862962961197 1e-05 6e-05 4.511740899085998 0.1 0.1 73 
-2.2262430318196613 0.001 0.0003 0.9999968858559927 2e-06 6e-06 0.9999939580758412 4e-06 1e-05 4.5122495492299395 0.06 0.06 80 
-2.2259315999348956 0.0009 0.0003 0.9999841928482056 1e-05 3e-05 0.9999871822198232 7e-06 1e-05 4.511500913302104 0.09 0.09 81 
-2.225564695994059 0.002 0.0007 0.9999860924482346 1e-05 4e-05 0.9999795993169148 9e-06 4e-05 4.512312294642131 0.09 0.09 82 
-2.2256691551208494 0.001 0.0007 0.9999933721621831 5e-06 1e-05 0.999986935655276 7e-06 2e-05 4.511637217203776 0.08 0.09 84 
-2.224915637969971 0.004 0.001 0.999958726366361 3e-05 7e-05 0.9999847515424093 1e-05 2e-05 4.512154364585877 0.06 0.07 93 
-2.225282907485962 0.001 0.0004 0.9998238907257716 0.0001 0.0003 0.9999882346391678 5e-06 1e-05 4.52361889521281 0.04 0.04 97 
