-2.2241174761454263 0.008 0.002 0.9999916650851568 8e-06 2e-05 0.9999851363897324 1e-05 8e-05 4.511020251909891 0.2 0.2 16 
-2.224108689626058 0.004 0.001 0.9999916076660156 4e-06 9e-06 0.9999857121706008 1e-05 0.0001 4.510852559407552 0.2 0.2 0 
-2.2241594696044924 0.01 0.002 0.9999912462631861 8e-06 4e-05 0.9999863630533219 1e-05 0.0001 4.5111072619756065 0.2 0.2 31 
-2.224136110941569 0.007 0.001 0.9999914332230886 6e-06 3e-05 0.9999860733747482 1e-05 9e-05 4.511077651977539 0.2 0.2 47 
-2.2240592288970946 0.007 0.002 0.9999913527568182 8e-06 2e-05 0.9999817126989364 1e-05 7e-05 4.510748745600383 0.2 0.2 80 
-2.22412792523702 0.007 0.002 0.9999919706583023 7e-06 2e-05 0.9999852528174719 1e-05 0.0001 4.510938935279846 0.2 0.2 6 
-2.224166679382324 0.005 0.002 0.9999803767601649 6e-06 3e-05 0.9999866495529811 1e-05 8e-05 4.5112430334091185 0.2 0.2 48 
-2.2241194661458334 0.008 0.002 0.9999917115767797 7e-06 5e-05 0.9999863648414612 1e-05 9e-05 4.510737387339274 0.2 0.2 5 
-2.2241392103830973 0.01 0.002 0.9999801017840704 8e-06 5e-05 0.9999860298633575 1e-05 0.0001 4.5112934525807695 0.2 0.2 17 
-2.2241094303131104 0.007 0.002 0.9999912246068319 8e-06 2e-05 0.9999851284424464 1e-05 8e-05 4.511114549636841 0.2 0.2 61 
-2.224153378804525 0.008 0.002 0.9999804002046585 7e-06 4e-05 0.999986372590065 1e-05 9e-05 4.510978945096334 0.2 0.2 25 
-2.2241067345937093 0.006 0.002 0.9999912937482198 7e-06 2e-05 0.9999852806329728 1e-05 7e-05 4.5111526123682655 0.2 0.2 98 
-2.2242033195495607 0.005 0.002 0.9999914155403773 7e-06 3e-05 0.9999853761990866 1e-05 7e-05 4.511367301940918 0.2 0.2 44 
-2.2242019176483154 0.003 0.001 0.9999926716089249 4e-06 7e-06 0.9999867552518844 1e-05 8e-05 4.510862051645915 0.2 0.2 21 
-2.2240678151448567 0.006 0.002 0.9999910205602646 8e-06 2e-05 0.9999844048420589 1e-05 6e-05 4.510746499697367 0.2 0.2 43 
-2.2241801293691 0.006 0.002 0.9999918993314107 7e-06 3e-05 0.9999859821796417 1e-05 8e-05 4.510959404309591 0.2 0.2 58 
-2.224149398803711 0.01 0.002 0.9999921770890554 7e-06 4e-05 0.9999854558706284 1e-05 8e-05 4.510981208483378 0.2 0.2 66 
-2.2240889581044514 0.003 0.002 0.9999922547737757 6e-06 1e-05 0.9999850896994272 1e-05 9e-05 4.510502595901489 0.2 0.2 3 
-2.224275935490926 0.003 0.0009 0.9999930210908254 4e-06 7e-06 0.9999870584408442 1e-05 6e-05 4.511304931640625 0.2 0.2 77 
-2.2244724305470784 0.006 0.002 0.9999801389376323 8e-06 3e-05 0.9999865525960923 1e-05 6e-05 4.511307911872864 0.2 0.2 89 
