-2.226049550374349 2e-05 3e-05 0.999991107583046 2e-06 2e-06 0.99999784608682 5e-07 2e-06 4.5125533358256025 0.08 0.08 33 
-2.22597456296285 0.0002 9e-05 0.9999854332208633 2e-06 2e-06 0.9999966929356258 4e-07 4e-07 4.512838317553203 0.08 0.08 0 
-2.2246598466237386 0.002 0.0009 0.9999854147434235 7e-06 1e-05 0.9999857139587403 1e-05 2e-05 4.5120693890253705 0.1 0.1 79 
-2.2227448813120523 0.003 0.002 0.9999717173973719 1e-05 2e-05 0.9999571998914083 4e-05 0.0001 4.511377104123434 0.1 0.1 82 
-2.221552578608195 0.003 0.002 0.9999762723843256 1e-05 2e-05 0.9998713737726211 0.0001 0.0002 4.509616626103719 0.2 0.2 52 
-2.2239406617482502 0.002 0.001 0.9999891904989878 5e-06 1e-05 0.9999398022890091 6e-05 0.0002 4.511219871838888 0.1 0.1 41 
-2.22584410349528 6e-05 8e-05 0.9999878931045533 2e-06 2e-06 0.9999970177809397 4e-07 4e-07 4.5126693884531655 0.09 0.09 3 
-2.2239061705271403 0.003 0.001 0.9999858017762502 6e-06 1e-05 0.9999794751405716 2e-05 0.0001 4.511402765909831 0.1 0.1 122 
-2.2258230368296306 0.03 0.0005 0.9999806702136993 6e-06 2e-05 0.9999972887833913 1e-06 3e-06 4.513353870709737 0.1 0.1 4 
-2.22225310643514 0.005 0.003 0.9999676607052486 2e-05 4e-05 0.9999494588375092 5e-05 0.0002 4.510788550376892 0.2 0.2 46 
-2.221521511077881 0.003 0.003 0.9999751323461532 1e-05 2e-05 0.9999265060822169 7e-05 0.0001 4.509848628044129 0.1 0.1 55 
-2.2244205220540363 0.002 0.0007 0.9999735470612844 6e-06 9e-06 0.9999856819709142 1e-05 3e-05 4.51224517027537 0.1 0.1 140 
-2.225660177866618 0.0002 0.0001 0.9999814593791961 4e-06 5e-06 0.9999956844250361 1e-06 2e-06 4.513074855804444 0.1 0.1 77 
-2.222823305130005 0.003 0.002 0.9999659236272176 1e-05 2e-05 0.9999594227472941 3e-05 0.0001 4.511458045641581 0.1 0.1 30 
-2.2258517011006673 3e-05 3e-05 0.9999746529261271 2e-06 2e-06 0.9999968101580937 3e-07 3e-07 4.513170069058736 0.09 0.09 108 
-2.224785057703654 0.001 0.0006 0.9999869344631831 5e-06 7e-06 0.9999893124898275 9e-06 1e-05 4.5119734462102254 0.09 0.09 96 
-2.225588893890381 0.0003 0.0002 0.9999900285402934 4e-06 5e-06 0.9999967906872431 1e-06 2e-06 4.512620514233907 0.1 0.1 98 
-2.2259259192148844 3e-05 3e-05 0.9999872038761775 2e-06 2e-06 0.9999967710177103 8e-07 9e-07 4.512871090571085 0.08 0.08 142 
-2.2260044479370116 3e-05 3e-05 0.9999846901496251 1e-06 1e-06 0.9999975695212682 2e-07 3e-07 4.512707463900248 0.08 0.08 25 
-2.226125415166219 0.0002 0.0001 0.9999944716691971 1e-06 2e-06 0.9999984536568324 4e-07 5e-07 4.512611482938131 0.08 0.08 20 
