-2.223540948232015 0.004 0.002 0.9999738482634226 1e-05 5e-05 0.9999407945076625 4e-05 0.0001 4.512126363118489 0.3 0.3 0 
-2.2089224179585774 0.02 0.008 0.9998309300343196 5e-05 0.0001 0.999504804611206 0.0004 0.0007 4.5113046058019 0.5 0.5 1 
-2.217693602244059 0.005 0.003 0.9999241834878921 3e-05 6e-05 0.999768735965093 8e-05 0.0002 4.511246269543966 0.3 0.3 2 
-2.21909410794576 0.004 0.003 0.9998871276775996 4e-05 4e-05 0.999865070382754 3e-05 5e-05 4.514433886210123 0.2 0.2 3 
-2.2211379369099933 0.005 0.002 0.9999346979459127 3e-05 9e-05 0.9998214554786682 7e-05 9e-05 4.511781249046326 0.2 0.2 4 
-2.221040913263957 0.005 0.002 0.9998814107974371 6e-05 0.0002 0.9997178719441095 4e-05 7e-05 4.513389916419983 0.2 0.2 5 
-2.2197483094533283 0.005 0.002 0.9999141081174214 3e-05 4e-05 0.9998370188474656 6e-05 0.0001 4.514339973131816 0.2 0.2 6 
-2.2249383481343585 0.002 0.0009 0.9999731242656708 8e-06 1e-05 0.999960952202479 1e-05 3e-05 4.513881843884786 0.2 0.2 7 
-2.212155354817708 0.02 0.01 0.9997226202487945 0.0001 0.0002 0.9997160764535268 0.0002 0.0009 4.518170480728149 0.4 0.4 10 
-2.22130916595459 0.001 0.0009 0.999944073955218 1e-05 2e-05 0.9998974665006002 3e-05 6e-05 4.512901185353597 0.2 0.2 11 
-2.224174836476644 0.002 0.001 0.9999619919061661 2e-05 3e-05 0.9999628684918086 2e-05 2e-05 4.514551127751668 0.2 0.2 12 
-2.211062005360921 0.008 0.004 0.9998244335254033 0.0001 0.0004 0.9999168221155802 4e-05 0.0001 4.507064922650655 0.3 0.3 13 
-2.2200435066223143 0.01 0.004 0.9998840687672297 7e-05 0.0002 0.9997685178120931 0.0001 0.0004 4.513400120735168 0.3 0.3 14 
-2.218641160329183 0.007 0.004 0.9998719090223313 7e-05 0.0001 0.9998466231425603 8e-05 0.0002 4.512262223561605 0.3 0.3 15 
-2.2166496086120606 0.006 0.003 0.9998218856255213 8e-05 0.0003 0.9997630256414414 0.0001 0.0002 4.514051992098491 0.3 0.3 17 
-2.217836726506551 0.01 0.005 0.9998800396919251 6e-05 7e-05 0.9997376038630803 0.0002 0.0004 4.511568195025126 0.3 0.3 18 
-2.22084241549174 0.003 0.002 0.9999420660734176 2e-05 2e-05 0.9998812965552012 8e-05 0.0002 4.51231396039327 0.2 0.2 19 
-2.2166011206309 0.004 0.002 0.9999340917666754 2e-05 4e-05 0.9996646010875702 5e-05 7e-05 4.510907003084818 0.2 0.2 22 
-2.214666223526001 0.01 0.007 0.9998882383108139 3e-05 0.0001 0.9997129952907562 0.0002 0.0003 4.5089515209197994 0.4 0.4 23 
-2.2208693758646647 0.006 0.003 0.9999540474017461 2e-05 5e-05 0.9998493540287018 6e-05 0.0002 4.510837928454081 0.2 0.2 24 
-2.2205586020151773 0.003 0.002 0.9999259650707245 3e-05 3e-05 0.9998629025618235 6e-05 0.0001 4.513658587137858 0.2 0.2 25 
-2.2215475114186605 0.005 0.002 0.9998895561695099 6e-05 0.0002 0.999846935669581 4e-05 0.0001 4.514386655489604 0.3 0.3 27 
-2.209907604853312 0.01 0.008 0.9998656068245569 6e-05 0.0001 0.9996248561143876 0.0002 0.0007 4.510276622772217 0.3 0.3 28 
-2.2004952239990234 0.01 0.008 0.9997859384616216 7e-05 8e-05 0.9992123115062713 0.0004 0.001 4.50777907371521 0.4 0.4 31 
-2.215468552907308 0.01 0.005 0.999866065979004 5e-05 0.0001 0.999753648241361 0.0002 0.0002 4.515057516098023 0.3 0.3 32 
-2.2241402117411297 0.002 0.001 0.999970667163531 2e-05 2e-05 0.9999336878458659 2e-05 4e-05 4.5120194657643635 0.2 0.2 33 
-2.218223743438721 0.009 0.004 0.9999283895889918 3e-05 4e-05 0.9997557073831558 9e-05 0.0002 4.511540651321411 0.3 0.3 35 
-2.2223419539133706 0.004 0.002 0.9999665997425715 2e-05 2e-05 0.9999023179213206 5e-05 0.0001 4.511396760940552 0.2 0.2 36 
-2.222318789164225 0.004 0.003 0.999920718272527 4e-05 0.0002 0.9997988490263621 6e-05 0.0002 4.511917513211568 0.2 0.2 37 
-2.221285120646159 0.004 0.002 0.9999256354570388 3e-05 5e-05 0.9999224146207174 5e-05 7e-05 4.513700118064881 0.2 0.2 38 
-2.221038729349772 0.007 0.003 0.9999189114570618 4e-05 0.0001 0.9998950366179148 8e-05 0.0003 4.513197816212972 0.3 0.3 39 
-2.222159433364868 0.004 0.002 0.9999700381358465 1e-05 3e-05 0.9999124070008596 7e-05 0.0001 4.511237025260925 0.2 0.2 40 
-2.2144386037190755 0.002 0.002 0.999941594004631 2e-05 4e-05 0.9998785571257274 4e-05 0.0001 4.506827982266744 0.1 0.1 41 
-2.2230341243743896 0.003 0.002 0.9999156455198924 5e-05 0.0002 0.9999220383167267 5e-05 0.0002 4.514321241378784 0.3 0.3 43 
-2.2226602395375568 0.002 0.002 0.9999057112137476 5e-05 0.0002 0.9999314562479655 2e-05 6e-05 4.513254378636678 0.2 0.2 44 
-2.215623025894165 0.004 0.003 0.9999417654673258 3e-05 4e-05 0.9998036259412766 0.0001 0.0003 4.508868036270141 0.3 0.3 45 
-2.2199079036712646 0.003 0.001 0.9999253936608632 2e-05 3e-05 0.9998285307486852 4e-05 6e-05 4.5137173970540365 0.2 0.2 46 
-2.2211415481567385 0.008 0.004 0.9999359695116679 3e-05 0.0002 0.999865529735883 0.0001 0.0005 4.512826247215271 0.2 0.2 47 
-2.2204663785298666 0.007 0.003 0.9999095243215561 4e-05 8e-05 0.9998870257536571 9e-05 0.0003 4.513092959721883 0.3 0.3 48 
-2.219566920598348 0.003 0.002 0.9999238004287084 2e-05 2e-05 0.9998998520771663 7e-05 0.0002 4.512659802436828 0.2 0.2 49 
-2.2234201335906985 0.0003 0.0003 0.9999765870968501 6e-06 7e-06 0.9999486172199249 1e-05 2e-05 4.512167587280273 0.1 0.1 50 
-2.220144271850586 0.002 0.001 0.9999565144379934 1e-05 1e-05 0.9998135767380396 5e-05 0.0001 4.511551205317179 0.2 0.2 52 
-2.2173573112487794 0.01 0.005 0.9998388707637786 7e-05 0.0003 0.999857534567515 0.0001 0.0003 4.512282125155131 0.4 0.4 53 
-2.2113497893015546 0.006 0.003 0.9999151810010274 3e-05 4e-05 0.9998632735013961 0.0001 0.0002 4.5078670565287275 0.2 0.2 54 
-2.2146015294392902 0.007 0.005 0.9999271722634634 3e-05 5e-05 0.999663633108139 0.0002 0.0004 4.507025739351908 0.4 0.4 55 
-2.2210866991678873 0.006 0.003 0.9999373749891917 2e-05 5e-05 0.9998713050285976 9e-05 0.0003 4.51293647925059 0.2 0.2 57 
-2.2204850641886393 0.006 0.003 0.9999388674894969 2e-05 3e-05 0.9998948353528977 8e-05 0.0003 4.5127026653289795 0.2 0.2 58 
-2.2180670642852784 0.002 0.001 0.9999041722218196 3e-05 3e-05 0.9997317769130071 7e-05 0.0001 4.5148586702346805 0.3 0.3 59 
-2.2218271986643474 0.002 0.001 0.999965933362643 1e-05 2e-05 0.9998809572060903 6e-05 0.0001 4.512533203760783 0.2 0.2 60 
-2.2184633858998617 0.008 0.003 0.9998799781004588 4e-05 6e-05 0.9998106350501378 4e-05 8e-05 4.512652947107951 0.2 0.2 61 
-2.2208451652526855 0.004 0.003 0.9998926877975464 7e-05 0.0002 0.999896031220754 7e-05 0.0001 4.512029177347819 0.2 0.2 62 
-2.2207402420043945 0.008 0.003 0.9999580981334051 9e-06 3e-05 0.9997894471883774 0.0001 0.0003 4.511998949050903 0.3 0.3 63 
-2.2164033889770507 0.01 0.005 0.9998415301243464 6e-05 0.0001 0.9998181166251501 0.0001 0.0004 4.516717878977458 0.3 0.3 64 
-2.217503105799357 0.0006 0.0006 0.999879806637764 3e-05 3e-05 0.9998256413141886 2e-05 2e-05 4.51469012260437 0.1 0.1 66 
-2.2231194432576498 0.002 0.002 0.9999674073855083 2e-05 3e-05 0.9999499730269115 4e-05 5e-05 4.5123750670750935 0.2 0.2 67 
-2.2207929452260333 0.004 0.003 0.999884063800176 4e-05 6e-05 0.9998610625664394 5e-05 9e-05 4.513919258117676 0.3 0.3 68 
-2.220629580815633 0.006 0.003 0.9999333292245864 2e-05 5e-05 0.9998871167500814 7e-05 0.0001 4.512459743817647 0.2 0.2 69 
-2.217221746444702 0.01 0.005 0.9998791555563609 5e-05 0.0003 0.9998118587334951 0.0002 0.0007 4.511655160586039 0.3 0.3 72 
-2.220636510848999 0.003 0.002 0.9998187067111334 3e-05 4e-05 0.99959477186203 3e-05 0.0001 4.512352857589722 0.2 0.2 73 
-2.2225973828633627 0.004 0.002 0.9999677218993505 1e-05 2e-05 0.9998874181509018 4e-05 5e-05 4.512133684158325 0.2 0.2 74 
-2.221299743652344 0.001 0.001 0.9999626471598944 1e-05 1e-05 0.9998941330115 4e-05 8e-05 4.51216037273407 0.2 0.2 75 
-2.215807673136393 0.01 0.005 0.9998053870598476 9e-05 0.0004 0.9997881023089091 0.0001 0.0002 4.51506196975708 0.3 0.3 77 
-2.2180812040964764 0.002 0.002 0.9999175554513932 3e-05 0.0001 0.999815997282664 0.0001 0.0001 4.50967518011729 0.3 0.3 78 
-2.2239736111958823 0.003 0.001 0.9999652816851934 2e-05 6e-05 0.9999646127223969 3e-05 6e-05 4.512799263000488 0.2 0.2 80 
-2.221453177134196 0.003 0.002 0.9999329934517542 3e-05 6e-05 0.9998662581046422 8e-05 0.0001 4.51204481124878 0.2 0.2 81 
-2.215173746744792 0.009 0.006 0.9998596233129501 6e-05 0.0001 0.9996331143379211 0.0001 0.0004 4.511333656311035 0.4 0.4 82 
-2.216030216217041 0.01 0.006 0.9998433846235275 7e-05 0.0001 0.9998203943173091 0.0001 0.0002 4.511427601178487 0.4 0.4 84 
-2.221448040008545 0.005 0.002 0.9998925799131393 5e-05 0.0001 0.9997607290744781 3e-05 4e-05 4.515065409342448 0.3 0.3 85 
-2.2201206207275392 0.008 0.003 0.9999003370602926 5e-05 0.0002 0.9998581741253535 5e-05 0.0001 4.513251164754232 0.2 0.3 86 
-2.220300938288371 0.007 0.003 0.9999057936668396 5e-05 7e-05 0.999880875547727 0.0001 0.0002 4.512250843048096 0.3 0.3 87 
-2.224223524729411 0.001 0.0008 0.999985462029775 5e-06 6e-06 0.9999362830320994 3e-05 5e-05 4.512035320599874 0.1 0.1 88 
-2.215586748123169 0.003 0.002 0.999882740577062 4e-05 4e-05 0.9993559553225835 0.0002 0.0002 4.513356126149495 0.2 0.2 90 
-2.2212186749776204 0.004 0.002 0.9999580663442612 2e-05 2e-05 0.9998702017466227 5e-05 0.0001 4.511354753176371 0.2 0.2 91 
-2.216554848353068 0.0006 0.0006 0.999894612232844 2e-05 2e-05 0.9997461074590683 8e-06 8e-06 4.512491243680318 0.2 0.2 92 
-2.2210378551483156 0.004 0.003 0.9998957949876786 5e-05 0.0001 0.9999230074882507 5e-05 0.0001 4.512968050638834 0.3 0.3 93 
-2.219885425567627 0.003 0.002 0.9999373596906662 3e-05 5e-05 0.9998649841547013 4e-05 9e-05 4.510526545842489 0.3 0.3 94 
-2.2161159737904867 0.02 0.007 0.9999336856603622 3e-05 0.0002 0.999766241312027 0.0002 0.0004 4.508394563992818 0.3 0.3 95 
-2.222282082239787 0.004 0.002 0.9999581005175908 2e-05 3e-05 0.999941326379776 3e-05 5e-05 4.512178184191386 0.2 0.2 96 
-2.2207667605082193 0.005 0.003 0.9998700767755508 8e-05 8e-05 0.9998603290319443 6e-05 0.0001 4.513041893641154 0.3 0.3 97 
