-2.2202033106486003 0.001 0.0009 0.9999468288818996 3e-05 2e-05 0.9995833633343378 4e-05 7e-05 4.511063785552978 0.1 0.1 897 
-2.220768979390462 0.0007 0.0006 0.9999664811293284 1e-05 1e-05 0.9995798973242441 5e-05 7e-05 4.511582269668579 0.1 0.1 162 
-2.221694014867147 0.004 0.002 0.9999522697925568 3e-05 0.0002 0.9996782435973486 0.0001 0.0002 4.510663927396139 0.1 0.08 257 
-2.2225228055318196 0.008 0.003 0.9999638881285985 3e-05 0.0001 0.9998447644710541 0.0001 0.0008 4.510948437054952 0.2 0.1 628 
-2.2241836865743 0.002 0.002 0.9999213552474976 3e-05 6e-05 0.9999445380767187 3e-05 4e-05 4.5173810450236 0.09 0.1 1076 
-2.225692694981893 0.001 0.0005 0.9999766878286998 1e-05 2e-05 0.9999956278006236 3e-06 7e-06 4.512525596618652 0.02 0.03 275 
-2.2250421142578123 0.0009 0.0009 0.9999562287330628 3e-05 3e-05 0.9999926189581553 6e-06 7e-06 4.511368641853332 0.07 0.07 551 
-2.2257262102762856 0.0002 0.0003 0.999978506565094 5e-06 4e-06 0.9999934289852778 4e-06 4e-06 4.511919533411662 0.04 0.04 136 
-2.2208124923706056 0.0005 0.0005 0.999969518383344 1e-05 1e-05 0.9995658866564433 5e-05 8e-05 4.511390064557394 0.1 0.1 966 
-2.2251348304748535 0.002 0.0007 0.9999630167086919 2e-05 6e-05 0.9999697466691335 3e-05 8e-05 4.513052635192871 0.08 0.09 80 
-2.221951961517334 0.0004 0.0004 0.9999771652619044 9e-06 1e-05 0.999567278623581 4e-05 4e-05 4.511747287114461 0.1 0.1 717 
-2.223423630396525 0.006 0.001 0.999951793551445 3e-05 0.0001 0.9999346846342086 4e-05 8e-05 4.510665513674418 0.1 0.1 131 
-2.220171988805135 0.001 0.0009 0.9999486627181371 2e-05 2e-05 0.9995735023419062 4e-05 7e-05 4.511129970550537 0.1 0.1 863 
-2.2202083110809325 0.001 0.0009 0.9999478046099345 2e-05 2e-05 0.9995787302652995 4e-05 7e-05 4.511136554082235 0.1 0.1 436 
-2.225922934214274 0.0003 0.0003 0.999982928832372 1e-05 1e-05 0.9999984135230382 6e-07 6e-07 4.511856617927552 0.04 0.04 827 
-2.2236564604441327 0.004 0.001 0.9999590623378753 3e-05 8e-05 0.9999316436052322 4e-05 8e-05 4.511059703826905 0.1 0.1 739 
-2.222520055770874 0.007 0.002 0.999964565038681 3e-05 0.0001 0.9998472273349762 0.0001 0.0007 4.510446405410766 0.2 0.2 883 
-2.225317974090576 0.003 0.001 0.9999747373660406 2e-05 8e-05 0.9999714136123657 3e-05 0.0002 4.509429834683736 0.1 0.1 839 
-2.2221728293100993 0.005 0.002 0.9999556539456049 3e-05 0.0001 0.9998390040795009 0.0001 0.0003 4.511919914881388 0.2 0.1 311 
-2.2219177436828614 0.0009 0.0007 0.9999675975243251 2e-05 2e-05 0.9996070466438929 5e-05 5e-05 4.511524674097697 0.09 0.09 557 
