-2.225684118270874 0.0004 0.0003 0.9999962439139684 2e-06 4e-06 0.999987208644549 8e-06 2e-05 4.511896540323893 0.09 0.09 0 
-2.225572487513224 0.0003 0.0002 0.9999961588780085 2e-06 3e-06 0.9999838107824326 8e-06 2e-05 4.511975804964702 0.08 0.08 1 
-2.225730857849121 0.002 0.0005 0.9999965204795201 2e-06 8e-06 0.9999874383211136 1e-05 5e-05 4.51192016283671 0.1 0.1 2 
-2.2257142003377277 0.0005 0.0003 0.9999964644511541 2e-06 3e-06 0.9999876374006271 8e-06 2e-05 4.511899075508118 0.09 0.09 3 
-2.225683628718058 0.001 0.0004 0.999996481537819 1e-06 2e-06 0.9999856664737066 1e-05 5e-05 4.511969583829244 0.1 0.1 4 
-2.225744692484538 0.0008 0.0004 0.999996831814448 2e-06 3e-06 0.9999876981973648 9e-06 3e-05 4.511948455174764 0.1 0.1 5 
-2.225706777572632 0.0006 0.0004 0.9999965214729309 1e-06 3e-06 0.9999863964319229 9e-06 3e-05 4.512028625806173 0.1 0.1 6 
-2.2256748072306314 0.0005 0.0003 0.9999960003296534 2e-06 3e-06 0.9999867097536723 8e-06 2e-05 4.512009065945943 0.1 0.1 7 
-2.225670496622721 0.0005 0.0004 0.9999958183368047 2e-06 4e-06 0.9999866656462352 8e-06 2e-05 4.5119498952229815 0.1 0.1 8 
-2.2257626819610596 0.001 0.0004 0.999996910293897 2e-06 4e-06 0.9999876030286153 9e-06 4e-05 4.511875356038411 0.1 0.1 9 
-2.2256846110026043 0.0005 0.0003 0.9999962731202443 2e-06 3e-06 0.9999864383538564 8e-06 2e-05 4.511969780921936 0.09 0.09 10 
-2.2256715234120685 0.0004 0.0003 0.999996343255043 2e-06 3e-06 0.9999869650602341 8e-06 2e-05 4.512066574096679 0.09 0.09 11 
-2.2256141757965087 0.0004 0.0003 0.9999956961472829 2e-06 3e-06 0.9999853738149007 8e-06 2e-05 4.51201243241628 0.09 0.09 12 
-2.2257040627797444 0.0006 0.0004 0.9999964525302251 2e-06 3e-06 0.9999867065747579 9e-06 3e-05 4.511947832107544 0.1 0.1 13 
-2.225669396718343 0.0005 0.0003 0.9999962977568309 2e-06 4e-06 0.9999861327807108 9e-06 2e-05 4.512062190373738 0.09 0.09 14 
-2.2257064946492515 0.0006 0.0004 0.9999964169661204 2e-06 3e-06 0.9999863962332408 8e-06 3e-05 4.51197609424591 0.1 0.1 15 
-2.225683917999268 0.0005 0.0003 0.9999962484836579 2e-06 3e-06 0.9999866008758544 8e-06 2e-05 4.511908059120178 0.1 0.1 16 
-2.225646982192993 0.0005 0.0003 0.9999961801369985 2e-06 3e-06 0.9999861711263657 9e-06 3e-05 4.511961216926575 0.1 0.1 17 
-2.2256410853068034 0.0004 0.0003 0.9999961612621943 2e-06 4e-06 0.9999859903256099 9e-06 2e-05 4.511988620758057 0.1 0.1 18 
-2.2257197443644205 0.0007 0.0004 0.9999961054325104 1e-06 3e-06 0.999987095395724 9e-06 3e-05 4.511949996948243 0.1 0.1 19 
-2.225657358169556 0.0004 0.0003 0.9999961783488591 2e-06 4e-06 0.9999865488211314 8e-06 2e-05 4.512017987569173 0.09 0.09 20 
-2.2256962203979493 0.0006 0.0004 0.999996367295583 2e-06 3e-06 0.9999870800971985 8e-06 2e-05 4.511982391675313 0.1 0.1 21 
-2.2256885687510173 0.0005 0.0003 0.9999963855743408 2e-06 3e-06 0.9999858355522155 8e-06 2e-05 4.5119096390406295 0.09 0.09 22 
-2.2257045904795327 0.001 0.0004 0.9999962550401688 2e-06 3e-06 0.9999856064716975 9e-06 4e-05 4.5118266932169595 0.1 0.1 23 
-2.225690139134725 0.0007 0.0004 0.9999962923924128 2e-06 3e-06 0.9999864768981933 9e-06 3e-05 4.5119662809371945 0.1 0.1 24 
-2.2256920019785564 0.0005 0.0003 0.9999964008728663 1e-06 3e-06 0.9999866890907287 8e-06 2e-05 4.511943470637004 0.09 0.09 25 
-2.2256844234466553 0.0005 0.0003 0.9999963317314784 2e-06 3e-06 0.9999865029255549 8e-06 2e-05 4.511975975036621 0.09 0.09 26 
-2.225673802693685 0.0004 0.0003 0.9999963110685348 1e-06 3e-06 0.9999868913491567 9e-06 2e-05 4.512033553123474 0.09 0.09 27 
-2.225680440266927 0.0005 0.0003 0.99999629120032 2e-06 3e-06 0.9999861609935761 9e-06 2e-05 4.511920124689738 0.09 0.09 28 
-2.2256782468159995 0.0006 0.0004 0.9999963967005412 1e-06 3e-06 0.9999861776828766 9e-06 3e-05 4.512042028109232 0.1 0.1 29 
-2.2256690406799318 0.0005 0.0004 0.9999959170818329 2e-06 3e-06 0.9999865398804346 9e-06 2e-05 4.512042535146078 0.1 0.1 30 
-2.225676005681356 0.0004 0.0003 0.9999963957071304 2e-06 3e-06 0.9999869199593862 8e-06 2e-05 4.5118381865819295 0.09 0.09 31 
-2.2256880696614583 0.0006 0.0004 0.9999961038430532 2e-06 4e-06 0.9999866330623627 9e-06 3e-05 4.511994082132976 0.1 0.1 32 
-2.225679785410563 0.0005 0.0003 0.9999961338440577 1e-06 3e-06 0.9999864983558655 8e-06 3e-05 4.512038720448812 0.09 0.09 33 
-2.2256751441955567 0.0005 0.0003 0.9999961805343628 2e-06 4e-06 0.9999869541327159 8e-06 2e-05 4.512031404177348 0.09 0.09 34 
-2.2256764729817706 0.0006 0.0004 0.9999960974852244 2e-06 4e-06 0.9999861399332682 8e-06 2e-05 4.512073748906453 0.1 0.1 35 
-2.2256965605417887 0.0005 0.0003 0.9999963301420212 2e-06 3e-06 0.9999873014291127 8e-06 2e-05 4.51196925163269 0.09 0.09 36 
-2.2256805737813314 0.0006 0.0003 0.9999958988030752 2e-06 3e-06 0.9999861301978429 8e-06 3e-05 4.511941987673442 0.1 0.1 37 
-2.2256956005096438 0.002 0.0006 0.9999965059757233 2e-06 9e-06 0.9999857149521509 1e-05 5e-05 4.5118770408630375 0.1 0.1 38 
-2.225679318110148 0.0006 0.0004 0.9999961618582408 2e-06 3e-06 0.9999848987658818 9e-06 3e-05 4.511994566917419 0.1 0.1 39 
-2.2256944084167483 0.0005 0.0003 0.9999963202079137 2e-06 3e-06 0.999986966252327 8e-06 2e-05 4.512071124712626 0.09 0.09 40 
-2.2256858030955 0.0007 0.0004 0.9999962939818701 2e-06 3e-06 0.9999866451819738 9e-06 3e-05 4.512088553110758 0.1 0.1 41 
-2.225716088612874 0.002 0.0006 0.9999965749184291 2e-06 6e-06 0.9999862621227901 1e-05 8e-05 4.511898652712504 0.1 0.1 42 
-2.22567551612854 0.0005 0.0003 0.9999961070219676 2e-06 4e-06 0.9999853909015656 8e-06 2e-05 4.512063935597737 0.09 0.09 43 
-2.225676561991374 0.0005 0.0003 0.999996280670166 2e-06 3e-06 0.9999858093261719 8e-06 2e-05 4.511911838849386 0.09 0.09 44 
-2.2256662050882974 0.0004 0.0003 0.9999962957700094 1e-06 3e-06 0.9999867518742879 8e-06 2e-05 4.511936483383178 0.09 0.09 45 
-2.2256861845652263 0.0006 0.0004 0.9999963905413946 2e-06 3e-06 0.9999859766165415 9e-06 3e-05 4.5119565455118815 0.1 0.1 46 
-2.225689624150594 0.002 0.0005 0.9999962053696314 2e-06 5e-06 0.9999859805901845 1e-05 6e-05 4.512207301457723 0.1 0.1 47 
-2.2257031695048015 0.0005 0.0004 0.9999962510665258 2e-06 4e-06 0.9999866612752278 8e-06 2e-05 4.511972347895305 0.09 0.09 48 
-2.225691804885864 0.0007 0.0004 0.9999960887432099 2e-06 4e-06 0.9999859756231309 9e-06 3e-05 4.511993842124939 0.1 0.1 49 
-2.225668732325236 0.0005 0.0003 0.9999961576859157 2e-06 3e-06 0.999986638824145 8e-06 2e-05 4.512023948033651 0.1 0.1 50 
-2.2256811650594077 0.0005 0.0003 0.9999963130553563 1e-06 3e-06 0.9999864455064138 8e-06 2e-05 4.51188414255778 0.09 0.09 51 
-2.2256540552775066 0.0004 0.0003 0.9999962949752808 2e-06 3e-06 0.9999864381551743 8e-06 2e-05 4.511979279518127 0.09 0.09 52 
-2.2256997871398925 0.0006 0.0004 0.9999963597456614 2e-06 3e-06 0.999986846446991 8e-06 3e-05 4.5120239861806235 0.1 0.1 53 
-2.2256696097056072 0.0005 0.0003 0.9999963430563609 2e-06 3e-06 0.9999855734904607 9e-06 2e-05 4.5120894130071 0.09 0.09 54 
-2.2257313474019367 0.001 0.0004 0.9999964980284373 2e-06 3e-06 0.9999854618310928 8e-06 4e-05 4.5117798360188806 0.1 0.1 55 
-2.225686051050822 0.0006 0.0004 0.9999963996807734 2e-06 4e-06 0.9999831660588583 8e-06 3e-05 4.511943391164144 0.1 0.1 56 
-2.2256767813364666 0.0005 0.0003 0.9999962091445923 2e-06 3e-06 0.9999864147106806 8e-06 2e-05 4.511989345550537 0.09 0.09 57 
-2.2256818358103434 0.0005 0.0004 0.9999959401289622 2e-06 3e-06 0.9999866876999537 8e-06 2e-05 4.512007416089376 0.1 0.1 58 
-2.225696500142415 0.0005 0.0003 0.9999965729316076 2e-06 3e-06 0.9999870816866557 9e-06 2e-05 4.511865580876668 0.09 0.09 59 
-2.2256855169932046 0.0005 0.0003 0.9999962786833445 2e-06 3e-06 0.9999862494071324 8e-06 2e-05 4.512006367047627 0.09 0.1 60 
-2.225691566467285 0.0006 0.0003 0.9999963198105494 1e-06 3e-06 0.9999864566326141 8e-06 3e-05 4.5119834915796915 0.1 0.1 61 
-2.2257993443806967 0.001 0.0005 0.9999970922867457 2e-06 7e-06 0.9999846732616424 9e-06 4e-05 4.511928056081136 0.1 0.1 62 
-2.2256382497151694 0.0003 0.0002 0.9999957374731699 2e-06 3e-06 0.9999872930844624 7e-06 1e-05 4.511973284085592 0.08 0.08 63 
-2.2256952730814614 0.0005 0.0003 0.9999963130553563 1e-06 3e-06 0.9999873904387157 8e-06 2e-05 4.512019429206848 0.09 0.09 64 
-2.22567351659139 0.0005 0.0003 0.9999959915876389 2e-06 4e-06 0.9999868573745092 8e-06 2e-05 4.511857698758443 0.09 0.09 65 
-2.2257000827789306 0.001 0.0004 0.9999963124593099 1e-06 3e-06 0.999987147450447 1e-05 4e-05 4.511958502133687 0.1 0.1 66 
-2.225668830871582 0.0005 0.0003 0.999996291399002 2e-06 4e-06 0.9999855732917786 9e-06 2e-05 4.512051380475362 0.1 0.1 67 
-2.2257158533732095 0.002 0.0006 0.9999965431292852 2e-06 7e-06 0.9999846261739731 1e-05 7e-05 4.511820174853007 0.1 0.1 68 
-2.2256704998016357 0.0004 0.0003 0.9999963450431824 2e-06 3e-06 0.9999864455064138 8e-06 2e-05 4.512028795878092 0.09 0.09 69 
-2.2256954193115233 0.001 0.0004 0.9999964646498363 1e-06 2e-06 0.9999867977698644 1e-05 5e-05 4.5118308385213215 0.1 0.1 70 
-2.2256768798828124 0.0004 0.0003 0.9999963386853536 2e-06 3e-06 0.9999869324763616 9e-06 2e-05 4.511908184687297 0.09 0.09 71 
-2.2256743144989013 0.0005 0.0004 0.999996020992597 2e-06 4e-06 0.9999863465627035 9e-06 2e-05 4.512046516736349 0.09 0.09 72 
-2.225662126541138 0.0005 0.0003 0.9999961996078491 2e-06 3e-06 0.9999860578775406 8e-06 2e-05 4.511961027781169 0.09 0.09 73 
-2.225678367614746 0.0005 0.0003 0.9999962830543518 2e-06 3e-06 0.9999846827983856 8e-06 2e-05 4.511880181630453 0.1 0.1 74 
-2.2256849829355874 0.0005 0.0003 0.9999962552388509 2e-06 3e-06 0.9999861204624176 8e-06 2e-05 4.512067774136861 0.09 0.09 75 
-2.225673802693685 0.0005 0.0003 0.9999961386124293 2e-06 3e-06 0.9999867669741312 9e-06 3e-05 4.511989254951477 0.1 0.1 76 
-2.225663433074951 0.0005 0.0003 0.9999963170289994 2e-06 3e-06 0.9999857354164123 9e-06 3e-05 4.512114985783895 0.1 0.1 77 
-2.225678221384684 0.0007 0.0004 0.999996387163798 2e-06 3e-06 0.9999845314025879 9e-06 3e-05 4.511999565760295 0.1 0.1 78 
-2.2256473096211753 0.0004 0.0003 0.9999959588050842 2e-06 3e-06 0.9999861278136571 9e-06 2e-05 4.511885398228963 0.09 0.09 79 
-2.2257720534006755 0.001 0.0004 0.9999966778357824 2e-06 3e-06 0.9999884176254272 8e-06 3e-05 4.511816374460856 0.1 0.1 80 
-2.225674788157145 0.0004 0.0003 0.9999963825941086 2e-06 3e-06 0.9999868379036585 8e-06 2e-05 4.5119297393163045 0.09 0.09 81 
-2.2257171408335368 0.0005 0.0003 0.9999964978297552 2e-06 3e-06 0.9999871722857158 8e-06 2e-05 4.511959923108419 0.09 0.09 82 
-2.2256813367207844 0.0005 0.0003 0.9999962333838145 2e-06 3e-06 0.9999859450260798 8e-06 2e-05 4.512000168164571 0.09 0.1 83 
-2.2256606674194335 0.0004 0.0003 0.999996365904808 2e-06 3e-06 0.9999866292874018 8e-06 2e-05 4.512027042706808 0.09 0.09 84 
-2.2256873162587483 0.0006 0.0004 0.9999965238571167 2e-06 3e-06 0.9999857912460963 9e-06 3e-05 4.51197761853536 0.1 0.1 85 
-2.2256831137339272 0.0004 0.0003 0.9999962468942006 2e-06 3e-06 0.9999866569042206 8e-06 2e-05 4.512001204490661 0.09 0.09 86 
-2.2256065368652345 0.0005 0.0003 0.9999964092175165 1e-06 3e-06 0.9999826415379842 1e-05 3e-05 4.511917451222738 0.09 0.09 87 
-2.22568177541097 0.0005 0.0003 0.9999963430563609 2e-06 4e-06 0.9999858756860097 9e-06 2e-05 4.512097538312276 0.09 0.1 88 
-2.225690482457479 0.0006 0.0004 0.9999962715307872 1e-06 3e-06 0.999986159602801 9e-06 3e-05 4.512027484575907 0.1 0.1 89 
-2.2256911245981854 0.0006 0.0003 0.9999961998065313 2e-06 3e-06 0.9999868655204773 8e-06 2e-05 4.51197454293569 0.09 0.09 90 
-2.225686302185059 0.0005 0.0003 0.9999963814020156 2e-06 3e-06 0.9999866344531377 8e-06 2e-05 4.51191220442454 0.09 0.09 91 
-2.225665744145711 0.0005 0.0003 0.9999961278835933 2e-06 4e-06 0.9999869342645009 8e-06 2e-05 4.511950246493021 0.09 0.09 92 
-2.225718692143758 0.0007 0.0004 0.999996613462766 2e-06 3e-06 0.9999873592456182 9e-06 3e-05 4.51199564297994 0.1 0.1 93 
-2.2257118384043375 0.0008 0.0004 0.9999964020649592 1e-06 3e-06 0.9999867735306421 1e-05 3e-05 4.511981846491496 0.1 0.1 94 
-2.2257184028625487 0.001 0.0005 0.9999965530633926 2e-06 7e-06 0.9999865623315175 1e-05 5e-05 4.512045543988545 0.1 0.1 95 
-2.22567156791687 0.0005 0.0003 0.9999962437152863 2e-06 4e-06 0.9999857111771902 8e-06 2e-05 4.512013443311056 0.09 0.09 96 
-2.22566073735555 0.0005 0.0003 0.9999962548414866 2e-06 3e-06 0.9999858270088832 9e-06 2e-05 4.512043860753377 0.1 0.1 97 
-2.22570715268453 0.0008 0.0004 0.9999962695439657 2e-06 3e-06 0.9999872080485026 9e-06 3e-05 4.51212265809377 0.1 0.1 98 
-2.225694897969564 0.001 0.0004 0.9999962747097015 1e-06 2e-06 0.9999862347046534 9e-06 5e-05 4.511969017982483 0.1 0.1 99 
-2.225679963429769 0.0005 0.0003 0.9999964036544164 2e-06 3e-06 0.9999864518642425 9e-06 2e-05 4.512002549171448 0.09 0.09 100 
-2.225652958552043 0.0009 0.0004 0.9999962089459101 1e-06 3e-06 0.9999853740135829 1e-05 4e-05 4.5118634303410845 0.1 0.1 101 
-2.2256716187795003 0.0004 0.0003 0.9999963190158209 2e-06 3e-06 0.9999867717425028 8e-06 2e-05 4.511977287928263 0.09 0.09 102 
-2.2256722513834637 0.0005 0.0003 0.9999960774183273 2e-06 3e-06 0.9999865531921387 8e-06 2e-05 4.512075228691101 0.1 0.1 103 
-2.225771369934082 0.001 0.0005 0.9999969478448232 2e-06 7e-06 0.9999873365958531 1e-05 4e-05 4.511775185267131 0.1 0.1 104 
-2.225681260426839 0.0005 0.0003 0.9999962643782297 2e-06 3e-06 0.999986790617307 8e-06 2e-05 4.51203088760376 0.09 0.09 105 
-2.2256867853800455 0.0009 0.0004 0.9999963470300038 1e-06 3e-06 0.9999867035945257 9e-06 4e-05 4.511986455917358 0.1 0.1 106 
-2.2257059605916343 0.001 0.0005 0.9999966784318288 2e-06 7e-06 0.9999851973851522 1e-05 5e-05 4.5117839288711545 0.1 0.1 107 
-2.2256923357645673 0.0007 0.0004 0.9999965810775757 2e-06 3e-06 0.999985653758049 9e-06 3e-05 4.511878960927327 0.1 0.1 108 
-2.2256864166259764 0.0006 0.0004 0.9999959880113601 1e-06 3e-06 0.9999861898024877 9e-06 3e-05 4.511845067342122 0.1 0.1 109 
-2.225664669672648 0.0005 0.0003 0.9999960847695668 2e-06 3e-06 0.9999861282110214 9e-06 2e-05 4.512036951382955 0.09 0.09 110 
-2.2257342020670574 0.001 0.0004 0.9999964348475139 1e-06 2e-06 0.999986449678739 9e-06 4e-05 4.511905771891276 0.1 0.1 111 
-2.225660864512126 0.0004 0.0003 0.999996215502421 2e-06 4e-06 0.9999871136744817 8e-06 2e-05 4.5119719982147215 0.09 0.09 112 
-2.2256886355082193 0.0007 0.0004 0.999996450940768 2e-06 3e-06 0.9999860177437464 9e-06 3e-05 4.512043760617574 0.1 0.1 113 
-2.2257298119862874 0.002 0.0006 0.9999965391556422 3e-06 9e-06 0.9999828326702118 9e-06 4e-05 4.511713695526123 0.1 0.1 114 
-2.225678367614746 0.0009 0.0004 0.9999963676929474 1e-06 3e-06 0.9999860511223475 1e-05 4e-05 4.512018060684204 0.1 0.1 115 
-2.2256603399912516 0.0006 0.0003 0.9999964259068171 1e-06 3e-06 0.9999860692024231 9e-06 3e-05 4.511849939028422 0.1 0.1 116 
-2.2256985600789387 0.002 0.0005 0.9999965002139409 2e-06 6e-06 0.9999844654401143 1e-05 5e-05 4.512040530840556 0.1 0.1 117 
-2.2257101853688557 0.002 0.0004 0.9999958837032318 2e-06 2e-06 0.9999868162473042 9e-06 6e-05 4.511915712356568 0.1 0.1 118 
-2.225663944880168 0.0005 0.0003 0.9999961827198665 2e-06 3e-06 0.9999863181511561 8e-06 2e-05 4.51207015991211 0.09 0.1 119 
-2.2256688435872394 0.0005 0.0004 0.9999961707989374 2e-06 3e-06 0.9999860310554505 9e-06 2e-05 4.511943488121033 0.09 0.1 120 
-2.2256845728556316 0.0005 0.0003 0.9999962762991588 2e-06 3e-06 0.9999868343273799 9e-06 3e-05 4.511862723032634 0.1 0.1 121 
-2.2256618690490724 0.0004 0.0003 0.9999961147705714 2e-06 3e-06 0.9999869362513224 8e-06 2e-05 4.511971084276835 0.09 0.09 122 
-2.2256920242309572 0.0005 0.0003 0.9999962049722672 2e-06 3e-06 0.9999861820538839 9e-06 2e-05 4.512006246248881 0.09 0.09 123 
-2.2256712245941164 0.0005 0.0004 0.9999959146976471 2e-06 4e-06 0.9999859223763148 8e-06 2e-05 4.511990707715352 0.1 0.1 124 
-2.2256558736165366 0.0004 0.0003 0.9999960511922836 2e-06 4e-06 0.9999865384896597 8e-06 2e-05 4.511948294639588 0.09 0.09 125 
-2.225698375701904 0.0005 0.0003 0.9999963573614756 2e-06 3e-06 0.9999855919679006 8e-06 2e-05 4.511933531761169 0.09 0.09 126 
-2.2256678040822346 0.0007 0.0004 0.9999962085485459 2e-06 3e-06 0.9999866058429082 9e-06 3e-05 4.512115357716878 0.1 0.1 127 
-2.225726982752482 0.001 0.0005 0.9999967654546101 2e-06 7e-06 0.9999844761689504 1e-05 5e-05 4.511911799112956 0.1 0.1 128 
-2.22566995938619 0.0005 0.0003 0.9999961217244466 2e-06 4e-06 0.999987147251765 8e-06 2e-05 4.512034686406453 0.09 0.09 129 
-2.2256746355692547 0.0005 0.0003 0.9999963718652726 1e-06 3e-06 0.9999859364827474 9e-06 3e-05 4.511954746246338 0.09 0.09 130 
-2.225676555633545 0.0007 0.0004 0.9999963003396988 1e-06 3e-06 0.9999858572085698 9e-06 3e-05 4.512078286806743 0.1 0.1 131 
-2.225699504216512 0.0006 0.0004 0.9999963901440303 2e-06 4e-06 0.9999868047237396 8e-06 3e-05 4.511991839408875 0.1 0.1 132 
-2.2256571197509767 0.0004 0.0003 0.9999961537122727 2e-06 3e-06 0.9999860229094824 8e-06 2e-05 4.512061778704325 0.09 0.09 133 
-2.225677003860474 0.0006 0.0004 0.9999961386124293 2e-06 4e-06 0.999986700018247 9e-06 3e-05 4.511945869127909 0.1 0.1 134 
-2.225664660135905 0.0004 0.0003 0.9999962818622589 2e-06 3e-06 0.9999863090117772 8e-06 2e-05 4.51203266620636 0.09 0.09 135 
-2.2257422097524007 0.001 0.0004 0.9999965886274974 2e-06 3e-06 0.9999861137072246 8e-06 4e-05 4.511797920862834 0.1 0.1 136 
-2.2255897744496664 0.0003 0.0003 0.9999962204694748 2e-06 3e-06 0.9999837567408879 8e-06 2e-05 4.511953988075256 0.09 0.09 137 
-2.2256883843739828 0.0005 0.0004 0.9999963412682216 2e-06 4e-06 0.9999867536624273 8e-06 2e-05 4.511968018213908 0.09 0.09 138 
-2.225668722788493 0.0005 0.0003 0.9999962139129639 1e-06 3e-06 0.9999867431322733 9e-06 2e-05 4.511867577234904 0.09 0.09 139 
-2.225695629119873 0.0005 0.0004 0.9999963792165121 2e-06 4e-06 0.9999873115619023 8e-06 2e-05 4.512078997294108 0.09 0.09 140 
-2.2256525293986003 0.0004 0.0003 0.9999961638450623 2e-06 3e-06 0.9999865889549255 8e-06 2e-05 4.511971570650736 0.09 0.09 141 
-2.2256742986043294 0.0006 0.0004 0.9999960941076279 2e-06 4e-06 0.9999857378005982 9e-06 3e-05 4.511997570991516 0.1 0.1 142 
-2.2256765524546305 0.0004 0.0003 0.9999963633219401 2e-06 3e-06 0.9999872114260991 8e-06 2e-05 4.511960806846619 0.09 0.09 143 
-2.2257005023956298 0.001 0.0006 0.9999970217545827 2e-06 8e-06 0.9999838232994079 1e-05 5e-05 4.511850074132283 0.1 0.1 144 
-2.2257163842519123 0.002 0.0006 0.9999964725971222 3e-06 1e-05 0.9999796837568283 9e-06 3e-05 4.512118085225423 0.1 0.1 145 
-2.225678917566935 0.0005 0.0003 0.9999962898095449 2e-06 3e-06 0.9999868834018707 9e-06 2e-05 4.512064898808797 0.1 0.1 146 
-2.2257056268056234 0.001 0.0004 0.9999965248505275 1e-06 2e-06 0.9999864105383555 1e-05 5e-05 4.511961172421773 0.1 0.1 147 
-2.2256798362731933 0.0005 0.0003 0.9999962085485459 2e-06 3e-06 0.9999874387184778 8e-06 2e-05 4.511955432891845 0.09 0.09 148 
-2.225664510726929 0.0005 0.0004 0.9999961739778519 2e-06 4e-06 0.9999847865104675 8e-06 2e-05 4.512018305460612 0.1 0.1 149 
