-1.9658063856760661 0.004 0.002 0.9971970625718435 0.0001 0.0001 0.9988843085368474 8e-05 0.0001 4.310963972409566 0.1 0.1 13 
-0.3648837343851725 0.004 0.001 0.8564626787106197 0.008 0.006 0.9841307699680328 0.002 0.002 2.5869321274757384 0.04 0.08 15 
-0.3775972859064738 9e-06 1e-05 0.8163107283910116 0.0002 0.0002 0.9838790072997411 0.0004 0.0004 2.3804096428553265 0.05 0.05 16 
-0.3339232699076335 0.002 0.0006 0.8530073877175649 0.003 0.003 0.9825447916984558 0.001 0.001 2.5639248728752135 0.09 0.1 18 
-0.3587557077407837 0.007 0.001 0.830124446551005 0.002 0.003 0.9819040824969609 0.001 0.001 2.4401882950464886 0.2 0.3 19 
-2.197131684621175 0.005 0.002 0.9995788339773813 2e-05 4e-05 0.9992186139027278 7e-06 3e-05 4.492803928057353 0.1 0.1 21 
-2.213587573369344 0.004 0.002 0.9996856989463171 2e-05 2e-05 0.9999712930123011 6e-06 7e-06 4.5149499718348185 0.1 0.1 22 
-2.2015862369537356 0.007 0.003 0.9983778482675553 4e-05 9e-05 0.9992160785198212 9e-06 5e-05 4.5289096260070805 0.2 0.2 24 
-0.36566995302836103 2e-05 2e-05 0.8336884458859761 0.002 0.002 0.9823835164308548 0.0004 0.0005 2.4666873240470886 0.04 0.05 26 
-0.35801976362864174 0.0004 0.0002 0.8615593075752258 0.001 0.001 0.9838296959797541 0.0003 0.0004 2.6097615138689676 0.09 0.09 27 
-0.3336131079991658 0.01 0.001 0.8277776010831197 0.004 0.004 0.9809316239754359 0.003 0.003 2.4192097171147666 0.1 0.1 28 
-2.193536303838094 0.004 0.002 0.9983407815297445 1e-05 3e-05 0.9991710404555003 7e-06 1e-05 4.527785220146179 0.09 0.1 29 
-0.37062557379404704 0.006 0.0006 0.8144269522031148 0.004 0.004 0.9791665438810985 0.001 0.002 2.3835045075416565 0.1 0.1 30 
-2.2067880725860594 0.003 0.001 0.9991074190537135 2e-05 4e-05 0.9991733495394389 6e-06 2e-05 4.51971005598704 0.1 0.1 32 
-0.33531030972798664 0.004 0.0006 0.8665358744064967 0.002 0.003 0.9832074695825577 0.0007 0.0008 2.6515954391161602 0.1 0.1 34 
-0.3526005538304647 0.001 0.0004 0.8482759471734365 0.003 0.003 0.9827185422182083 0.0009 0.0009 2.5321374781926473 0.07 0.08 36 
-2.209549872080485 0.006 0.002 0.9998501668373744 8e-06 9e-05 0.9992322627703348 5e-06 2e-05 4.500671380360921 0.2 0.2 39 
-0.36907294432322185 0.0001 0.0001 0.8281458046038945 0.0007 0.0007 0.9824702558914821 0.0004 0.0005 2.442602566878001 0.08 0.08 40 
-2.200678005218506 0.007 0.002 0.9981469907363256 2e-05 3e-05 0.9991982924938202 6e-06 2e-05 4.536771601041158 0.1 0.1 41 
-2.2166490364074707 0.003 0.001 0.9988361261288325 2e-05 2e-05 0.9999778312444687 9e-06 3e-05 4.532563440004984 0.09 0.09 42 
-0.3873341226577759 0.0002 9e-05 0.8224915194511414 0.001 0.002 0.9839712353547414 0.0006 0.0007 2.430058805942535 0.05 0.05 43 
-0.3728506183624268 0.007 0.0003 0.84454307893912 0.001 0.001 0.9837942318121592 0.0006 0.0009 2.525825895468394 0.07 0.07 44 
-2.202452538808187 0.001 0.0008 0.9998891643683115 9e-06 1e-05 0.999214591383934 7e-06 2e-05 4.49382266998291 0.1 0.1 47 
-0.3517608737945557 0.0001 0.0001 0.8481265954176584 0.001 0.001 0.985655389825503 0.0004 0.0005 2.497716494401296 0.07 0.07 48 
-2.214952443440755 0.006 0.002 0.998119771083196 4e-05 8e-05 0.999719183643659 5e-06 2e-05 4.547071394920349 0.1 0.1 49 
-2.162890634536743 0.01 0.002 0.99163503130277 0.0002 0.0002 0.999094103773435 3e-05 9e-05 4.607123023668925 0.2 0.2 51 
-2.1892590459187824 0.003 0.001 0.9947906037171682 9e-05 0.0002 0.9999777762095133 9e-06 0.0002 4.591956356366476 0.1 0.1 52 
-2.1999296029408772 0.0006 0.0006 0.9994995011885961 6e-06 7e-06 0.9992210394144059 3e-06 9e-06 4.503629630406698 0.1 0.1 54 
-0.3725889078776042 0.002 0.0003 0.8443543148040772 0.001 0.001 0.9839249153931936 0.0008 0.0007 2.523208015759786 0.08 0.08 57 
-0.3736190176010132 0.0002 0.0001 0.8243566584587098 0.0007 0.0008 0.9823946829636891 0.0004 0.0006 2.4248440647125244 0.07 0.07 58 
-2.163312193552653 0.01 0.002 0.9916416090726853 0.0001 0.0002 0.9992328375577927 5e-06 1e-05 4.624931953748067 0.1 0.1 59 
-0.36951796849568685 0.002 0.0005 0.8284989792108536 0.003 0.004 0.9791778310139974 0.001 0.002 2.453289082845052 0.1 0.1 65 
-2.2183728885650633 0.002 0.001 0.9989153699080149 4e-05 4e-05 0.9997144436836243 1e-05 4e-05 4.533218768437703 0.2 0.2 66 
-2.182996924718221 0.007 0.003 0.9965501852830251 4e-05 8e-05 0.9999318555990855 2e-05 2e-05 4.5478709665934245 0.1 0.1 67 
-2.169633159637451 0.006 0.001 0.9916144839922587 8e-05 0.0001 0.9959480679035186 8e-05 0.0002 4.690069020589193 0.2 0.1 69 
-2.2003032557169595 0.003 0.001 0.9981410423914592 2e-05 4e-05 0.998946985801061 8e-06 2e-05 4.537961610158285 0.1 0.1 72 
-2.1960423596700034 0.008 0.002 0.9981845980882644 3e-05 0.0001 0.9992131785551707 7e-06 4e-05 4.5249217446645105 0.2 0.2 74 
-0.3693253437678019 4e-05 5e-05 0.8424201162656149 0.002 0.002 0.980354077219963 0.0002 0.0002 2.528695502281189 0.05 0.05 75 
-2.2206603717803954 0.009 0.002 0.9990936531623205 2e-05 0.0001 0.9999831449985505 6e-06 8e-05 4.532610719998678 0.2 0.2 76 
-0.3674049965540568 0.002 0.0006 0.841630610426267 0.003 0.004 0.9835346376895905 0.001 0.0008 2.5195189762115477 0.08 0.09 82 
-2.2147068945566812 0.004 0.002 0.999742870926857 1e-05 3e-05 0.9999586492776871 1e-05 3e-05 4.508112203280131 0.1 0.2 87 
-2.148628199895223 0.0007 0.0008 0.9992634020249049 2e-05 3e-05 0.9990885424613952 2e-05 3e-05 4.46816126982371 0.1 0.1 90 
-0.37550230344136554 0.0004 0.0003 0.8211241700251897 0.0005 0.0006 0.9792525525887807 0.0006 0.0005 2.422500930627187 0.09 0.09 91 
-2.162232125600179 0.01 0.003 0.9986765505870183 3e-05 0.0001 0.9997308313846588 2e-05 5e-05 4.499352890650432 0.1 0.1 93 
-2.20731787999471 0.008 0.002 0.9995980888605118 1e-05 3e-05 0.9992327350378036 5e-06 3e-05 4.505318059921264 0.2 0.2 94 
-2.2036123975118 0.004 0.002 0.9989231830835342 2e-05 3e-05 0.9992089955012003 6e-06 6e-05 4.517181226412455 0.1 0.2 98 
-0.3769727579752604 0.0008 0.0003 0.8464575211207072 0.003 0.003 0.9849628619352977 0.0008 0.0009 2.518887321949005 0.05 0.05 99 
