-2.225560884475708 0.0002 0.0002 0.9999944911400477 1e-06 2e-06 0.9999861663579941 7e-06 1e-05 4.512167720794678 0.08 0.08 0 
-2.2256676642100017 0.0002 0.0002 0.9999961499373118 1e-06 2e-06 0.9999867175022761 7e-06 1e-05 4.512061487833659 0.08 0.07 1 
-2.22560583114624 0.0002 0.0001 0.9999952946106593 1e-06 2e-06 0.9999874262015025 7e-06 1e-05 4.51208116531372 0.08 0.08 2 
-2.225565226872762 0.0001 7e-05 0.9999958763519923 9e-07 2e-06 0.9999840013186136 4e-06 6e-06 4.512001481056213 0.06 0.06 3 
-2.2256214809417725 0.0002 0.0002 0.9999954601128896 1e-06 2e-06 0.9999875676631927 6e-06 1e-05 4.512058709462484 0.08 0.07 4 
-2.225570027033488 0.0003 0.0002 0.9999942139784495 1e-06 3e-06 0.9999861737092336 6e-06 8e-06 4.512236574490865 0.07 0.07 5 
-2.2255828380584717 0.0003 0.0001 0.9999956552187602 2e-06 3e-06 0.9999847670396169 5e-06 7e-06 4.512230356534322 0.07 0.07 6 
-2.2255284627278646 0.0002 0.0001 0.9999943240483602 1e-06 2e-06 0.9999870411554972 6e-06 1e-05 4.512229288419087 0.07 0.07 7 
-2.225645325978597 0.0002 0.0001 0.9999958741664886 1e-06 3e-06 0.9999870580434799 6e-06 1e-05 4.512007371584574 0.07 0.07 8 
-2.225432351430257 0.0002 0.0001 0.9999943661689759 1e-06 3e-06 0.9999850408236186 4e-06 5e-06 4.512174773216247 0.07 0.07 9 
-2.2255934556325276 0.0002 0.0001 0.9999954064687093 1e-06 2e-06 0.9999875841538112 6e-06 1e-05 4.512119164466858 0.08 0.08 10 
-2.2255246353149416 0.0002 0.0001 0.9999946091572444 1e-06 3e-06 0.9999855393171311 5e-06 6e-06 4.512211662928263 0.07 0.07 11 
-2.225548868179321 0.0002 0.0001 0.9999948805570602 1e-06 2e-06 0.9999856654802958 6e-06 1e-05 4.512085075378418 0.08 0.08 12 
-2.225634848276774 0.0002 0.0001 0.9999957897265752 1e-06 2e-06 0.9999872183799744 6e-06 1e-05 4.512080968221029 0.07 0.07 13 
-2.2255826155344645 0.0002 0.0001 0.9999952703714371 1e-06 2e-06 0.9999860181411108 6e-06 1e-05 4.512164610226949 0.08 0.08 14 
-2.2255966409047443 0.0003 0.0002 0.99999472061793 2e-06 2e-06 0.9999893546104431 5e-06 1e-05 4.512205309867859 0.09 0.09 15 
-2.225496597290039 3e-05 3e-05 0.9999951676527659 5e-07 8e-07 0.9999808919429779 2e-06 2e-06 4.512030669848124 0.06 0.06 16 
-2.2255961831410724 0.0002 0.0001 0.999995603164037 1e-06 2e-06 0.9999861176808675 7e-06 1e-05 4.512150451342265 0.08 0.08 17 
-2.2256014569600424 0.0002 0.0002 0.9999954112370809 2e-06 3e-06 0.999985672434171 6e-06 1e-05 4.512108165423076 0.08 0.08 18 
-2.2255841509501137 0.0002 0.0002 0.9999951859315236 1e-06 2e-06 0.9999877174695333 6e-06 1e-05 4.512214320500692 0.08 0.08 19 
-2.2256102752685547 0.0002 0.0001 0.9999954770008723 1e-06 3e-06 0.9999878259499868 6e-06 1e-05 4.512165508270264 0.08 0.08 20 
-2.225469446182251 2e-05 2e-05 0.999995137254397 2e-07 3e-07 0.9999798123041789 8e-07 7e-07 4.512023733456929 0.05 0.05 21 
-2.225610866546631 0.0002 0.0001 0.9999952314297358 1e-06 2e-06 0.9999878315130869 6e-06 1e-05 4.512152296702067 0.07 0.07 22 
-2.225438985824585 2e-05 2e-05 0.9999946683645249 4e-07 5e-07 0.9999809579054515 2e-06 2e-06 4.51213176091512 0.06 0.06 23 
-2.2255819416046143 0.0002 0.0001 0.999995276927948 1e-06 2e-06 0.9999869086345037 6e-06 1e-05 4.512149833043416 0.08 0.08 24 
-2.2255687586466473 0.0002 0.0001 0.9999957692623138 1e-06 3e-06 0.9999851596355438 5e-06 7e-06 4.512127823829651 0.07 0.07 25 
-2.225642375946045 0.0002 0.0002 0.9999954511721929 2e-06 3e-06 0.9999859402577083 7e-06 1e-05 4.512047622998556 0.08 0.08 26 
-2.225560359954834 0.0002 0.0001 0.99999514122804 1e-06 2e-06 0.9999857709805171 7e-06 1e-05 4.512187619209289 0.08 0.08 27 
-2.225566530227661 0.0003 0.0002 0.9999947116772334 2e-06 3e-06 0.9999877498547236 7e-06 9e-06 4.512206063270569 0.08 0.08 28 
-2.2255368932088215 0.0002 0.0001 0.9999949806928634 1e-06 2e-06 0.9999863310654958 6e-06 1e-05 4.512091428438822 0.08 0.08 29 
-2.2256013266245525 0.0002 0.0002 0.9999951519568762 2e-06 3e-06 0.9999864929914475 6e-06 1e-05 4.512222673098246 0.08 0.08 30 
-2.2255149046579996 6e-05 6e-05 0.9999948010842006 8e-07 1e-06 0.999982838233312 3e-06 4e-06 4.5120490137736 0.06 0.06 31 
-2.225594930648804 0.0002 0.0001 0.9999954024950664 1e-06 2e-06 0.9999872038761775 6e-06 1e-05 4.512172104517619 0.08 0.08 32 
-2.2256157779693604 0.0006 0.0003 0.9999947615464528 2e-06 3e-06 0.9999868742624919 9e-06 3e-05 4.512109224001566 0.08 0.08 33 
-2.2256252861022947 0.0002 0.0002 0.9999951471885046 1e-06 2e-06 0.9999871371189754 6e-06 1e-05 4.512092607816061 0.07 0.07 34 
-2.225618346532186 0.0004 0.0002 0.9999951694409053 2e-06 4e-06 0.9999863634506861 5e-06 1e-05 4.512148380279541 0.08 0.08 35 
-2.225653127034505 0.0002 0.0001 0.9999958268801371 1e-06 2e-06 0.9999876459439595 5e-06 8e-06 4.5120189078648885 0.07 0.07 36 
-2.2256286557515463 0.0002 0.0001 0.9999957458178202 1e-06 2e-06 0.9999874961376191 5e-06 8e-06 4.512027993202209 0.07 0.07 37 
-2.2254878743489583 0.0002 0.0001 0.9999944257736206 1e-06 2e-06 0.9999854179223379 6e-06 1e-05 4.512232060432434 0.08 0.08 38 
-2.2256524976094565 0.0002 0.0002 0.9999955111742019 1e-06 2e-06 0.9999871800343195 7e-06 1e-05 4.5120781819025675 0.07 0.07 39 
-2.2255042457580565 0.0003 0.0002 0.9999945578972499 2e-06 4e-06 0.9999862124522527 4e-06 6e-06 4.512269213994344 0.07 0.08 40 
-2.2256035709381106 0.0002 0.0001 0.9999953796466191 1e-06 2e-06 0.9999868035316467 7e-06 1e-05 4.5121017821629845 0.08 0.08 41 
-2.2255284277598064 0.0001 0.0001 0.999995211760203 1e-06 2e-06 0.9999852885802587 5e-06 6e-06 4.512110489209493 0.06 0.07 42 
-2.2254624271392824 0.0002 0.0001 0.9999941807985305 2e-06 3e-06 0.9999848592281342 5e-06 7e-06 4.512107529640198 0.07 0.07 43 
-2.225588493347168 0.0002 0.0002 0.9999951301018397 1e-06 2e-06 0.9999860968192419 6e-06 9e-06 4.512159339586893 0.07 0.07 44 
-2.225570993423462 0.0002 0.0001 0.9999947899580002 1e-06 2e-06 0.9999845870335897 7e-06 1e-05 4.512169270515442 0.08 0.08 45 
-2.225585479736328 0.0002 0.0002 0.9999953492482503 1e-06 3e-06 0.9999866181612015 6e-06 1e-05 4.512178066571553 0.08 0.08 46 
-2.2256740220387776 0.0002 0.0002 0.9999962520599365 1e-06 2e-06 0.9999871305624644 7e-06 1e-05 4.512034147580465 0.08 0.08 47 
-2.225641393661499 0.0003 0.0002 0.9999960907300314 2e-06 3e-06 0.9999864234526952 8e-06 2e-05 4.512039945920308 0.09 0.09 48 
-2.225644623438517 0.0002 0.0001 0.999995899995168 1e-06 2e-06 0.9999869122107824 6e-06 1e-05 4.512173617680867 0.07 0.07 49 
-2.2256469980875653 0.0003 0.0002 0.9999950508276622 2e-06 2e-06 0.9999894535541535 5e-06 1e-05 4.512148861885071 0.08 0.08 50 
-2.2255981095631916 0.0003 0.0002 0.9999959333737691 2e-06 3e-06 0.999985821445783 5e-06 8e-06 4.512179738680522 0.07 0.07 51 
-2.2256119505564373 0.0002 0.0001 0.9999947647253672 1e-06 3e-06 0.9999883673588434 5e-06 6e-06 4.512189796765646 0.07 0.06 52 
-2.225609715779622 0.0002 0.0002 0.9999954777956009 1e-06 2e-06 0.999987187385559 6e-06 1e-05 4.512135535875956 0.08 0.08 53 
-2.2255117416381838 0.0002 0.0002 0.9999943917989731 2e-06 3e-06 0.9999863129854202 6e-06 1e-05 4.512193684577942 0.08 0.08 54 
-2.2256170018513997 0.0002 0.0002 0.9999953651428223 1e-06 2e-06 0.999987418850263 6e-06 1e-05 4.512240098317464 0.07 0.07 55 
-2.2255647500356037 0.0002 0.0002 0.9999950043360393 1e-06 2e-06 0.9999849444627762 6e-06 1e-05 4.512102136611938 0.08 0.08 56 
-2.2255108165740967 0.0002 0.0001 0.9999945286909739 2e-06 3e-06 0.9999862319231033 5e-06 6e-06 4.512170894940694 0.07 0.07 57 
-2.2254470443725585 0.0002 0.0001 0.999994173447291 1e-06 3e-06 0.9999847416083018 5e-06 6e-06 4.512218440373738 0.07 0.07 58 
-2.2255943457285565 0.0002 0.0002 0.9999951217571894 2e-06 2e-06 0.999987100760142 6e-06 9e-06 4.512162791887919 0.08 0.08 59 
-2.225480686823527 4e-05 3e-05 0.999995101292928 7e-07 8e-07 0.9999827146530151 2e-06 3e-06 4.51206813176473 0.06 0.06 60 
-2.2255881627400718 0.0001 0.0001 0.9999954909086227 1e-06 2e-06 0.9999867737293243 6e-06 1e-05 4.511989219983419 0.08 0.07 61 
-2.2255905946095784 0.0003 0.0002 0.9999947182337443 1e-06 3e-06 0.9999876523017883 6e-06 8e-06 4.512152689297994 0.07 0.07 62 
-2.225577294031779 0.0002 0.0001 0.9999951086441676 1e-06 2e-06 0.9999856487909953 6e-06 1e-05 4.51215395450592 0.08 0.08 63 
-2.225614554087321 0.0002 0.0002 0.9999951793750127 1e-06 2e-06 0.9999872720241547 6e-06 1e-05 4.512199951807658 0.07 0.07 64 
-2.2256219800313315 0.0002 0.0002 0.9999954696496328 2e-06 2e-06 0.9999867602189382 6e-06 1e-05 4.512103907267252 0.08 0.08 65 
-2.225546709696452 0.0002 0.0002 0.9999948706229528 1e-06 3e-06 0.9999872934818268 5e-06 9e-06 4.511954563458761 0.08 0.07 66 
-2.22551807085673 0.0003 0.0002 0.9999943711360295 2e-06 3e-06 0.9999876924355825 6e-06 9e-06 4.512203378677368 0.08 0.08 67 
-2.22556481997172 9e-05 7e-05 0.9999959200620652 9e-07 1e-06 0.9999835628271103 4e-06 6e-06 4.512007053693136 0.06 0.06 68 
-2.2255716069539386 0.0002 0.0001 0.9999958030382792 1e-06 3e-06 0.9999853154023488 5e-06 7e-06 4.5120845301946 0.07 0.07 69 
-2.2256414953867596 0.0002 0.0001 0.9999959721167883 1e-06 2e-06 0.9999875317017237 6e-06 1e-05 4.511961048444112 0.07 0.07 70 
-2.225609966913859 0.0002 0.0001 0.9999955081939698 1e-06 2e-06 0.9999868688980739 6e-06 1e-05 4.512103471755982 0.07 0.07 71 
-2.225693833033244 0.0002 0.0002 0.9999960720539093 1e-06 2e-06 0.9999875807762146 6e-06 1e-05 4.5121174271901445 0.07 0.07 72 
-2.225667511622111 0.0003 0.0003 0.999995307524999 2e-06 3e-06 0.9999888151884079 7e-06 1e-05 4.512200407981872 0.07 0.07 73 
-2.225581719080607 0.0002 0.0002 0.9999948519468308 1e-06 2e-06 0.9999835560719172 6e-06 1e-05 4.512150780359904 0.07 0.07 74 
-2.225586306254069 0.0003 0.0002 0.9999951281150182 2e-06 4e-06 0.999983153740565 6e-06 1e-05 4.512100755373637 0.09 0.08 75 
-2.2255621560414633 0.0003 0.0002 0.9999947901566824 2e-06 3e-06 0.9999881887435913 6e-06 8e-06 4.512177308400472 0.07 0.07 76 
-2.2255871295928955 0.0002 0.0002 0.9999947438637415 1e-06 3e-06 0.9999874955415726 6e-06 8e-06 4.512282357215882 0.07 0.07 77 
-2.225498580932617 2e-05 2e-05 0.9999952894449234 2e-07 2e-07 0.9999816238880157 6e-07 6e-07 4.512048864364624 0.05 0.05 78 
-2.2255816141764324 2e-05 2e-05 0.9999957813819249 6e-07 7e-07 0.9999836428960165 2e-06 2e-06 4.511985138257344 0.05 0.05 79 
-2.2256753826141358 0.0003 0.0002 0.9999958256880442 1e-06 3e-06 0.9999871404965719 6e-06 1e-05 4.512051358222961 0.07 0.07 80 
-2.2255803203582762 0.0002 0.0002 0.9999949328104655 1e-06 2e-06 0.9999865796168645 6e-06 1e-05 4.512233664194743 0.08 0.08 81 
-2.2255670674641927 0.0002 0.0002 0.999994986653328 1e-06 2e-06 0.9999859221776326 6e-06 1e-05 4.512178792953491 0.07 0.07 82 
-2.2255687141418456 2e-05 2e-05 0.9999952272574106 4e-07 4e-07 0.9999810777107875 7e-07 7e-07 4.5120343478520715 0.05 0.05 83 
-2.225480324427287 0.0006 0.0003 0.9999948171774546 2e-06 3e-06 0.9999850424130757 9e-06 3e-05 4.512214034398397 0.09 0.09 84 
-2.225549554824829 0.0002 0.0001 0.999995178381602 1e-06 3e-06 0.9999843229850133 6e-06 7e-06 4.512160689036051 0.06 0.06 85 
-2.225545736948649 0.0002 0.0002 0.9999945431947708 1e-06 2e-06 0.9999862895409266 6e-06 1e-05 4.512245799700419 0.08 0.08 86 
-2.225461091995239 0.0004 0.0002 0.9999936683972677 2e-06 4e-06 0.9999854546785355 4e-06 7e-06 4.512371807098389 0.08 0.08 87 
-2.225645761489868 0.0004 0.0003 0.9999954859415691 2e-06 3e-06 0.9999858270088832 9e-06 2e-05 4.512543915112813 0.09 0.08 88 
-2.2256029828389488 0.0002 0.0001 0.999995599190394 1e-06 2e-06 0.9999859555562337 7e-06 1e-05 4.512143012682597 0.08 0.08 89 
-2.2255667781829835 0.0001 0.0001 0.9999951314926148 1e-06 2e-06 0.9999865339199702 6e-06 1e-05 4.512011192639669 0.08 0.08 90 
-2.2255410893758136 0.0001 0.0001 0.9999943023920059 1e-06 2e-06 0.9999870898326239 6e-06 9e-06 4.5122030703226725 0.07 0.07 91 
-2.22555965423584 0.0001 0.0001 0.999995211760203 1e-06 2e-06 0.9999864224592845 6e-06 1e-05 4.512084215482076 0.08 0.08 92 
-2.2256300830841065 0.0002 0.0001 0.9999955709775289 1e-06 2e-06 0.9999877327680587 6e-06 1e-05 4.5121073039372765 0.07 0.07 93 
-2.2255751578013103 0.0002 0.0001 0.9999945867061615 2e-06 3e-06 0.9999879233042399 5e-06 9e-06 4.512190717061361 0.08 0.08 94 
-2.225490296681722 2e-05 2e-05 0.9999951191743215 2e-07 2e-07 0.9999816946188609 6e-07 6e-07 4.512052799860636 0.06 0.06 95 
-2.22548467318217 0.0002 0.0001 0.9999945986270905 2e-06 3e-06 0.999984281261762 5e-06 7e-06 4.512228304545085 0.07 0.07 96 
-2.225447425842285 2e-05 3e-05 0.9999947851896286 6e-07 7e-07 0.9999828018744786 1e-06 2e-06 4.512069753011068 0.06 0.06 97 
-2.225605001449585 0.0002 0.0001 0.9999955846865972 1e-06 2e-06 0.9999867218732834 6e-06 1e-05 4.512102700869242 0.08 0.08 98 
-2.2255274295806884 0.0003 0.0002 0.9999945459763209 2e-06 4e-06 0.9999852021535237 4e-06 7e-06 4.512329374949138 0.08 0.08 99 
-2.225600423812866 0.0002 0.0002 0.9999954344828924 1e-06 2e-06 0.9999865470329921 6e-06 1e-05 4.512182017962138 0.08 0.08 100 
-2.2255712191263837 0.0003 0.0002 0.9999950760602951 2e-06 4e-06 0.9999859460194905 4e-06 7e-06 4.512239967981975 0.07 0.07 101 
-2.2255883916219075 0.0002 0.0001 0.9999952453374863 1e-06 2e-06 0.9999868363142014 6e-06 1e-05 4.512137999534607 0.08 0.08 102 
-2.2255781523386635 2e-05 2e-05 0.999996176759402 2e-07 2e-07 0.9999825503428778 6e-07 7e-07 4.511988846460978 0.05 0.05 103 
-2.2255623213450115 0.0002 0.0001 0.9999950035413107 1e-06 2e-06 0.9999844978253046 6e-06 1e-05 4.512187703450521 0.07 0.07 104 
-2.225566644668579 0.0002 0.0001 0.9999948698282242 1e-06 3e-06 0.9999858107169469 6e-06 8e-06 4.512064034144084 0.07 0.07 105 
-2.2256030813852945 0.0002 0.0001 0.999995402097702 1e-06 2e-06 0.9999869706233343 6e-06 1e-05 4.512084954579671 0.07 0.07 106 
-2.225584154129028 0.0001 0.0001 0.9999950967232386 1e-06 2e-06 0.9999876032272975 6e-06 1e-05 4.512047346433004 0.07 0.07 107 
-2.2255075709025065 0.0007 0.0004 0.9999937456846237 3e-06 3e-06 0.9999877564112345 8e-06 3e-05 4.512258418401083 0.1 0.1 108 
-2.2257640743255616 0.0003 0.0002 0.9999966981013616 2e-06 3e-06 0.999988308151563 7e-06 1e-05 4.512134094238281 0.08 0.08 109 
-2.2256609916687013 0.0002 0.0002 0.9999961970249812 1e-06 2e-06 0.9999861071507136 7e-06 1e-05 4.512082080841065 0.07 0.07 110 
-2.2254525979359943 0.0003 0.0001 0.9999938891331355 2e-06 3e-06 0.9999853406349818 5e-06 6e-06 4.512293389638265 0.07 0.07 111 
-2.2255113410949705 0.0002 0.0001 0.999994997382164 1e-06 3e-06 0.9999849764506022 4e-06 7e-06 4.512181220054626 0.07 0.07 112 
-2.2255367437998452 0.0002 0.0001 0.99999514122804 2e-06 2e-06 0.9999864822626114 7e-06 1e-05 4.512096339861552 0.08 0.08 113 
-2.2256381066640216 0.0002 0.0002 0.9999958787361781 1e-06 3e-06 0.9999863906701406 7e-06 1e-05 4.512050959269206 0.08 0.08 114 
-2.225587250391642 0.0002 0.0002 0.9999949409564336 1e-06 2e-06 0.9999869767824808 6e-06 1e-05 4.512197438875834 0.08 0.08 115 
-2.225537141164144 0.0002 0.0001 0.999994865655899 1e-06 2e-06 0.9999849955240886 7e-06 1e-05 4.512237323125204 0.08 0.08 116 
-2.225491695404053 2e-05 2e-05 0.9999953430891036 2e-07 2e-07 0.9999825135866801 6e-07 6e-07 4.512024366060893 0.05 0.05 117 
-2.225520346959432 0.0003 0.0002 0.9999945630629857 2e-06 3e-06 0.9999873582522074 6e-06 1e-05 4.512324298222859 0.08 0.08 118 
-2.2255528799692788 0.0002 0.0001 0.9999948867162068 1e-06 2e-06 0.9999862422545751 6e-06 1e-05 4.512265477180481 0.08 0.08 119 
-2.225659580230713 0.0002 0.0001 0.9999955836931864 1e-06 3e-06 0.999988180398941 6e-06 1e-05 4.512035652796428 0.07 0.07 120 
-2.2255482419331867 0.0002 0.0002 0.9999945324659347 2e-06 3e-06 0.9999873334169388 6e-06 1e-05 4.512235007286072 0.08 0.08 121 
-2.2255139446258543 2e-05 2e-05 0.9999956351518631 3e-07 2e-07 0.9999803920586904 7e-07 7e-07 4.5120254723231 0.05 0.05 122 
-2.2255062834421793 0.0003 0.0002 0.9999949912230174 2e-06 3e-06 0.9999839460849762 7e-06 1e-05 4.512302977244059 0.09 0.09 123 
-2.22556778271993 0.0002 0.0002 0.9999947939316431 2e-06 3e-06 0.9999861900011698 7e-06 1e-05 4.5121576642990116 0.08 0.08 124 
-2.2255465094248454 0.0002 0.0001 0.9999949846665065 1e-06 2e-06 0.9999871943394343 5e-06 8e-06 4.512111676534017 0.07 0.07 125 
-2.2256160513559977 0.0002 0.0001 0.9999956593910853 1e-06 2e-06 0.9999863658348719 7e-06 1e-05 4.512104336420695 0.08 0.08 126 
-2.2256003348032634 0.0002 0.0002 0.999994953473409 1e-06 3e-06 0.999987373550733 6e-06 9e-06 4.512243860562642 0.08 0.08 127 
-2.2255782000223796 0.0001 0.0001 0.9999946441253026 1e-06 2e-06 0.9999873240788778 6e-06 9e-06 4.512222841580709 0.07 0.07 128 
-2.2254260635375975 2e-05 2e-05 0.9999944287538528 4e-07 3e-07 0.9999826292196909 6e-07 6e-07 4.5121429777145385 0.06 0.06 129 
-2.225626598993937 0.0002 0.0002 0.9999955584605534 1e-06 2e-06 0.9999876807133357 6e-06 1e-05 4.512161588668823 0.07 0.07 130 
-2.2256343873341877 0.0002 0.0001 0.9999955360094707 1e-06 2e-06 0.9999856585264206 7e-06 1e-05 4.51213286558787 0.07 0.07 131 
-2.2254265562693276 2e-05 2e-05 0.9999946584304173 2e-07 3e-07 0.9999820681413015 6e-07 6e-07 4.512072289784749 0.06 0.06 132 
-2.225547014872233 0.0002 0.0001 0.999994807044665 1e-06 2e-06 0.9999863920609157 6e-06 1e-05 4.512199947039286 0.08 0.08 133 
-2.2256326134999593 0.0003 0.0002 0.9999954203764597 2e-06 3e-06 0.9999848365783691 6e-06 9e-06 4.5121599372227985 0.08 0.08 134 
-2.225599988301595 0.0002 0.0001 0.999995308915774 1e-06 3e-06 0.9999863515297572 6e-06 1e-05 4.511998772621155 0.08 0.08 135 
-2.2256150499979657 0.0002 0.0001 0.9999958610534668 1e-06 2e-06 0.9999870204925537 6e-06 1e-05 4.5120722723007205 0.08 0.08 136 
-2.225654010772705 0.0002 0.0001 0.9999956772724787 1e-06 2e-06 0.9999874659379323 6e-06 1e-05 4.512075562477111 0.07 0.07 137 
-2.225553709665934 0.0002 0.0002 0.9999946590264638 2e-06 3e-06 0.9999851961930593 6e-06 1e-05 4.512297385533651 0.08 0.08 138 
-2.2255167229970296 0.0002 0.0002 0.9999940554300945 1e-06 3e-06 0.9999856642882029 6e-06 9e-06 4.512179322242737 0.08 0.08 139 
-2.2256173928578695 0.0002 0.0002 0.9999953969319662 1e-06 2e-06 0.9999873811006545 6e-06 1e-05 4.512188401222229 0.08 0.08 140 
-2.225584980646769 0.0002 0.0002 0.9999951442082723 2e-06 3e-06 0.9999865637222926 6e-06 1e-05 4.512243655522664 0.08 0.08 141 
-2.225582529703776 9e-05 7e-05 0.9999960974852244 1e-06 2e-06 0.9999828503529231 4e-06 6e-06 4.511970639228821 0.06 0.06 142 
-2.225594695409139 0.0002 0.0001 0.9999955817063649 1e-06 2e-06 0.9999866950511932 6e-06 1e-05 4.512174309094747 0.08 0.08 143 
-2.225594676335653 0.0003 0.0002 0.9999951283137004 2e-06 3e-06 0.9999860125780106 5e-06 1e-05 4.512209838231405 0.08 0.08 144 
-2.2255844688415527 0.0002 0.0001 0.9999950927495956 1e-06 2e-06 0.9999847608804703 6e-06 1e-05 4.512173134485881 0.08 0.08 145 
-2.2256388250986734 0.0002 0.0002 0.9999953722953796 1e-06 3e-06 0.9999866070350011 6e-06 1e-05 4.512201771736145 0.07 0.07 146 
-2.225444981257121 2e-05 2e-05 0.9999948114156723 2e-07 2e-07 0.9999825141827265 6e-07 6e-07 4.512053977648417 0.05 0.05 147 
-2.2256044960021972 0.0002 0.0002 0.9999953655401865 1e-06 3e-06 0.999986630876859 6e-06 1e-05 4.512167266209921 0.08 0.08 148 
-2.2256182416280113 0.0001 0.0001 0.9999955767393112 1e-06 2e-06 0.9999872634808222 6e-06 1e-05 4.512147949536641 0.07 0.07 149 
