-2.223249789646694 0.001 0.0006 0.9999796154243605 6e-06 1e-05 0.9999853576932635 4e-06 5e-06 4.508198756831033 0.1 0.1 49 
-2.223634443964277 0.003 0.001 0.999976657969611 9e-06 3e-05 0.9999759859272412 2e-05 5e-05 4.510487622874123 0.1 0.1 22 
-2.224681271825518 0.0001 0.0001 0.9999914199113846 2e-06 2e-06 0.9999856263399124 4e-06 6e-06 4.5112805741173885 0.1 0.1 45 
-2.2246253047670637 0.008 0.002 0.9999852231570653 1e-05 4e-05 0.9999924623540469 7e-06 2e-05 4.510809256349291 0.1 0.1 2 
-2.22220481804439 0.007 0.003 0.9999574171645301 2e-05 7e-05 0.9999149348054613 7e-06 2e-05 4.509911382198334 0.2 0.2 23 
-2.225271667752947 0.0001 0.0001 0.9999922373465129 2e-06 2e-06 0.9999895461968014 5e-06 8e-06 4.511907052993775 0.08 0.08 48 
-2.2212699243000578 0.0004 0.0004 0.9999537037951606 8e-06 7e-06 0.9985546882663454 4e-05 5e-05 4.521986259732928 0.2 0.2 41 
-2.2212676559175764 0.002 0.001 0.9999709025025367 1e-05 3e-05 0.9999299147299358 2e-05 4e-05 4.505910912581853 0.1 0.1 42 
-2.224861478805542 0.003 0.001 0.9999521764261382 4e-05 7e-05 0.9999934671180589 5e-06 2e-05 4.511037310532161 0.2 0.2 19 
-2.2234998055866786 0.001 0.0008 0.9999698609113693 7e-06 1e-05 0.9999719634652138 1e-05 2e-05 4.510069578034537 0.2 0.2 24 
-2.223648762702942 0.006 0.002 0.999967240009989 2e-05 8e-05 0.9999847635626793 1e-05 4e-05 4.5114364641053335 0.2 0.2 15 
-2.224084220613752 0.001 0.0009 0.9999822039689337 8e-06 1e-05 0.9999742861304964 1e-05 2e-05 4.511285955565317 0.1 0.1 27 
-2.2220377479280744 0.0003 0.0006 0.9999897609863962 2e-06 1e-06 0.9998079427650997 5e-05 5e-05 4.491460457869938 0.2 0.2 13 
-2.222151075090681 0.002 0.002 0.9999654344149999 1e-05 3e-05 0.9999708893043654 2e-05 3e-05 4.509916969708034 0.2 0.2 7 
-2.2245754378182547 0.004 0.001 0.9999756817306791 2e-05 5e-05 0.9999875273023333 5e-06 4e-05 4.509790706634521 0.2 0.2 28 
-2.220641541481018 0.01 0.004 0.9999538811189788 3e-05 6e-05 0.9999971455761365 2e-06 6e-06 4.508449365411486 0.1 0.2 39 
-2.2233915907996042 0.001 0.0007 0.9999855392745562 5e-06 7e-06 0.9999761138643537 8e-06 1e-05 4.5097492677824835 0.1 0.1 11 
-2.223886227607727 0.003 0.001 0.9999837428331375 8e-06 2e-05 0.9999748755778585 1e-05 2e-05 4.510620597430638 0.1 0.1 31 
-2.221094455037798 0.006 0.002 0.9999731921723911 1e-05 2e-05 0.9995756928409849 4e-05 5e-05 4.510532210554396 0.2 0.2 1 
-2.224535628727504 0.0002 0.0002 0.9999820638980185 3e-06 4e-06 0.9997963996870177 5e-06 7e-06 4.513821625709534 0.1 0.1 18 
