-2.2211419650486537 0.0003 0.0002 0.9999189036233085 1e-05 9e-06 0.9998821420328957 3e-05 3e-05 4.496336715562003 0.2 0.2 147 
-2.222626444271633 0.005 0.003 0.999948456457683 2e-05 9e-05 0.9999663693564279 2e-05 3e-05 4.508070460387638 0.2 0.3 62 
-2.2234182596206664 0.002 0.001 0.9999742524964469 8e-06 8e-06 0.9999858969024249 5e-06 5e-06 4.511860411507743 0.1 0.1 36 
-2.2230212245668683 0.002 0.0008 0.9999077205147062 5e-05 7e-05 0.9999860365475927 1e-05 5e-05 4.510875952243805 0.1 0.2 169 
-2.2239531074251446 0.0007 0.0005 0.9999750118170466 6e-06 7e-06 0.9999894218785422 6e-06 2e-05 4.5122434258460995 0.1 0.1 196 
-2.2209071499960764 0.003 0.002 0.9998517117330006 2e-05 4e-05 0.9999563457710402 2e-05 4e-05 4.510302054882049 0.2 0.2 193 
-2.221146961620876 0.001 0.0006 0.9999699305210795 8e-06 9e-06 0.9998976219977651 1e-05 7e-05 4.508871625150953 0.2 0.2 101 
-2.2213419130870276 0.001 0.001 0.9999253622123173 2e-05 2e-05 0.9999774926475116 4e-06 2e-06 4.510223683289119 0.2 0.2 47 
-2.2206093651907786 0.0003 0.0003 0.9999290198087692 1e-05 1e-05 0.9985595779759543 2e-05 2e-05 4.5273360899516515 0.2 0.2 189 
-2.2228013924189978 0.006 0.002 0.9999726476413863 1e-05 4e-05 0.9999247082642146 4e-05 9e-05 4.507643752438682 0.3 0.3 68 
-2.221314185006278 0.002 0.002 0.9999507652861731 2e-05 3e-05 0.9999761013048035 9e-06 1e-05 4.51097663811275 0.2 0.2 114 
-2.2214155197143555 0.003 0.002 0.9998961216637067 2e-05 5e-05 0.9999536844236511 2e-05 5e-05 4.5142997860908505 0.2 0.2 195 
-2.220151322228568 0.003 0.002 0.9999788825001036 5e-06 7e-06 0.9996957776801927 0.0001 0.0002 4.482309797831944 0.3 0.3 164 
-2.2224528959819247 0.001 0.001 0.9999624071376664 1e-05 1e-05 0.9998801735895021 1e-05 1e-05 4.509719548906599 0.2 0.2 45 
-2.2215133701051983 0.004 0.001 0.9999623111316136 9e-06 1e-05 0.999927114376 5e-05 0.0002 4.509050343717847 0.2 0.2 139 
-2.2220401559557232 0.0003 0.0002 0.9999671880687986 5e-06 6e-06 0.9999308562704495 4e-06 4e-06 4.508733415603638 0.2 0.2 46 
-2.2221751519611903 0.0007 0.0004 0.9999673249466079 5e-06 5e-06 0.999950620319162 8e-06 1e-05 4.509247882025583 0.1 0.1 86 
-2.2231971400124686 0.004 0.001 0.999983354125704 7e-06 3e-05 0.999940380028316 3e-05 3e-05 4.509407355104174 0.1 0.1 181 
-2.2200320414134436 0.0005 0.0006 0.9999456820743424 9e-06 9e-06 0.9985234362738473 4e-05 5e-05 4.519521297727312 0.2 0.2 96 
-2.2228334665298464 0.001 0.0007 0.9999782366412027 5e-06 5e-06 0.9999468545828547 1e-05 1e-05 4.5061116865703035 0.1 0.1 28 
