-2.2256846223558697 0.0005 0.0003 0.9999961314456803 2e-06 3e-06 0.9999865827815874 9e-06 2e-05 4.511759546824864 0.09 0.09 57 
-2.225677180290222 0.0005 0.0003 0.9999962612986565 2e-06 3e-06 0.999986232817173 8e-06 2e-05 4.511793976170676 0.09 0.09 50 
-2.2257293837411063 0.0006 0.0004 0.9999966683132308 2e-06 3e-06 0.9999876714178494 8e-06 3e-05 4.51225608927863 0.1 0.1 40 
-2.2257189444133214 0.0007 0.0004 0.9999965644308499 2e-06 4e-06 0.9999862762434142 8e-06 3e-05 4.511916928631919 0.09 0.09 55 
-2.2256490128380912 0.0007 0.0004 0.9999961625252451 1e-06 3e-06 0.999985731286662 1e-05 3e-05 4.511823775087084 0.1 0.1 45 
-2.2256835494722638 0.0006 0.0003 0.9999963128140994 1e-06 3e-06 0.9999864026904106 9e-06 3e-05 4.511821975026812 0.1 0.09 54 
-2.2256772211619786 0.0005 0.0004 0.9999960316079003 2e-06 4e-06 0.9999864916716303 9e-06 2e-05 4.511972679410662 0.1 0.1 49 
-2.2259072814668928 0.002 0.0005 0.9999971230115209 2e-06 8e-06 0.9999906035406249 6e-06 2e-05 4.511783683300019 0.09 0.08 5 
-2.225694067137582 0.0006 0.0004 0.9999961640153613 2e-06 3e-06 0.9999871409365109 8e-06 2e-05 4.511765807015555 0.1 0.09 48 
-2.225688028335571 0.0006 0.0004 0.9999962674719947 2e-06 3e-06 0.9999870125736509 9e-06 2e-05 4.511908515862056 0.1 0.1 39 
-2.225699533735003 0.001 0.0005 0.9999965284551893 2e-06 4e-06 0.9999860303742545 1e-05 5e-05 4.512044598375048 0.1 0.1 38 
-2.2256973913737705 0.0007 0.0004 0.9999964814100947 1e-06 3e-06 0.9999858592237745 9e-06 3e-05 4.511847245693207 0.1 0.1 56 
-2.2256761414664132 0.0006 0.0003 0.9999962715165955 2e-06 3e-06 0.9999866619706154 9e-06 3e-05 4.5123042668615065 0.1 0.1 37 
-2.2256860051836287 0.0005 0.0003 0.9999962825860296 2e-06 3e-06 0.9999867805412838 9e-06 2e-05 4.512176992212023 0.1 0.09 58 
-2.2256810426712037 0.0005 0.0003 0.9999963507056236 2e-06 3e-06 0.999987217783928 8e-06 2e-05 4.511624876090458 0.09 0.09 44 
-2.2258409738540648 0.002 0.0005 0.9999969691038132 2e-06 2e-05 0.9999880596995354 9e-06 3e-05 4.5118692670549665 0.1 0.1 26 
-2.2256567512239727 0.0005 0.0003 0.9999963145170893 1e-06 3e-06 0.9999863258429936 9e-06 2e-05 4.512043923991067 0.09 0.09 47 
-2.225851215635027 0.002 0.0006 0.9999971985816956 2e-06 9e-06 0.9999872801559312 9e-06 4e-05 4.511984470912388 0.1 0.1 15 
-2.2256786142076765 0.0005 0.0003 0.9999963089823722 1e-06 3e-06 0.9999870502523014 8e-06 2e-05 4.51211827482496 0.09 0.09 53 
-2.225818865639823 0.002 0.0006 0.9999968077455248 3e-06 1e-05 0.9999881678393909 9e-06 4e-05 4.511683344841003 0.1 0.1 6 
-2.225691522870745 0.0006 0.0004 0.9999960780143737 2e-06 4e-06 0.999986467404025 9e-06 3e-05 4.511913144588471 0.1 0.1 35 
-2.225678035191127 0.0007 0.0004 0.999996356027467 2e-06 3e-06 0.9999860248395375 9e-06 3e-05 4.512149058069501 0.1 0.1 34 
-2.2257520948137555 0.002 0.0005 0.9999965767775263 2e-06 6e-06 0.9999851597206934 8e-06 5e-05 4.511856775624412 0.1 0.1 12 
-2.2256718703678677 0.0006 0.0004 0.999996123782226 2e-06 3e-06 0.9999858779566628 1e-05 3e-05 4.512265402930123 0.1 0.1 41 
-2.2256887333733695 0.0008 0.0004 0.999996363903795 2e-06 4e-06 0.999984507901328 9e-06 3e-05 4.511682057380677 0.1 0.1 43 
-2.225842956134251 0.002 0.0006 0.9999969780445099 3e-06 1e-05 0.9999873902116503 9e-06 5e-05 4.5116775870323185 0.1 0.1 21 
-2.2258583681924002 0.001 0.0005 0.9999973703707967 2e-06 1e-05 0.9999882195677076 9e-06 3e-05 4.511912044457027 0.09 0.09 7 
-2.2257271596363615 0.0008 0.0004 0.9999966048768588 1e-06 3e-06 0.9999877767903464 9e-06 3e-05 4.51212158543723 0.1 0.1 30 
-2.2258525337491717 0.0009 0.0005 0.9999971636704036 2e-06 9e-06 0.9999878583209855 8e-06 3e-05 4.511799286093031 0.1 0.09 30 
-2.225666206223624 0.0004 0.0003 0.9999960760985102 2e-06 3e-06 0.9999865104045187 8e-06 2e-05 4.511965196473258 0.09 0.09 32 
-2.2258000101361954 0.002 0.0006 0.9999967756015914 3e-06 2e-05 0.9999876961112022 9e-06 4e-05 4.51199038199016 0.1 0.1 23 
-2.225671342441014 0.0004 0.0003 0.9999964403254645 2e-06 4e-06 0.9999864275966371 9e-06 2e-05 4.512332127775465 0.09 0.09 59 
-2.2256860869271415 0.0006 0.0004 0.9999962272388595 2e-06 3e-06 0.999986301788262 9e-06 3e-05 4.512281680107117 0.1 0.1 33 
-2.22568188054221 0.0005 0.0004 0.9999962023326329 2e-06 3e-06 0.9999858773180417 9e-06 3e-05 4.511931470462254 0.1 0.1 51 
-2.225688740185329 0.0005 0.0004 0.9999963809336935 2e-06 4e-06 0.999985916699682 8e-06 2e-05 4.5118065970284595 0.09 0.09 31 
-2.225673699378967 0.0005 0.0004 0.9999962647046362 2e-06 3e-06 0.999985599730696 9e-06 2e-05 4.512336310318538 0.09 0.1 46 
-2.2256764922823224 0.0005 0.0003 0.999995890046869 2e-06 3e-06 0.9999868339725904 8e-06 2e-05 4.512198191029685 0.09 0.09 60 
-2.2256960460117887 0.0006 0.0004 0.9999965250492096 2e-06 3e-06 0.9999865808657238 9e-06 3e-05 4.511810323170253 0.09 0.1 52 
-2.225834059715271 0.001 0.0005 0.9999974023018564 2e-06 7e-06 0.9999855550272124 1e-05 5e-05 4.511895137173789 0.09 0.1 29 
-2.2257082530430385 0.0009 0.0004 0.9999965280294418 1e-06 3e-06 0.9999861721481595 9e-06 3e-05 4.512038116795676 0.1 0.1 36 
-2.2256843839372906 0.002 0.0005 0.9999963813594409 2e-06 4e-06 0.9999858875359807 1e-05 7e-05 4.511905428341457 0.1 0.1 42 
