-2.225620542253767 0.002 0.0007 0.9999941595963069 4e-06 1e-05 0.9999862121684211 1e-05 4e-05 4.512231627532414 0.1 0.1 43 
-2.225443414279393 0.0005 0.0004 0.9999934439148221 2e-06 3e-06 0.9999823223267282 1e-05 3e-05 4.5123558742659435 0.09 0.09 45 
-2.225568120820182 0.003 0.0007 0.9999932442392622 4e-06 2e-05 0.9999862496341978 1e-05 5e-05 4.5120377370289395 0.1 0.1 12 
-2.2253313507352557 0.0009 0.0005 0.9999908928360258 2e-06 4e-06 0.9999856974397386 1e-05 3e-05 4.51243429013661 0.1 0.1 6 
-2.2256200858524866 0.001 0.0004 0.9999940195253917 2e-06 2e-06 0.9999879962631635 9e-06 4e-05 4.512027212551662 0.1 0.1 31 
-2.225621669633048 0.002 0.0007 0.9999944850802421 4e-06 2e-05 0.9999865265829223 1e-05 6e-05 4.512470710277557 0.1 0.1 55 
-2.2254406894956316 0.0008 0.0005 0.9999924651214055 2e-06 4e-06 0.999986047404153 1e-05 3e-05 4.512618577480316 0.1 0.1 50 
-2.2255264827183314 0.002 0.0008 0.9999934617962156 4e-06 1e-05 0.9999852557267461 1e-05 5e-05 4.512194451263973 0.1 0.1 48 
-2.2255696875708444 0.001 0.0005 0.9999942358051027 2e-06 3e-06 0.9999865812914712 1e-05 4e-05 4.512587477479662 0.1 0.1 54 
-2.225625671659197 0.002 0.0006 0.9999942830630711 3e-06 9e-06 0.9999865319047655 1e-05 6e-05 4.512250248023442 0.1 0.1 51 
-2.2255519662584575 0.001 0.0005 0.9999935292771884 2e-06 3e-06 0.9999859049916268 1e-05 4e-05 4.512238255568913 0.1 0.1 44 
-2.2256381273269654 0.001 0.0006 0.9999944610255105 3e-06 1e-05 0.9999859286206109 1e-05 5e-05 4.512367458002908 0.1 0.1 37 
-2.2255585295813423 0.002 0.0007 0.9999927082232066 4e-06 1e-05 0.9999900272914342 8e-06 4e-05 4.512450323786054 0.1 0.1 53 
-2.2256057466779438 0.002 0.0007 0.9999940612486431 3e-06 1e-05 0.9999866125839098 1e-05 5e-05 4.512133193016052 0.1 0.1 41 
-2.2255963359560287 0.001 0.0004 0.9999938688107899 1e-06 3e-06 0.9999855673738889 1e-05 4e-05 4.511990322385516 0.1 0.1 30 
-2.2256494624274117 0.002 0.0007 0.9999947703310421 4e-06 1e-05 0.999986940409456 1e-05 5e-05 4.5121241007532396 0.1 0.1 40 
-2.2257493768419536 0.001 0.0006 0.9999952226877212 2e-06 7e-06 0.9999879898769515 1e-05 4e-05 4.512491311345782 0.09 0.1 5 
-2.2255678176879883 0.002 0.0006 0.9999933928251267 4e-06 1e-05 0.999985551408359 1e-05 6e-05 4.512105749334608 0.1 0.1 49 
-2.2255221775599887 0.002 0.0006 0.9999933881419045 3e-06 1e-05 0.999985175047602 1e-05 8e-05 4.5121040259088785 0.1 0.1 57 
-2.225576652799334 0.003 0.0008 0.9999956846237182 3e-06 2e-05 0.9999831074050495 1e-05 6e-05 4.511659070423671 0.1 0.1 56 
-2.2256570884159634 0.002 0.0007 0.9999952729259218 3e-06 1e-05 0.9999871066638402 1e-05 5e-05 4.5120038492339 0.1 0.1 39 
-2.2255828516823906 0.002 0.0005 0.9999937168189458 2e-06 2e-06 0.9999864184430667 1e-05 5e-05 4.512210180078234 0.1 0.1 59 
-2.2254596914563862 0.0009 0.0005 0.9999927084360803 2e-06 3e-06 0.9999855737601008 1e-05 3e-05 4.512196608952114 0.1 0.1 32 
-2.225627677781241 0.0008 0.0004 0.9999942147306033 1e-06 3e-06 0.9999884965164321 9e-06 3e-05 4.512271734646388 0.1 0.1 33 
-2.22550767489842 0.001 0.0005 0.9999927463276046 2e-06 3e-06 0.9999857876982008 1e-05 4e-05 4.512092758928026 0.1 0.1 46 
-2.22564331804003 0.002 0.0006 0.9999942762511117 3e-06 1e-05 0.9999878168106079 1e-05 8e-05 4.512119775159018 0.1 0.1 38 
-2.2255669423512052 0.002 0.0007 0.999993989935943 4e-06 2e-05 0.9999858766794205 1e-05 5e-05 4.511925724574498 0.1 0.1 42 
-2.2255501542772564 0.002 0.0007 0.9999929368495941 3e-06 2e-05 0.9999850141150611 1e-05 5e-05 4.512183397156852 0.1 0.1 2 
-2.225713610649109 0.001 0.0006 0.9999951526522637 3e-06 8e-06 0.999986934023244 1e-05 5e-05 4.512175261974335 0.09 0.1 13 
-2.2254100493022375 0.001 0.0005 0.9999920219182968 2e-06 3e-06 0.9999855209674154 1e-05 4e-05 4.512504967621394 0.1 0.1 52 
-2.2254631212779454 0.0008 0.0005 0.9999926113656589 2e-06 3e-06 0.9999862187675067 1e-05 3e-05 4.5120874387877326 0.1 0.1 58 
-2.225576230457851 0.002 0.0007 0.9999944918922016 3e-06 1e-05 0.999986739882401 1e-05 8e-05 4.512071314879826 0.1 0.1 35 
-2.2255654914038523 0.002 0.0007 0.9999934121966362 3e-06 1e-05 0.9999844857624599 1e-05 5e-05 4.512598053046635 0.1 0.1 11 
-2.2255995205470493 0.002 0.0007 0.9999941900372505 3e-06 1e-05 0.9999847128987313 1e-05 5e-05 4.512475885663714 0.1 0.1 7 
-2.2255106210708617 0.0009 0.0005 0.9999930601034845 2e-06 3e-06 0.9999856987169811 1e-05 4e-05 4.512283393314907 0.1 0.1 1 
-2.2255720445087976 0.001 0.0006 0.9999916481120246 3e-06 8e-06 0.9999834784439632 1e-05 5e-05 4.512361817700523 0.1 0.1 9 
-2.2257860592433385 0.002 0.0005 0.9999960313950266 3e-06 1e-05 0.9999868754829679 1e-05 4e-05 4.512205966881344 0.1 0.09 4 
-2.225637034007481 0.001 0.0007 0.9999945097735949 3e-06 2e-05 0.9999863068972316 1e-05 4e-05 4.5120471324239455 0.1 0.1 60 
-2.2255445684705464 0.002 0.0007 0.9999949964029449 3e-06 9e-06 0.999982838332653 1e-05 7e-05 4.512184165205274 0.1 0.1 34 
-2.225647521018982 0.002 0.0006 0.9999938358153616 3e-06 1e-05 0.9999875341142926 9e-06 5e-05 4.511987238270896 0.1 0.1 36 
-2.2256301811763217 0.001 0.0004 0.999994195997715 1e-06 2e-06 0.9999874493905476 9e-06 4e-05 4.512157198360988 0.1 0.1 47 
