-2.2255252463476998 0.0004 0.0003 0.9999940012182508 2e-06 3e-06 0.9999852327363832 9e-06 2e-05 4.512362703255245 0.09 0.09 15 
-2.2256509474345614 0.001 0.0004 0.9999952014003481 2e-06 3e-06 0.9999875928674425 9e-06 3e-05 4.512170703070504 0.1 0.1 42 
-2.2257939645222256 0.001 0.0006 0.9999963785920825 2e-06 1e-05 0.99998803543193 9e-06 3e-05 4.512013620989663 0.1 0.1 11 
-2.225658437183925 0.001 0.0004 0.9999955705233983 2e-06 3e-06 0.9999872776014465 9e-06 4e-05 4.512347859995706 0.1 0.1 33 
-2.225644016265869 0.001 0.0004 0.9999958066003664 2e-06 3e-06 0.9999864563345909 1e-05 5e-05 4.512108629090445 0.1 0.1 40 
-2.2256628002439225 0.0007 0.0004 0.9999959430524281 2e-06 3e-06 0.9999867032681192 9e-06 3e-05 4.51206705059324 0.1 0.1 41 
-2.2258217062268937 0.002 0.0005 0.9999965799706323 3e-06 1e-05 0.999988856273038 9e-06 3e-05 4.512012192181179 0.09 0.09 5 
-2.2257973977497647 0.002 0.0006 0.9999965654952185 3e-06 2e-05 0.9999869557363646 9e-06 5e-05 4.512134517942156 0.1 0.1 9 
-2.2257533720561438 0.001 0.0005 0.9999965761389051 2e-06 1e-05 0.9999869961823736 1e-05 4e-05 4.511807692050934 0.1 0.1 58 
-2.2256554297038487 0.0005 0.0003 0.9999956575887544 2e-06 3e-06 0.9999874244843211 9e-06 2e-05 4.512186876365116 0.09 0.09 59 
-2.225691032409668 0.001 0.0004 0.9999956869653293 2e-06 3e-06 0.9999880586351667 9e-06 4e-05 4.512162808009556 0.1 0.1 50 
-2.225696407045637 0.002 0.0006 0.9999961810452598 2e-06 3e-06 0.9999876037240029 9e-06 8e-05 4.511943583829062 0.1 0.1 51 
-2.2257913385118755 0.001 0.0006 0.9999964720436505 3e-06 1e-05 0.9999846405216626 9e-06 4e-05 4.511862349510193 0.1 0.1 23 
-2.225627844674247 0.0005 0.0003 0.9999954381159374 2e-06 3e-06 0.9999867056097304 9e-06 2e-05 4.512318108763013 0.09 0.09 55 
-2.2256491218294414 0.001 0.0006 0.9999964790684837 2e-06 7e-06 0.9999821275472641 1e-05 5e-05 4.511964671952384 0.1 0.1 57 
-2.2256608826773507 0.0007 0.0004 0.9999957789267813 2e-06 3e-06 0.9999873355031014 9e-06 3e-05 4.512308272293636 0.09 0.1 39 
-2.2257598297936574 0.001 0.0006 0.999996422444071 2e-06 8e-06 0.9999866777232715 1e-05 4e-05 4.5121259365762985 0.1 0.09 26 
-2.2256758962358747 0.002 0.0005 0.9999957201736314 3e-06 8e-06 0.9999864018389157 9e-06 6e-05 4.511806493146079 0.1 0.1 36 
-2.2256198065621513 0.0005 0.0004 0.9999952869755881 2e-06 4e-06 0.999987027474812 9e-06 2e-05 4.512030826296125 0.09 0.09 47 
-2.2257187707083568 0.002 0.0007 0.9999964056270463 3e-06 2e-05 0.9999801508017949 1e-05 7e-05 4.5117050613675795 0.1 0.1 13 
-2.2256505489349365 0.002 0.0005 0.9999958381056786 2e-06 7e-06 0.9999869578651019 1e-05 6e-05 4.511778703757694 0.1 0.1 45 
-2.2256375857761928 0.001 0.0006 0.9999962021197591 2e-06 8e-06 0.9999849781394005 1e-05 5e-05 4.511947756154196 0.1 0.1 49 
-2.225598580496652 0.0005 0.0003 0.9999952533415386 2e-06 3e-06 0.999985248701913 9e-06 2e-05 4.51223440681185 0.09 0.09 35 
-2.2256935323987688 0.002 0.0005 0.9999958412987845 3e-06 9e-06 0.9999876775911876 1e-05 4e-05 4.5122879198619295 0.1 0.1 6 
-2.225590719495501 0.0005 0.0004 0.9999951511621475 2e-06 4e-06 0.9999867373279163 9e-06 2e-05 4.512455405507769 0.1 0.09 56 
-2.225550358636039 0.0003 0.0002 0.9999954755817141 2e-06 3e-06 0.9999846826706614 8e-06 2e-05 4.512055705274855 0.08 0.08 54 
-2.225655164037432 0.002 0.0007 0.9999952850597246 3e-06 1e-05 0.9999870715396745 1e-05 5e-05 4.5121726785387315 0.1 0.1 46 
-2.2256583724703107 0.0006 0.0004 0.9999954608934266 2e-06 4e-06 0.9999878163848605 8e-06 3e-05 4.511846312454769 0.09 0.09 53 
-2.2255931513650076 0.0006 0.0004 0.9999952914459365 2e-06 4e-06 0.9999857713069235 9e-06 2e-05 4.511981815951211 0.09 0.09 34 
-2.2256528445652553 0.0006 0.0004 0.9999956614204816 2e-06 3e-06 0.9999874136277608 9e-06 3e-05 4.512326616900308 0.09 0.09 31 
-2.225614731652396 0.0006 0.0004 0.9999953608427729 1e-06 3e-06 0.9999871398721423 9e-06 3e-05 4.51226133448737 0.1 0.1 43 
-2.2258063759122577 0.001 0.0005 0.9999964260629245 2e-06 9e-06 0.9999883455889566 9e-06 3e-05 4.5120339683124 0.09 0.1 27 
-2.225707462855748 0.002 0.0007 0.9999959081411361 3e-06 2e-05 0.9999869157161031 1e-05 4e-05 4.511864127431597 0.1 0.1 52 
-2.2256435666765486 0.0007 0.0004 0.9999954191701753 2e-06 4e-06 0.9999874430043357 9e-06 3e-05 4.512082784516471 0.09 0.09 37 
-2.225667030470712 0.0006 0.0004 0.9999957912734576 2e-06 3e-06 0.9999874702521733 9e-06 3e-05 4.512364402839116 0.1 0.09 60 
-2.225603975568499 0.0006 0.0004 0.9999949800116675 2e-06 4e-06 0.9999873559389796 9e-06 3e-05 4.512350308895111 0.09 0.09 48 
-2.2256543261664254 0.002 0.0005 0.9999960603458541 2e-06 8e-06 0.999985699568476 1e-05 6e-05 4.512091885294233 0.1 0.1 30 
-2.2257481030055453 0.003 0.0006 0.9999961014304842 3e-06 1e-05 0.9999882617167064 9e-06 4e-05 4.511995734487261 0.1 0.1 12 
-2.225691682951791 0.002 0.0006 0.9999958798289299 3e-06 1e-05 0.9999870423759732 1e-05 5e-05 4.511972871848515 0.1 0.1 44 
-2.225555716242109 0.0004 0.0003 0.9999955835086959 2e-06 3e-06 0.999983634693282 9e-06 2e-05 4.512065620081765 0.08 0.08 32 
-2.2257475205830164 0.002 0.0005 0.9999963945576122 3e-06 9e-06 0.9999881425074169 9e-06 5e-05 4.511788179193224 0.1 0.1 7 
-2.2257115568433488 0.002 0.0007 0.9999959166560854 3e-06 1e-05 0.9999865444643157 9e-06 4e-05 4.512188897814069 0.1 0.1 38 
