-2.225466888291495 0.003 0.0008 0.9999912806919643 4e-06 1e-05 0.9999850194369043 1e-05 8e-05 4.512456980773381 0.1 0.1 37 
-2.225549411773682 0.003 0.0008 0.9999923825263977 4e-06 2e-05 0.9999850128378187 1e-05 6e-05 4.5123489482062205 0.1 0.1 58 
-2.2251257249287195 0.0009 0.0006 0.9999857642820903 3e-06 5e-06 0.9999816915818623 1e-05 3e-05 4.51298736674445 0.1 0.1 50 
-2.22527403150286 0.002 0.0006 0.9999888684068408 2e-06 3e-06 0.9999840138213975 1e-05 5e-05 4.512650942802429 0.1 0.1 60 
-2.2253284624644687 0.001 0.0006 0.9999903395771981 2e-06 4e-06 0.999984278849193 1e-05 4e-05 4.512636295386723 0.1 0.1 10 
-2.225505454199655 0.002 0.0007 0.9999925115278789 4e-06 1e-05 0.9999854251742363 1e-05 6e-05 4.512562177862439 0.1 0.1 46 
-2.2253557443618774 0.001 0.0006 0.9999910201345171 2e-06 3e-06 0.9999824432390076 1e-05 5e-05 4.512664289133889 0.1 0.1 38 
-2.225553788457598 0.002 0.0007 0.9999930811779839 4e-06 2e-05 0.9999860974294799 1e-05 5e-05 4.511961272784641 0.1 0.1 56 
-2.225514125823975 0.003 0.0008 0.9999924193535532 4e-06 2e-05 0.9999853055391993 1e-05 7e-05 4.5125079325267246 0.1 0.1 59 
-2.2250581571034025 0.001 0.0006 0.9999847682459014 3e-06 3e-06 0.9999764548880713 1e-05 4e-05 4.5126441734177725 0.1 0.1 7 
-2.225501104763576 0.002 0.0006 0.9999919050506183 3e-06 4e-06 0.9999859937599727 1e-05 7e-05 4.51241705417633 0.1 0.1 54 
-2.2253580025264195 0.0007 0.0004 0.9999913683959416 2e-06 4e-06 0.9999808937311172 1e-05 3e-05 4.512511995860509 0.09 0.09 42 
-2.2255403791155133 0.003 0.0007 0.9999927452632359 4e-06 1e-05 0.9999855565173286 1e-05 7e-05 4.512434652873448 0.1 0.1 48 
-2.2253906794956753 0.003 0.0008 0.99999063121421 4e-06 1e-05 0.9999852961727551 1e-05 8e-05 4.51262788602284 0.1 0.1 9 
-2.22556095123291 0.002 0.0007 0.9999909588268825 3e-06 6e-06 0.9999860623053142 1e-05 7e-05 4.512181176458086 0.1 0.1 13 
-2.2255071605954853 0.003 0.0008 0.999992318877152 4e-06 2e-05 0.9999833185757909 1e-05 7e-05 4.512364498206547 0.1 0.1 53 
-2.2254700081689016 0.003 0.0008 0.9999919902001109 4e-06 2e-05 0.9999855120267187 1e-05 7e-05 4.512295050280435 0.1 0.1 33 
-2.2256181137902398 0.003 0.0007 0.9999937202249255 4e-06 2e-05 0.9999867217881339 1e-05 5e-05 4.5120800852775576 0.1 0.1 47 
-2.225494177000863 0.002 0.0008 0.9999923987048013 4e-06 1e-05 0.9999850077288491 1e-05 6e-05 4.512196215561458 0.1 0.1 51 
-2.225320884159633 0.001 0.0005 0.9999905554311616 2e-06 4e-06 0.9999849468469619 1e-05 3e-05 4.512448809828077 0.1 0.1 43 
-2.225222965649196 0.002 0.0006 0.9999878689646721 2e-06 3e-06 0.9999830271516528 1e-05 6e-05 4.512792233058384 0.1 0.1 2 
-2.2255470412118092 0.002 0.0008 0.9999927203570094 4e-06 3e-05 0.999987111559936 1e-05 5e-05 4.512249205793653 0.1 0.1 34 
-2.2254745960235596 0.001 0.0005 0.9999916998403413 2e-06 3e-06 0.999984977713653 1e-05 4e-05 4.512528669834137 0.1 0.1 57 
-2.225351299558367 0.004 0.0009 0.9999913124101503 5e-06 2e-05 0.9999839127063751 1e-05 7e-05 4.51235556602478 0.1 0.1 11 
-2.225449228286743 0.001 0.0005 0.9999910367386682 2e-06 3e-06 0.9999853479010719 1e-05 5e-05 4.512771420819419 0.1 0.1 30 
-2.225198813847133 0.0008 0.0005 0.9999870487621852 3e-06 5e-06 0.9999829549874578 1e-05 3e-05 4.512984386512211 0.1 0.1 6 
-2.225675272941589 0.002 0.0007 0.999994153210095 3e-06 1e-05 0.9999851248094014 1e-05 7e-05 4.512353369167873 0.1 0.1 4 
-2.225434936795916 0.003 0.0009 0.9999914818576404 5e-06 2e-05 0.9999858287828309 1e-05 6e-05 4.512504988057273 0.1 0.1 31 
-2.225589997427804 0.002 0.0007 0.9999925362212317 3e-06 1e-05 0.9999861227614539 1e-05 5e-05 4.51240325314658 0.1 0.1 5 
-2.2253255639757428 0.002 0.0006 0.9999900954110282 3e-06 4e-06 0.9999856093100139 1e-05 7e-05 4.512776202814919 0.1 0.1 55 
-2.225387760571071 0.002 0.0009 0.9999911623341696 4e-06 2e-05 0.9999843386667115 1e-05 5e-05 4.512732340608324 0.1 0.1 1 
-2.2254218816757203 0.003 0.0006 0.9999914616346359 2e-06 4e-06 0.9999860516616277 1e-05 7e-05 4.512678648744311 0.1 0.1 49 
-2.225463908059256 0.003 0.0008 0.9999916110719953 4e-06 1e-05 0.9999857828021049 1e-05 7e-05 4.512607133388519 0.1 0.1 45 
-2.2255112409591673 0.003 0.0008 0.9999923278178487 4e-06 2e-05 0.9999839048300471 1e-05 5e-05 4.512418598788125 0.1 0.1 35 
-2.225068702016558 0.003 0.0007 0.999984961960997 3e-06 4e-06 0.9999755322933197 1e-05 7e-05 4.513277237755911 0.1 0.1 44 
-2.2255282538277763 0.002 0.0007 0.9999927959271839 4e-06 1e-05 0.9999860397406987 1e-05 7e-05 4.51256969996861 0.1 0.1 36 
-2.225570137160165 0.001 0.0007 0.9999930119940212 3e-06 8e-06 0.9999857438462121 1e-05 5e-05 4.512420339243753 0.1 0.1 41 
-2.225440948350089 0.002 0.0008 0.9999930392418589 4e-06 1e-05 0.9999811849423818 1e-05 7e-05 4.512175566809518 0.1 0.1 39 
-2.225518768174308 0.002 0.0007 0.9999923629420144 3e-06 1e-05 0.9999838305371148 1e-05 7e-05 4.512430351121085 0.1 0.1 52 
-2.2254967723573955 0.004 0.0009 0.9999919770019395 4e-06 2e-05 0.9999852814844676 1e-05 7e-05 4.512275310925075 0.1 0.1 32 
-2.225334654535566 0.0006 0.0005 0.9999909034797123 2e-06 3e-06 0.9999815574714116 1e-05 3e-05 4.512868428230286 0.09 0.09 40 
-1.808902260462443 0.2 0.07 0.9968243883053461 0.0008 0.002 0.9829842654863993 0.001 0.002 4.301310972372691 2.0 1.0 1 
-1.7683862431844075 0.2 0.07 0.9963007462024689 0.001 0.003 0.9626345123847325 0.006 0.01 4.366574025948842 2.0 1.0 2 
