-2.2256814275469097 0.002 0.0005 0.9999956473708153 3e-06 9e-06 0.9999878406524658 1e-05 5e-05 4.512017401627132 0.1 0.1 56 
-2.225756485121591 0.002 0.0006 0.9999959615724427 3e-06 1e-05 0.9999864565474647 1e-05 4e-05 4.5119430116244725 0.1 0.1 15 
-2.225531186376299 0.002 0.0007 0.9999935465199606 4e-06 1e-05 0.9999838788594518 1e-05 5e-05 4.5123878138405935 0.1 0.1 39 
-2.22562335899898 0.002 0.0007 0.9999959960579872 3e-06 1e-05 0.9999837223972593 1e-05 7e-05 4.511872444834028 0.1 0.1 57 
-2.22567093031747 0.002 0.0005 0.999995106458664 2e-06 3e-06 0.9999882900289127 9e-06 6e-05 4.512020639010838 0.1 0.1 42 
-2.2256213120051793 0.001 0.0005 0.9999947879995619 2e-06 2e-06 0.9999879656093461 1e-05 4e-05 4.512054857185909 0.1 0.1 30 
-2.2255468130111695 0.002 0.0006 0.9999944410153798 3e-06 8e-06 0.99998533981187 1e-05 7e-05 4.511854907444545 0.1 0.1 35 
-2.225572306769235 0.002 0.0007 0.9999955075127738 3e-06 9e-06 0.9999834345919746 1e-05 0.0001 4.512015683310373 0.1 0.1 44 
-2.2257922070366996 0.001 0.0006 0.9999961142029081 2e-06 9e-06 0.9999878574694906 9e-06 4e-05 4.5122345992497035 0.1 0.1 13 
-2.2254826511655534 0.0003 0.0003 0.9999946370720864 1e-06 3e-06 0.9999833588089262 1e-05 2e-05 4.512228761400495 0.08 0.08 58 
-2.2256111485617502 0.0008 0.0004 0.9999948371733938 2e-06 3e-06 0.9999873299683844 1e-05 3e-05 4.512409133570535 0.1 0.1 34 
-2.2256217888423375 0.002 0.0005 0.9999948448368481 2e-06 2e-06 0.9999873378447124 1e-05 5e-05 4.511824989318848 0.1 0.1 50 
-2.2254688228879655 0.0009 0.0005 0.9999934460435594 2e-06 3e-06 0.9999847510031291 1e-05 3e-05 4.512515435900007 0.1 0.1 6 
-2.225623856272016 0.0009 0.0004 0.9999948052423341 2e-06 3e-06 0.99998746493033 1e-05 3e-05 4.512126878329686 0.1 0.1 53 
-2.2256715604237147 0.003 0.0006 0.9999949099762099 3e-06 4e-06 0.9999881427202906 9e-06 0.0001 4.511966260841914 0.1 0.1 32 
-2.225560436929975 0.002 0.0005 0.999994253047875 2e-06 2e-06 0.9999873091067587 1e-05 5e-05 4.512183126381466 0.1 0.1 59 
-2.2257928030831473 0.001 0.0006 0.9999963113239834 2e-06 8e-06 0.9999881769929614 1e-05 4e-05 4.512033276898521 0.09 0.09 5 
-2.2256873403276716 0.002 0.0006 0.9999953497733388 3e-06 1e-05 0.9999878029738154 1e-05 6e-05 4.511919369016375 0.1 0.1 47 
-2.2256675822394234 0.002 0.0007 0.9999956305537905 3e-06 1e-05 0.9999862181288856 1e-05 5e-05 4.512296153817858 0.1 0.1 7 
-2.2256606101989744 0.002 0.0006 0.9999949919325964 3e-06 1e-05 0.9999877401760646 1e-05 5e-05 4.512201263223376 0.1 0.1 52 
-2.225555600438799 0.002 0.0006 0.9999950198190553 3e-06 8e-06 0.9999843782612255 1e-05 7e-05 4.512053939274379 0.1 0.1 54 
-2.2256435905184064 0.002 0.0006 0.9999944337776729 3e-06 9e-06 0.9999845732535635 1e-05 6e-05 4.512340542248317 0.1 0.1 11 
-2.2255580050604684 0.002 0.0006 0.9999945670366287 3e-06 9e-06 0.9999838667256492 1e-05 5e-05 4.512169870308467 0.1 0.1 60 
-2.2255945341927665 0.0008 0.0004 0.9999946685773986 2e-06 3e-06 0.9999869900090353 1e-05 3e-05 4.512247897897448 0.1 0.1 37 
-2.225588199070522 0.0008 0.0004 0.9999941002045359 2e-06 3e-06 0.9999867196593966 1e-05 3e-05 4.5123216288430354 0.1 0.1 41 
-2.2255783591951643 0.002 0.0006 0.9999936527439526 3e-06 6e-06 0.9999856810484614 1e-05 7e-05 4.51231712443488 0.1 0.1 33 
-2.225504016876221 0.0005 0.0004 0.9999945265906197 2e-06 3e-06 0.9999826156667301 1e-05 3e-05 4.512018488134657 0.09 0.09 31 
-2.225554016658238 0.0008 0.0005 0.9999941317098481 2e-06 3e-06 0.9999862641096116 1e-05 3e-05 4.512209521021162 0.1 0.1 46 
-2.2256419045584543 0.002 0.0006 0.9999957476343427 2e-06 9e-06 0.99998375666993 1e-05 6e-05 4.511953014986855 0.1 0.1 43 
-2.2256736210414343 0.001 0.0006 0.9999952967677798 2e-06 6e-06 0.9999839588999748 1e-05 5e-05 4.511988418442862 0.1 0.1 12 
-2.2255874838147847 0.0007 0.0004 0.9999939997281347 2e-06 3e-06 0.9999873225178038 9e-06 3e-05 4.512312407152994 0.1 0.1 51 
-2.225610753468105 0.002 0.0006 0.9999945593731744 3e-06 1e-05 0.9999863271202359 1e-05 5e-05 4.511850575038365 0.1 0.1 48 
-2.2257973330361502 0.001 0.0005 0.9999956886683191 2e-06 1e-05 0.9999891221523285 8e-06 5e-05 4.511903749193464 0.1 0.1 4 
-2.2255728585379466 0.0008 0.0004 0.9999942326119968 2e-06 3e-06 0.9999869970338685 9e-06 3e-05 4.512409656388419 0.1 0.1 40 
-2.225669142178127 0.001 0.0004 0.9999950279082571 2e-06 2e-06 0.9999882732118879 9e-06 4e-05 4.512073377200536 0.1 0.1 49 
-2.225451874732971 0.002 0.0006 0.9999928344573293 2e-06 3e-06 0.999983882691179 1e-05 4e-05 4.512890699931553 0.1 0.1 36 
-2.2257616690226962 0.001 0.0006 0.9999956901584353 3e-06 8e-06 0.9999871062380927 9e-06 4e-05 4.512154562132699 0.1 0.1 2 
-2.22565324647086 0.003 0.0007 0.9999951345579965 3e-06 1e-05 0.9999866668667112 1e-05 5e-05 4.511849536214556 0.1 0.1 45 
-2.2255080836159844 0.0005 0.0004 0.9999938764742442 2e-06 4e-06 0.9999864129083497 9e-06 2e-05 4.512497757162366 0.09 0.09 55 
-2.225533584186009 0.001 0.0005 0.9999942270772798 2e-06 3e-06 0.9999873868056706 9e-06 3e-05 4.511984976700374 0.1 0.1 38 
-2.2255876575197493 0.001 0.0005 0.9999944410153798 2e-06 3e-06 0.9999876054269927 9e-06 3e-05 4.5121387038912095 0.1 0.1 9 
