-2.226019105911255 0.0003 0.0002 0.9999908272425334 6e-06 1e-05 0.9999970461924871 2e-06 5e-06 4.5119202613830565 0.07 0.07 32 
-2.226011660893758 0.0004 0.0002 0.9999906025330225 6e-06 1e-05 0.9999974636236827 2e-06 3e-06 4.51196541150411 0.07 0.07 2 
-2.226039031346639 0.0006 0.0003 0.9999904084205627 7e-06 1e-05 0.9999977119763692 1e-06 3e-06 4.511919760704041 0.09 0.09 98 
-2.2260167185465494 0.0004 0.0002 0.999990834792455 6e-06 1e-05 0.9999970451990763 2e-06 5e-06 4.511952271461487 0.08 0.08 48 
-2.2259941132863363 0.0005 0.0002 0.9999902260303497 7e-06 1e-05 0.9999970177809397 2e-06 5e-06 4.511950163841248 0.08 0.08 76 
-2.2260186131795248 0.0005 0.0002 0.9999907052516938 6e-06 1e-05 0.9999970008929571 2e-06 4e-06 4.5117159303029375 0.08 0.08 36 
-2.226018451054891 0.0004 0.0002 0.9999905935923259 7e-06 1e-05 0.999997139374415 2e-06 4e-06 4.512044173876444 0.07 0.07 64 
-2.2259581661224366 0.0004 0.0002 0.9999896514415741 7e-06 1e-05 0.9999969053268433 2e-06 5e-06 4.511907025973002 0.08 0.08 73 
-2.2260185718536376 0.0003 0.0002 0.9999905703465144 6e-06 1e-05 0.9999970897038778 2e-06 6e-06 4.511965921719869 0.07 0.07 6 
-2.2260162734985354 0.0003 0.0002 0.9999908232688903 6e-06 1e-05 0.9999971997737884 2e-06 5e-06 4.511803517341614 0.07 0.07 54 
-2.2260032431284587 0.0005 0.0002 0.999990364909172 7e-06 1e-05 0.9999969647328059 2e-06 5e-06 4.5117570511500045 0.07 0.07 91 
-2.2260071245829263 0.0005 0.0003 0.9999901729822159 7e-06 1e-05 0.9999968612194061 2e-06 6e-06 4.511745204925537 0.08 0.08 34 
-2.2259969679514566 0.0004 0.0002 0.9999904982248942 6e-06 1e-05 0.9999969929456711 2e-06 5e-06 4.511922170321147 0.07 0.08 27 
-2.226027396519979 0.0004 0.0002 0.9999910475810369 6e-06 1e-05 0.9999973694483439 2e-06 3e-06 4.511850996017456 0.07 0.07 25 
-2.226013043721517 0.0004 0.0002 0.9999905794858932 7e-06 1e-05 0.9999971852699916 2e-06 4e-06 4.5119416697820025 0.08 0.08 29 
-2.22601167678833 0.0006 0.0003 0.999990404645602 7e-06 1e-05 0.9999970956643423 2e-06 5e-06 4.511865770022075 0.09 0.09 28 
-2.2259977372487385 0.0004 0.0002 0.9999901549021403 7e-06 1e-05 0.9999968854586283 2e-06 5e-06 4.511921836535136 0.07 0.07 20 
-2.2260061804453533 0.0003 0.0002 0.9999904348452886 6e-06 1e-05 0.999996949036916 2e-06 5e-06 4.5119162988662715 0.07 0.07 43 
-2.2260105737050373 0.0003 0.0002 0.9999904654423396 7e-06 1e-05 0.9999970215559005 2e-06 5e-06 4.51195458094279 0.07 0.07 95 
-2.2260261154174805 0.0004 0.0002 0.999990958571434 6e-06 1e-05 0.9999974942207337 2e-06 3e-06 4.511886469523112 0.08 0.08 58 
