-2.2180546951293945 0.004 0.002 0.999903031984965 3e-05 4e-05 0.9998294053475062 3e-05 8e-05 4.511189263661702 0.2 0.2 0 
-2.220497515996297 0.004 0.003 0.9999179722865422 4e-05 0.0001 0.9999067238966624 8e-05 0.0002 4.512893126805623 0.3 0.3 1 
9.203281933878316e-07 2 
246.4934875488281 3 
9.202709520650388e-07 4 
9.204888215208484e-07 5 
9.202493174598203e-07 6 
-2.2235002676645914 0.002 0.001 0.9999416406949361 2e-05 2e-05 0.9999197502930959 2e-05 4e-05 4.512979324658712 0.2 0.2 7 
9.201622333421255e-07 8 
9.203853437611542e-07 9 
9.201773650602263e-07 10 
0.0017291456693783402 11 
-2.2181938234965006 0.002 0.002 0.9999633135398229 1e-05 1e-05 0.9997115908066432 7e-05 0.0001 4.507385896046956 0.2 0.2 12 
-2.2241008694966635 0.003 0.001 0.9999557501077652 3e-05 9e-05 0.9999769932031631 1e-05 2e-05 4.512292730013529 0.2 0.2 13 
9.201605848829785e-07 14 
9.203458262163622e-07 15 
9.196638302455539e-07 16 
-2.2207980982462563 0.007 0.003 0.9999306615193685 3e-05 6e-05 0.9998790456851323 8e-05 0.0002 4.511921540896098 0.2 0.2 17 
-2.219160270690918 0.008 0.005 0.9998903727531433 6e-05 0.0002 0.9998858006795247 7e-05 0.0003 4.512855869928996 0.3 0.3 18 
9.196668656841211e-07 19 
2279.938671875 20 
584.1426879882813 21 
454.71620483398436 22 
9.203164609061787e-07 23 
-2.2221731472015382 0.005 0.002 0.9999631675084432 2e-05 3e-05 0.9999066897233327 6e-05 0.0002 4.510834824244181 0.2 0.2 24 
984.8033081054688 25 
9.203940749102913e-07 26 
1252.5231201171875 27 
9.196929681820621e-07 28 
9.203692684423004e-07 29 
9.202489991366747e-07 30 
-2.2187662665049235 0.01 0.006 0.9999024405082066 5e-05 0.0001 0.9998744275172552 0.0001 0.0006 4.511605176925659 0.3 0.3 31 
330.17039794921874 32 
-2.2211337312062582 0.006 0.002 0.9999333924055099 3e-05 4e-05 0.9999112363656362 6e-05 0.0001 4.509726104736328 0.3 0.3 33 
9.202931551044458e-07 34 
-2.2215362962086997 0.006 0.003 0.9998380897442499 0.0001 0.0001 0.999891394575437 4e-05 0.0001 4.513417410850525 0.2 0.2 35 
1849.3513427734374 36 
-2.21742244720459 0.01 0.005 0.9999166586001714 4e-05 0.0001 0.9997526945670446 0.0001 0.0003 4.5094516642888385 0.4 0.4 37 
-2.2224632676442466 0.003 0.002 0.9999607189496358 2e-05 2e-05 0.9999042101701101 6e-05 0.0002 4.512074869473775 0.2 0.2 38 
-2.2190843645731606 0.007 0.004 0.9998781955242158 6e-05 0.0002 0.9998839634656906 6e-05 0.0001 4.512344907124837 0.3 0.3 39 
9.203583203998278e-07 40 
9.203089575748891e-07 41 
-2.2227339363098144 0.007 0.003 0.9999637744824091 2e-05 7e-05 0.9999185492595036 7e-05 0.0003 4.512303992907206 0.2 0.2 42 
9.203330364471185e-07 43 
245.26510620117188 44 
-2.221747833887736 0.007 0.003 0.9999408864974976 3e-05 6e-05 0.9998589593172074 7e-05 0.0002 4.512885796229044 0.3 0.3 45 
10335311.2 46 
-2.2209011363983153 0.01 0.003 0.9999064767360687 5e-05 7e-05 0.9998308777809143 8e-05 0.0002 4.510660552978516 0.2 0.2 47 
463.2606994628906 48 
-2.2211922232309975 0.007 0.003 0.9999231205383936 3e-05 0.0001 0.9999406170845032 4e-05 0.0001 4.512050890922547 0.2 0.2 49 
9.204053185385419e-07 50 
863.18447265625 51 
-2.2214168707529702 0.009 0.004 0.999946938753128 3e-05 6e-05 0.9998716090122859 0.0001 0.0003 4.510568466186523 0.2 0.3 52 
9.204513162330841e-07 53 
-2.2204305585225423 0.007 0.003 0.9999581348896026 2e-05 4e-05 0.9998461037874222 9e-05 0.0002 4.508645095825195 0.2 0.2 54 
-2.220133015314738 0.01 0.004 0.9998987597227097 5e-05 0.0001 0.9998563392957052 0.0001 0.0005 4.511922475496928 0.3 0.3 55 
1.4471803297055886e-06 56 
-2.222389179865519 0.003 0.002 0.999975535273552 1e-05 5e-05 0.9998957349856694 4e-05 0.0001 4.509247589111328 0.1 0.1 57 
-2.222468541463216 0.003 0.002 0.9999386942386628 3e-05 4e-05 0.9999346176783244 5e-05 5e-05 4.512168380419413 0.2 0.2 58 
-2.2207993920644125 0.006 0.003 0.9999170301357905 3e-05 5e-05 0.9999015877644221 4e-05 9e-05 4.512527414957682 0.2 0.2 59 
-2.2193897406260175 0.009 0.005 0.9998744742075603 7e-05 0.0003 0.9998578935861587 0.0001 0.0004 4.513449988365173 0.3 0.3 60 
-2.2226997884114583 0.006 0.003 0.9999475757280986 3e-05 0.0001 0.9999360843499502 5e-05 0.0002 4.512656393051148 0.2 0.2 61 
9.203754302689049e-07 62 
-2.220486869812012 0.01 0.004 0.9999208295345307 5e-05 0.0001 0.9998503343264262 0.0001 0.0005 4.511164048512777 0.3 0.3 63 
1335.5366455078124 64 
9.203561489812273e-07 65 
-2.221666227976481 0.008 0.003 0.9999377781152725 3e-05 9e-05 0.9999040110905966 8e-05 0.0004 4.512076881726583 0.3 0.3 66 
9.203481226904842e-07 67 
9.208080768985383e-07 68 
-2.222529897689819 0.007 0.002 0.9999141051371893 5e-05 0.0002 0.9999387933810552 5e-05 0.0001 4.51193073908488 0.3 0.3 69 
9.201385523738281e-07 70 
749.5701416015625 71 
9.203534091284382e-07 72 
9.205766104969371e-07 73 
-2.2199243958791097 0.008 0.005 0.9998874400059382 6e-05 0.0002 0.9999034434556962 8e-05 0.0003 4.513504535357157 0.3 0.3 74 
-2.2222996743520103 0.005 0.002 0.9999357092380524 2e-05 4e-05 0.9999416861931483 4e-05 0.0001 4.513453030586243 0.2 0.2 75 
-2.2186988321940104 0.02 0.006 0.9998667792479197 8e-05 0.0003 0.9998439959685008 8e-05 0.0002 4.510093887646993 0.2 0.3 76 
229.21617431640624 77 
9.203346621688979e-07 78 
9.20286004202353e-07 79 
227.4245361328125 80 
-2.2203755728403727 0.02 0.005 0.9999008735020956 5e-05 0.0002 0.9998762426773707 0.0001 0.0007 4.510729279518127 0.3 0.3 81 
9.201234206557274e-07 82 
-2.223928117752075 0.002 0.001 0.9999584895372391 2e-05 4e-05 0.999957893093427 4e-05 4e-05 4.512537627220154 0.2 0.2 83 
-2.2204362106323243 0.01 0.005 0.9998831844329834 5e-05 0.0003 0.9999206831057866 7e-05 0.0003 4.512402839660645 0.4 0.4 84 
-2.2223377227783203 0.01 0.003 0.999958165884018 2e-05 0.0001 0.9998896537224452 0.0001 0.0005 4.511498169898987 0.2 0.2 85 
9.205182664118183e-07 86 
1456.27900390625 87 
9.203396757584415e-07 88 
-1.9627310339609783 0.2 0.1 0.9983488233884176 0.0008 0.002 0.8774697985251745 0.03 0.04 4.952633066177368 0.7 0.9 89 
0.0014010004932060837 90 
759.9455322265625 91 
645.6442260742188 92 
-2.2208490403493246 0.008 0.003 0.9999532449245453 2e-05 9e-05 0.9998610870043436 8e-05 0.0002 4.50948630809784 0.2 0.2 93 
9.203291483572684e-07 94 
9.20117599889636e-07 95 
9.206006666317989e-07 96 
9.202122782880906e-07 97 
-2.2208494186401366 0.003 0.002 0.9999332390228908 3e-05 5e-05 0.9998910623788834 8e-05 0.0001 4.511652956008911 0.2 0.2 98 
9.20308013974136e-07 99 
-2.219448035558065 0.008 0.004 0.9998895043134689 6e-05 0.0002 0.999822434981664 8e-05 0.0002 4.512430931727091 0.3 0.3 100 
206.19765625 101 
-2.221737937927246 0.006 0.003 0.9999317818880081 4e-05 0.0002 0.9999192561705907 5e-05 0.0002 4.511359481811524 0.3 0.3 102 
-2.223329760233561 0.003 0.002 0.9999596273899078 2e-05 2e-05 0.9999537618954977 4e-05 7e-05 4.511963297526042 0.2 0.2 103 
9.20362947454123e-07 104 
9.204929483530577e-07 105 
9.205865694639214e-07 106 
-2.2225642522176106 0.006 0.003 0.999958969950676 2e-05 9e-05 0.999929509361585 6e-05 0.0002 4.5117407894134525 0.2 0.2 107 
-2.2192530759175617 0.01 0.004 0.9999234861135483 3e-05 0.0002 0.999832522670428 0.0001 0.0003 4.510620257059733 0.2 0.2 108 
9.205272590406822e-07 109 
9.202791829920898e-07 110 
9.203123681800207e-07 111 
9.203622312270454e-07 112 
-2.2232686297098794 0.003 0.0009 0.9999712461233139 2e-05 5e-05 0.9999291664361953 5e-05 0.0002 4.511131286621094 0.2 0.2 113 
415.7070617675781 114 
9.203734634866123e-07 115 
9.201886200571608e-07 116 
-2.2195060952504475 0.01 0.005 0.9999208037058512 5e-05 0.0003 0.9998535682757695 0.0001 0.0006 4.512223405838013 0.3 0.3 117 
-2.216653744379679 0.01 0.007 0.9998504422108332 8e-05 0.0002 0.999874070684115 9e-05 0.0002 4.512253632545471 0.4 0.4 118 
-2.2206834348042808 0.002 0.002 0.9999653444687525 1e-05 2e-05 0.9998469676574071 8e-05 0.0002 4.510215795834859 0.1 0.1 119 
9.208647270497749e-07 120 
9.21371838558116e-07 121 
413.7815246582031 122 
9.202252954310097e-07 123 
9.203313766192878e-07 124 
238.393115234375 125 
9.197823828799301e-07 126 
9.201256602864305e-07 127 
-2.22290522257487 0.008 0.002 0.9999720998605093 1e-05 5e-05 0.999940451780955 5e-05 0.0002 4.5114486169815065 0.1 0.2 128 
9.20048296393361e-07 129 
9.198477187055687e-07 130 
9.206812478623761e-07 131 
-2.2205550257364908 0.007 0.003 0.9999388152360916 2e-05 4e-05 0.9998532309134801 7e-05 0.0002 4.511332087516784 0.2 0.2 132 
-2.2213991610209147 0.01 0.003 0.9999641148249309 2e-05 0.0001 0.9998414407173792 9e-05 0.0002 4.509479769070944 0.2 0.2 133 
9.200983186019585e-07 134 
9.202281376019527e-07 135 
-2.2168243090311686 0.01 0.006 0.9997951380411784 0.0001 0.0006 0.9996815999348958 0.0001 0.0006 4.515691978136698 0.3 0.3 136 
9.209408744936809e-07 137 
9.203541367241996e-07 138 
-2.2230460898081463 0.006 0.002 0.9999711036682128 1e-05 2e-05 0.9999257475137711 5e-05 0.0002 4.511044437090556 0.2 0.2 139 
9.202171895594802e-07 140 
677.6135986328125 141 
9.200296290146071e-07 142 
-2.221604077021281 0.004 0.003 0.9999271706740062 4e-05 9e-05 0.9999217863877614 6e-05 0.0001 4.512019941012064 0.2 0.2 143 
319.8059020996094 144 
-2.224661490122477 0.002 0.001 0.9999747490882873 2e-05 3e-05 0.9999469484885534 4e-05 0.0001 4.5118939352035525 0.2 0.2 145 
-2.220714817047119 0.008 0.004 0.9999350186189015 3e-05 9e-05 0.9998859548568726 0.0001 0.0003 4.5119723637898765 0.2 0.2 146 
9.206298273056745e-07 147 
9.203774311572488e-07 148 
9.193016126118891e-07 149 
