-2.222877286275228 0.3 0.002 0.9999751961231231 8e-06 0.0001 0.9995377200841904 4e-05 0.0002 4.4988231261571245 0.1 0.1 13 
-2.2217878437042238 0.0006 0.0006 0.9999428659677505 9e-06 9e-06 0.9999867848555247 9e-07 9e-07 4.511761213938395 0.1 0.1 21 
-2.223666178385417 0.0002 0.0003 0.9999634363253911 7e-06 7e-06 0.999919582605362 5e-06 6e-06 4.512233053843181 0.1 0.1 23 
-2.2218028577168782 0.002 0.001 0.9999375075101853 1e-05 3e-05 0.999576091170311 0.0002 0.0002 4.470736363728841 0.2 0.2 24 
-2.221246452331543 0.0003 0.0003 0.9999334383010864 2e-05 2e-05 0.9999396020174026 5e-06 5e-06 4.510625848770141 0.2 0.2 50 
-2.2215622965494792 0.003 0.002 0.9999033478895824 3e-05 4e-05 0.9995310388008753 1e-05 3e-05 4.514526419639587 0.2 0.2 52 
-2.2225859864552815 0.002 0.0008 0.999946617881457 1e-05 9e-06 0.999824341138204 5e-06 5e-06 4.512167105674743 0.1 0.1 71 
-2.2219604365030925 0.0004 0.0003 0.9999552587668101 1e-05 1e-05 0.9999418999751409 4e-06 6e-06 4.509494115511576 0.2 0.2 74 
-2.2228315448760987 0.0005 0.0003 0.9999461477994919 5e-06 5e-06 0.9999591239293416 4e-06 1e-05 4.509985706011454 0.2 0.2 78 
-2.2250383440653483 3e-05 3e-05 0.9999883355696996 1e-06 1e-06 0.9999838070074717 1e-06 1e-06 4.510375576019287 0.08 0.08 83 
-2.2234965133666993 0.0007 0.0006 0.9999673638741176 7e-06 8e-06 0.9999531737963359 3e-06 7e-06 4.510246653556823 0.1 0.1 90 
-2.2202930132548016 0.002 0.002 0.9999294098218282 2e-05 2e-05 0.9999137453238169 9e-06 2e-05 4.508056917190552 0.2 0.2 91 
-2.2225186920166013 0.0004 0.0003 0.9999525241057078 9e-06 1e-05 0.9999431455135346 7e-06 1e-05 4.508895804087321 0.1 0.1 95 
-2.2217683378855386 0.003 0.001 0.9999653395016989 1e-05 2e-05 0.9999063205718994 3e-05 4e-05 4.500329424540202 0.2 0.2 98 
