-2.2248159980773927 0.004 0.001 0.9999622792005539 1e-05 4e-05 0.9999257493019104 3e-05 0.0001 4.511566055615743 0.2 0.2 22 
-2.224301207860311 0.004 0.002 0.9999713808298111 8e-06 4e-05 0.9999724864959717 2e-05 3e-05 4.511746023495992 0.2 0.2 73 
-2.2234989102681477 0.007 0.002 0.9999547745784124 1e-05 5e-05 0.999969156185786 2e-05 7e-05 4.512266615231832 0.2 0.2 45 
-2.2248439184824624 0.005 0.001 0.9999677177270253 1e-05 4e-05 0.9999426686763764 3e-05 0.0001 4.511694730122884 0.2 0.2 2 
-2.224864676793416 0.001 0.0006 0.9999774348735809 3e-06 4e-06 0.9999793608983357 1e-05 4e-05 4.511673744519552 0.1 0.1 79 
-2.2239722379048668 0.004 0.002 0.9999676140149435 1e-05 3e-05 0.9999608234564463 3e-05 0.0001 4.511369946797688 0.2 0.2 54 
-2.224128042856852 0.006 0.002 0.9999640649557113 1e-05 3e-05 0.999963348309199 3e-05 0.0001 4.511711262067159 0.2 0.2 90 
-2.224047613143921 0.005 0.002 0.9999607388178507 9e-06 1e-05 0.999960992137591 3e-05 7e-05 4.5112029727300005 0.2 0.2 35 
-2.2241289456685385 0.004 0.002 0.9999675774574279 9e-06 3e-05 0.9999577522277832 3e-05 8e-05 4.511242666244507 0.2 0.2 48 
-2.224695955912272 0.002 0.001 0.9999646433194478 7e-06 1e-05 0.9999625496069591 2e-05 3e-05 4.5115962441762285 0.2 0.2 49 
-2.2247581259409586 0.003 0.001 0.9999721952279409 6e-06 2e-05 0.9999850495656332 1e-05 2e-05 4.5119324890772505 0.2 0.2 33 
-2.22495015780131 0.002 0.0009 0.9999679414431254 5e-06 9e-06 0.9999548502763113 2e-05 4e-05 4.511568627357483 0.1 0.1 78 
-2.2240582497914634 0.008 0.002 0.9999677779277166 7e-06 1e-05 0.9999640417098999 3e-05 0.0002 4.5113694842656455 0.3 0.3 92 
-2.2240293916066487 0.008 0.002 0.9999665228525797 1e-05 6e-05 0.9999632964531581 3e-05 0.0002 4.511421267191569 0.3 0.2 61 
-2.2238792451222738 0.003 0.002 0.9999718312422434 7e-06 1e-05 0.999953932762146 4e-05 7e-05 4.511294962565104 0.2 0.2 29 
-2.223729461034139 0.004 0.002 0.9999652040004731 1e-05 3e-05 0.9999667859077453 3e-05 0.0002 4.511437830924987 0.2 0.2 50 
-2.224416042963664 0.004 0.002 0.9999663249651591 7e-06 4e-05 0.9999753278493881 2e-05 7e-05 4.51181743144989 0.2 0.2 60 
-2.22345409711202 0.005 0.002 0.9999606156349182 1e-05 3e-05 0.999968228538831 2e-05 6e-05 4.511946984926859 0.2 0.2 68 
-2.224164975484212 0.007 0.002 0.9999680987993876 1e-05 4e-05 0.9999643337726593 3e-05 0.0002 4.511567861239115 0.3 0.2 91 
-2.224265457789103 0.005 0.002 0.9999698680639267 1e-05 4e-05 0.9999682086706162 2e-05 6e-05 4.511577757199605 0.2 0.2 25 
