-2.2230195744832355 0.003 0.002 0.9999805877606074 1e-05 5e-05 0.9999551375706991 1e-05 5e-05 4.509841356277466 0.1 0.1 0 
-2.2217408339182536 0.0008 0.0004 0.9999575245380402 6e-06 7e-06 0.9985532345374425 4e-05 5e-05 4.51344642162323 0.2 0.2 5 
-2.2235160128275555 0.001 0.0008 0.999987770318985 4e-06 1e-05 0.9999751214186351 1e-05 2e-05 4.510567266146342 0.1 0.09 6 
-2.223787285486857 0.0004 0.0003 0.9999876888593038 3e-06 3e-06 0.999953412214915 2e-05 2e-05 4.510932499567668 0.09 0.09 7 
-2.2243720944722494 0.0004 0.0004 0.999975430170695 4e-06 4e-06 0.9999954817692439 2e-06 3e-06 4.511988345781962 0.1 0.1 9 
-2.2227493158976235 0.0002 0.0002 0.9999828000863393 3e-06 3e-06 0.9999496628840764 8e-06 8e-06 4.506747261683146 0.1 0.1 12 
-2.223554862340291 0.0006 0.0005 0.9999856750170389 3e-06 7e-06 0.9999680503209432 9e-06 1e-05 4.5104969199498495 0.08 0.09 15 
-2.210107011795044 0.001 0.0006 0.9999791647990545 1e-05 9e-05 0.9992375787099202 2e-06 7e-06 4.49909158706665 0.08 0.08 16 
-2.2230405139923097 0.002 0.001 0.9999821801980336 8e-06 3e-05 0.9999938682715098 3e-06 2e-05 4.5101951265335085 0.1 0.1 18 
-2.2251420243581137 0.0008 0.0004 0.9999802068869272 7e-06 1e-05 0.9999738252162933 2e-05 4e-05 4.5111112896601355 0.1 0.1 19 
-2.2221829223632814 0.002 0.0008 0.999976267615954 1e-05 2e-05 0.9999988029400507 7e-07 6e-07 4.5095943244298295 0.1 0.1 23 
-2.219951810836792 0.004 0.002 0.9999564268191655 1e-05 2e-05 0.9985010810693105 6e-05 0.0001 4.510071949958801 0.2 0.2 26 
-2.2237684218088787 0.0008 0.0004 0.9999893319606781 4e-06 7e-06 0.9999584096670151 6e-06 5e-06 4.510107793807983 0.08 0.08 27 
-2.2231171766916913 0.002 0.001 0.9999809988339742 9e-06 1e-05 0.9999651491641999 2e-05 4e-05 4.5104519605636595 0.1 0.1 30 
-2.222068862915039 0.002 0.001 0.99997531970342 1e-05 3e-05 0.9999518257379532 1e-05 2e-05 4.5096119658152265 0.2 0.2 31 
-2.220346625645955 0.002 0.002 0.999942857225736 2e-05 2e-05 0.999891305565834 4e-05 5e-05 4.498540482521057 0.2 0.2 34 
-2.2214238198598224 0.0004 0.0003 0.9999569286902745 9e-06 1e-05 0.9999965027968089 8e-07 7e-07 4.508716491063436 0.1 0.1 35 
-2.222231995264689 0.002 0.001 0.9999838527043661 8e-06 3e-05 0.9985370125373204 6e-05 9e-05 4.517588712374369 0.2 0.2 40 
-2.2227228323618573 0.003 0.002 0.9999735635519028 2e-05 5e-05 0.9999675510327021 3e-05 0.0001 4.509544512430827 0.1 0.1 41 
-2.2230989774068197 0.002 0.001 0.9999809022744497 7e-06 3e-05 0.9999698017040889 2e-05 4e-05 4.510284169514974 0.1 0.1 42 
-2.2229152711232505 0.0008 0.0007 0.9999857310454051 4e-06 5e-06 0.9999522107839585 1e-05 2e-05 4.509338620503743 0.1 0.1 43 
-2.2225585714975993 0.0004 0.0004 0.9999786492188771 4e-06 8e-06 0.9999569185574849 1e-05 2e-05 4.509074977238973 0.08 0.08 45 
-2.2237165768941245 0.002 0.0007 0.9999749052524567 8e-06 2e-05 0.9999964308738708 7e-07 1e-06 4.511306678454082 0.08 0.09 46 
-2.2240614636739093 0.0007 0.0006 0.9999832739432652 7e-06 8e-06 0.9999638859430949 1e-05 7e-06 4.510575853983561 0.1 0.1 50 
-2.223467305501302 0.007 0.002 0.9999742700656256 1e-05 7e-05 0.9999638877312342 3e-05 9e-05 4.5104477469126385 0.2 0.2 52 
-0.3901048262914022 0.0008 0.0004 0.8193670346339543 0.01 0.01 0.9840014851093293 0.0006 0.0006 2.417355797290802 0.09 0.1 53 
-2.2245804595947267 0.0005 0.0002 0.9999709286292394 4e-06 6e-06 0.9999593063195547 1e-05 1e-05 4.511610776583353 0.09 0.09 54 
-2.2232813612620035 0.002 0.001 0.9999727932612101 2e-05 4e-05 0.9999535550673803 2e-05 2e-05 4.51022397518158 0.1 0.1 58 
-2.2244606526692707 0.001 0.0007 0.999978615840276 1e-05 5e-05 0.9999980513254801 2e-06 8e-06 4.5113570610682165 0.07 0.07 61 
-2.2242501990000405 0.002 0.001 0.9999862806002299 8e-06 4e-05 0.9999970706303914 1e-06 1e-05 4.510943466822306 0.1 0.1 66 
-2.2236410681406658 0.002 0.001 0.9999769826730093 8e-06 8e-06 0.9999921623865763 2e-06 5e-06 4.511328452428182 0.1 0.1 67 
-2.2228810087839763 0.002 0.001 0.9999734048048655 2e-05 3e-05 0.9999791024128596 1e-05 3e-05 4.510031750996908 0.1 0.1 68 
-2.2242840258280436 0.001 0.001 0.9999907499551773 5e-06 2e-05 0.9999968816836675 2e-06 1e-05 4.510926909446717 0.08 0.08 70 
-2.220644286473592 0.002 0.001 0.9999656575918198 1e-05 1e-05 0.9998875802755356 9e-06 2e-05 4.510708573659261 0.2 0.2 75 
-2.2223804569244385 0.002 0.001 0.9999768656492233 9e-06 2e-05 0.9999492746591568 9e-06 1e-05 4.509268550872803 0.1 0.1 76 
-2.2216731103261314 0.001 0.0008 0.9999765264987945 7e-06 2e-05 0.9999436944723129 1e-05 2e-05 4.50749542872111 0.1 0.1 78 
-2.222360283533732 0.004 0.002 0.9999696669975916 1e-05 2e-05 0.9999935485919317 6e-06 2e-05 4.511344869931539 0.2 0.2 79 
-2.2235434913635252 0.003 0.001 0.9999861313899359 7e-06 2e-05 0.9999572285016378 4e-05 0.0002 4.51057346979777 0.2 0.1 82 
-2.224482266108195 0.002 0.001 0.9999796889225642 1e-05 4e-05 0.9999979156255722 2e-06 1e-05 4.511075377464294 0.09 0.1 83 
-2.222301657994588 0.002 0.0009 0.9999784318606059 8e-06 2e-05 0.9999944990873337 1e-06 2e-06 4.510190488497416 0.09 0.1 84 
-2.2253926372528077 0.0002 0.0002 0.9999750485022862 6e-06 8e-06 0.9999762910604477 2e-06 2e-06 4.513362113634745 0.09 0.09 86 
-2.216878964106242 0.002 0.002 0.9999696711699168 9e-06 1e-05 0.9996344180901845 0.0001 0.0001 4.481855292320251 0.3 0.3 87 
-2.225056921641032 0.0004 0.0003 0.999993079106013 2e-06 4e-06 0.9999862597386042 5e-06 1e-05 4.51142264842987 0.08 0.08 89 
-2.2236143239339192 0.0008 0.0006 0.9999841276804606 5e-06 8e-06 0.999995563228925 2e-06 3e-06 4.511028283437093 0.09 0.09 90 
-2.2234657414754233 0.002 0.002 0.9999694742759069 2e-05 5e-05 0.9999621011813482 2e-05 6e-05 4.511139119466145 0.1 0.1 91 
-2.2226156775156656 0.0009 0.0007 0.999960084160169 1e-05 1e-05 0.9999694689114889 2e-05 2e-05 4.510701314608256 0.1 0.1 92 
-2.2235790506998696 0.001 0.0008 0.9999872358640035 6e-06 3e-05 0.9999683811267217 1e-05 7e-05 4.509997240702311 0.1 0.1 94 
-2.225074472427368 0.0006 0.0004 0.9999836345513662 5e-06 5e-06 0.9999955256779989 1e-06 1e-06 4.511800719896953 0.1 0.1 95 
-2.219234571456909 0.0008 0.0007 0.999963280359904 6e-06 7e-06 0.9999136831363042 2e-05 2e-05 4.502171856562296 0.2 0.2 96 
-2.220244468053182 0.002 0.001 0.9999800664186478 1e-05 4e-05 0.998488475282987 6e-05 9e-05 4.510946885744731 0.2 0.2 98 
