-1.8178496646881104 0.5 0.07 0.9960600805282592 0.001 0.003 0.9488551308711369 0.03 0.4 4.475883995691936 4.0 3.0 0 
-2.224645274480184 0.001 0.0009 0.9999899516503016 7e-06 1e-05 0.999981762766838 1e-05 1e-05 4.511223130226135 0.08 0.08 1 
-2.2250371519724528 0.001 0.0009 0.9999906474351883 6e-06 1e-05 0.999990038673083 5e-06 7e-06 4.511569034258525 0.06 0.06 2 
-2.224961290359497 0.001 0.0009 0.9999910825490952 6e-06 1e-05 0.9999889127413432 7e-06 7e-06 4.511691274642945 0.05 0.05 3 
-2.2247838401794433 0.001 0.0008 0.9999880613883336 9e-06 1e-05 0.9999845894177755 9e-06 1e-05 4.511121374766032 0.08 0.08 4 
-2.2245205561319987 0.001 0.0008 0.9999856092532475 1e-05 1e-05 0.9999762348333995 1e-05 2e-05 4.511028075218201 0.1 0.1 5 
-2.2249919891357424 0.001 0.0007 0.9999913507699967 6e-06 8e-06 0.9999888547261556 7e-06 8e-06 4.51172722975413 0.06 0.06 6 
-2.2249347527821857 0.001 0.0008 0.9999904296795528 6e-06 1e-05 0.9999454363187155 4e-05 9e-05 4.511188238461813 0.1 0.1 7 
-2.225003859202067 0.0008 0.0006 0.999988261461258 8e-06 8e-06 0.9999817099173863 1e-05 2e-05 4.5111444981892905 0.09 0.08 8 
-2.224927008946737 0.001 0.0007 0.9999894191821416 7e-06 1e-05 0.9999873958031337 7e-06 8e-06 4.511667288144429 0.06 0.06 9 
-1.5711727078755697 1.0 0.2 0.9899123766024908 0.008 0.02 0.8908327520887057 0.07 0.4 4.561729656855265 4.0 2.0 10 
-2.039733673731486 0.07 0.04 0.999032013018926 0.0004 0.001 0.9966687230269115 0.001 0.003 4.40999092022578 1.0 1.0 11 
-2.2246259180704753 0.0005 0.0004 0.9999901139736176 5e-06 1e-05 0.9999661658207576 2e-05 4e-05 4.5105682452519735 0.09 0.09 12 
-2.2246446005503335 0.001 0.0007 0.9999835401773453 1e-05 1e-05 0.9999817595879237 1e-05 1e-05 4.511128654479981 0.08 0.07 13 
-2.2245453548431398 0.001 0.001 0.9999875338872274 1e-05 1e-05 0.9999771940708161 1e-05 1e-05 4.510918849309285 0.09 0.09 14 
-2.2250258413950603 0.001 0.0008 0.9999899927775066 7e-06 1e-05 0.9999898238976797 6e-06 8e-06 4.511777947743734 0.06 0.06 15 
-2.225226806004842 0.0009 0.0006 0.9999835960070292 1e-05 1e-05 0.9999860594669978 7e-06 1e-05 4.510649865468343 0.07 0.07 16 
-2.224676179885864 0.0006 0.0005 0.9999873562653859 9e-06 9e-06 0.9999694673220316 2e-05 3e-05 4.511082248687744 0.09 0.09 17 
-2.2246554311116538 0.001 0.0008 0.9999869934717814 1e-05 1e-05 0.999982023437818 1e-05 1e-05 4.511609646479289 0.08 0.08 18 
-2.2248807017008465 0.001 0.0007 0.9999896510442098 7e-06 9e-06 0.9999865913391113 8e-06 9e-06 4.511591561635336 0.07 0.07 19 
-2.0214765803019206 0.06 0.03 0.9985316483179728 0.0007 0.002 0.995623434583346 0.0005 0.0006 4.40289661248525 0.8 0.7 20 
-2.2249563185373944 0.001 0.0007 0.9999881251653036 8e-06 1e-05 0.9999886953830719 7e-06 7e-06 4.512099110285441 0.06 0.06 21 
-2.2248464171091715 0.0006 0.0005 0.9999915597836176 5e-06 7e-06 0.999974801937739 2e-05 2e-05 4.511257257461548 0.07 0.07 22 
-2.224975166320801 0.001 0.0008 0.9999887424707413 6e-06 1e-05 0.9999894724289576 5e-06 5e-06 4.511634324391683 0.05 0.05 23 
-1.5147301610310873 0.6 0.2 0.9875716123978296 0.009 0.02 0.7513482125600179 0.2 0.5 5.449791091283163 6.0 3.0 24 
-2.2249967734018963 0.0003 0.0004 0.9999925184249878 5e-06 4e-06 0.9999544429779053 3e-05 4e-05 4.512800388336181 0.06 0.06 25 
-2.2249919255574544 0.001 0.0008 0.9999889248609543 8e-06 1e-05 0.9999890718857447 7e-06 8e-06 4.511321595509847 0.06 0.06 26 
-2.224440444310506 0.0007 0.0005 0.9999870431423187 8e-06 1e-05 0.9999686221281687 2e-05 3e-05 4.511203258832296 0.09 0.09 27 
-2.2246912701924644 0.0009 0.0007 0.9999895207087199 7e-06 9e-06 0.999982212583224 1e-05 2e-05 4.511372305552165 0.07 0.07 28 
-2.2246275838216145 0.0007 0.0005 0.9999879835049311 9e-06 1e-05 0.9999726774295171 2e-05 3e-05 4.511183172861735 0.09 0.09 29 
-2.225212252934774 0.003 0.0009 0.9999879264831543 9e-06 3e-05 0.9999910044670105 7e-06 3e-05 4.511842271486918 0.09 0.08 30 
-2.224794683456421 0.0009 0.0007 0.9999896695216497 7e-06 9e-06 0.9999853517611822 1e-05 1e-05 4.5113639656702675 0.08 0.07 31 
-1.7232441965738932 0.03 0.03 0.99401995519797 0.002 0.002 0.9444732664028803 0.007 0.007 4.37424853404363 1.0 1.0 32 
-2.2249418958028158 0.001 0.0008 0.9999889028072357 8e-06 1e-05 0.9999894807736079 6e-06 8e-06 4.511622948646545 0.06 0.06 33 
-2.2250008328755695 0.001 0.0008 0.9999909861882528 6e-06 1e-05 0.9999886149168015 8e-06 8e-06 4.511805362701416 0.05 0.05 34 
-2.2247638416290285 0.0006 0.0005 0.9999886572360992 8e-06 9e-06 0.9999735130866368 2e-05 2e-05 4.510930485725403 0.08 0.08 35 
-2.224684680302938 0.0008 0.0007 0.9999878589312235 1e-05 1e-05 0.9999758315086364 2e-05 2e-05 4.510978832244873 0.08 0.08 36 
-2.2249098110198973 0.0006 0.0004 0.999991613427798 7e-06 8e-06 0.999973611831665 2e-05 2e-05 4.510914134979248 0.07 0.07 37 
-2.225497827529907 0.003 0.0009 0.999993883172671 5e-06 2e-05 0.9999822014570237 2e-05 9e-05 4.511741183598836 0.09 0.09 38 
-2.2249718443552653 0.001 0.0008 0.999990328947703 8e-06 1e-05 0.9999889379739761 6e-06 8e-06 4.51163715839386 0.07 0.07 39 
-2.2246259880065917 0.0008 0.0006 0.9999890079100927 8e-06 9e-06 0.9999776311715444 2e-05 2e-05 4.511216637293498 0.08 0.08 40 
-2.224605712890625 0.0009 0.0007 0.9999864184856415 1e-05 1e-05 0.9999767490228018 2e-05 2e-05 4.511329412460327 0.08 0.08 41 
-2.224398193359375 0.0008 0.0007 0.9999863002697627 9e-06 1e-05 0.9999706953763962 2e-05 2e-05 4.51118813196818 0.1 0.1 42 
-2.225008478164673 0.001 0.0008 0.9999889824787775 6e-06 1e-05 0.9999894344806671 4e-06 6e-06 4.511607151031495 0.05 0.05 43 
-1.4712877241770426 0.9 0.3 0.9850044292211533 0.01 0.04 0.864108523229758 0.1 0.4 4.550091545581818 4.0 2.0 44 
-1.5006216367085774 0.6 0.2 0.9858258771896362 0.01 0.03 0.7341640434662501 0.2 0.5 5.54494826078415 8.0 3.0 45 
-2.224627342224121 0.0008 0.0006 0.999988491733869 8e-06 1e-05 0.9999787433942159 2e-05 2e-05 4.5110089317957565 0.09 0.08 46 
-2.2246549797058104 0.001 0.0009 0.9999869338671367 1e-05 1e-05 0.9999838201204936 9e-06 1e-05 4.511157771746317 0.08 0.08 47 
-1.5515444819132487 0.04 0.04 0.9876761410633723 0.003 0.003 0.6935955713192622 0.08 0.08 5.462569146156311 2.0 2.0 48 
-2.2254868380228676 0.0009 0.0008 0.999985703031222 6e-06 8e-06 0.9999910269180934 4e-06 5e-06 4.51353136698405 0.05 0.04 49 
-2.22474999109904 0.0008 0.0006 0.9999891092379888 9e-06 1e-05 0.9999761748313903 2e-05 2e-05 4.510916945139567 0.08 0.08 50 
-1.4764669609069825 0.8 0.3 0.9844703662395478 0.01 0.03 0.6935781274239222 0.2 0.6 6.030524274508158 7.0 3.0 51 
-2.2246870803833008 0.0007 0.0006 0.9999859939018886 1e-05 1e-05 0.9999720472097396 2e-05 3e-05 4.511047156651815 0.08 0.08 52 
-2.2247603511810303 0.0006 0.0005 0.9999903690814972 7e-06 8e-06 0.9999743827184041 2e-05 2e-05 4.510954826672872 0.07 0.07 53 
-2.224977045059204 1e-05 1e-05 0.9999917368094127 8e-07 9e-07 0.9999687298138936 8e-07 9e-07 4.511536132494609 0.07 0.07 54 
-2.224705499013265 0.001 0.0008 0.9999873248736063 9e-06 1e-05 0.9999860517183939 8e-06 1e-05 4.510952027638753 0.08 0.08 55 
-2.2248668098449706 0.0007 0.0004 0.9999902864297231 5e-06 8e-06 0.9999779790639878 2e-05 2e-05 4.511567403475444 0.09 0.09 56 
-2.224840653737386 0.001 0.0008 0.9999894195795059 9e-06 1e-05 0.9999831636746724 1e-05 1e-05 4.511260212262472 0.08 0.07 57 
-2.224831221898397 0.001 0.0009 0.9999871840079625 9e-06 1e-05 0.9999894398450851 6e-06 7e-06 4.511592079798381 0.06 0.06 58 
-2.224915475845337 0.001 0.0008 0.9999905967712402 6e-06 1e-05 0.9999881772200266 8e-06 7e-06 4.511915957132976 0.06 0.05 59 
-1.4209729639689128 0.03 0.03 0.9841589180628458 0.002 0.002 0.8400032091140747 0.03 0.04 4.452177817026774 2.0 2.0 60 
-2.224368855158488 0.001 0.001 0.9999911534786224 4e-06 6e-06 0.9999308313926061 6e-05 0.0001 4.511709300676982 0.1 0.1 61 
-1.5014960702260336 0.4 0.3 0.9762090051174164 0.02 0.04 0.9355198474725087 0.03 0.1 4.278199848333995 4.0 2.0 62 
-2.2252470111846923 0.0005 0.0003 0.999987257917722 4e-06 4e-06 0.9999820599953334 1e-05 1e-05 4.5118991597493485 0.06 0.06 63 
-1.5224523131052654 0.5 0.2 0.9849981387456258 0.01 0.03 0.7670261643330256 0.2 0.5 5.258182554244995 7.0 3.0 64 
-1.5209026463826498 0.7 0.2 0.9883279659350713 0.008 0.02 0.7708115896582604 0.2 0.6 5.357204051017761 8.0 3.0 65 
-2.224886506398519 0.001 0.0007 0.9999835042158762 9e-06 1e-05 0.9999836504459381 6e-06 8e-06 4.511086757977804 0.05 0.06 66 
-2.2248418617248533 0.0008 0.0006 0.9999902244408926 7e-06 9e-06 0.999983204404513 1e-05 1e-05 4.511537858645121 0.08 0.08 67 
-2.2249848397572833 0.002 0.0009 0.9999898109833399 8e-06 1e-05 0.9999902892112732 6e-06 8e-06 4.511774593989054 0.07 0.07 68 
-2.2249053510030112 0.001 0.0008 0.9999876020352045 9e-06 1e-05 0.9999860115845998 8e-06 1e-05 4.511144156455994 0.08 0.08 69 
-1.511596113840739 0.7 0.2 0.9878322070837021 0.006 0.02 0.7451163832346598 0.2 0.5 5.6150771005948386 8.0 3.0 70 
-2.2248246892293295 0.0006 0.0005 0.9999918981393179 7e-06 8e-06 0.9999690727392833 2e-05 3e-05 4.510953591664632 0.09 0.09 71 
-2.225044994354248 0.001 0.0008 0.9999891066551209 8e-06 1e-05 0.9999894773960114 7e-06 9e-06 4.511635139783223 0.07 0.07 72 
-2.2249486859639487 0.001 0.0007 0.9999914513031641 7e-06 8e-06 0.9999850126107533 9e-06 1e-05 4.5113316281636555 0.08 0.08 73 
-1.460292542775472 0.8 0.2 0.9869531842072805 0.009 0.009 0.729100657304128 0.2 0.5 5.630448412895203 10.0 3.0 74 
-2.2247366015116374 0.0007 0.0005 0.9999879701932272 9e-06 1e-05 0.9999749918778738 2e-05 2e-05 4.511164542833964 0.08 0.08 75 
-1.6230330053965252 0.05 0.05 0.9917717868089676 0.002 0.002 0.8904833946625391 0.03 0.03 4.484622960090637 2.0 2.0 76 
-2.224728406270345 0.001 0.0008 0.9999884780248006 9e-06 1e-05 0.9999870455265045 8e-06 1e-05 4.511538615226746 0.07 0.07 77 
-2.225001907348633 0.001 0.0008 0.999990390141805 6e-06 9e-06 0.9999896935621897 7e-06 7e-06 4.512140607833862 0.06 0.06 78 
-2.224950908025106 0.001 0.0009 0.9999892516930898 7e-06 1e-05 0.9999888435999552 7e-06 7e-06 4.511613499323527 0.06 0.06 79 
-1.554781764348348 0.6 0.2 0.9845876584450404 0.01 0.03 0.7056470010677973 0.2 0.4 5.697689492702484 6.0 3.0 80 
-2.2249554602305093 0.0009 0.0007 0.999989301164945 7e-06 1e-05 0.9999886842568716 7e-06 8e-06 4.5115616337458295 0.06 0.06 81 
-2.225330874125163 0.0007 0.0005 0.9999920926491419 4e-06 7e-06 0.9999774412314097 1e-05 4e-05 4.511887815793355 0.1 0.1 82 
-2.2249660046895343 0.001 0.0009 0.9999890667200089 9e-06 1e-05 0.999989837606748 6e-06 9e-06 4.511590741475423 0.07 0.07 83 
-1.4904145018259685 0.5 0.2 0.9828079674641291 0.02 0.05 0.7442045959830285 0.2 0.4 5.4700756327311195 7.0 3.0 84 
-2.2247742970784503 0.001 0.0008 0.9999896240234375 7e-06 9e-06 0.9999848612149557 9e-06 1e-05 4.5116893005371095 0.07 0.07 85 
-2.224844783147176 0.001 0.0008 0.9999888296922048 8e-06 1e-05 0.9999889270464579 6e-06 7e-06 4.511765637397766 0.06 0.06 86 
-2.2246745872497558 0.001 0.0008 0.9999894126256307 7e-06 9e-06 0.9999834730227788 1e-05 1e-05 4.512065881093343 0.07 0.07 87 
-2.224692217508952 0.0007 0.0005 0.9999878859519958 9e-06 1e-05 0.9999733608961106 2e-05 3e-05 4.511028348604838 0.08 0.08 88 
-1.4651352659861248 0.6 0.2 0.972478312253952 0.02 0.07 0.6914136168857415 0.2 0.5 5.811022499402364 7.0 3.0 89 
-2.2246357154846192 0.001 0.0009 0.9999870077768962 9e-06 1e-05 0.9999817113081614 1e-05 1e-05 4.511318756739299 0.08 0.08 90 
-2.2247273031870525 0.001 0.0008 0.9999879012505214 8e-06 1e-05 0.999986604253451 8e-06 1e-05 4.511457263628642 0.07 0.06 91 
-1.8096696376800536 0.1 0.06 0.9956615155935288 0.0009 0.002 0.9880355775356293 0.004 0.005 4.310058774153392 2.0 2.0 92 
-1.5616624069213867 0.6 0.2 0.9891881324847539 0.007 0.02 0.7737528831263383 0.2 0.6 5.376107546488444 7.0 3.0 93 
-2.225070285797119 0.001 0.0009 0.9999883300065995 1e-05 1e-05 0.9999909573793411 5e-06 7e-06 4.511631568272908 0.07 0.07 94 
-1.519155912399292 0.7 0.2 0.9878777438402175 0.009 0.02 0.7572274148960908 0.2 0.5 5.5066868670781455 8.0 3.0 95 
-2.2249931875864664 0.003 0.001 0.9999890538056692 9e-06 4e-05 0.9999888503551483 9e-06 3e-05 4.511821052233378 0.06 0.07 96 
-2.224733041127523 0.001 0.001 0.9999855633576711 1e-05 1e-05 0.9999841334422429 7e-06 1e-05 4.5114231125513715 0.09 0.09 97 
-2.224811938603719 0.001 0.0007 0.9999898056189219 7e-06 9e-06 0.9999860936403274 9e-06 1e-05 4.51158095518748 0.07 0.07 98 
-2.2245074303944907 0.0002 0.0002 0.9999896919727326 6e-06 8e-06 0.9999584805965424 3e-05 4e-05 4.511260555585225 0.1 0.1 99 
