-2.221686846415202 0.01 0.003 0.9998405003547668 2e-05 0.0001 0.9999767742554346 2e-05 0.0001 4.511342698733012 0.2 0.2 530 
-2.2223587385813395 0.003 0.001 0.9999154055118561 8e-06 2e-05 0.9999820526440938 9e-06 3e-05 4.510406748453776 0.1 0.1 763 
-2.2224193827311196 0.003 0.001 0.9999339866638184 7e-06 1e-05 0.9999834463993709 8e-06 2e-05 4.510144027074178 0.1 0.1 696 
-2.2232984193166097 0.006 0.002 0.9997499658664067 9e-06 4e-05 0.9999632680416107 3e-05 9e-05 4.516454401016236 0.2 0.2 601 
-2.223073393503825 0.007 0.002 0.9998881681760152 1e-05 8e-05 0.9999783376852671 2e-05 6e-05 4.512855017979939 0.2 0.2 966 
-2.2213378302256266 0.002 0.001 0.9997747814655304 7e-06 1e-05 0.9999821529785792 8e-06 2e-05 4.5128712511062625 0.09 0.09 805 
-2.223826904296875 0.001 0.0009 0.9999166615804036 5e-06 6e-06 0.999984162847201 7e-06 2e-05 4.512963050206502 0.1 0.1 974 
-2.2243911012013755 0.003 0.001 0.9999483420451483 7e-06 1e-05 0.9999855160713196 9e-06 4e-05 4.512663205464681 0.1 0.1 565 
-2.220648641586304 0.002 0.001 0.9997709582249323 6e-06 9e-06 0.9999784654378892 8e-06 3e-05 4.512668422063192 0.1 0.1 345 
-2.2231490357716877 0.003 0.002 0.9998983585834503 8e-06 2e-05 0.9999818619092306 1e-05 4e-05 4.512085989316304 0.1 0.1 482 
-2.2239192454020182 0.002 0.0007 0.9999192974964778 6e-06 1e-05 0.999983774026235 5e-06 1e-05 4.5125337409973145 0.1 0.09 1011 
-2.2214570331573484 0.004 0.002 0.9998311199744543 1e-05 2e-05 0.9999802329142888 1e-05 3e-05 4.512737189928691 0.1 0.1 656 
-2.220248463948568 0.004 0.002 0.9996532746156057 1e-05 2e-05 0.9999760740995407 1e-05 3e-05 4.516477751731872 0.1 0.1 264 
-2.222281357447306 0.003 0.002 0.9999239921569825 8e-06 2e-05 0.9999826337893803 9e-06 2e-05 4.5101926867167155 0.1 0.1 1041 
-2.223367938995361 0.01 0.003 0.9998923631509146 8e-06 5e-05 0.999947982430458 5e-05 0.0003 4.5146435340245565 0.2 0.2 248 
-2.222169942855835 0.003 0.002 0.9999329016606013 9e-06 2e-05 0.9999824931224187 1e-05 3e-05 4.5101132440567016 0.1 0.1 518 
-2.2230881373087565 0.008 0.002 0.9999382720390956 2e-05 7e-05 0.9999770108858744 2e-05 0.0001 4.511147859891255 0.2 0.2 405 
-2.222879285812378 0.001 0.001 0.9999120519558589 5e-06 7e-06 0.9999841386079789 6e-06 2e-05 4.512114446957906 0.1 0.1 272 
-2.223154249191284 0.01 0.002 0.999927170475324 1e-05 0.0001 0.9999804592132568 2e-05 9e-05 4.510991546312968 0.2 0.2 227 
-2.2220345052083332 0.003 0.002 0.9998106276988983 1e-05 2e-05 0.999980088075002 9e-06 2e-05 4.514234930674235 0.1 0.1 632 
