-1.893345578511556 0.005 0.005 0.9950983184576034 9e-05 9e-05 0.9966253517071406 7e-05 7e-05 4.352369440396627 0.09 0.09 2 
-1.9711521593729655 0.002 0.002 0.9980571250120799 5e-05 5e-05 0.9963300017515818 6e-05 6e-05 4.350540345509847 0.07 0.07 5 
-1.4362543932596843 0.04 0.04 0.9748715776205062 0.0006 0.0006 0.9928056923548381 0.002 0.002 4.177780872980754 0.3 0.3 8 
-1.5024173514048258 0.003 0.003 0.9847939840952555 0.0001 0.0001 0.968140411178271 0.0004 0.0004 3.945487855275472 0.09 0.09 11 
-1.3170185661315919 0.004 0.004 0.974303691983223 0.0003 0.0003 0.968863818248113 0.0003 0.0003 3.9097875221570333 0.07 0.07 14 
-1.5158591079711914 0.5 0.09 0.9790294102827708 0.001 0.007 0.9968599053223928 0.0005 0.0007 4.386205213864645 0.4 0.3 18 
-1.3235795783996582 0.004 0.004 0.977737589875857 0.0002 0.0002 0.9689621218045552 0.0003 0.0003 3.971757442156474 0.06 0.06 25 
-1.7974593544006348 0.04 0.02 0.980245124300321 0.0006 0.0009 0.9950131346782048 6e-05 7e-05 4.523829949696859 0.4 0.4 26 
-1.945228068033854 0.003 0.003 0.9973765637477239 7e-05 7e-05 0.996499927242597 6e-05 6e-05 4.346789180437724 0.08 0.08 27 
-1.5030526542663574 0.003 0.003 0.9848195908466975 0.0001 0.0001 0.9680629515647888 0.0004 0.0004 3.946007454395294 0.09 0.09 28 
-1.9360837841033935 0.004 0.004 0.9972702125708263 8e-05 8e-05 0.9965743774175644 6e-05 6e-05 4.340650170644125 0.08 0.08 29 
-1.323376661936442 0.004 0.004 0.9777336569627126 0.0002 0.0002 0.968980531891187 0.0003 0.0003 3.9716038902600608 0.06 0.06 30 
-1.31700657526652 0.004 0.004 0.9743034543593725 0.0003 0.0003 0.9688657188415527 0.0003 0.0003 3.9097660835584005 0.07 0.07 34 
-1.794813766479492 0.05 0.03 0.9800892110665639 0.0007 0.001 0.9949684270222982 6e-05 9e-05 4.522698453267416 0.4 0.4 35 
-1.7870789464314778 0.02 0.02 0.9938183138767879 0.0002 0.0002 0.9942683110634486 0.002 0.002 4.239392925103505 0.3 0.3 39 
-1.7412250709533692 0.006 0.006 0.9814891843001048 1e-05 1e-05 0.9961827502648035 6e-05 6e-05 4.494323757489522 0.1 0.1 40 
-1.7866926860809327 0.02 0.02 0.9939054811000824 0.0002 0.0002 0.9942569887638092 0.002 0.002 4.2355531263351445 0.3 0.3 41 
-2.036736962000529 0.05 0.02 0.9981219867865244 0.0001 0.0002 0.9949744270245234 0.0009 0.003 4.4085494017601015 0.6 0.5 42 
-1.3217935975392658 0.004 0.004 0.9776856017112732 0.0002 0.0002 0.96912610689799 0.0003 0.0003 3.970126957098643 0.06 0.06 43 
-1.5395828596750896 0.02 0.02 0.9729522649447123 0.0004 0.0004 0.9928369235992431 0.002 0.002 4.47242209593455 0.4 0.4 44 
-1.786694122950236 0.02 0.02 0.993905473947525 0.0002 0.0002 0.9942571544647216 0.002 0.002 4.235555834770203 0.3 0.3 52 
-1.7488998540242513 0.02 0.02 0.9911111664772033 6e-05 6e-05 0.9936513080199559 0.002 0.002 4.243288029034932 0.4 0.4 54 
-1.786326411565145 0.05 0.03 0.9800091942151388 0.0007 0.001 0.9950385185082754 9e-05 9e-05 4.519360381762187 0.4 0.4 55 
-1.7697361755371093 0.01 0.01 0.9859951502084732 1e-05 1e-05 0.9963076923290889 6e-05 6e-05 4.422155785560608 0.1 0.1 58 
-1.5773933919270833 0.09 0.01 0.9872939836978912 0.002 0.004 0.968175812959671 0.001 0.003 4.123629248936971 0.6 0.5 60 
-1.8920919640858969 0.005 0.005 0.9947366903225581 8e-05 8e-05 0.9966040021181106 7e-05 7e-05 4.377161663373311 0.09 0.09 61 
-1.8829636192321777 0.005 0.005 0.9946485753854116 9e-05 9e-05 0.9966612843672434 7e-05 7e-05 4.371530640920003 0.09 0.09 62 
-1.8930372269948323 0.005 0.005 0.995093634724617 9e-05 9e-05 0.996627402305603 7e-05 7e-05 4.352128798166911 0.09 0.09 63 
-1.8866211541493734 0.005 0.005 0.9946856735150019 8e-05 8e-05 0.9966382000843684 7e-05 7e-05 4.373855455716451 0.09 0.09 66 
-1.7845451100667318 0.05 0.03 0.9799508384863536 0.0007 0.001 0.9950421200195948 9e-05 9e-05 4.518096817334493 0.4 0.4 67 
-1.7386195691426596 0.8 0.2 0.9750935737291971 0.005 0.01 0.9985517364740372 0.0006 0.003 4.599732844034831 0.3 0.6 68 
-1.3235641765594481 0.004 0.004 0.9777367273966472 0.0002 0.0002 0.9689642639954885 0.0003 0.0003 3.97172664642334 0.06 0.06 69 
-1.7306163533528647 0.02 0.01 0.9938962103923162 0.0003 0.0004 0.9978938013315201 9e-05 5e-05 4.204768786430359 0.06 0.06 71 
-1.5020914840698243 0.003 0.003 0.9847820629676183 0.0001 0.0001 0.9681771777073542 0.0004 0.0004 3.9452490703264873 0.09 0.09 73 
-2.120913956960042 0.1 0.02 0.9958819190661112 0.0001 0.0004 0.9996621169646581 0.0001 0.0003 4.5265285730361935 0.2 0.2 77 
-1.893175522486369 0.005 0.005 0.99509814620018 9e-05 9e-05 0.9966258366902669 7e-05 7e-05 4.352308195432027 0.09 0.09 78 
-1.9314299933115642 0.004 0.004 0.9972130940357844 9e-05 9e-05 0.9966107020775478 6e-05 6e-05 4.337444259325664 0.08 0.08 79 
-1.3192488861083984 0.004 0.004 0.9776149056355159 0.0002 0.0002 0.9693428510427475 0.0003 0.0003 3.968055423100789 0.06 0.06 82 
-1.5911896324157715 0.003 0.003 0.990845128496488 0.0001 0.0001 0.9739374407132466 0.0003 0.0003 4.018113695780436 0.06 0.06 86 
-1.5026513131459553 0.003 0.003 0.9848028777043024 0.0001 0.0001 0.9681126095851262 0.0004 0.0004 3.9456708645820617 0.09 0.09 87 
-1.937554168701172 0.004 0.004 0.997287171681722 8e-05 8e-05 0.9965632098913193 6e-05 6e-05 4.341626593271891 0.08 0.08 88 
-1.9422029399871825 0.003 0.003 0.9973424023389816 7e-05 7e-05 0.9965242143472036 6e-05 6e-05 4.3447815036773685 0.08 0.08 89 
-1.3167769241333007 0.004 0.004 0.974298979640007 0.0003 0.0003 0.9688919154802959 0.0003 0.0003 3.909486486117045 0.06 0.06 92 
-1.9399245325724284 0.004 0.004 0.9973156474033992 8e-05 8e-05 0.996543543934822 6e-05 6e-05 4.343246695200603 0.08 0.08 94 
-1.8840161927541097 0.005 0.005 0.9949899087349574 0.0001 0.0001 0.9966864508390426 6e-05 6e-05 4.34622880299886 0.09 0.09 96 
-2.1899114513397215 0.004 0.002 0.994592094818751 6e-05 9e-05 0.9998814529180526 1e-05 3e-05 4.592227346102397 0.1 0.1 99 
