-2.2255441347757974 8e-05 6e-05 0.9999960462252299 1e-06 2e-06 0.9999819350242615 3e-06 5e-06 4.511936906178792 0.07 0.07 48 
-2.225616372426351 0.0002 0.0001 0.99999607026577 1e-06 2e-06 0.9999852412939072 6e-06 1e-05 4.511981503168742 0.08 0.08 44 
-2.2256016222635906 0.0002 0.0001 0.9999958558877309 1e-06 2e-06 0.9999856658776601 5e-06 9e-06 4.512023323376973 0.08 0.08 67 
-2.22554407119751 0.0002 0.0001 0.9999950261910756 1e-06 3e-06 0.9999872436126073 5e-06 5e-06 4.512182532946269 0.07 0.07 45 
-2.2256154759724933 0.0003 0.0001 0.9999960736433665 2e-06 4e-06 0.999985081354777 4e-06 6e-06 4.5121797672907515 0.07 0.07 56 
-2.2255558649698894 0.0002 0.0001 0.9999957766135533 1e-06 2e-06 0.9999832053979237 5e-06 5e-06 4.5120438941319785 0.07 0.07 75 
-2.225714616775513 0.0002 0.0002 0.9999964487552643 1e-06 2e-06 0.9999866702159246 6e-06 9e-06 4.512053046226502 0.07 0.07 29 
-2.2256582609812416 0.0002 0.0002 0.9999962339798609 1e-06 2e-06 0.9999872412284215 6e-06 1e-05 4.51196373462677 0.08 0.08 72 
-2.2256543191274005 0.0002 0.0001 0.9999964727958044 1e-06 2e-06 0.9999858313798904 5e-06 1e-05 4.511969984372457 0.08 0.08 26 
-2.225642890930176 0.0002 0.0001 0.9999961878856023 1e-06 2e-06 0.9999866074323654 6e-06 1e-05 4.512076967557271 0.08 0.08 82 
-2.2256178347269695 0.0002 0.0001 0.9999961165587107 1e-06 2e-06 0.9999847096204758 6e-06 1e-05 4.511934266090393 0.08 0.08 7 
-2.2255942408243814 0.0003 0.0002 0.9999954716364543 2e-06 3e-06 0.9999858742952347 6e-06 1e-05 4.512243618965149 0.07 0.07 99 
-2.2255381457010905 0.0003 0.0001 0.9999953142801921 1e-06 3e-06 0.9999845502773921 4e-06 5e-06 4.512127095858256 0.08 0.08 65 
-2.2255987548828124 0.0002 0.0001 0.9999959780772527 1e-06 2e-06 0.999984076221784 6e-06 1e-05 4.511960550944011 0.08 0.08 5 
-2.2256309827168783 0.0002 0.0001 0.9999960949023564 1e-06 2e-06 0.9999857693910599 6e-06 1e-05 4.512096935908 0.08 0.08 66 
-2.225659770965576 0.0002 0.0001 0.999996116956075 1e-06 2e-06 0.9999872273206711 5e-06 9e-06 4.5120028940836585 0.07 0.07 62 
-2.2254985555013023 0.0003 0.0001 0.9999950275818507 2e-06 4e-06 0.999984908302625 4e-06 6e-06 4.512183610598246 0.08 0.08 94 
-2.2257345358530682 0.0002 0.0002 0.9999969669183095 1e-06 2e-06 0.9999854815006256 7e-06 1e-05 4.512016215324402 0.07 0.07 97 
-2.225478963851929 0.0003 0.0001 0.9999947279691697 2e-06 4e-06 0.9999843921264012 4e-06 6e-06 4.5122348531087235 0.08 0.08 47 
-2.2255654684702555 0.0002 0.0001 0.9999956806500753 1e-06 2e-06 0.9999862285455068 6e-06 1e-05 4.512066801389058 0.08 0.08 52 
