-2.215775588353475 0.004 0.0009 0.9999555418888728 2e-05 3e-05 0.9991537002722423 0.0006 0.0007 4.507092014948527 0.07 0.07 10 
-2.222019968032837 0.2 0.002 0.9997350444396337 5e-05 0.0006 0.9999560695886612 4e-05 0.01 4.525290915171305 0.3 0.3 15 
-2.2260388278961183 0.0002 0.0002 0.9999968161185583 7e-07 6e-07 0.9999978419144948 1e-06 1e-06 4.512041306495666 0.03 0.03 21 
-2.2250120639801025 0.005 0.001 0.9999898687998454 9e-06 3e-05 0.9999969565868377 3e-06 7e-06 4.511702726682027 0.06 0.06 26 
-2.2046256732940672 0.03 0.008 0.9999393151203791 3e-05 0.0001 0.9996927493810653 0.0003 0.001 4.498717708587646 0.03 0.03 36 
-2.2255641746520998 0.004 0.0009 0.9999895481268565 9e-06 3e-05 0.9999977193276087 2e-06 6e-06 4.511847947438558 0.07 0.07 37 
-2.2006376584370932 0.04 0.008 0.9999063525597255 4e-05 0.0001 0.9996145377556483 0.0004 0.0009 4.496327665646871 0.02 0.03 47 
-2.2171783224741617 0.01 0.003 0.9999680246909459 2e-05 4e-05 0.9998709497849146 0.0001 0.0004 4.506749362945556 0.03 0.03 48 
-2.224568306605021 0.004 0.002 0.999974341193835 1e-05 2e-05 0.9999960140387217 2e-06 6e-06 4.511655985514323 0.07 0.07 49 
-2.2202859210968016 0.01 0.004 0.9999608063697815 3e-05 0.0003 0.9999017139275869 9e-05 0.0003 4.5086636018753055 0.1 0.2 64 
-2.2255693181355793 0.003 0.0008 0.9999751993020376 1e-05 3e-05 0.9999971824884415 2e-06 4e-06 4.512067777315775 0.07 0.08 84 
-2.1954030005137124 0.04 0.01 0.9999153739213944 4e-05 0.0001 0.9995890661080679 0.0004 0.001 4.492755069732666 0.03 0.03 90 
-2.225644254684448 0.003 0.0009 0.9999921860297522 6e-06 2e-05 0.9999967632691066 3e-06 8e-06 4.511894796689352 0.08 0.09 98 
-2.219291140238444 0.007 0.003 0.999974724650383 1e-05 2e-05 0.9999009511868159 9e-05 0.0004 4.508073415756225 0.04 0.04 99 
