-2.2258259010314942 0.002 0.0007 0.9999880075454712 1e-05 4e-05 0.9999818281332652 1e-05 9e-05 4.511556639671325 0.1 0.1 53 
-2.2259274323781333 0.002 0.0005 0.9999834708372752 1e-05 8e-05 0.999983358780543 8e-06 4e-05 4.512129836082458 0.1 0.1 46 
-2.2259702173868816 0.001 0.0005 0.9999947865804036 4e-06 1e-05 0.9999851592381795 1e-05 8e-05 4.511990208625793 0.08 0.09 41 
-2.2255579153696696 0.004 0.0009 0.9999787066380182 2e-05 8e-05 0.9999780807892481 2e-05 8e-05 4.512005132039388 0.3 0.2 42 
-2.224574104944865 0.007 0.002 0.9999739178021749 2e-05 0.0001 0.999932721654574 4e-05 0.0002 4.512343481381734 0.2 0.3 35 
-2.2260684617360433 0.002 0.0004 0.9999920233090719 7e-06 3e-05 0.9999870852629343 8e-06 3e-05 4.512335367202759 0.08 0.09 22 
-2.2261820538838704 0.0005 0.0003 0.9999944482247035 5e-06 1e-05 0.9999908951918284 7e-06 4e-05 4.512188153266907 0.09 0.08 98 
-2.2255757967631022 0.003 0.0009 0.9999838449557622 1e-05 5e-05 0.9999577784538269 4e-05 9e-05 4.51201952457428 0.1 0.1 29 
-2.2261318937937418 0.002 0.0004 0.999994450211525 5e-06 2e-05 0.9999889365832011 1e-05 7e-05 4.512275946935018 0.1 0.1 19 
-2.225788507461548 0.002 0.0007 0.9999912812312444 7e-06 3e-05 0.9999764865636825 2e-05 9e-05 4.512126827239991 0.1 0.1 55 
-2.2244108581542967 0.01 0.002 0.9999758332967759 2e-05 7e-05 0.9999094233910243 7e-05 0.0004 4.511375708580017 0.2 0.2 20 
-2.2256110032399494 0.001 0.0009 0.9999801756938299 2e-05 4e-05 0.999969144264857 1e-05 4e-05 4.512658961613973 0.1 0.1 36 
-2.225549767812093 0.002 0.0009 0.9999808754523595 2e-05 7e-05 0.9999734789133072 2e-05 0.0001 4.51154852549235 0.1 0.1 54 
-2.226216796239217 0.0004 0.0003 0.9999952046076457 4e-06 2e-05 0.9999897837638855 7e-06 2e-05 4.512043021519979 0.08 0.08 8 
-2.226153386433919 0.001 0.0004 0.9999930848677953 6e-06 2e-05 0.9999925708770752 7e-06 4e-05 4.512165172894796 0.08 0.1 50 
-2.2252115917205813 0.003 0.001 0.9999569795529047 4e-05 0.0002 0.9999479164679845 2e-05 9e-05 4.512551466623942 0.2 0.2 59 
-2.2254142316182453 0.003 0.001 0.9999824945131938 2e-05 4e-05 0.9999525614579519 2e-05 7e-05 4.511744790077209 0.2 0.2 58 
-2.2260545921325683 0.001 0.0005 0.9999851284424464 1e-05 5e-05 0.9999707843859991 3e-05 0.0001 4.512571377754211 0.1 0.1 5 
-2.2258911736806235 0.002 0.0006 0.9999877013762792 1e-05 4e-05 0.9999836885929108 2e-05 8e-05 4.511868165334065 0.1 0.1 78 
-2.2257924365997312 0.002 0.0007 0.9999868037303289 1e-05 3e-05 0.9999782546361288 2e-05 9e-05 4.511852560043335 0.1 0.1 80 
