-2.22587072690328 0.0002 0.0001 0.9999964855114619 3e-06 3e-06 0.9999875895182292 8e-06 9e-06 4.511734933853149 0.05 0.05 57 
-2.225956786473592 0.0001 0.0001 0.999997325539589 2e-06 1e-06 0.999990750749906 7e-06 7e-06 4.511953511238098 0.05 0.05 84 
-2.2257960987091066 0.0002 0.0002 0.999995680252711 3e-06 3e-06 0.9999910436073939 5e-06 6e-06 4.511752432187398 0.05 0.04 4 
-2.225944604873657 8e-05 7e-05 0.9999957623084387 2e-06 2e-06 0.9999851008256276 1e-05 1e-05 4.51160492738088 0.05 0.05 62 
-2.2257581043243406 0.0003 0.0002 0.9999931059281031 3e-06 3e-06 0.999991424481074 5e-06 5e-06 4.511460097630819 0.05 0.05 82 
-2.225885785420736 0.0001 0.0001 0.9999959554274876 3e-06 3e-06 0.9999853525559107 1e-05 1e-05 4.511750651995341 0.06 0.05 39 
-2.2257513109842937 0.0002 0.0002 0.999995090564092 3e-06 3e-06 0.9999903150399526 6e-06 6e-06 4.511557340621948 0.06 0.05 61 
-2.2259269046783445 0.0001 0.0001 0.9999975887934367 1e-06 1e-06 0.999979990720749 1e-05 1e-05 4.512002415657044 0.06 0.06 42 
-2.2259848308563233 7e-05 5e-05 0.9999975800514221 2e-06 2e-06 0.9999862702687582 1e-05 1e-05 4.51183306535085 0.06 0.06 81 
-2.225734205245972 0.0003 0.0002 0.9999945062398911 3e-06 3e-06 0.9999907547235489 5e-06 6e-06 4.5117361386617025 0.05 0.05 2 
-2.2258623472849526 0.0007 0.0004 0.9999947758515676 3e-06 7e-06 0.9999955914417903 2e-06 4e-06 4.512092378934224 0.06 0.06 15 
-2.2258129914601645 0.0002 0.0002 0.999995875954628 3e-06 3e-06 0.9999911351998647 6e-06 6e-06 4.511768614451091 0.05 0.05 78 
-2.2258272234598797 0.0002 0.0002 0.9999964980284373 3e-06 3e-06 0.9999913436174392 6e-06 6e-06 4.511671474774679 0.05 0.05 18 
-2.22593513806661 0.0002 0.0002 0.9999970336755116 1e-06 1e-06 0.9999896250168483 8e-06 1e-05 4.511769779523214 0.06 0.06 71 
-2.2255239423116047 0.0004 0.0003 0.9999899254242579 4e-06 4e-06 0.9999880313873291 5e-06 5e-06 4.511481809616089 0.05 0.05 6 
-2.226009931564331 4e-05 3e-05 0.9999979468186696 1e-06 1e-06 0.9999865329265595 1e-05 1e-05 4.512154491742452 0.06 0.06 33 
-2.2258669471740724 0.0001 8e-05 0.999996501604716 2e-06 2e-06 0.9999818281332652 1e-05 1e-05 4.511730119387309 0.05 0.05 26 
-2.2259296798706054 0.0001 0.0001 0.99999791264534 1e-06 2e-06 0.9999812080462773 1e-05 1e-05 4.512029023170471 0.06 0.06 76 
-2.225842269261678 0.0002 0.0001 0.9999958437681198 2e-06 3e-06 0.9999889353911082 7e-06 8e-06 4.511796911557515 0.06 0.05 1 
-2.2257928625742593 0.0003 0.0002 0.9999961243073145 3e-06 3e-06 0.999993039170901 4e-06 5e-06 4.51172722975413 0.04 0.04 56 
