-2.206526641845703 0.02 0.006 0.9999179587761561 3e-05 8e-05 0.9996856798728307 0.0002 0.0003 4.501595118840536 0.1 0.1 0 
5736.9025390625 1 
-2.225557050704956 0.0001 0.0001 0.9999504657586415 6e-06 6e-06 0.9999964781602224 3e-07 5e-07 4.513108299573262 0.1 0.1 2 
10335311.6 3 
10335311.2 4 
-2.2233951918284096 0.006 0.002 0.999959329366684 3e-05 5e-05 0.9999474920829137 4e-05 8e-05 4.509973486264546 0.1 0.1 5 
10335311.8 6 
10335314.0 7 
10335311.6 8 
9.198948532684881e-07 9 
10335312.2 10 
10335312.2 11 
10335311.6 12 
10335312.6 13 
-2.2253551959991453 0.002 0.0007 0.9999706010023753 2e-05 8e-05 0.9999918409188588 7e-06 1e-05 4.512018698056539 0.1 0.1 14 
10335312.0 15 
10335313.0 16 
-2.222595869700114 0.008 0.003 0.9999345167477925 4e-05 0.0001 0.9999372764428457 6e-05 0.0002 4.511728833516439 0.3 0.3 17 
10335312.6 18 
-2.2172660223642984 0.008 0.004 0.9999422651529312 2e-05 4e-05 0.9998140440384546 7e-05 9e-05 4.507192076047262 0.09 0.09 19 
10335311.6 20 
9.198950237987447e-07 21 
-2.190716412862142 0.06 0.009 0.9998052136103313 8e-05 0.0003 0.9996052763859431 0.0004 0.0008 4.493721803029378 0.1 0.1 22 
10335312.0 23 
-2.2257773971557615 0.0002 0.0002 0.999968225757281 2e-06 2e-06 0.9999967451890309 3e-07 3e-07 4.512751231193542 0.07 0.07 24 
-2.225273348490397 0.005 0.0008 0.9999221040805181 3e-05 5e-05 0.9999933962027232 4e-06 0.0002 4.513434794743856 0.1 0.1 25 
10335312.6 26 
10335312.4 27 
10335311.8 28 
-2.2072455946604412 0.004 0.003 0.9999326958258947 2e-05 2e-05 0.9998156859477361 5e-05 6e-05 4.501191689173381 0.008 0.008 29 
-2.226225423812866 5e-06 5e-06 0.9999813550710678 8e-07 8e-07 0.99999613682429 3e-07 3e-07 4.512850980758667 0.05 0.05 30 
-2.2252438640594483 0.02 0.001 0.9999742674827575 2e-05 0.0002 0.999994550148646 5e-06 0.0004 4.512102206548055 0.1 0.1 31 
-2.2042985916137696 0.003 0.003 0.9999038044611613 3e-05 3e-05 0.9995850835243861 7e-05 7e-05 4.500399783452352 0.08 0.08 32 
-2.2257989851633706 0.0005 0.0003 0.9999878690640132 2e-06 3e-06 0.9999974274635315 1e-06 1e-06 4.5121834135055545 0.06 0.06 33 
-2.226289768218994 7e-06 5e-06 0.9999908953905106 7e-07 7e-07 0.9999973847468694 4e-07 5e-07 4.512622219721476 0.05 0.05 34 
10335312.0 35 
9.198950351674284e-07 36 
10335311.4 37 
9.198945349453425e-07 38 
10335310.8 39 
-2.2253941949208578 0.003 0.001 0.9999623612562816 3e-05 8e-05 0.999995921254158 4e-06 0.0001 4.512351803779602 0.2 0.1 40 
-2.216930322647095 0.006 0.003 0.9999079390366872 3e-05 4e-05 0.9997767343123753 0.0002 0.0005 4.508727170626322 0.2 0.2 41 
56172.6828125 42 
10335311.8 43 
-2.2190076700846353 0.005 0.002 0.9999428816636403 3e-05 2e-05 0.9998910923798879 0.0001 0.0003 4.5089567295710244 0.1 0.1 44 
-2.2254891459147137 0.001 0.0008 0.9999473275740941 3e-05 7e-05 0.9999952860673269 3e-06 7e-06 4.512984636624654 0.1 0.1 45 
10335312.4 46 
9.199113378599577e-07 47 
10335312.0 48 
10335311.8 49 
10335312.2 50 
-2.225618397394816 0.0005 0.0003 0.9999513655900956 3e-06 3e-06 0.9999950001637141 1e-06 1e-06 4.512893253962199 0.07 0.07 51 
10335312.0 52 
-2.189900738398234 0.05 0.02 0.9998966393868128 6e-05 0.0001 0.9994620557626088 0.0005 0.002 4.4894050041834515 0.06 0.1 53 
-2.225390520095825 0.003 0.0009 0.9999575171868006 2e-05 2e-05 0.9999953244129817 3e-06 4e-06 4.512705747286478 0.09 0.09 54 
10335312.2 55 
10335311.6 56 
10335311.8 57 
-2.225639813741048 0.0006 0.0004 0.9999622984727223 4e-06 4e-06 0.999996564189593 4e-07 4e-07 4.512745161056518 0.07 0.07 58 
-2.2238032245635986 0.2 0.003 0.9999156765143077 7e-05 0.001 0.999979614019394 2e-05 0.004 4.512407360076904 0.3 0.4 59 
-2.2258414236704507 0.0002 0.0002 0.9999821587403616 1e-06 2e-06 0.9999975564082464 4e-07 4e-07 4.512451276779175 0.06 0.06 60 
-2.1994954554239907 0.06 0.01 0.9998872822523117 5e-05 0.0003 0.9995044296979905 0.0005 0.0007 4.497161847750346 0.1 0.1 61 
9.198978432323202e-07 62 
9.199991609420977e-07 63 
-2.225626366933187 0.0005 0.0003 0.9999630423386892 2e-06 3e-06 0.999995905160904 1e-06 1e-06 4.512833021481832 0.07 0.07 64 
9.199008218274685e-07 65 
-2.2254989020029705 0.003 0.0008 0.9999629253149033 1e-05 2e-05 0.9999957744280498 2e-06 3e-06 4.51269331296285 0.09 0.09 66 
-2.22520170211792 0.0002 0.0002 0.9999406854311625 5e-06 5e-06 0.9999952906370163 3e-07 3e-07 4.513488003412882 0.1 0.1 67 
-2.210713316599528 0.03 0.008 0.9999384369452794 4e-05 0.0001 0.9997799559434255 0.0002 0.0008 4.5036510547002155 0.04 0.06 68 
9.198963084600109e-07 69 
10335312.6 70 
10335312.2 71 
9.199073701893212e-07 72 
9.199028454531799e-07 73 
9.198951261168986e-07 74 
10335311.6 75 
-2.212841542561849 0.006 0.006 0.9999028438329697 3e-05 6e-05 0.9997256441911062 0.0001 0.0001 4.505371748606364 0.07 0.08 76 
10335312.0 77 
-2.220553035736084 0.007 0.004 0.9999743501345316 2e-05 3e-05 0.9999100470542908 9e-05 0.0005 4.509260683059693 0.08 0.08 78 
-2.2251042111714683 0.002 0.0008 0.9999643170833588 2e-05 6e-05 0.9999649703502655 3e-05 7e-05 4.512828960418701 0.1 0.1 79 
-2.212659050623576 0.001 0.001 0.9999554206927618 3e-06 7e-06 0.9997469959656398 2e-05 4e-05 4.50356105486552 0.08 0.09 80 
10335311.8 81 
10335311.2 82 
-2.2248579184214274 0.003 0.001 0.9999137727419535 2e-05 3e-05 0.9999933818976084 3e-06 3e-06 4.513535666465759 0.1 0.1 83 
10335311.2 84 
-2.194322799046834 0.4 0.01 0.9998768448829651 6e-05 0.002 0.9994862381617228 0.0005 0.01 4.493321593602499 0.3 0.4 85 
10335311.6 86 
10335311.2 87 
10335313.0 88 
-2.213568754196167 0.009 0.006 0.9999477608998617 3e-05 6e-05 0.9998969348271688 8e-05 0.0002 4.505265412330627 0.07 0.07 89 
10335312.2 90 
9.19912122299138e-07 91 
56288.42734375 92 
10335311.6 93 
10335310.8 94 
10335311.6 95 
10335312.0 96 
9.198972179547127e-07 97 
10335312.2 98 
10335312.4 99 
10335311.8 100 
9.198953307532066e-07 101 
10335312.6 102 
-2.207295757929484 0.004 0.003 0.9999153457085291 3e-05 3e-05 0.9998301138480504 4e-05 5e-05 4.5015241130193075 0.02 0.02 103 
10335311.8 104 
10335311.8 105 
-2.214248507817586 0.001 0.001 0.9999568512042364 1e-05 1e-05 0.9997711873054504 2e-05 2e-05 4.505013926823934 0.05 0.05 106 
-2.213865203857422 0.001 0.001 0.9999349004030228 1e-05 2e-05 0.9997663559516271 2e-05 2e-05 4.505576923688253 0.07 0.07 107 
10335310.2 108 
358866.3625 109 
9.199142596116872e-07 110 
10335312.6 111 
-2.207397076288859 0.04 0.01 0.999944852789243 4e-05 0.0002 0.9997451440493266 0.0002 0.001 4.501160912513733 0.03 0.04 112 
-2.225466168721517 0.003 0.0009 0.9999648825327555 2e-05 3e-05 0.9999964910745621 2e-06 3e-06 4.512469614346822 0.09 0.09 113 
10335312.2 114 
-2.19985045115153 0.03 0.008 0.9999115421374639 4e-05 0.0002 0.9995694518089294 0.0003 0.0008 4.496039505004883 0.02 0.02 115 
10335312.2 116 
10335312.0 117 
10335311.6 118 
10335311.6 119 
9.198974225910206e-07 120 
10335311.6 121 
10335312.6 122 
-2.225160805384318 0.002 0.0009 0.9999425375461578 2e-05 2e-05 0.9999946345885594 2e-06 1e-05 4.512569136619568 0.1 0.1 123 
-2.203647524515788 0.005 0.005 0.9998960789044699 4e-05 4e-05 0.9998202228546142 7e-05 8e-05 4.49956401348114 0.04 0.04 124 
10335311.8 125 
10335311.8 126 
9.198979228131066e-07 127 
10335313.0 128 
-2.224024976094564 0.0004 0.0002 0.9999328835805257 2e-05 2e-05 0.9999797668059667 6e-06 8e-06 4.514256518681844 0.1 0.1 129 
-2.2201542123158773 0.003 0.0004 0.9999579087893168 8e-06 2e-05 0.9998857273658117 9e-06 5e-05 4.508664555549622 0.07 0.07 130 
10335312.6 131 
10335310.6 132 
10335312.0 133 
10335312.0 134 
-2.2089431190490725 0.04 0.01 0.9999159497022628 4e-05 0.0002 0.9998480637868246 0.0001 0.002 4.502902938524882 0.1 0.2 135 
10335312.2 136 
-2.199743989308675 0.02 0.01 0.9998777918020885 5e-05 0.0001 0.9998041645685831 0.0002 0.0005 4.497451742490132 0.1 0.1 137 
10335311.8 138 
10335312.2 139 
-2.2231356207529704 0.004 0.001 0.9999075853824615 3e-05 3e-05 0.99999052464962 3e-06 4e-06 4.513893815676371 0.2 0.2 140 
9.198991847370052e-07 141 
10335311.6 142 
10335312.2 143 
-2.2165577093760174 0.0006 0.0008 0.9999568829933803 1e-05 1e-05 0.9998108730713526 1e-05 2e-05 4.506919716199239 0.07 0.07 144 
-2.2257845973968506 0.0006 0.0004 0.9999834656715393 3e-06 3e-06 0.9999974274635315 1e-06 3e-06 4.512503561973571 0.06 0.06 145 
10335312.4 146 
10335312.6 147 
-2.2189093844095864 0.01 0.004 0.9999392938613891 2e-05 6e-05 0.9996032245953878 0.0003 0.0005 4.507550077438355 0.2 0.2 148 
-2.219580504099528 0.4 0.007 0.9999019988377889 7e-05 0.007 0.9999094265699386 9e-05 0.002 4.511632932027181 0.1 0.3 149 
