-2.2246092796325683 0.0009 0.0005 0.9999864546457926 3e-06 5e-06 0.9999690979719162 2e-05 2e-05 4.506947061220805 0.2 0.2 70 
-2.2242107741038004 0.0003 0.0002 0.999979731241862 5e-06 6e-06 0.9999587007363637 6e-06 7e-06 4.509860291481018 0.1 0.1 71 
-2.225051317214966 0.0008 0.0003 0.999984267950058 4e-06 9e-06 0.9999917984008789 2e-06 2e-06 4.510317810376486 0.1 0.1 118 
-2.225172694524129 0.0007 0.0003 0.9999919921159744 2e-06 3e-06 0.9999932444095612 5e-06 1e-05 4.511295069058736 0.1 0.1 38 
-2.225490379333496 0.0009 0.0004 0.9999918979406357 3e-06 4e-06 0.9999942117929459 4e-06 1e-05 4.511749105453491 0.08 0.08 110 
-2.225420840581258 0.0005 0.0004 0.9999898870786031 3e-06 3e-06 0.999992682536443 1e-06 1e-06 4.511570053100586 0.1 0.1 34 
-2.2243210824330646 0.0004 0.0003 0.9999846206108729 2e-06 3e-06 0.99995123843352 6e-06 6e-06 4.508338516553243 0.1 0.1 25 
-2.2245931243896484 0.0002 0.0002 0.9999864860375722 1e-06 1e-06 0.999853840470314 2e-06 9e-06 4.510343874295552 0.09 0.09 101 
-2.2254395389556887 3e-05 3e-05 0.9999962814648946 3e-07 3e-07 0.9999908332029979 6e-07 6e-07 4.511108264923096 0.06 0.06 35 
-2.2236524645487465 0.0004 0.0003 0.9999752281109492 4e-06 4e-06 0.9999744389454523 6e-06 2e-05 4.510380477905273 0.2 0.2 29 
-2.2252138646443687 0.0001 0.0001 0.9999884370962778 1e-06 1e-06 0.9999912703037261 3e-06 7e-06 4.510903038978577 0.07 0.07 136 
-2.2227681159973143 0.002 0.001 0.9999752400318781 4e-06 9e-06 0.9999515642722447 4e-06 6e-06 4.509732713699341 0.2 0.2 10 
-2.2258103942871093 0.0002 0.0002 0.9999923928578694 2e-06 2e-06 0.999991760055224 4e-06 6e-06 4.512385873794556 0.07 0.07 26 
-2.225376116434733 0.0007 0.0005 0.9999936596552531 3e-06 8e-06 0.9999946981668473 3e-06 6e-06 4.511098624865214 0.07 0.07 115 
-2.225353234608968 0.0002 0.0002 0.999988352060318 3e-06 3e-06 0.9999783152341842 6e-06 8e-06 4.5105660597483315 0.1 0.1 54 
-2.224510676066081 0.003 0.001 0.9999900269508362 6e-06 1e-05 0.999993284145991 3e-06 5e-06 4.5113367255528765 0.09 0.09 128 
-2.2241720390319824 0.002 0.001 0.9999865065018336 4e-06 5e-06 0.9999741572141647 2e-05 6e-05 4.5103346586227415 0.2 0.2 126 
-2.2248433462778725 0.0004 0.0003 0.9999885555108389 2e-06 2e-06 0.9997272652387619 2e-06 2e-06 4.510985539754231 0.1 0.1 104 
-2.2246829891204833 0.0006 0.0006 0.9999925150473913 3e-06 6e-06 0.9999673559268316 1e-05 1e-05 4.507988311449687 0.1 0.1 94 
-2.2248382059733074 0.0006 0.0005 0.9999908727407455 3e-06 5e-06 0.9985651620229086 1e-05 2e-05 4.527516996065776 0.1 0.1 33 
