9.204533512274793e-07 0 
9.205075798490725e-07 1 
9.20445381780155e-07 2 
9.201173270412255e-07 3 
9.2054862079749e-07 4 
-2.2233565362294514 0.0007 0.0004 0.9999531298875809 1e-05 2e-05 0.9999151104688644 1e-05 1e-05 4.508188192049662 0.2 0.2 5 
-2.21856325785319 0.002 0.002 0.9998011815547944 0.0001 0.0003 0.9999727982282639 1e-05 1e-05 4.507418165206909 0.2 0.2 6 
-2.2225324217478435 0.002 0.001 0.9999651018778483 1e-05 2e-05 0.9985679998000463 1e-05 2e-05 4.5262317832311 0.1 0.1 7 
334.65037231445314 8 
9.206385925608629e-07 9 
-2.2217602411905926 0.001 0.001 0.9999594938755035 1e-05 2e-05 0.9999225999911626 2e-05 2e-05 4.506769603093465 0.2 0.2 10 
-2.205076595942179 0.007 0.003 0.9998551762104034 8e-05 0.0002 0.9988948845863342 1e-05 2e-05 4.499617563883463 0.2 0.2 11 
-2.222543601989746 0.001 0.0009 0.9999707672993342 7e-06 1e-05 0.9999542727073034 8e-06 9e-06 4.505276476542155 0.1 0.1 12 
0.006142976135015488 13 
9.204797947859334e-07 14 
-2.223485631942749 0.001 0.001 0.9999761307239532 1e-05 1e-05 0.9999741033713023 5e-06 9e-06 4.5117801554997765 0.1 0.1 15 
-2.2239758936564127 0.001 0.0006 0.9999854163328806 5e-06 1e-05 0.9999791544675827 8e-06 1e-05 4.510173193613688 0.07 0.07 16 
-2.2230475044250486 0.0008 0.0006 0.9999714207649231 4e-06 8e-06 0.9999745827913284 8e-06 1e-05 4.508778688112895 0.1 0.1 17 
-0.39040143807729083 0.002 0.0005 0.8197587005297343 0.004 0.004 0.9840519432226816 0.0005 0.0007 2.4182432087262473 0.1 0.1 18 
-2.2194837729136148 0.001 0.001 0.9998758790890375 2e-05 3e-05 0.9998099875450134 5e-05 5e-05 4.496278189023336 0.2 0.2 19 
9.204158004649798e-07 20 
9.205136052514717e-07 21 
-0.3905787499745687 0.0007 0.0002 0.819706014196078 0.005 0.005 0.9831461586554845 0.0003 0.0003 2.4205798657735187 0.1 0.1 22 
9.201928151014726e-07 23 
-2.224472195307414 0.002 0.0008 0.9999889355897903 4e-06 1e-05 0.9999478014310201 4e-06 4e-06 4.511147085825602 0.1 0.1 24 
-2.219921938578288 0.001 0.0009 0.9999323521057765 1e-05 2e-05 0.9999575193723043 7e-06 8e-06 4.507307705879211 0.2 0.2 25 
9.198243219543656e-07 26 
-2.224714790980021 0.0001 0.0001 0.9999726329247157 5e-06 5e-06 0.9985669193665186 1e-05 1e-05 4.528527568181356 0.1 0.1 27 
9.205539413414953e-07 28 
-0.3892234818140666 0.001 0.0008 0.819823650320371 0.01 0.01 0.9840605308612188 0.0005 0.0004 2.4182535473505657 0.05 0.05 29 
9.205009860124846e-07 30 
-2.222103106180827 0.002 0.001 0.9999580891927083 9e-06 2e-05 0.9999603402614593 8e-06 1e-05 4.509401364326477 0.1 0.1 31 
9.225229291587311e-07 32 
-2.2170932133992514 0.0008 0.0007 0.9999394462505976 1e-05 1e-05 0.9996411049365997 0.0001 0.0001 4.478028388023376 0.3 0.3 33 
-2.221454970041911 0.0007 0.0007 0.999952514966329 1e-05 1e-05 0.9999529922008514 2e-05 2e-05 4.503613123893738 0.2 0.2 34 
-2.2220248222351073 0.002 0.001 0.9999669055143993 1e-05 2e-05 0.9999569092194239 1e-05 2e-05 4.5082356643676755 0.1 0.1 35 
-2.222711277008057 0.002 0.001 0.9999675941467285 8e-06 1e-05 0.9985300060113271 5e-05 7e-05 4.523171564737956 0.2 0.2 36 
0.007363309618085623 37 
-2.2226123142242433 0.0006 0.0006 0.9999496638774872 9e-06 1e-05 0.9998975366353988 3e-05 3e-05 4.50305490175883 0.2 0.2 38 
-2.2182472197214764 0.003 0.002 0.9998669644196828 3e-05 4e-05 0.9999747786919276 9e-06 1e-05 4.506272123654683 0.2 0.2 39 
502.03875732421875 40 
-2.222654806772868 0.007 0.002 0.9999829443295797 9e-06 2e-05 0.9999510558446248 3e-05 0.0001 4.5095594660441085 0.2 0.2 41 
0.025587554275989532 42 
-2.2205481910705567 0.001 0.0008 0.999951786994934 1e-05 1e-05 0.9999395346641541 2e-05 2e-05 4.50645778020223 0.2 0.2 43 
-2.2236397743225096 0.0003 0.0002 0.9999714521567027 6e-06 7e-06 0.9999644486109416 5e-06 8e-06 4.510379025141398 0.1 0.1 44 
0.008762206509709358 45 
9.206782806359115e-07 46 
nan 47 
-2.2150964228312175 0.004 0.002 0.999972553451856 7e-06 1e-05 0.999305141568184 0.0002 0.0003 4.460164275169372 0.3 0.3 48 
-2.2238302199045816 0.002 0.001 0.9999877991278966 6e-06 2e-05 0.9999679499864578 2e-05 4e-05 4.510091536839803 0.1 0.1 49 
9.20513491564634e-07 50 
9.200919976137811e-07 51 
-2.2231881205240884 0.002 0.001 0.9999795411030451 7e-06 2e-05 0.9999447367588679 3e-05 9e-05 4.509077253341675 0.2 0.1 52 
9.204672323903651e-07 53 
-2.2145729001363117 0.002 0.001 0.9999404648939768 1e-05 1e-05 0.9998054756720861 3e-05 5e-05 4.501657813390096 0.4 0.4 54 
9.206731760968978e-07 55 
-2.220616019566854 0.0003 0.0003 0.9998928827047348 2e-05 2e-05 0.9999695932865142 5e-06 5e-06 4.510704876581828 0.1 0.1 56 
269.3007080078125 57 
-2.213958756128947 0.003 0.002 0.9999683592716853 7e-06 5e-06 0.9981164211034774 0.0002 0.0002 4.467348535855611 0.3 0.3 58 
-2.217024262746175 0.0006 0.0006 0.9999484723806381 8e-06 9e-06 0.99967600385348 5e-06 6e-06 4.506638250350952 0.2 0.2 59 
-2.214029521942139 0.001 0.001 0.99996291299661 8e-06 1e-05 0.9999579783280691 2e-05 4e-05 4.5051220591862995 0.08 0.08 60 
217.06085815429688 61 
-2.217397327423096 0.004 0.002 0.9999065087238947 3e-05 3e-05 0.9985178603728613 5e-05 0.0001 4.515595773061117 0.3 0.3 62 
-2.2235209878285724 0.002 0.001 0.9999818780024846 7e-06 1e-05 0.999968520005544 1e-05 2e-05 4.510845715204875 0.1 0.1 63 
-2.2223398717244467 0.001 0.0007 0.9999730374415715 7e-06 7e-06 0.999953798254331 2e-05 3e-05 4.509813766479493 0.1 0.1 64 
9.204803518514382e-07 65 
-0.38973575274149574 0.0004 0.0003 0.8202184812227885 0.003 0.003 0.983189297914505 0.0005 0.0006 2.421368240515391 0.1 0.1 66 
9.2047167754572e-07 67 
-2.222438923517863 0.002 0.0009 0.9999733090400695 9e-06 2e-05 0.9999276634057362 1e-05 1e-05 4.506858750979106 0.1 0.1 68 
9.204569323628675e-07 69 
9.205726428263005e-07 70 
-2.221176773707072 0.001 0.001 0.9999651809533437 9e-06 1e-05 0.9999212392171224 3e-05 3e-05 4.5005504465103146 0.2 0.2 71 
9.205168794323981e-07 72 
-2.2236871242523195 0.002 0.0008 0.9999469526608785 3e-05 0.0001 0.9999786963065466 1e-05 7e-05 4.508458676338196 0.2 0.2 73 
-2.2233749453226723 0.0004 0.0004 0.999980865518252 4e-06 6e-06 0.9999680876731872 2e-05 4e-05 4.511225914955139 0.1 0.1 74 
-2.2016778151194254 0.001 0.0007 0.9999308526515961 3e-06 4e-06 0.9986956129471461 0.0002 0.0002 4.45075909614563 0.3 0.3 75 
-2.2214555422465008 0.0006 0.0003 0.9999723283449808 1e-06 1e-06 0.9999828398227691 6e-06 3e-05 4.506960829099019 0.1 0.1 76 
-2.2222446378072105 0.0002 0.0002 0.9999641138315201 4e-06 4e-06 0.9999621939659119 2e-06 2e-06 4.508480195999145 0.1 0.1 77 
-2.2160949993133543 0.003 0.002 0.9999499231576919 1e-05 2e-05 0.9995119007428487 0.0002 0.0002 4.468980746269226 0.3 0.3 78 
-2.2181050459543865 0.002 0.001 0.9999161128203075 2e-05 2e-05 0.9998461713393529 3e-05 3e-05 4.496891957918803 0.2 0.3 79 
-2.2215324147542317 0.004 0.002 0.9999478977918624 2e-05 3e-05 0.9999864087502162 1e-05 3e-05 4.511030569076538 0.1 0.1 80 
-2.223685728708903 0.002 0.001 0.9999836248159408 8e-06 2e-05 0.9999783271551133 1e-05 2e-05 4.509925595919291 0.1 0.1 81 
0.024861231446266174 82 
9.205872061102127e-07 83 
-2.2237760066986083 0.0003 0.0003 0.9999883208672206 9e-07 8e-07 0.9999787668387096 6e-06 1e-05 4.509866342544556 0.07 0.08 84 
nan 85 
-2.22229687054952 0.001 0.0007 0.9999785015980402 4e-06 5e-06 0.9999638934930165 9e-06 2e-05 4.506637674967448 0.1 0.1 86 
-2.222062101364136 0.001 0.001 0.9999677139520645 1e-05 2e-05 0.9999527118603388 2e-05 4e-05 4.509467938741048 0.2 0.2 87 
9.204229854731239e-07 88 
-2.216019484202067 0.004 0.002 0.9999728282292684 9e-06 2e-05 0.9994596827030182 0.0002 0.0003 4.463523548444112 0.3 0.3 89 
-0.38858443101247153 0.0002 0.0002 0.8191240364313126 0.003 0.003 0.9854905684789022 0.001 0.001 2.401206788221995 0.1 0.1 90 
-2.221952838897705 0.002 0.001 0.9999559644858043 1e-05 2e-05 0.9985708073774974 4e-05 5e-05 4.5198830175399785 0.2 0.2 91 
-2.2228969160715737 0.004 0.002 0.9999706854422887 1e-05 4e-05 0.9999818557500839 6e-06 8e-06 4.509589015642802 0.1 0.1 92 
-2.2243485196431476 0.002 0.001 0.9999840591351191 8e-06 1e-05 0.9999830754597981 9e-06 2e-05 4.510885372161865 0.1 0.1 93 
-2.221218900680542 0.003 0.002 0.9999540319045385 1e-05 3e-05 0.9999429347117742 2e-05 3e-05 4.503727855682373 0.2 0.2 94 
0.0058222956024110315 95 
-2.223673496246338 0.001 0.0009 0.9999803245067597 6e-06 9e-06 0.9999942014614741 2e-06 3e-06 4.510340803464254 0.1 0.1 96 
-2.2236324405670165 0.001 0.001 0.9999719552199046 6e-06 7e-06 0.9999624023834864 2e-05 5e-05 4.510441451072693 0.2 0.2 97 
-0.3878781747817993 0.001 0.001 0.8198871054251988 0.02 0.02 0.9837079763412475 0.0002 0.0003 2.4155948797861737 0.1 0.1 98 
9.205334890793893e-07 99 
9.206667641592503e-07 100 
650.9460205078125 101 
650.1762573242188 102 
-2.2221075185139973 0.002 0.0009 0.99996413230896 1e-05 2e-05 0.9999823341766994 2e-06 3e-06 4.509989086786906 0.1 0.1 103 
-2.219368750254313 0.001 0.0007 0.9999291467666626 1e-05 1e-05 0.9999069291353225 3e-05 7e-05 4.508078382809956 0.2 0.2 104 
-2.2223296483357746 0.001 0.0008 0.999960302511851 1e-05 1e-05 0.9999456179141998 7e-06 9e-06 4.510842876434326 0.2 0.2 105 
9.204785442307184e-07 106 
9.201353577736882e-07 107 
-2.2125760746002197 0.009 0.004 0.9998910729090372 3e-05 8e-05 0.9999445680777231 9e-06 2e-05 4.500202377637227 0.4 0.5 108 
-0.38953986008961994 0.002 0.0008 0.8196669856707255 0.01 0.01 0.9834109248717626 0.001 0.001 2.4178477732340493 0.2 0.2 109 
9.225117992173181e-07 110 
9.205466881212487e-07 111 
0.00450019296258688 112 
9.20535251225374e-07 113 
9.202367664329359e-07 114 
9.20023990147456e-07 115 
9.229138981936558e-07 116 
9.205088417729713e-07 117 
-2.221807975769043 0.002 0.001 0.9999679797887802 1e-05 3e-05 0.9999907227357229 3e-06 5e-06 4.508349749247233 0.1 0.1 118 
9.206144568452146e-07 119 
-2.2231494331359865 0.004 0.002 0.9999349395434062 3e-05 0.0001 0.9999890305598577 7e-06 1e-05 4.511337374051412 0.2 0.2 120 
-2.222747713724772 0.002 0.001 0.9999589749177297 2e-05 4e-05 0.9999390681584676 2e-05 2e-05 4.506757651964824 0.2 0.2 121 
0.013755924254655837 122 
9.205622291119653e-07 123 
-2.2181944211324054 0.003 0.002 0.9999755058685939 8e-06 1e-05 0.9996260251601538 0.0001 0.0002 4.476321419080098 0.3 0.3 124 
0.015785793587565423 125 
0.00492515517398715 126 
2038.46025390625 127 
-2.2229457664489747 0.002 0.0008 0.9999773305654526 7e-06 2e-05 0.9999552992979686 2e-05 3e-05 4.505026431083679 0.2 0.2 128 
9.204268508256064e-07 129 
9.205434139403224e-07 130 
9.199687383443233e-07 131 
-2.219049971898397 0.0003 0.0003 0.9998823090394338 8e-06 9e-06 0.9998688624302546 9e-06 9e-06 4.504392423629761 0.2 0.2 132 
-2.2072198390960693 0.002 0.001 0.9999304147561391 1e-05 1e-05 0.9991651252905528 5e-06 8e-06 4.491424474716187 0.2 0.2 133 
9.204682328345371e-07 134 
-2.2229668426513673 0.0008 0.0004 0.9999718455473582 5e-06 5e-06 0.9999600565433502 4e-06 4e-06 4.50897000948588 0.1 0.1 135 
-2.2242875512441 0.001 0.0005 0.9999735047419865 7e-06 2e-05 0.9999923759698868 4e-06 4e-06 4.510668040911357 0.1 0.1 136 
9.205293167724449e-07 137 
-2.224681018193563 0.0009 0.0004 0.9999880441029867 3e-06 1e-05 0.9999855864048004 4e-06 8e-06 4.5106311750411985 0.09 0.09 138 
9.204529874295985e-07 139 
0.01301485076546669 140 
-2.2222437858581543 0.004 0.002 0.9999370632568995 4e-05 0.0001 0.9999829377730688 1e-05 5e-05 4.510461812019348 0.2 0.2 141 
-2.223046579360962 0.003 0.002 0.999978349407514 2e-05 5e-05 0.9999601350227991 3e-05 8e-05 4.507333812713623 0.2 0.2 142 
-2.221692145665487 0.0003 0.0002 0.9999841461579005 1e-06 1e-06 0.999898093342781 2e-05 2e-05 4.500544910430908 0.2 0.2 143 
9.201206012221519e-07 144 
-2.224243574142456 0.003 0.0009 0.9999791687726974 9e-06 3e-05 0.999989146788915 5e-06 1e-05 4.511235125859579 0.1 0.1 145 
9.208995834342204e-07 146 
9.20500269785407e-07 147 
-2.222806536356608 0.002 0.001 0.9999812676509221 9e-06 3e-05 0.9999628005425135 1e-05 1e-05 4.507797191937764 0.1 0.1 148 
0.009499461948871612 149 
