-2.2257715479532876 0.0004 0.0002 0.9999041217565536 1e-06 2e-06 0.999971234202385 8e-06 2e-05 4.5142790253957115 0.03 0.03 0 
358860.7 1 
-2.2225847593943278 0.005 0.003 0.9997862074772517 5e-05 6e-05 0.9999880232413609 1e-05 2e-05 4.520139595667521 0.08 0.06 2 
-2.219499416351318 0.0008 0.0006 0.9999479953447977 3e-06 4e-06 0.9999139757951101 1e-05 2e-05 4.514828376770019 0.06 0.05 3 
-2.2258665911356608 0.0008 0.0004 0.999985452691714 3e-06 8e-06 0.9999934470653534 5e-06 2e-05 4.511710357666016 0.03 0.03 4 
-2.223462432225545 0.005 0.002 0.9998244176308314 0.0001 0.0002 0.999928686618805 6e-05 0.0001 4.516280522346497 0.1 0.1 5 
10335312.2 6 
-2.224325723648071 0.007 0.002 0.9999264599879583 7e-05 0.0003 0.9999624013900756 4e-05 0.0002 4.511953709920247 0.2 0.2 7 
-2.1671461200714113 0.04 0.04 0.9992671384414037 0.0001 0.0002 0.9994832219680151 0.0003 0.0004 4.5157881927490235 0.1 0.1 8 
-2.2100325934092204 0.003 0.002 0.9981073091427485 3e-05 3e-05 0.9999630630016327 2e-05 3e-05 4.530633335113525 0.08 0.08 9 
-2.2029497687021893 0.01 0.008 0.9967039161920548 0.0001 0.0001 0.9999015349149704 1e-05 1e-05 4.625288834571839 0.03 0.04 10 
-2.0413885180155438 0.04 0.03 0.9791616668303808 0.0002 0.0003 0.998517415324847 0.0006 0.0006 4.932024593353272 0.009 0.005 11 
10335312.8 12 
-2.225849854151408 0.002 0.0003 0.9999295483032863 9e-06 3e-05 0.9999969549973806 2e-06 6e-06 4.513016996383667 0.05 0.04 13 
-2.200655155181885 0.04 0.02 0.9969596004486084 0.0009 0.002 0.9996733444929123 0.0002 0.0003 4.583539277712504 0.08 0.1 14 
358860.68125 15 
-2.2187710507710774 0.01 0.005 0.9992864425977072 3e-05 5e-05 0.9999935358762742 2e-06 4e-06 4.5359146706263225 0.02 0.02 16 
-2.226336711247762 0.0002 9e-05 0.9999835364023845 7e-06 9e-06 0.9999971862634023 1e-06 3e-06 4.512125039100647 0.04 0.04 17 
-1.5368813228607179 0.001 0.0008 0.9915614104270936 0.0002 0.0002 0.997769028544426 0.0001 0.0001 4.240623480478923 0.03 0.02 18 
10335313.6 19 
-2.2249174976348876 0.003 0.001 0.9999888310829799 8e-06 3e-05 0.9999724648396174 2e-05 9e-05 4.511118666330973 0.07 0.07 20 
-2.226426951090495 8e-05 4e-05 0.9999988470474879 9e-07 1e-06 0.999999396999677 4e-07 5e-07 4.512214463551839 0.01 0.01 21 
358860.73125 22 
358860.69375 23 
-2.223483667373657 0.003 0.002 0.9999132126569747 2e-05 3e-05 0.9999824635187785 1e-05 2e-05 4.516690200169881 0.05 0.05 24 
358860.7125 25 
-2.19518835067749 0.05 0.02 0.9992684487501781 0.0006 0.0009 0.9995521380503972 0.0004 0.0009 4.495207420984904 0.3 0.3 26 
-2.192287572224935 0.01 0.006 0.9983982129891713 0.0003 0.0002 0.9992969270547231 0.0004 0.0005 4.562970209121704 0.3 0.3 27 
-2.226257626215617 0.0004 9e-05 0.9999943941831588 4e-06 2e-05 0.9999981619914373 1e-06 3e-06 4.51207555770874 0.04 0.04 28 
10335312.8 29 
-1.840442450841268 0.1 0.2 0.9520311504602432 0.02 0.01 0.997849503159523 0.001 0.006 5.271640060742696 0.2 0.2 30 
10335312.8 31 
-2.220556936264038 0.009 0.005 0.9998323329289754 0.0001 0.0004 0.9999474128087361 5e-05 0.0002 4.513976114590963 0.2 0.2 32 
-2.1409744008382163 0.09 0.02 0.9883219202359518 0.001 0.003 0.9994429214795431 0.0003 0.001 4.7304495445887245 0.3 0.3 33 
-2.2244485918680827 0.004 0.002 0.9999031138420105 1e-05 2e-05 0.9999880518515905 1e-05 3e-05 4.515843143463135 0.05 0.05 34 
15575.5841796875 35 
-1.9046329625447591 0.05 0.05 0.9616022092103959 0.006 0.005 0.9990186500549316 0.0001 8e-05 4.97008490562439 0.1 0.09 36 
13811.814453125 37 
-2.2262624422709147 0.0005 0.0001 0.9999968645970027 2e-06 1e-05 0.9999987608194352 1e-06 6e-06 4.51219731648763 0.04 0.04 38 
10335311.6 39 
10335311.4 40 
-2.2248781236012776 0.004 0.001 0.9998734633127848 2e-05 5e-05 0.9999930268526077 5e-06 2e-05 4.522112107276916 0.07 0.09 41 
10335312.6 42 
-2.2260432688395184 0.0007 0.0004 0.9999929066499075 3e-06 9e-06 0.9999916462103525 7e-06 1e-05 4.513189770380656 0.04 0.03 43 
-2.2141826089223224 0.04 0.008 0.9983620852231979 0.0005 0.002 0.9999180668592453 5e-05 0.0004 4.5647346925735475 0.06 0.03 44 
-1.7028296852111817 0.4 0.3 0.9530543502171834 0.008 0.008 0.9985623812675476 0.001 0.0005 5.057495767275492 0.02 0.04 45 
-2.2103562927246094 0.01 0.006 0.999362243215243 4e-05 7e-05 0.9999544890721639 3e-05 6e-05 4.5409533294041955 0.06 0.06 46 
-2.2195849577585856 0.009 0.006 0.9995723839600881 5e-05 8e-05 0.999976416627566 2e-05 4e-05 4.534162049293518 0.07 0.08 47 
2.5069461822509767 48 
-2.1168215719858807 0.07 0.05 0.9912949399153391 0.004 0.007 0.998389021952947 0.0008 0.002 4.621306923230489 0.2 0.1 49 
-2.2232885424296063 0.003 0.002 0.9998794023195903 1e-05 2e-05 0.9999743334452311 2e-05 2e-05 4.5183437728881835 0.04 0.04 50 
358860.71875 51 
2709.246826171875 52 
6.606133651733399 53 
-0.8835480499267578 0.5 0.4 0.9363352276881536 0.005 0.007 0.9930020666122437 0.002 0.004 4.551413928667705 0.1 0.1 54 
-2.203420305252075 0.007 0.005 0.9995928657054901 6e-05 9e-05 0.9996260267496109 8e-05 7e-05 4.516208132108052 0.07 0.06 55 
-2.16894056002299 0.006 0.005 0.9919623251756032 9e-05 0.0001 0.99978560090065 3e-05 4e-05 4.694405047098796 0.05 0.05 56 
10330918.8 57 
15426.9857421875 58 
-2.22616099357605 0.0004 0.0002 0.9999955862760543 3e-06 6e-06 0.9999970068534215 2e-06 6e-06 4.51115735689799 0.04 0.03 59 
5064.49951171875 60 
-2.2263819694519045 0.0002 0.0002 0.999999017516772 1e-06 2e-06 0.9999970680475235 3e-06 4e-06 4.512104927698771 0.02 0.02 61 
26620.00859375 62 
358860.75 63 
-2.2228660138448078 0.02 0.003 0.9999797310431798 1e-05 8e-05 0.9999399719635645 5e-05 0.0003 4.509858700434367 0.1 0.1 64 
-2.0239663982391356 0.1 0.1 0.9892391149202983 0.004 0.005 0.9961114658912023 0.002 0.003 4.776443328857422 0.4 0.3 65 
-2.214110174179077 0.007 0.006 0.9997008804480235 0.0002 0.0002 0.9996573168039322 0.0002 0.0005 4.517004254659017 0.2 0.1 66 
293817.1875 67 
-2.2258886909484863 0.0009 0.0006 0.9999941968917847 3e-06 6e-06 0.9999989145994186 1e-06 2e-06 4.512736779848734 0.04 0.04 68 
-2.225932420094808 0.0007 0.0005 0.9999635068575541 3e-05 5e-05 0.9999906126658121 8e-06 2e-05 4.512482035954793 0.04 0.04 69 
-2.2262265427907306 0.0003 0.0003 0.9999960488080979 1e-06 1e-06 0.9999927081664404 5e-06 5e-06 4.512285879453024 0.03 0.03 70 
-0.6147868537902832 0.04 0.04 0.8325149816274643 0.001 0.0009 0.9720253672202428 0.001 0.001 6.81782083829244 0.07 0.07 71 
-2.2262939167022706 0.0004 0.0003 0.999998108347257 1e-06 3e-06 0.9999962792793909 4e-06 6e-06 4.512211449941 0.02 0.03 72 
-1.4992025820414225 1.0 0.4 0.9195371011892954 0.02 0.05 0.9948763795693716 0.003 0.008 5.55409008026123 0.8 0.8 73 
-2.226023098627726 0.0004 0.0002 0.9999919722477595 2e-06 5e-06 0.9999946075677871 3e-06 1e-05 4.513168183962504 0.03 0.03 74 
-1.3660351498921712 0.5 0.4 0.9558858342965444 0.009 0.008 0.9915480422973633 0.001 0.005 5.015425391197205 0.3 0.4 75 
-2.223608071009318 0.002 0.0009 0.999827352364858 6e-05 9e-05 0.9999757130940755 2e-05 3e-05 4.5139263137181596 0.1 0.1 76 
3.6856021881103516 77 
358860.7 78 
-2.2190230401357014 0.01 0.005 0.9996162501970927 4e-05 8e-05 0.999964608947436 2e-05 4e-05 4.535860225359599 0.03 0.04 79 
15420.6876953125 80 
358860.70625 81 
-2.0449795850118 0.4 0.1 0.9849419490496317 0.004 0.005 0.9995376553138097 0.0003 0.0008 4.784053514798482 0.3 0.3 82 
10335312.4 83 
-2.2248261737823487 0.004 0.001 0.9998850800593694 1e-05 2e-05 0.9999843233823776 9e-06 3e-05 4.519382220904032 0.05 0.05 84 
-2.1309158102671306 0.06 0.05 0.992787834405899 0.001 0.002 0.9996370440721511 0.0002 0.0005 4.63583703994751 0.4 0.4 85 
-2.210671393076579 0.04 0.01 0.9996958088874817 0.0002 0.0005 0.9998849910497666 0.0001 0.0004 4.51855920791626 0.3 0.3 86 
-2.0453585879007976 0.09 0.06 0.9776478070020675 0.01 0.02 0.995433670481046 0.002 0.005 5.166143403053284 0.2 0.2 87 
-2.170074841181437 0.03 0.03 0.9961635255813599 0.001 0.001 0.9992105442285538 0.0006 0.0004 4.5728739690780635 0.3 0.3 88 
-2.2176165358225504 0.002 0.002 0.9995401674509048 0.0001 0.0002 0.9997181042035421 4e-05 5e-05 4.526621166865031 0.07 0.06 89 
-2.2262136141459146 0.0006 0.0003 0.9999939594666163 3e-06 7e-06 0.9999921723206838 7e-06 2e-05 4.512412714958191 0.04 0.04 90 
-2.2260888131459553 0.0009 0.0002 0.9999859227736791 5e-06 2e-05 0.9999972528219223 1e-06 3e-06 4.513917841911316 0.04 0.04 91 
-2.225652271906535 0.002 0.0005 0.9999561882019044 1e-05 4e-05 0.9999863666296005 1e-05 3e-05 4.513022699356079 0.07 0.06 92 
10335312.2 93 
-2.2005829429626464 0.02 0.01 0.9968194486697515 0.0009 0.003 0.9990019625425339 0.0004 0.0008 4.66059770266215 0.1 0.06 94 
10335312.8 95 
-1.1912358729044596 0.04 0.02 0.9264394662777583 0.004 0.004 0.9960298659404119 0.0007 0.0008 5.152010221481323 0.04 0.04 96 
-2.2088474146525066 0.02 0.01 0.9983886526028315 0.0004 0.0007 0.9997814977169037 0.0002 0.0005 4.570086409250895 0.1 0.1 97 
-2.086304651896159 0.2 0.1 0.9886607990662257 0.006 0.008 0.9994895219802856 0.0005 0.0008 4.74513267993927 0.2 0.3 98 
10335313.2 99 
358860.6875 100 
-2.2256648127237955 0.001 0.0004 0.999991367260615 4e-06 2e-05 0.9999858208497365 8e-06 2e-05 4.512321186065674 0.07 0.08 101 
-2.225613555908203 0.002 0.0007 0.9999736946821213 1e-05 5e-05 0.9999901626507441 9e-06 4e-05 4.512608102162679 0.09 0.09 102 
-2.193144375483195 0.003 0.002 0.9932222340504329 0.0001 0.0001 0.9999668445189794 2e-06 2e-06 4.662520252863566 0.02 0.02 103 
-2.223260637919108 0.008 0.003 0.9999080002307892 2e-05 5e-05 0.9999863209327062 1e-05 3e-05 4.518759988149007 0.1 0.1 104 
10335312.2 105 
10226214.2 106 
358860.65 107 
358860.68125 108 
-2.214771649042765 0.008 0.007 0.9991545118888219 7e-05 7e-05 0.9999601725737254 3e-05 5e-05 4.547044118245442 0.1 0.1 109 
-2.221571604410807 0.003 0.002 0.9989479100704193 4e-05 4e-05 0.9999782437086105 6e-06 1e-05 4.546605443954467 0.04 0.04 110 
-2.1823022683461506 0.03 0.01 0.9934045813481013 0.001 0.001 0.9996764655907949 0.0001 0.0002 4.663298014005025 0.05 0.06 111 
-2.222252969741821 0.006 0.003 0.999882550239563 1e-05 2e-05 0.9999820091327032 1e-05 2e-05 4.517228892644247 0.04 0.04 112 
-2.2260029379526776 0.001 0.0003 0.9999687427282333 3e-06 1e-05 0.9999956671396891 2e-06 5e-06 4.512883081436157 0.04 0.05 113 
-2.224327983856201 0.001 0.0007 0.9998532656828563 2e-05 3e-05 0.9999774771928788 1e-05 2e-05 4.519751421610514 0.07 0.07 114 
1.979363250732422 115 
-2.2030119387308758 0.03 0.009 0.9978077801068624 0.0002 0.0003 0.999165198802948 0.0002 0.0008 4.616809525489807 0.3 0.3 116 
22936.73515625 117 
-2.071523021062215 0.2 0.1 0.9746622924009959 0.02 0.02 0.9979057274262111 0.002 0.002 5.035422585805257 0.2 0.2 118 
10256877.2 119 
-2.222531274159749 0.008 0.003 0.9998299129803976 3e-05 5e-05 0.999974651535352 2e-05 3e-05 4.521762698491415 0.07 0.07 120 
-2.2232077725728354 0.002 0.001 0.9993600209554037 0.0001 0.0002 0.9999817740917206 1e-05 3e-05 4.543712754249572 0.03 0.03 121 
-2.1878222306569417 0.02 0.02 0.9971845924854279 0.0004 0.0003 0.9997245532274246 0.0001 0.0001 4.58781273206075 0.3 0.3 122 
-2.2228416633605956 0.004 0.003 0.9997888360420862 2e-05 3e-05 0.9999868033329645 1e-05 2e-05 4.520261654853821 0.04 0.05 123 
-2.2085466098785402 0.04 0.01 0.9979818429549535 0.0005 0.003 0.9999518515666326 4e-05 0.0002 4.574812687238057 0.2 0.1 124 
-2.217054255803426 0.009 0.008 0.9995656810204188 0.0003 0.0002 0.9997795736789703 0.0001 0.0002 4.532031725247701 0.08 0.08 125 
-2.2183898321787514 0.02 0.006 0.9996239085992177 7e-05 9e-05 0.999995774825414 2e-06 4e-06 4.5282188892364506 0.05 0.05 126 
1566.55166015625 127 
-2.2258422660827635 0.0009 0.0004 0.9999764996767044 2e-05 3e-05 0.9999966275691986 3e-06 8e-06 4.512228361765543 0.06 0.07 128 
10335312.2 129 
-2.120869728724162 0.006 0.004 0.9917890467246373 0.001 0.001 0.9974696632226309 0.0004 0.0004 4.708211363156637 0.02 0.02 130 
-2.2226453812917075 0.002 0.001 0.9992251123984655 8e-05 0.0001 0.9999688911437988 1e-05 2e-05 4.547769158681234 0.08 0.08 131 
-2.104173755645752 0.008 0.006 0.9751944986979166 0.001 0.0008 0.9998344576358795 3e-05 6e-05 4.9780460532506305 0.03 0.03 132 
-2.2261318492889406 0.0004 0.0002 0.9999947589635849 1e-06 4e-06 0.9999956544240316 4e-06 1e-05 4.5122543795903525 0.04 0.04 133 
-2.1951846345265706 0.01 0.01 0.9969579142332077 0.0003 0.0002 0.999928795893987 2e-05 2e-05 4.600635641415914 0.2 0.2 134 
-2.222419459025065 0.006 0.003 0.999853224158287 5e-05 7e-05 0.9999873115619023 9e-06 2e-05 4.51791259765625 0.09 0.08 135 
-2.2260420989990233 0.002 0.0003 0.9999913213650385 7e-06 5e-05 0.99999895632267 7e-07 4e-06 4.512498127619425 0.04 0.04 136 
-2.2184469223022463 0.009 0.004 0.9989786489804586 6e-05 0.0002 0.9999583822488785 3e-05 7e-05 4.546449507077535 0.1 0.1 137 
-2.2260092894236245 0.0002 0.0002 0.9999911832809448 6e-06 7e-06 0.9999986020723979 7e-07 1e-06 4.511982553799947 0.03 0.03 138 
10335313.0 139 
-2.220036970774333 0.004 0.001 0.9986098059018453 0.0001 0.0002 0.999976447224617 2e-05 6e-05 4.549728463490804 0.05 0.04 140 
-2.220466340382894 0.009 0.005 0.9998474317789078 4e-05 0.0001 0.9999396965901057 5e-05 0.0002 4.516651714642842 0.1 0.1 141 
-2.226200294494629 0.0003 0.0002 0.9999964032570521 2e-06 5e-06 0.99999771296978 2e-06 5e-06 4.512256053288778 0.04 0.04 142 
-2.2095929940541583 0.01 0.01 0.9987713013092677 0.0003 0.0003 0.9999268394708634 4e-05 9e-05 4.556109258333842 0.1 0.09 143 
-2.055576000213623 0.07 0.1 0.9854708377520244 0.01 0.003 0.9976194749275843 0.002 0.001 4.409011306762696 0.3 0.1 144 
-2.116293989817301 0.004 0.005 0.9746884453296661 0.0008 0.0008 0.9993580847978591 3e-05 4e-05 4.917598581314087 0.01 0.01 145 
1870.61591796875 146 
-2.203365608851115 0.001 0.001 0.9963469215234121 3e-05 3e-05 0.9999701470136643 8e-06 1e-05 4.5818954149882 0.03 0.03 147 
-2.2260617129007976 0.0005 0.0002 0.9999862974882125 7e-06 1e-05 0.9999943681557973 4e-06 1e-05 4.5122527424494425 0.07 0.05 148 
358860.78125 149 
