-2.2166113535563152 0.0006 0.0006 0.9999136906862259 3e-05 3e-05 0.9979799940188726 1e-05 1e-05 4.522344994544983 0.2 0.2 5 
-2.1980658117930094 0.0003 0.0003 0.9987257870038351 1e-05 1e-05 0.9968126024802526 0.0004 0.0004 4.441767204602559 0.3 0.3 6 
-1.865601568222046 0.01 0.01 0.9977031548817953 3e-05 3e-05 0.9542680422465006 0.004 0.004 4.516747882366181 0.9 0.9 14 
-2.2154763984680175 0.002 0.0008 0.9999591020743052 3e-06 6e-06 0.9984681689739228 2e-05 4e-05 4.522205324172973 0.1 0.1 17 
-2.2063270823160805 0.001 0.0008 0.9999187656243642 2e-05 2e-05 0.9999148313204448 1e-05 1e-05 4.493394985198974 0.3 0.3 21 
-2.2196441427866618 0.0001 0.0001 0.999929951230685 8e-06 8e-06 0.9985259113709132 3e-05 3e-05 4.517652389208476 0.2 0.2 22 
-2.207808364232381 0.02 0.01 0.9992013804117839 0.0005 0.0008 0.9995789418617884 0.0003 0.0005 4.554435130755107 0.2 0.2 24 
-2.20640824953715 5e-05 5e-05 0.9996740472316742 2e-05 2e-05 0.9977597369750341 1e-05 1e-05 4.503025965690613 0.08 0.08 25 
-0.8411707782745361 3e-05 3e-05 0.9356756319602331 0.0009 0.0009 0.9934306941429774 0.0004 0.0004 3.2574361300468446 0.07 0.07 27 
-0.8415202077229818 0.001 0.0007 0.9356150247653325 0.002 0.003 0.9913653854529063 0.0004 0.0004 3.271169974009196 0.08 0.09 28 
-2.220685011545817 0.003 0.002 0.9999427928527196 1e-05 2e-05 0.9999455217520395 1e-05 6e-05 4.506773912111918 0.2 0.2 33 
-2.1775877857208252 0.002 0.002 0.9997027564048767 4e-06 4e-06 0.9990482320388158 3e-05 3e-05 4.486119720141093 0.3 0.3 35 
-0.38798182805379233 0.0009 0.0007 0.8189562787612279 0.002 0.002 0.9780534601211548 0.002 0.002 2.429900507132212 0.2 0.2 36 
-2.20048389116923 0.001 0.001 0.9998351750771205 1e-05 1e-05 0.9910762643814087 0.0004 0.0004 4.630296128590902 0.4 0.4 37 
-2.206879243850708 0.001 0.001 0.9999604354302088 2e-05 2e-05 0.9989194045464198 2e-05 2e-05 4.492820897102356 0.2 0.2 41 
-2.2234599145253497 0.004 0.002 0.9999386203289032 1e-05 2e-05 0.9998781192302704 1e-05 3e-05 4.512189866701762 0.2 0.2 45 
-2.1927963511149087 0.0006 0.0006 0.9997785158952077 1e-05 1e-05 0.9973056183258693 7e-05 7e-05 4.521361045837402 0.2 0.2 46 
-1.867667605082194 0.002 0.001 0.9969534486532211 0.0002 0.0002 0.990331942041715 0.0008 0.0009 4.45500496228536 0.3 0.3 47 
-0.3895496161778768 0.0002 0.0001 0.8194701407353083 0.003 0.003 0.9735587555170059 0.0008 0.0009 2.4521207483609517 0.1 0.1 48 
-1.3356115404764812 0.005 0.004 0.9856638568639755 0.0002 0.0003 0.8979380695025126 5e-05 5e-05 3.7271790965398153 0.3 0.3 49 
-1.877629566192627 5e-05 5e-05 0.9969082049528758 0.0001 0.0001 0.9979852749903997 0.0001 0.0001 4.300594143867492 0.1 0.1 51 
-2.214897073109945 0.004 0.002 0.9999391861756642 3e-06 3e-06 0.9995048582553864 0.0001 0.0002 4.497810236612955 0.4 0.4 52 
-2.2216073576609294 0.008 0.003 0.9999753497044246 6e-06 1e-05 0.9965356953938802 0.0001 0.0002 4.553820338249206 0.3 0.3 56 
-1.7825016339619955 0.0003 0.0002 0.9959678167104721 8e-05 7e-05 0.9888953445355098 0.0002 0.0002 4.240028829574585 0.2 0.2 58 
-2.212144765853882 0.0002 0.0002 0.9998903840780258 8e-06 8e-06 0.9998596507310867 1e-05 1e-05 4.504200549125671 0.2 0.2 59 
-1.8733340835571288 0.0007 0.0005 0.9967585984865824 0.0001 0.0001 0.9951733467976253 7e-05 8e-05 4.320471256573995 0.2 0.2 60 
-2.2204890982309977 0.002 0.001 0.9998615749677022 2e-05 2e-05 0.9981325074036916 4e-05 6e-05 4.534524908065796 0.2 0.2 62 
-2.177949577967326 0.001 0.001 0.999930336078008 2e-05 2e-05 0.9894543649752935 0.001 0.001 4.2192924348513285 0.3 0.3 63 
-2.203176409403483 3e-05 3e-05 0.9999644152323405 1e-05 1e-05 0.9992139321565628 2e-06 2e-06 4.494825425148011 0.09 0.09 64 
-1.6041410923004151 0.02 0.02 0.9759602330128352 0.0009 0.001 0.9005675971508026 0.0003 0.0004 3.411867394447327 0.08 0.09 68 
-2.1997332986195883 0.05 0.02 0.9998037201166153 0.0001 0.0005 0.999749199350675 3e-05 8e-05 4.4966380389531455 0.4 0.4 69 
-2.142685464223226 0.04 0.02 0.9959473816553751 0.0002 0.0002 0.9983309308687845 2e-05 2e-05 4.584992178281149 0.3 0.3 72 
-1.878581968943278 4e-05 4e-05 0.9969107103347778 0.0002 0.0002 0.9976340878009796 9e-05 9e-05 4.3105466286341345 0.1 0.1 74 
-2.1929493872324626 0.001 0.001 0.9998060371478399 3e-05 3e-05 0.9925775510072709 5e-05 5e-05 4.500335501035054 0.4 0.4 75 
-0.24142138799031576 0.0003 0.0003 0.7489564243952433 0.006 0.006 0.9015352553129197 7e-05 7e-05 1.240644278128942 0.1 0.1 77 
-0.8267749691009522 6e-05 3e-05 0.9335253552595775 0.0008 0.0008 0.9922232747077941 0.0006 0.0006 3.238337427775065 0.09 0.09 78 
-1.8655863030751547 0.0007 0.0007 0.9971001386642456 9e-05 9e-05 0.9930726891756058 0.0005 0.0005 4.367216022809346 0.3 0.3 82 
-2.221628204981486 0.007 0.003 0.9998974132537842 6e-05 0.0001 0.9984875875711441 6e-05 7e-05 4.528032682736715 0.2 0.2 83 
-2.2001107056935627 0.002 0.001 0.9999367874860764 2e-05 2e-05 0.9977325618267059 3e-05 3e-05 4.512274951934814 0.2 0.2 87 
-0.3626912689208984 0.0003 0.0003 0.8114383552471797 0.002 0.004 0.9830061425765355 0.004 0.003 2.349942249457041 0.1 0.1 88 
-2.192376848856608 0.003 0.003 0.9993103835980097 0.0001 0.0001 0.9973037340243658 8e-05 9e-05 4.447886355717977 0.4 0.4 90 
-2.21392427444458 0.002 0.001 0.9998984656731288 8e-06 1e-05 0.9997597110271453 2e-05 3e-05 4.510659028689067 0.2 0.2 93 
-2.1758122952779133 0.004 0.004 0.9995955254634221 2e-05 2e-05 0.9981227980057399 0.0004 0.0004 4.487611503601074 0.4 0.4 94 
-2.2126126607259113 0.0002 0.0002 0.9999232125282288 9e-06 9e-06 0.9984731692075729 5e-05 5e-05 4.518867689768474 0.2 0.2 95 
-0.38912466208140056 0.001 0.0005 0.8196900594234466 0.003 0.003 0.982819848060608 0.002 0.001 2.4181408230463664 0.2 0.2 96 
-0.4803392299016317 0.02 0.002 0.8770509088039398 0.003 0.003 0.538844014207522 0.0005 0.005 0.6129551597436269 0.02 0.03 99 
