-2.2264716688791912 0.0003 7e-05 0.9999990848700205 9e-07 5e-06 0.9999984312057495 1e-06 6e-06 4.512037247021993 0.04 0.04 48 
-2.2264750099182127 0.0003 7e-05 0.9999989622831345 1e-06 4e-06 0.9999985257784526 1e-06 6e-06 4.512354685465495 0.04 0.04 82 
-2.2264672819773357 0.0003 8e-05 0.9999991355339686 7e-07 2e-06 0.9999983002742131 2e-06 1e-05 4.512125248908997 0.04 0.04 21 
-2.2263214111328127 0.0007 0.0002 0.999999187986056 8e-07 4e-06 0.9999927455186843 7e-06 3e-05 4.512201603253683 0.05 0.05 80 
-2.226466859181722 0.0002 8e-05 0.9999990816911062 9e-07 3e-06 0.9999983394145966 1e-06 7e-06 4.512284523646037 0.05 0.04 0 
-2.226464910507202 0.0003 8e-05 0.9999991124868393 9e-07 3e-06 0.9999982744455338 2e-06 7e-06 4.512189041773478 0.06 0.04 76 
-2.226470028559367 0.0003 7e-05 0.9999991434812546 8e-07 2e-06 0.9999983175595601 2e-06 7e-06 4.5122519302368165 0.05 0.04 17 
-2.2264385509490965 0.0004 0.0001 0.9999989042679469 1e-06 5e-06 0.9999976829687754 2e-06 1e-05 4.512127933502197 0.05 0.06 83 
-2.2264705880482993 0.0002 7e-05 0.9999989968538284 9e-07 4e-06 0.9999983348449071 2e-06 7e-06 4.512216857274374 0.05 0.05 24 
-2.2264730072021486 0.0002 7e-05 0.9999991685152054 8e-07 2e-06 0.9999984250466029 1e-06 7e-06 4.512203782399496 0.05 0.04 88 
-2.2264772701263427 0.0002 7e-05 0.9999991403023402 9e-07 2e-06 0.9999983634551366 2e-06 7e-06 4.5121835565567014 0.04 0.04 85 
-2.2264468542734783 0.0001 0.0001 0.9999991341431935 9e-07 2e-06 0.9999984830617905 1e-06 6e-06 4.51220340569814 0.03 0.04 72 
-2.2263231722513837 0.0008 0.0002 0.9999991556008657 1e-06 5e-06 0.9999926088253657 7e-06 3e-05 4.512058515548706 0.05 0.05 55 
-2.226463753382365 0.0002 8e-05 0.9999990520874659 9e-07 3e-06 0.9999982706705729 2e-06 6e-06 4.512208148638408 0.04 0.04 61 
-2.2264695453643797 0.0003 7e-05 0.9999990550676982 9e-07 4e-06 0.9999983978271484 1e-06 6e-06 4.51213321685791 0.05 0.05 89 
-2.226472069422404 0.0002 7e-05 0.9999991007645925 9e-07 3e-06 0.9999984596172968 1e-06 7e-06 4.51208758354187 0.04 0.04 35 
-2.2264746856689452 0.0002 7e-05 0.9999991482496262 9e-07 2e-06 0.9999984711408615 1e-06 7e-06 4.512193144162496 0.04 0.04 31 
-2.226471643447876 0.0004 7e-05 0.9999990173180898 1e-06 2e-06 0.999998366634051 2e-06 9e-06 4.512112747828166 0.04 0.05 54 
-2.226470750172933 0.0003 7e-05 0.9999990810950597 9e-07 3e-06 0.9999982883532842 2e-06 7e-06 4.512084725697835 0.04 0.04 38 
-2.226445411046346 0.0003 0.0001 0.9999989481767019 1e-06 3e-06 0.9999979011217753 2e-06 1e-05 4.512197450002034 0.04 0.04 10 
