-2.2238635063171386 0.002 0.001 0.9999703999360402 1e-05 3e-05 0.9998982598384222 6e-05 7e-05 4.511085928281148 0.2 0.2 0 
-2.2226668135325114 0.006 0.002 0.9999559577306112 2e-05 7e-05 0.9999565780162811 4e-05 9e-05 4.51216800848643 0.2 0.2 2 
-2.2215349229176837 0.004 0.003 0.999966886639595 2e-05 3e-05 0.9998697133858999 0.0001 0.0003 4.511101322174072 0.2 0.2 3 
-2.2233524258931476 0.005 0.002 0.99997926791509 1e-05 3e-05 0.9999205903212229 7e-05 0.0003 4.511161441802979 0.1 0.1 4 
-2.2217843437194826 0.003 0.002 0.9999598411719004 2e-05 5e-05 0.9998959680398305 7e-05 0.0001 4.510531366666158 0.2 0.2 6 
-2.2195627689361572 0.009 0.004 0.999904861052831 4e-05 0.0001 0.9998385012149811 0.0001 0.0003 4.512489425341288 0.3 0.3 10 
-2.2224668057759605 0.004 0.002 0.999961612423261 2e-05 2e-05 0.9999222524960836 6e-05 0.0001 4.511089839935303 0.2 0.2 11 
-2.2215244356791177 0.003 0.002 0.9999793394406636 1e-05 3e-05 0.999859612584114 9e-05 0.0003 4.509290951093038 0.1 0.1 12 
-2.221950012842814 0.003 0.002 0.9999484982093175 3e-05 4e-05 0.9998856790860494 6e-05 0.0001 4.511842050552368 0.2 0.2 14 
-2.2198645718892416 0.01 0.004 0.9999362915754318 4e-05 0.0001 0.9998425910870234 0.0001 0.0007 4.5118548234303795 0.2 0.2 16 
-2.2215227699279785 0.005 0.003 0.9999719583988189 1e-05 3e-05 0.9998773364226023 0.0001 0.0004 4.510987297693888 0.2 0.2 18 
-2.2225590546925864 0.001 0.0006 0.9999675820271174 9e-06 1e-05 0.9999129577477773 5e-05 7e-05 4.511449143091838 0.1 0.1 19 
-2.2210129992167156 0.006 0.003 0.9999617157379787 2e-05 4e-05 0.9998525184392929 0.0001 0.0004 4.510616381963094 0.2 0.2 30 
-2.2223702462514243 0.007 0.002 0.9999699854850769 2e-05 4e-05 0.9999569229284923 4e-05 0.0001 4.5114312267303465 0.2 0.2 32 
-2.2223658816019696 0.003 0.002 0.9999543247620265 3e-05 3e-05 0.9999228634436925 7e-05 9e-05 4.511217517852783 0.2 0.2 33 
-2.2205683676401775 0.002 0.001 0.9999253179629644 4e-05 0.0004 0.9998838637272517 5e-05 7e-05 4.507909224828084 0.2 0.2 36 
-2.220813528696696 0.003 0.002 0.9998981161912283 4e-05 5e-05 0.999905390739441 7e-05 0.0002 4.513068822224935 0.2 0.2 38 
-2.2255234241485597 0.0003 0.0002 0.9999893619616826 4e-06 5e-06 0.9999941569566727 1e-06 1e-06 4.5127196709314985 0.1 0.1 40 
-2.220779415766398 0.005 0.002 0.9999076189597448 5e-05 0.0001 0.9999037204186122 8e-05 0.0001 4.511720573107402 0.2 0.3 42 
-2.2194308344523113 0.01 0.004 0.9999474384387335 2e-05 9e-05 0.9997870459159215 0.0002 0.0008 4.508579554557801 0.2 0.3 48 
-2.2218689092000328 0.005 0.003 0.9999482641617458 3e-05 5e-05 0.999882756670316 0.0001 0.0004 4.511620702743531 0.2 0.1 50 
-2.2215497716267905 0.002 0.002 0.9999493171771368 2e-05 5e-05 0.9998944481213887 8e-05 0.0001 4.510907934506734 0.2 0.2 53 
-2.221328280766805 0.009 0.003 0.9999287295341491 3e-05 5e-05 0.9998847285906474 0.0001 0.0005 4.511528155008952 0.2 0.2 55 
-2.223250233332316 0.004 0.002 0.9999638005097707 1e-05 3e-05 0.9999260485172272 6e-05 0.0002 4.511576283772786 0.2 0.2 56 
-2.220465612411499 0.006 0.003 0.9999273333946864 4e-05 8e-05 0.9998708405097325 0.0001 0.0002 4.510506512324016 0.2 0.2 57 
-2.221875165303548 0.003 0.002 0.9999541942278544 3e-05 4e-05 0.999926898876826 6e-05 6e-05 4.510047367413839 0.2 0.2 60 
-2.2196207873026528 0.0008 0.0008 0.9999720434347789 8e-06 1e-05 0.9998307343324025 6e-05 6e-05 4.508724102973938 0.1 0.1 62 
-2.223237082163493 0.001 0.001 0.9999286101261775 3e-05 0.0001 0.9999279405673345 3e-05 3e-05 4.512862997055054 0.2 0.2 64 
-2.221732947031657 0.004 0.003 0.9999461674690246 4e-05 7e-05 0.9999077035983404 5e-05 0.0002 4.511059532165527 0.2 0.2 65 
-2.222767578760783 0.003 0.002 0.999967123667399 1e-05 5e-05 0.9998921187718709 5e-05 0.0001 4.511092621485393 0.2 0.2 73 
-1.549927282333374 0.007 0.004 0.9900454237063726 0.003 0.003 0.9796558125813802 0.002 0.002 4.118603301843008 0.3 0.4 75 
-2.222641814549764 0.004 0.002 0.9999601666132609 2e-05 4e-05 0.9999577208360036 4e-05 8e-05 4.511700145403544 0.1 0.2 79 
-2.2186291217803955 0.006 0.003 0.9999257783095042 3e-05 4e-05 0.9998084664344787 0.0001 0.0002 4.509863379796346 0.2 0.2 82 
-2.2255364259084067 7e-05 6e-05 0.9999853930870692 3e-06 3e-06 0.9999954712390899 1e-06 1e-06 4.513065309524536 0.1 0.1 83 
-2.222294683456421 0.006 0.003 0.9999644668896993 1e-05 4e-05 0.9998858827352524 0.0001 0.0004 4.510384360949199 0.2 0.2 84 
-2.2213234933217367 0.005 0.002 0.9999350243806839 3e-05 3e-05 0.9998830137650172 4e-05 0.0001 4.511517518361409 0.2 0.2 86 
-2.2240379524230955 0.001 0.0006 0.9999833899736404 4e-06 1e-05 0.9999330989519755 2e-05 4e-05 4.511364679336548 0.1 0.1 89 
-2.2212611071268715 0.007 0.003 0.9999619682629903 3e-05 0.0001 0.9998412319024403 0.0002 0.0006 4.510286761919658 0.2 0.2 93 
-2.225693731307983 3e-05 3e-05 0.9999779929717382 3e-06 3e-06 0.9999958739678065 7e-07 6e-07 4.5132586352030435 0.1 0.1 99 
