9.203040804095508e-07 0 
-2.22568673769633 0.001 0.0005 0.9999837605158488 1e-05 3e-05 0.9999922388792037 5e-06 9e-06 4.512229104042053 0.1 0.1 1 
-2.226350336074829 7e-06 7e-06 0.9999958421786627 5e-07 4e-07 0.9999978588024775 6e-07 5e-07 4.512408523559571 0.05 0.05 2 
-2.2262385145823163 7e-05 5e-05 0.9999967586994171 1e-06 1e-06 0.9999980584780375 1e-06 1e-06 4.5124853308995565 0.06 0.06 3 
-2.224985971450806 0.002 0.0009 0.9999929783741633 5e-06 1e-05 0.9999670175711314 3e-05 7e-05 4.511220367749532 0.09 0.09 4 
-2.226291109720866 7e-05 4e-05 0.9999952534834544 1e-06 1e-06 0.9999983944495519 8e-07 7e-07 4.512429525057475 0.06 0.06 5 
9.202981573253055e-07 6 
9.200202157444437e-07 7 
-2.2248611132303875 0.005 0.001 0.9999844225247702 1e-05 3e-05 0.9999789100885391 2e-05 4e-05 4.511557892163594 0.2 0.2 8 
9.199826536132605e-07 9 
9.205262358591427e-07 10 
-2.224177967707316 7e-05 7e-05 0.999985328912735 1e-06 1e-06 0.9999414803584417 1e-06 1e-06 4.5110199324289955 0.06 0.06 11 
-2.2248994636535646 0.002 0.001 0.9999890307585398 5e-06 1e-05 0.9999828487634659 2e-05 0.0001 4.511840108235677 0.1 0.1 12 
9.202936780638993e-07 13 
-2.225563611984253 0.0009 0.0004 0.9999872155984243 3e-06 8e-06 0.9999778268734614 2e-05 6e-05 4.5124139865239465 0.09 0.09 14 
9.2000872200515e-07 15 
9.203216791320301e-07 16 
9.200579256685159e-07 17 
9.201141665471368e-07 18 
-2.1864144579569498 0.03 0.01 0.9998509885867437 8e-05 0.0001 0.9984776320060095 0.001 0.003 4.491542639732361 0.7 0.6 19 
-2.2262846914927166 6e-05 4e-05 0.9999902486801148 1e-06 1e-06 0.9999896881977717 2e-06 3e-06 4.512669498125712 0.06 0.06 20 
-2.2258036931355796 0.0008 0.0004 0.9999952389796575 2e-06 4e-06 0.9999646087487538 3e-05 4e-05 4.5118991533915205 0.1 0.1 21 
-2.2260168393452964 0.001 0.0004 0.9999928017457326 6e-06 2e-05 0.9999938642978669 4e-06 1e-05 4.512140056292216 0.08 0.08 22 
-2.2251435724894204 0.001 0.0008 0.9999922953049342 3e-06 9e-06 0.9999859990676244 1e-05 4e-05 4.511953398386638 0.09 0.09 23 
9.201311854667438e-07 24 
-2.2251354440053306 0.001 0.0008 0.9999909190336863 4e-06 6e-06 0.9999872761964798 1e-05 4e-05 4.512092657089234 0.09 0.09 25 
-2.226074705123901 0.0001 5e-05 0.9999874204397201 2e-06 2e-06 0.9999970243374506 1e-06 6e-07 4.51283492565155 0.08 0.08 26 
-2.223745028177897 0.003 0.001 0.9999694257974625 8e-06 1e-05 0.9999395493666331 4e-05 6e-05 4.5115967400868735 0.1 0.1 27 
9.20207969556941e-07 28 
-2.2263065242767333 7e-05 5e-05 0.9999959089358648 1e-06 2e-06 0.999998021920522 1e-06 9e-07 4.51236525217692 0.06 0.06 29 
9.195955499308184e-07 30 
9.202736805491441e-07 31 
-2.2262444432576496 5e-05 4e-05 0.9999956452846527 1e-06 1e-06 0.9999968550602595 2e-06 3e-06 4.512494530677795 0.06 0.06 32 
-2.226314105987549 3e-05 2e-05 0.9999967362483343 5e-07 6e-07 0.9999982156356175 8e-07 7e-07 4.512401768366495 0.05 0.05 33 
9.202596743307368e-07 34 
-2.225360943476359 0.0008 0.0005 0.9999876664082209 6e-06 2e-05 0.9999712248643239 2e-05 4e-05 4.5114157644907635 0.1 0.1 35 
9.200504450745939e-07 36 
-2.2263080310821532 1e-05 8e-06 0.9999969665209453 8e-07 9e-07 0.9999977149566015 4e-07 5e-07 4.512425230344136 0.05 0.05 37 
-2.2263224347432455 6e-05 3e-05 0.9999950716892878 8e-07 1e-06 0.9999982362985611 9e-07 6e-07 4.512404729525248 0.05 0.05 38 
-2.2247251001993815 0.001 0.0007 0.9999935074647268 4e-06 8e-06 0.999949237704277 4e-05 0.0001 4.511274383862813 0.07 0.07 39 
-2.224021148681641 0.004 0.002 0.9999866364399592 6e-06 1e-05 0.9999420495827993 5e-05 0.0001 4.511018257141114 0.1 0.2 40 
-2.2248503144582115 0.002 0.0009 0.9999923566977184 4e-06 8e-06 0.999979820450147 2e-05 8e-05 4.511772804260254 0.09 0.09 41 
9.203078661812469e-07 42 
-2.2258132394154866 7e-05 6e-05 0.9999889214833577 2e-06 3e-06 0.9999952644109726 1e-06 1e-06 4.512511320114136 0.09 0.08 43 
-2.2254220771789552 0.001 0.0006 0.9999916070699691 4e-06 8e-06 0.9999868849913279 1e-05 3e-05 4.512032305399577 0.08 0.08 44 
-2.223556356430054 0.0006 0.0005 0.9999885378281276 4e-06 6e-06 0.999910848736763 5e-05 8e-05 4.5104015318552655 0.09 0.09 45 
-2.2239977804819744 0.002 0.001 0.9999812104304632 5e-06 1e-05 0.9999289518594742 5e-05 0.0002 4.511016260782878 0.1 0.1 46 
-2.2250048128763833 0.005 0.001 0.9999904910723368 8e-06 2e-05 0.9999825447797775 2e-05 6e-05 4.511598094304403 0.1 0.1 47 
-2.224822177886963 0.004 0.001 0.9999850219488144 9e-06 2e-05 0.9999675023555755 2e-05 3e-05 4.511332093874613 0.09 0.09 48 
-2.2262368710835774 0.0002 0.0001 0.9999962306022644 2e-06 4e-06 0.9999969905614853 1e-06 2e-06 4.512293691635132 0.08 0.08 49 
-2.2249577713012694 0.002 0.0009 0.9999874951442083 5e-06 1e-05 0.99998206893603 2e-05 4e-05 4.511950397491455 0.09 0.09 50 
-2.224315055211385 0.002 0.0009 0.9999886610110601 6e-06 1e-05 0.9999332718054453 5e-05 0.0002 4.511272597312927 0.09 0.1 51 
9.202632099913899e-07 52 
9.203045237882179e-07 53 
9.191963044941076e-07 54 
-2.226239287058512 6e-05 4e-05 0.9999941603342692 1e-06 1e-06 0.9999981725215912 9e-07 7e-07 4.512504409154256 0.06 0.06 55 
9.201536613545614e-07 56 
-2.2253623072306317 0.001 0.0004 0.9999936417738596 2e-06 4e-06 0.9999913851420085 8e-06 2e-05 4.5120166015625 0.07 0.07 57 
-2.224996296564738 0.002 0.0009 0.9999916978677114 3e-06 7e-06 0.9999762491385142 2e-05 7e-05 4.511823239326477 0.08 0.09 58 
9.201692705573805e-07 59 
-2.225145762761434 0.002 0.0009 0.9999900209903717 4e-06 1e-05 0.9999848318099975 1e-05 4e-05 4.512166519165039 0.1 0.1 60 
9.203401759805274e-07 61 
9.200051067637105e-07 62 
-2.225227111180623 0.002 0.0009 0.9999899663527807 5e-06 8e-06 0.9999621293942134 3e-05 8e-05 4.511873776117961 0.08 0.09 63 
-2.225043671925863 0.001 0.0007 0.9999928108851115 3e-06 6e-06 0.9999863322575887 1e-05 4e-05 4.511682357788086 0.07 0.07 64 
-2.224760745366414 0.005 0.001 0.9999912599722545 4e-06 2e-05 0.9999389137824376 6e-05 0.0002 4.511032071113586 0.1 0.1 65 
-2.2263545036315917 2e-05 1e-05 0.9999976315100988 4e-07 5e-07 0.9999984908103943 7e-07 5e-07 4.512282161712647 0.05 0.05 66 
9.199835631079623e-07 67 
-2.2242961343129477 0.001 0.0006 0.9999873367945353 3e-06 4e-06 0.9999422854185105 4e-05 0.0001 4.5115190092722575 0.09 0.09 68 
-2.226147346496582 0.0001 6e-05 0.9999929942687352 1e-06 2e-06 0.9999976740280787 7e-07 2e-06 4.512322738965352 0.08 0.08 69 
-2.226069304148356 0.001 0.0003 0.9999927190939585 5e-06 1e-05 0.9999931865930557 6e-06 3e-05 4.512344158490499 0.1 0.1 70 
-2.225991217295329 8e-05 5e-05 0.9999919881423315 1e-06 2e-06 0.9999954799811045 1e-06 1e-06 4.512437000274658 0.07 0.07 71 
-2.226192331314087 1e-05 1e-05 0.9999946105480194 9e-07 1e-06 0.9999986451864242 3e-07 3e-07 4.5125896231333416 0.07 0.07 72 
-2.225057992935181 0.001 0.0008 0.9999918415149053 4e-06 7e-06 0.9999879759550094 1e-05 3e-05 4.511796108881632 0.07 0.07 73 
9.200509680340474e-07 74 
-2.224558833440145 0.001 0.0007 0.9999901262919108 6e-06 1e-05 0.9999483289321264 4e-05 0.0001 4.5112854035695396 0.08 0.08 75 
-2.225033162434896 0.001 0.0007 0.9999944845835368 3e-06 9e-06 0.9999824174245199 1e-05 2e-05 4.511660906473796 0.07 0.07 76 
-2.2263604323069255 7e-06 7e-06 0.9999975864092508 6e-07 6e-07 0.9999985222021739 5e-07 6e-07 4.5123098182678225 0.05 0.05 77 
-2.2250400988260903 0.001 0.0008 0.9999920471509298 4e-06 8e-06 0.9999833037455876 1e-05 4e-05 4.511803466478984 0.09 0.09 78 
-2.226241693496704 0.0001 6e-05 0.9999964425961176 9e-07 2e-06 0.9999988563855489 4e-07 5e-07 4.512495988210042 0.06 0.06 79 
-2.224035860697428 0.003 0.001 0.9999802460273107 1e-05 3e-05 0.9999410792191823 5e-05 0.0002 4.511424320538839 0.09 0.1 80 
9.199413511851162e-07 81 
9.202655178341956e-07 82 
9.200267527376127e-07 83 
-2.2250993347167967 0.001 0.0008 0.9999940160910289 3e-06 7e-06 0.9999847034613292 1e-05 3e-05 4.5118339856465655 0.08 0.08 84 
-2.2263042736053467 5e-05 4e-05 0.9999938740332921 1e-06 2e-06 0.9999977842966715 1e-06 9e-07 4.512477679252624 0.06 0.06 85 
9.202792284668249e-07 86 
-2.2260999711354574 0.0002 8e-05 0.9999956874052683 2e-06 2e-06 0.9999983423948288 4e-07 4e-07 4.512543460528056 0.08 0.08 87 
9.192104130306688e-07 88 
9.19632441309659e-07 89 
-2.22466583887736 0.004 0.001 0.9999857304493586 9e-06 3e-05 0.9999526969591777 5e-05 0.0002 4.511707855860393 0.1 0.1 90 
-2.22623597462972 5e-05 3e-05 0.9999949421485265 9e-07 1e-06 0.9999984862407049 4e-07 1e-06 4.512442674636841 0.06 0.06 91 
-2.2256401920318605 3e-05 3e-05 0.9999762994050979 5e-06 5e-06 0.999994950890541 5e-07 4e-07 4.513339788118998 0.1 0.1 92 
-2.2256201457977296 0.002 0.0007 0.9999826540549596 1e-05 3e-05 0.9999913762013117 5e-06 1e-05 4.5126184511184695 0.2 0.2 93 
-2.2249488480885824 0.002 0.0009 0.9999879290660222 5e-06 9e-06 0.9999774698416392 2e-05 4e-05 4.5120243056615195 0.09 0.09 94 
9.199659302794317e-07 95 
9.200899967254373e-07 96 
-2.225496587753296 0.0009 0.0005 0.999982947309812 9e-06 1e-05 0.9999850656588872 5e-06 2e-05 4.512329246203104 0.1 0.1 97 
-2.226197026570638 9e-05 4e-05 0.9999883335828781 1e-06 1e-06 0.9999979786078135 5e-07 5e-07 4.512740006446839 0.07 0.07 98 
9.202891874338093e-07 99 
-2.2252665837605794 0.0001 0.0001 0.9999721056222916 9e-06 2e-05 0.9999932310978572 2e-06 4e-06 4.514081385930379 0.1 0.1 100 
-2.2246416409810386 0.002 0.0009 0.9999909190336863 4e-06 1e-05 0.9999435873826344 5e-05 0.0002 4.51142571926117 0.07 0.07 101 
-2.225477555592855 0.001 0.0004 0.9999957891305288 2e-06 2e-06 0.9999907972415288 8e-06 2e-05 4.511872566541036 0.07 0.07 102 
-2.224340073267619 0.003 0.001 0.9999913895130157 5e-06 1e-05 0.9999373857180277 6e-05 0.0002 4.510734181404114 0.1 0.1 103 
9.201221018884098e-07 104 
-2.2261815134684246 0.0002 0.0001 0.9999968447287877 2e-06 2e-06 0.9999967646598816 1e-06 2e-06 4.512308537165324 0.07 0.07 105 
9.199750479638169e-07 106 
-2.2249865531921387 0.0009 0.0006 0.999994486172994 2e-06 4e-06 0.9999604028463364 3e-05 9e-05 4.511563280423482 0.07 0.07 107 
-2.226266279220581 8e-05 5e-05 0.9999948745965958 9e-07 1e-06 0.9999979392687479 1e-06 7e-07 4.512401779492696 0.06 0.06 108 
9.201830380334286e-07 109 
-2.2139675998687744 0.01 0.006 0.9997625360886256 0.0001 0.0002 0.9981367256244024 0.0003 0.0006 4.50900938987732 0.4 0.5 110 
-2.2254327710469566 0.002 0.0005 0.9999949638048807 2e-06 4e-06 0.999990454117457 9e-06 3e-05 4.511957817077636 0.07 0.07 111 
9.202788987749954e-07 112 
-2.2250506401062013 0.002 0.0009 0.9999933902422588 3e-06 6e-06 0.9999832675854365 1e-05 7e-05 4.5118186537424725 0.08 0.08 113 
9.195150255436602e-07 114 
-2.2254638989766438 0.002 0.0008 0.9999945873022079 3e-06 7e-06 0.9999877790609996 1e-05 3e-05 4.511911102930704 0.1 0.1 115 
-2.2261537392934163 7e-05 3e-05 0.9999946431318919 1e-06 2e-06 0.9999977817138036 6e-07 3e-07 4.512659497261048 0.06 0.06 116 
-2.2262864526112875 5e-05 4e-05 0.9999946560462316 9e-07 1e-06 0.9999978025754293 1e-06 8e-07 4.512444877624512 0.06 0.06 117 
9.200212844007183e-07 118 
-2.226368392308553 3e-05 2e-05 0.9999977401892344 4e-07 4e-07 0.9999990224838257 3e-07 3e-07 4.512336279551188 0.05 0.05 119 
-2.2251013215382893 0.0004 0.0003 0.9999906241893768 2e-06 2e-06 0.9999591585000356 3e-05 5e-05 4.511756510734558 0.07 0.07 120 
-2.2249828370412192 0.002 0.001 0.9999918131033579 5e-06 1e-05 0.9999752080440522 2e-05 5e-05 4.511492810249329 0.1 0.1 121 
-2.2249959468841554 0.001 0.0008 0.9999863809347153 6e-06 1e-05 0.9999834318955739 1e-05 3e-05 4.511859464645386 0.09 0.1 122 
9.19999695270235e-07 123 
-2.2247229480743407 0.004 0.001 0.999984689950943 1e-05 6e-05 0.9999495395024618 4e-05 0.0002 4.5114581569035845 0.2 0.2 124 
-2.22603684425354 0.0009 0.0004 0.9999923199415207 5e-06 2e-05 0.9999935877323151 5e-06 2e-05 4.512337438265482 0.1 0.1 125 
-2.226194880803426 0.0001 5e-05 0.9999927254517873 1e-06 1e-06 0.9999976086616517 1e-06 1e-06 4.512499504089355 0.06 0.06 126 
9.203388913192612e-07 127 
-2.2256769529978433 0.001 0.0006 0.9999947082996369 3e-06 4e-06 0.9999916704495748 7e-06 3e-05 4.512139212290446 0.1 0.1 128 
-2.226315310796102 6e-05 4e-05 0.9999951958656311 9e-07 1e-06 0.9999981673558553 1e-06 8e-07 4.512417279879252 0.05 0.06 129 
-2.224827569325765 0.004 0.001 0.9999908922115962 6e-06 2e-05 0.9999473484357199 5e-05 0.0003 4.511439307530721 0.1 0.1 130 
-2.22631716410319 2e-05 2e-05 0.9999949183066686 1e-06 1e-06 0.999997264345487 1e-06 2e-06 4.512447697321574 0.05 0.05 131 
-2.2251928742726643 0.002 0.0008 0.9999898771444956 4e-06 7e-06 0.999984688560168 1e-05 5e-05 4.51207436243693 0.09 0.09 132 
9.20026536732621e-07 133 
9.2027418077123e-07 134 
9.2305908765411e-07 135 
-2.225106395085653 0.0008 0.0007 0.9999855097134908 1e-05 1e-05 0.9999820746978124 2e-05 1e-05 4.512059434254964 0.09 0.1 136 
9.200700446854171e-07 137 
9.200646331919415e-07 138 
9.203357194564887e-07 139 
-2.224483070373535 0.004 0.002 0.9999835604429245 1e-05 5e-05 0.9999543460210164 4e-05 0.0002 4.511361413002014 0.2 0.2 140 
-2.225031404495239 0.001 0.0008 0.9999935861428578 3e-06 7e-06 0.9999837201833724 1e-05 3e-05 4.511784741083781 0.09 0.09 141 
-2.2262117576599123 0.0002 6e-05 0.999997695684433 8e-07 1e-06 0.9999962031841279 1e-06 6e-07 4.512399794260661 0.06 0.06 142 
-2.225244067509969 0.001 0.0007 0.9999927514791489 3e-06 8e-06 0.9999852784474691 1e-05 3e-05 4.5117589489618934 0.07 0.08 143 
-2.225586830774943 0.002 0.0006 0.9999947345256806 3e-06 5e-06 0.9999912643432617 8e-06 4e-05 4.512038993835449 0.09 0.09 144 
9.202302976518695e-07 145 
9.201225452670769e-07 146 
-2.226373074849447 0.0001 4e-05 0.9999962409337362 7e-07 6e-07 0.9999975017706553 6e-07 9e-07 4.512393352190654 0.05 0.05 147 
-2.224992488225301 0.002 0.0007 0.9999360583225886 5e-05 0.0003 0.9999933701753616 2e-06 9e-06 4.513393039703369 0.2 0.2 148 
9.202430760524294e-07 149 
