-2.2202105712890625 0.02 0.005 0.9999445637067159 2e-05 9e-05 0.9999532787005107 4e-05 0.0002 4.509484639167786 0.3 0.3 878 
-2.221854797999064 0.008 0.004 0.9999703907966614 2e-05 3e-05 0.9999179059267044 3e-05 0.0001 4.508673973083496 0.1 0.1 91 
-2.2245728333791095 6e-05 5e-05 0.9999841370185216 2e-06 1e-06 0.9998243321975072 3e-06 4e-06 4.5126338354746505 0.1 0.1 689 
-2.2205302238464357 0.002 0.001 0.9999195816119512 9e-06 8e-06 0.9997367020448049 4e-05 4e-05 4.497068139712016 0.2 0.2 476 
-2.2211875025431316 0.01 0.004 0.9999188230435053 3e-05 7e-05 0.9999244296550751 2e-05 0.0001 4.507279713948567 0.4 0.4 729 
-2.2203235085805257 0.01 0.004 0.9999116965134939 2e-05 5e-05 0.9999217116832733 4e-05 0.0005 4.5119036213556925 0.4 0.4 516 
-2.2212224610646567 0.0001 0.0001 0.9999535510937373 8e-06 8e-06 0.9998026722669602 7e-06 4e-06 4.513462433815002 0.2 0.2 396 
-2.2201767762502036 0.002 0.0009 0.9999307405948639 1e-05 8e-06 0.9997726245721181 5e-05 6e-05 4.496842867533366 0.2 0.2 1013 
-2.2211757119496665 0.009 0.003 0.9998988449573517 2e-05 4e-05 0.9996626247962316 3e-05 0.0001 4.517039462725322 0.2 0.2 352 
-2.220323266983032 0.01 0.004 0.9999365635712941 3e-05 0.0001 0.999900548060735 2e-05 6e-05 4.500780042012533 0.4 0.4 855 
-2.2228961118062336 0.01 0.003 0.9999490078290304 3e-05 0.0001 0.9999487646420797 2e-05 5e-05 4.507050948143005 0.2 0.2 785 
-2.2203383286794027 0.003 0.002 0.9999389714002609 2e-05 2e-05 0.9951484189430873 0.0002 0.0003 4.576288685798645 0.3 0.3 714 
-2.220383087793986 0.004 0.003 0.9999454011519749 1e-05 2e-05 0.9999371890227 3e-05 5e-05 4.508724958101908 0.3 0.3 1053 
-2.220531218846639 0.008 0.004 0.9999340742826461 3e-05 0.0001 0.9999311699469884 1e-05 3e-05 4.503246657053629 0.2 0.3 156 
-2.220384715398153 0.02 0.004 0.9999561293919881 1e-05 3e-05 0.999716133872668 0.0002 0.0007 4.5004499864578245 0.3 0.3 192 
-2.2221877861022947 0.002 0.001 0.9999236090977986 1e-05 7e-06 0.9984179665644963 7e-05 9e-05 4.529865606625875 0.2 0.2 802 
-2.2218535073598225 0.001 0.0007 0.999917507370313 2e-05 1e-05 0.9998913248380025 9e-06 9e-06 4.508830852508545 0.2 0.2 988 
-2.2206473350524902 0.007 0.004 0.999956127802531 1e-05 3e-05 0.9997484795252483 0.0001 0.0003 4.497709070841472 0.2 0.2 10 
-2.2209463755289716 0.003 0.002 0.9998979435364406 2e-05 3e-05 0.9999622319142024 2e-05 4e-05 4.507040535608928 0.2 0.2 620 
-2.2215693187713623 0.004 0.002 0.99992462793986 2e-05 3e-05 0.999954547683398 3e-05 0.0001 4.513145882288615 0.2 0.2 538 
