-2.2245095348358155 0.0008 0.0007 0.9999864270289739 1e-05 1e-05 0.9999722971518834 2e-05 2e-05 4.510717802047729 0.09 0.08 0 
-1.5037980620066325 0.3 0.1 0.9859855085611343 0.01 0.03 0.7392633341749509 0.2 0.4 5.360215918223063 7.0 3.0 1 
-2.2247385851542156 0.0006 0.0006 0.9999904233217239 8e-06 9e-06 0.9999728286266327 2e-05 2e-05 4.5107770411173504 0.07 0.07 2 
-2.2243963623046876 0.0008 0.0007 0.9999869813521703 1e-05 1e-05 0.999970334370931 2e-05 2e-05 4.510850531260172 0.09 0.09 3 
-2.2244853591918945 0.0008 0.0007 0.9999865567684174 1e-05 1e-05 0.9999718983968099 2e-05 2e-05 4.510774645805359 0.09 0.08 4 
-2.0606561279296876 0.02 0.02 0.9995216925938925 2e-05 2e-05 0.9940478877226512 0.0002 0.0003 4.353597081502278 0.3 0.3 5 
-1.7127972507476807 0.2 0.09 0.993129841486613 0.003 0.008 0.9581587747732798 0.02 0.2 4.3588636962572735 3.0 2.0 6 
-2.2247506205240883 0.001 0.001 0.9999838771422704 8e-06 1e-05 0.9999872078498204 4e-06 5e-06 4.510894719759623 0.07 0.06 7 
-2.2250554784139 0.004 0.001 0.9999887933333714 9e-06 3e-05 0.9999854081869125 1e-05 3e-05 4.5112155199050905 0.1 0.1 8 
-2.224588670730591 0.0007 0.0006 0.9999875118335088 1e-05 1e-05 0.9999714706341426 2e-05 2e-05 4.510859689712524 0.08 0.08 9 
-1.5292730553944907 0.9 0.2 0.9887811646858851 0.008 0.01 0.8053223005930583 0.1 0.3 4.9258347431818645 7.0 3.0 10 
-2.225183515548706 0.0003 0.0003 0.999990051984787 4e-06 2e-06 0.9999737890561422 2e-05 2e-05 4.5118818314870195 0.08 0.08 11 
nan 12 
-2.2245038032531737 0.0007 0.0007 0.9999855977296829 1e-05 1e-05 0.9999715987841288 2e-05 2e-05 4.510809993743896 0.09 0.08 13 
-2.2244379329681396 0.001 0.001 0.9999878485997518 1e-05 1e-05 0.9999735504388809 2e-05 2e-05 4.510809346834819 0.08 0.07 14 
nan 15 
-2.224639825820923 0.0006 0.0006 0.9999895926316579 7e-06 8e-06 0.9999707482258479 2e-05 2e-05 4.5111184485753375 0.08 0.08 16 
-2.2225939559936525 0.01 0.003 0.9999938557545344 4e-06 2e-05 0.9997998944918315 2e-05 8e-05 4.509185253779093 0.4 0.4 17 
nan 18 
-2.2242788314819335 0.0009 0.0009 0.9999861572186152 1e-05 1e-05 0.9999728600184122 2e-05 2e-05 4.5107203435897825 0.09 0.09 19 
-2.224281628926595 0.0008 0.0008 0.9999864882230759 1e-05 1e-05 0.9999690576394399 2e-05 2e-05 4.510828472773234 0.1 0.09 20 
-2.2243442153930664 0.0007 0.0007 0.9999869704246521 9e-06 9e-06 0.9999685025215149 2e-05 2e-05 4.510925116539002 0.1 0.1 21 
-2.2246701908111572 0.0005 0.0005 0.9999906033277511 8e-06 9e-06 0.9999700093269348 2e-05 3e-05 4.510802187919617 0.08 0.08 22 
-2.225143674214681 0.003 0.001 0.9999902470906575 8e-06 2e-05 0.99998861292998 1e-05 3e-05 4.511221922238668 0.08 0.08 23 
-1.5277735741933187 0.3 0.1 0.9882727861404419 0.007 0.01 0.8283155655860901 0.1 0.5 4.783466650644939 5.0 2.0 24 
-1.5055967044830323 0.9 0.2 0.9858510446548462 0.01 0.03 0.7846758707364401 0.1 0.4 5.100967832803726 8.0 3.0 25 
-2.225349016189575 0.0004 0.0003 0.9999912055333455 3e-06 2e-06 0.9999782454967499 9e-06 1e-05 4.511773595809936 0.07 0.07 26 
-2.2236207358042397 0.008 0.002 0.9999890565872193 7e-06 4e-05 0.9999394482374191 3e-05 9e-05 4.511139214833578 0.3 0.3 27 
nan 28 
-2.225207799275716 0.0005 0.0004 0.9999900672833125 5e-06 4e-06 0.9999783356984456 8e-06 2e-05 4.511367378234863 0.08 0.08 29 
-1.3026340611775715 0.2 0.1 0.9720846901337306 0.02 0.04 0.3930370865762234 0.4 0.2 9.852066210110982 7.0 5.0 30 
-2.2243787034352622 0.0008 0.0007 0.9999867196877797 9e-06 1e-05 0.9999703749020894 2e-05 2e-05 4.510627013842265 0.09 0.09 31 
-2.224747091929118 0.002 0.001 0.9999882129828135 1e-05 1e-05 0.9999863908688227 6e-06 7e-06 4.51098154703776 0.08 0.08 32 
-2.224638376235962 0.0006 0.0006 0.9999886174996694 8e-06 9e-06 0.9999704899390539 2e-05 2e-05 4.510581351915995 0.08 0.08 33 
-2.2247754096984864 0.0002 0.0003 0.999991658727328 7e-06 7e-06 0.9999461299180985 4e-05 5e-05 4.511602069536845 0.08 0.08 34 
-2.22489146232605 0.0002 0.0002 0.9999934854110082 2e-06 1e-06 0.9999631349245707 2e-05 2e-05 4.511139060656229 0.07 0.07 35 
-2.223941602706909 0.001 0.0009 0.9999705203374227 1e-05 2e-05 0.999961313009262 3e-05 3e-05 4.510360385576884 0.1 0.09 36 
-2.224686549504598 0.0006 0.0006 0.9999903706709544 8e-06 9e-06 0.9999718699852626 2e-05 2e-05 4.511081161499024 0.08 0.08 37 
-2.224577128092448 0.0006 0.0006 0.999989526073138 8e-06 9e-06 0.9999721415837606 2e-05 2e-05 4.511152990659078 0.08 0.08 38 
-2.2249153741200765 0.0008 0.0006 0.9999911590417226 7e-06 1e-05 0.9999624462922414 2e-05 3e-05 4.510808075269063 0.08 0.08 39 
-2.2245906352996827 0.0006 0.0006 0.9999890065193177 9e-06 1e-05 0.9999710003534953 2e-05 2e-05 4.511180100440979 0.08 0.08 40 
-2.2245223077138263 0.0007 0.0007 0.9999885388215383 1e-05 1e-05 0.9999704784154893 2e-05 2e-05 4.510719604492188 0.09 0.09 41 
-1.6607346026102703 0.2 0.2 0.9923761377731959 0.003 0.004 0.9177907864252727 0.06 0.2 4.583681849638621 3.0 3.0 42 
-2.224696607589722 0.0007 0.0006 0.9999893132845561 9e-06 1e-05 0.9999727161725362 2e-05 2e-05 4.510986328125 0.08 0.08 43 
-1.7671913878122965 0.08 0.06 0.9947327584028244 0.003 0.004 0.973593204220136 0.02 0.02 4.368726255893708 2.0 2.0 44 
nan 45 
-2.2246862411499024 0.0009 0.0008 0.9999890146652858 8e-06 1e-05 0.9999812211592992 1e-05 1e-05 4.510998744964599 0.08 0.08 46 
-1.995832436879476 0.002 0.002 0.9977022169033686 0.001 0.001 0.9916955461104711 0.0004 0.0007 4.398168534437815 0.5 0.5 47 
nan 48 
-1.5354881954193116 0.4 0.1 0.98867631316185 0.006 0.009 0.8460760122537613 0.07 0.4 4.636542827288309 4.0 2.0 49 
-0.8579859193166097 0.8 0.3 0.9207407508293788 0.06 0.1 0.4686708345077932 0.4 0.4 9.432639096577962 30.0 7.0 50 
-2.225496559143066 0.0006 0.0006 0.9999928681055704 2e-06 3e-06 0.999977890253067 2e-05 3e-05 4.511962887446086 0.09 0.08 51 
-2.2253446420033773 0.0006 0.0005 0.9999917656183243 5e-06 6e-06 0.9999850092331568 5e-06 8e-06 4.511781648000081 0.07 0.07 52 
-2.224585647583008 0.0008 0.0007 0.999988517165184 1e-05 1e-05 0.9999734344085057 2e-05 2e-05 4.511086886723836 0.08 0.08 53 
-2.22473121325175 0.0006 0.0005 0.9999908481041591 7e-06 8e-06 0.9999716200431188 2e-05 2e-05 4.510822620391846 0.07 0.07 54 
-2.2245490741729737 0.0006 0.0006 0.9999896866083146 8e-06 9e-06 0.9999711710214615 2e-05 2e-05 4.510988448460897 0.09 0.08 55 
-2.2245115184783937 0.0006 0.0006 0.9999873061974843 8e-06 9e-06 0.9999701352914174 2e-05 2e-05 4.510850955645243 0.08 0.08 56 
-2.224515012105306 0.0007 0.0006 0.9999874520301819 1e-05 1e-05 0.9999698422352473 2e-05 3e-05 4.510966707865397 0.09 0.08 57 
-1.5162031745910645 0.2 0.1 0.9882021907965343 0.007 0.008 0.8066667822996775 0.1 0.2 4.8704510966936745 3.0 2.0 58 
-2.2246310075124103 0.0006 0.0006 0.9999890740712484 9e-06 9e-06 0.9999685583511988 2e-05 3e-05 4.510992757479349 0.09 0.09 59 
nan 60 
-1.844774096806844 0.07 0.03 0.9964041775465011 0.001 0.002 0.976247923374176 0.01 0.02 4.3709725578626 2.0 2.0 61 
-2.224560565948486 0.0007 0.0006 0.9999885404109955 9e-06 1e-05 0.9999736632903417 2e-05 2e-05 4.51100826104482 0.08 0.08 62 
-2.2241756312052408 0.0004 0.0004 0.9999897130330404 6e-06 8e-06 0.9999599947532019 2e-05 3e-05 4.511303421656291 0.1 0.1 63 
-1.5105603154500324 0.9 0.2 0.9880602969725927 0.008 0.01 0.8486781837542852 0.1 0.4 5.016649557352066 10.0 3.0 64 
-2.224645233154297 0.0009 0.0008 0.9999877681334813 9e-06 1e-05 0.9999795202414195 1e-05 1e-05 4.511288642883301 0.08 0.08 65 
-2.2246558698018393 0.0006 0.0006 0.9999895578622818 9e-06 1e-05 0.9999709401528041 2e-05 2e-05 4.510963311195374 0.08 0.08 66 
-2.2055009460449218 0.0004 0.0004 0.9997236667076747 1e-06 1e-06 0.999883198539416 6e-06 7e-06 4.520431186358134 0.05 0.05 67 
-1.6223413149515789 0.1 0.08 0.9908888947963714 0.003 0.005 0.9636847106615702 0.02 0.03 4.315107380549113 3.0 2.0 68 
-2.2247171624501547 0.0006 0.0005 0.999990447362264 8e-06 9e-06 0.9999708348512649 2e-05 3e-05 4.511117513974508 0.08 0.08 69 
-1.5174831899007162 0.2 0.1 0.9882176800568898 0.007 0.007 0.8219924636681875 0.1 0.2 4.7829694064458215 3.0 2.0 70 
-1.6256887022654216 0.9 0.2 0.9913043038050333 0.005 0.009 0.8825440233945847 0.08 0.3 4.608991743723552 4.0 2.0 71 
-2.224640785853068 0.0007 0.0006 0.9999877186616262 1e-05 1e-05 0.9999725439151128 2e-05 2e-05 4.511078054110209 0.08 0.08 72 
-2.225376370747884 0.0009 0.0006 0.9999907032648723 7e-06 9e-06 0.9999842655658722 8e-06 1e-05 4.511573654810587 0.09 0.08 73 
-2.225309591293335 0.0006 0.0005 0.9999919052918752 6e-06 6e-06 0.9999883484840393 6e-06 7e-06 4.511440669695537 0.07 0.07 74 
-2.2246932061513265 0.0006 0.0006 0.9999898745616277 9e-06 1e-05 0.9999720072746277 2e-05 2e-05 4.511007237434387 0.08 0.07 75 
-2.2021379534403485 0.02 0.01 0.9999412985642752 1e-05 1e-05 0.9989291354020436 0.0002 0.0003 4.499447678724925 0.5 0.5 76 
-2.224706481297811 0.0006 0.0006 0.999990371465683 8e-06 1e-05 0.9999710303544999 2e-05 2e-05 4.510984892845154 0.08 0.07 77 
-2.2246752325693766 0.0006 0.0006 0.999989289244016 9e-06 9e-06 0.9999723694721858 2e-05 2e-05 4.510780194600423 0.08 0.08 78 
-2.2247515074412028 0.0005 0.0004 0.9999927409489949 5e-06 6e-06 0.9999791463216146 1e-05 1e-05 4.511262480417887 0.09 0.08 79 
-2.0326347827911375 0.001 0.001 0.9981795144081116 0.0009 0.0009 0.9953552925586701 0.0001 0.0001 4.405000326633453 0.5 0.5 80 
-2.224657475153605 0.0007 0.0007 0.9999889198939006 9e-06 1e-05 0.9999735293785731 2e-05 2e-05 4.511094601949056 0.08 0.08 81 
-2.2245930798848472 0.0007 0.0006 0.9999897470076878 8e-06 9e-06 0.9999736855427425 2e-05 2e-05 4.5110018714269 0.08 0.08 82 
-2.224537903467814 0.0007 0.0006 0.9999864012002945 1e-05 1e-05 0.9999699062108993 2e-05 3e-05 4.510929177602132 0.09 0.09 83 
-2.221936378479004 0.002 0.002 0.9999389715989431 2e-05 2e-05 0.9999574188391368 2e-05 2e-05 4.513748057683309 0.1 0.1 84 
-1.4534248479207357 0.06 0.05 0.9848578357696534 0.002 0.003 0.9263263932863871 0.03 0.2 4.204786327679952 2.0 1.0 85 
-2.2247282950083416 0.0005 0.0005 0.9999904876947403 8e-06 9e-06 0.9999699703852336 2e-05 3e-05 4.5110846694310505 0.08 0.08 86 
-2.224659191767375 0.0006 0.0006 0.9999890110890071 9e-06 1e-05 0.9999705199400584 2e-05 3e-05 4.511072824796041 0.08 0.08 87 
-2.225151160558065 0.0003 0.0002 0.9999937550226847 2e-06 2e-06 0.9999613004922867 2e-05 2e-05 4.51159609635671 0.06 0.06 88 
-2.224340721766154 0.0008 0.0007 0.9999869328737259 9e-06 1e-05 0.9999690212806066 2e-05 2e-05 4.510756999651591 0.09 0.09 89 
-1.5039306338628133 0.7 0.2 0.9821946370601654 0.02 0.05 0.8098708612720171 0.1 0.4 4.854803031285604 7.0 3.0 90 
-2.224213234583537 0.001 0.0009 0.9999846067031225 1e-05 1e-05 0.9999702286720276 2e-05 2e-05 4.510515020688374 0.09 0.09 91 
-1.517947031656901 0.2 0.1 0.9879671106735866 0.008 0.01 0.7828066974878312 0.1 0.3 5.028803304831187 4.0 2.0 92 
-2.2246272945404053 0.0006 0.0006 0.9999880274136861 1e-05 1e-05 0.9999703222513199 2e-05 2e-05 4.51091768582662 0.09 0.08 93 
-2.2246606572469076 0.0006 0.0006 0.9999895344177882 9e-06 1e-05 0.9999708046515783 2e-05 2e-05 4.51092021783193 0.08 0.08 94 
-2.2237674713134767 0.0009 0.0008 0.999977090160052 1e-05 1e-05 0.9999568722645442 2e-05 3e-05 4.5099145714441935 0.1 0.1 95 
-2.055793851216634 0.1 0.05 0.998664444287618 0.0009 0.002 0.9964124590158463 0.0003 0.0003 4.422694095770518 0.6 0.6 96 
-2.224622433980306 0.0007 0.0006 0.9999912482500076 7e-06 8e-06 0.9999708300828933 2e-05 2e-05 4.5109027481079105 0.09 0.09 97 
-2.2247289276123046 0.002 0.001 0.9999907060464224 7e-06 2e-05 0.9999760605891546 1e-05 2e-05 4.511145985921224 0.1 0.1 98 
-2.2253455193837484 0.0009 0.0005 0.9999927341938019 4e-06 5e-06 0.999982659816742 9e-06 2e-05 4.5116407044728595 0.08 0.08 99 
-2.225051644643148 0.001 0.0008 0.9999888879060745 7e-06 1e-05 0.9999835391839346 1e-05 2e-05 4.511443206469218 0.09 0.08 100 
-2.2244978936513267 0.0009 0.0009 0.9999881293376287 1e-05 1e-05 0.999974281390508 2e-05 2e-05 4.511072718302409 0.09 0.09 101 
-2.2245436668395997 0.0007 0.0007 0.9999880303939184 1e-05 1e-05 0.9999729069073995 2e-05 2e-05 4.511122600237528 0.08 0.08 102 
-2.2244191551208496 0.0006 0.0006 0.9999847702185313 8e-06 8e-06 0.999968136548996 2e-05 3e-05 4.51082684357961 0.1 0.09 103 
-1.9084200223286947 0.03 0.02 0.9973406157890956 0.001 0.001 0.990627354780833 0.0009 0.001 4.347597676118215 1.0 1.0 104 
-1.5154547818501791 0.2 0.1 0.9881529098749161 0.007 0.008 0.8106817829608918 0.1 0.2 4.845635894934336 3.0 2.0 105 
-2.2244719505310058 0.0007 0.0007 0.9999882805347443 9e-06 1e-05 0.9999711710214615 2e-05 2e-05 4.51095004717509 0.09 0.09 106 
nan 107 
-2.2245822525024415 0.0007 0.0006 0.9999878064791361 9e-06 1e-05 0.9999712518850963 2e-05 2e-05 4.51089860757192 0.08 0.08 108 
nan 109 
-2.11105499903361 0.001 0.001 0.9994151316086451 0.0002 0.0002 0.9989980167150497 0.0002 0.0002 4.440710918108622 0.2 0.2 110 
-2.224828774134318 0.0007 0.0006 0.9999912192424139 6e-06 7e-06 0.9999793191750844 1e-05 1e-05 4.511190827687582 0.08 0.08 111 
-1.628770891825358 1.0 0.2 0.9915301918983459 0.005 0.01 0.8793458257118861 0.08 0.3 4.599750552972158 4.0 1.0 112 
-2.076949364344279 0.02 0.02 0.9996072860558828 2e-05 2e-05 0.9946844025452932 0.0003 0.0003 4.371626340548198 0.3 0.3 113 
-2.2246404107411704 0.0006 0.0006 0.9999871265888214 1e-05 1e-05 0.9999702368179957 2e-05 3e-05 4.510990700721741 0.09 0.08 114 
-2.027696142196655 0.4 0.08 0.9978714990615845 0.001 0.007 0.9954444621006647 0.0005 0.001 4.404994336764018 1.0 1.0 115 
-2.2248949909210207 0.0007 0.0006 0.9999894964694976 7e-06 8e-06 0.9999783422549565 2e-05 2e-05 4.511118351618449 0.07 0.07 116 
-2.225066022872925 0.001 0.0009 0.9999912023544312 8e-06 1e-05 0.9999902047713598 4e-06 4e-06 4.511099389394125 0.08 0.08 117 
-2.2248555183410645 0.001 0.0008 0.9999891704320908 9e-06 1e-05 0.999981801311175 1e-05 1e-05 4.51135290145874 0.08 0.08 118 
-2.2255533123016358 0.0007 0.0006 0.9999915611743927 5e-06 6e-06 0.9999867884318033 1e-05 3e-05 4.511771621704102 0.1 0.1 119 
-2.225375239054362 0.001 0.0007 0.9999914836883544 6e-06 1e-05 0.9999847433964412 8e-06 1e-05 4.511463794708252 0.08 0.08 120 
-2.224335962931315 0.0007 0.0007 0.9999867047866186 9e-06 9e-06 0.9999680205186208 2e-05 2e-05 4.510958312352498 0.1 0.09 121 
-2.224510456720988 0.0006 0.0005 0.9999901513258617 8e-06 9e-06 0.9999689439932505 2e-05 3e-05 4.511295970280965 0.09 0.09 122 
-2.22428555170695 0.0007 0.0007 0.9999852575858434 9e-06 9e-06 0.9999675114949544 2e-05 2e-05 4.510986771583557 0.1 0.1 123 
-2.2242167377471924 0.0008 0.0007 0.9999844068288803 1e-05 1e-05 0.9999658711751302 2e-05 3e-05 4.511057341893514 0.09 0.09 124 
-1.5335012658437093 0.4 0.1 0.9887152870496114 0.006 0.01 0.8497994623581568 0.08 0.5 4.641117411454519 6.0 2.0 125 
-2.2245203844706216 0.0006 0.0006 0.9999892228841781 9e-06 1e-05 0.9999705652395884 2e-05 3e-05 4.510935282707214 0.09 0.09 126 
-1.5218536694844564 0.2 0.1 0.9880364046494166 0.008 0.01 0.8058946301539739 0.1 0.3 4.893772256374359 4.0 3.0 127 
-2.1384492619832356 0.2 0.06 0.9997859088579814 0.0001 0.0004 0.9977159204085668 0.0007 0.004 4.482582279046377 2.0 2.0 128 
-2.2243123467763266 0.0007 0.0006 0.9999869239330291 8e-06 9e-06 0.9999683235088984 2e-05 2e-05 4.510577561060588 0.1 0.1 129 
-1.4849745241800945 0.7 0.2 0.9826468954483668 0.01 0.05 0.7343305854996045 0.2 0.4 5.52648095925649 10.0 3.0 130 
-1.5179381815592448 0.2 0.1 0.9882387157281239 0.007 0.007 0.8178142507870992 0.1 0.2 4.805278321901957 3.0 2.0 131 
-2.2248114267985026 0.0009 0.0007 0.9999902709325155 8e-06 9e-06 0.9999827955166499 1e-05 1e-05 4.511259554227193 0.08 0.08 132 
-2.224575392405192 0.0007 0.0007 0.9999874550104141 1e-05 1e-05 0.9999714521567027 2e-05 2e-05 4.510777133305868 0.08 0.08 133 
-1.5210337924957276 0.2 0.1 0.9873974982897441 0.009 0.01 0.7779831691582998 0.1 0.3 5.050978461901347 4.0 2.0 134 
-2.2243844350179036 0.0007 0.0007 0.9999870751301447 9e-06 9e-06 0.9999693141380945 2e-05 2e-05 4.511066824595133 0.09 0.09 135 
-2.0288004080454507 0.1 0.07 0.9990476204951604 0.0004 0.0005 0.9932840216159821 0.003 0.005 4.411771807670593 2.0 2.0 136 
-1.6266833432515462 0.04 0.03 0.9918315660953522 0.004 0.005 0.9052718849976857 0.06 0.06 4.467686077753703 2.0 2.0 137 
-2.2249426555633547 0.0007 0.0006 0.9999907706181208 6e-06 7e-06 0.9999805676937104 1e-05 1e-05 4.511502358118693 0.08 0.08 138 
-2.224605563481649 0.0007 0.0006 0.9999885402123133 8e-06 9e-06 0.9999757840236028 2e-05 2e-05 4.511025935808817 0.09 0.08 139 
-1.602709862391154 0.1 0.08 0.9900572832425435 0.003 0.002 0.9679499783118566 0.02 0.02 4.280978336334228 3.0 2.0 140 
-2.2244394207000733 0.0007 0.0007 0.9999872694412867 1e-05 1e-05 0.9999689229329427 2e-05 3e-05 4.511094703674316 0.09 0.09 141 
-2.2249093087514242 0.0009 0.0007 0.9999893548091253 8e-06 9e-06 0.9999801582098007 1e-05 1e-05 4.511371231079101 0.08 0.08 142 
-2.1529273827870687 0.07 0.04 0.9998475784063339 6e-05 9e-05 0.9986278929313024 0.0006 0.001 4.487282364368439 1.0 1.0 143 
-2.225084285736084 0.001 0.0008 0.9999930147329966 5e-06 7e-06 0.9999845510721207 7e-06 1e-05 4.5115709447860715 0.08 0.08 144 
-2.224767506917318 0.0005 0.0005 0.9999916118383407 7e-06 8e-06 0.9999686565001805 2e-05 3e-05 4.510925076802572 0.08 0.08 145 
-1.5147006098429363 0.2 0.1 0.9880616996685664 0.007 0.009 0.7935162641604742 0.1 0.3 4.937119455337524 2.0 2.0 146 
-2.2244996198018394 0.0007 0.0007 0.9999869553248087 1e-05 1e-05 0.9999714847405752 2e-05 2e-05 4.510797570546468 0.09 0.09 147 
-2.224846248626709 0.0006 0.0005 0.9999913112322489 7e-06 8e-06 0.9999723078807196 2e-05 2e-05 4.511001973152161 0.07 0.07 148 
-2.2241266441345213 0.0008 0.0007 0.9999865760405858 9e-06 1e-05 0.9999658864736557 2e-05 3e-05 4.510977541605632 0.1 0.1 149 
