-2.22597456296285 0.0002 9e-05 0.9999854332208633 2e-06 2e-06 0.9999966929356258 4e-07 4e-07 4.512838317553203 0.08 0.08 0 
9.199813234772591e-07 1 
-2.222163470586141 0.002 0.002 0.9999524720509847 2e-05 3e-05 0.9999531046549479 4e-05 0.0002 4.5114000209172564 0.1 0.1 2 
-2.22584410349528 6e-05 8e-05 0.9999878931045533 2e-06 2e-06 0.9999970177809397 4e-07 4e-07 4.5126693884531655 0.09 0.09 3 
-2.2258230368296306 0.03 0.0005 0.9999806702136993 6e-06 2e-05 0.9999972887833913 1e-06 3e-06 4.513353870709737 0.1 0.1 4 
9.200737849823781e-07 5 
-2.2245905526479084 0.002 0.0006 0.9999858876069386 4e-06 6e-06 0.9999884512027105 9e-06 2e-05 4.51196950117747 0.1 0.1 6 
9.199536748383252e-07 7 
9.19996000448009e-07 8 
9.199622809319407e-07 9 
-2.225676358540853 5e-05 5e-05 0.9999774777889252 3e-06 3e-06 0.999996910293897 3e-07 3e-07 4.513158564567566 0.1 0.1 10 
-2.2219866561889647 0.002 0.001 0.9999681609869003 9e-06 2e-05 0.9998543294270833 0.0001 0.0002 4.51049123287201 0.1 0.1 11 
9.201601301356277e-07 12 
126.09572143554688 13 
-2.2258421103159587 5e-05 7e-05 0.9999902502695719 2e-06 1e-06 0.9999978335698446 4e-07 5e-07 4.512548429171244 0.09 0.09 14 
2603.60966796875 15 
9.1936743729093e-07 16 
9.199175337926136e-07 17 
9.199818009619776e-07 18 
9.200340059578594e-07 19 
-2.226125415166219 0.0002 0.0001 0.9999944716691971 1e-06 2e-06 0.9999984536568324 4e-07 5e-07 4.512611482938131 0.08 0.08 20 
-2.2211456457773844 0.007 0.003 0.9999686821301779 2e-05 6e-05 0.9999268501996994 7e-05 0.0002 4.509707851409912 0.2 0.2 21 
97797.95571341604 100000.0 100000.0 0.9999647526513963 1e-05 4e-06 0.99998710836683 5e-06 2e-06 4.509163820175898 0.07 0.07 22 
9.199299029205577e-07 23 
-2.2260511302948 3e-05 3e-05 0.9999868736664455 1e-06 1e-06 0.9999974572658539 2e-07 3e-07 4.512718013127645 0.07 0.07 24 
-2.2260044479370116 3e-05 3e-05 0.9999846901496251 1e-06 1e-06 0.9999975695212682 2e-07 3e-07 4.512707463900248 0.08 0.08 25 
-2.2241351890563963 0.003 0.002 0.9999652429421743 1e-05 3e-05 0.999976564447085 2e-05 0.0002 4.512081208229065 0.1 0.1 26 
-2.2227218532562256 0.005 0.002 0.9999620081981023 1e-05 3e-05 0.9999670628706614 3e-05 0.0002 4.511013914744059 0.1 0.1 27 
9.199527994496748e-07 28 
-2.2258748785654703 4e-05 5e-05 0.9999903974930445 2e-06 2e-06 0.9999979168176651 4e-07 3e-07 4.5124829467137655 0.09 0.09 29 
-2.222823305130005 0.003 0.002 0.9999659236272176 1e-05 2e-05 0.9999594227472941 3e-05 0.0001 4.511458045641581 0.1 0.1 30 
9.199819942296017e-07 31 
-2.2260000546773275 5e-05 5e-05 0.999982719818751 4e-06 6e-06 0.9999951841433843 2e-06 3e-06 4.512924003601074 0.08 0.08 32 
-2.226049550374349 2e-05 3e-05 0.999991107583046 2e-06 2e-06 0.99999784608682 5e-07 2e-06 4.5125533358256025 0.08 0.08 33 
9.200082331517478e-07 34 
-2.223311491012573 0.004 0.002 0.9999690159161886 1e-05 2e-05 0.9999702040354411 3e-05 0.0002 4.51158775806427 0.1 0.1 35 
9.202480896419729e-07 36 
-2.225729335149129 2e-05 2e-05 0.9999759074052175 3e-06 3e-06 0.9999953321615855 6e-07 6e-07 4.51334069887797 0.1 0.1 37 
9.203564786730567e-07 38 
9.199186706609908e-07 39 
9.200389968100353e-07 40 
-2.2239406617482502 0.002 0.001 0.9999891904989878 5e-06 1e-05 0.9999398022890091 6e-05 0.0002 4.511219871838888 0.1 0.1 41 
-2.2223542722066245 0.003 0.002 0.9999714008967082 1e-05 1e-05 0.9998645748694738 7e-05 0.0002 4.509958187739055 0.1 0.1 42 
9.200247745866363e-07 43 
9.200385989061032e-07 44 
9.193744517688174e-07 45 
-2.22225310643514 0.005 0.003 0.9999676607052486 2e-05 4e-05 0.9999494588375092 5e-05 0.0002 4.510788550376892 0.2 0.2 46 
9.200149179378059e-07 47 
9.199407145388249e-07 48 
9.199900318890287e-07 49 
9.199632472700614e-07 50 
-2.2260472202301025 0.0001 0.0001 0.9999863608678182 4e-06 4e-06 0.9999969047307968 2e-06 1e-06 4.512524840037028 0.07 0.07 51 
-2.221552578608195 0.003 0.002 0.9999762723843256 1e-05 2e-05 0.9998713737726211 0.0001 0.0002 4.509616626103719 0.2 0.2 52 
-2.222209014892578 0.003 0.002 0.9999534352620443 2e-05 3e-05 0.9999598813056946 4e-05 0.0001 4.511663967768351 0.1 0.1 53 
9.199482406074821e-07 54 
-2.221521511077881 0.003 0.003 0.9999751323461532 1e-05 2e-05 0.9999265060822169 7e-05 0.0001 4.509848628044129 0.1 0.1 55 
-2.2220240942637126 0.005 0.002 0.9999731884400049 1e-05 2e-05 0.9999431222677231 5e-05 0.0002 4.510481476783752 0.1 0.1 56 
-2.225981340408325 3e-05 3e-05 0.999989627401034 2e-06 2e-06 0.9999975615739822 4e-07 5e-07 4.512657546997071 0.08 0.08 57 
9.200294016409316e-07 58 
-2.225519755681356 0.002 0.0003 0.9999799986680349 4e-06 6e-06 0.9999957609176636 7e-07 2e-06 4.512810214360555 0.1 0.1 59 
9.19948649880098e-07 60 
-2.223662125269572 0.004 0.002 0.9999768149852752 1e-05 2e-05 0.9999740322430929 2e-05 5e-05 4.511836969057719 0.1 0.1 61 
-2.2256505648295084 0.004 0.0008 0.9999924590190251 5e-06 2e-05 0.9999956711133321 4e-06 4e-05 4.512313815752665 0.1 0.1 62 
9.203786930811475e-07 63 
9.203774652633001e-07 64 
-2.226124849319458 0.0009 0.0001 0.9999914654095967 2e-06 2e-06 0.9999981929858526 4e-07 1e-06 4.512652074495952 0.07 0.07 65 
9.200487625093956e-07 66 
9.199801183967793e-07 67 
-2.2220530478159586 0.007 0.003 0.9999772135416667 1e-05 4e-05 0.999938178062439 6e-05 0.0001 4.5101599740982055 0.1 0.1 68 
9.203616059494379e-07 69 
9.201480111187266e-07 70 
9.199649866786785e-07 71 
-2.2237534364064535 0.003 0.001 0.9999772846698761 7e-06 1e-05 0.9999764982859294 2e-05 0.0002 4.5116848421096805 0.1 0.1 72 
9.199447958962992e-07 73 
-2.223538621266683 0.003 0.002 0.9999836313724518 7e-06 1e-05 0.9999737141529719 2e-05 0.0002 4.5114471689860025 0.1 0.1 74 
-2.2235505326588947 0.003 0.002 0.9999812859296798 1e-05 2e-05 0.9999719721078872 3e-05 0.0001 4.511369291941325 0.1 0.1 75 
9.199529472425638e-07 76 
-2.225660177866618 0.0002 0.0001 0.9999814593791961 4e-06 5e-06 0.9999956844250361 1e-06 2e-06 4.513074855804444 0.1 0.1 77 
9.200767522088427e-07 78 
-2.2246598466237386 0.002 0.0009 0.9999854147434235 7e-06 1e-05 0.9999857139587403 1e-05 2e-05 4.5120693890253705 0.1 0.1 79 
9.19941510346689e-07 80 
9.199746386912011e-07 81 
-2.2227448813120523 0.003 0.002 0.9999717173973719 1e-05 2e-05 0.9999571998914083 4e-05 0.0001 4.511377104123434 0.1 0.1 82 
9.202505339089839e-07 83 
9.20041657082038e-07 84 
9.199586088470824e-07 85 
9.19951139621844e-07 86 
-2.225996659596761 0.0002 9e-05 0.9999920747677485 2e-06 2e-06 0.9999973807732264 7e-07 1e-06 4.512566800117493 0.08 0.08 87 
9.199606665788451e-07 88 
9.199122587233432e-07 89 
-2.222378724416097 0.002 0.002 0.9999512612819672 2e-05 3e-05 0.9999595449368159 4e-05 0.0002 4.511632787386576 0.1 0.1 90 
9.203598551721371e-07 91 
9.196935593536181e-07 92 
9.200294812217181e-07 93 
9.199084843203309e-07 94 
9.20390493774903e-07 95 
-2.224785057703654 0.001 0.0006 0.9999869344631831 5e-06 7e-06 0.9999893124898275 9e-06 1e-05 4.5119734462102254 0.09 0.09 96 
-2.2231422678629555 0.003 0.002 0.9999775908390681 1e-05 3e-05 0.999964695374171 3e-05 0.0001 4.51132846514384 0.1 0.1 97 
-2.225588893890381 0.0003 0.0002 0.9999900285402934 4e-06 5e-06 0.9999967906872431 1e-06 2e-06 4.512620514233907 0.1 0.1 98 
-2.225784320831299 5e-05 6e-05 0.9999883349736531 2e-06 2e-06 0.99999656021595 5e-07 6e-07 4.512895096143087 0.09 0.09 99 
9.196306677949906e-07 100 
-2.2220272572835285 0.005 0.003 0.999970223903656 1e-05 3e-05 0.9999407953023911 5e-05 0.0001 4.510685722033183 0.1 0.2 101 
-2.225324716567993 0.0003 0.0001 0.9999843515952428 3e-06 4e-06 0.9999961829185486 5e-07 5e-07 4.512813833554586 0.1 0.1 102 
122.74196166992188 103 
-2.225797697703044 4e-05 6e-05 0.9999884343147278 2e-06 2e-06 0.9999972822268804 4e-07 4e-07 4.512678662935893 0.09 0.09 104 
9.19959029488382e-07 105 
-2.2241330401102704 0.003 0.002 0.9999825924634933 1e-05 7e-05 0.9999793328841527 2e-05 5e-05 4.511573972702027 0.1 0.1 106 
9.203538638757891e-07 107 
-2.2258517011006673 3e-05 3e-05 0.9999746529261271 2e-06 2e-06 0.9999968101580937 3e-07 3e-07 4.513170069058736 0.09 0.09 108 
-2.225790630976359 0.0005 0.0002 0.9999884490172068 2e-06 3e-06 0.9999972528219223 6e-07 1e-06 4.5125768105189 0.09 0.09 109 
-2.2199377663930258 0.006 0.003 0.9999570798873901 1e-05 4e-05 0.9998041339715322 0.0002 0.0005 4.510060232480367 0.2 0.2 110 
9.19939418508875e-07 111 
-2.2259912808736164 0.005 0.0003 0.9999876109759013 3e-06 7e-06 0.9999972921609879 7e-07 5e-06 4.512744681040446 0.08 0.09 112 
-2.2217398484547934 0.004 0.002 0.9999711219469706 1e-05 3e-05 0.9998533763488133 0.0001 0.0003 4.508589091300965 0.1 0.1 113 
9.201210332321353e-07 114 
-2.224099257787069 0.002 0.001 0.9999750036001206 2e-05 2e-05 0.9999536349376043 4e-05 0.0001 4.511559136708578 0.1 0.1 115 
-2.2226155630747475 0.002 0.002 0.9999508766333262 3e-05 6e-05 0.9999503680070241 4e-05 6e-05 4.511556770006815 0.2 0.2 116 
9.199803685078223e-07 117 
9.199496616929536e-07 118 
9.199761393574591e-07 119 
-2.222807076772054 0.005 0.002 0.9999691931406657 2e-05 5e-05 0.9999573447306951 4e-05 0.0002 4.510840576489766 0.1 0.1 120 
9.200302429235307e-07 121 
-2.2239061705271403 0.003 0.001 0.9999858017762502 6e-06 1e-05 0.9999794751405716 2e-05 0.0001 4.511402765909831 0.1 0.1 122 
287.8885437011719 123 
9.200936347042443e-07 124 
9.203646072819538e-07 125 
-2.22285940806071 0.003 0.002 0.9999726988871892 1e-05 2e-05 0.9999613024791082 4e-05 0.0001 4.510851106643677 0.1 0.1 126 
9.203411650560156e-07 127 
-2.22583020846049 0.0001 0.0001 0.9999865843852361 3e-06 4e-06 0.9999966484308243 1e-06 1e-06 4.512718095779419 0.09 0.09 128 
9.200048225466162e-07 129 
-2.225409854253133 0.0002 0.0001 0.999968237876892 6e-06 1e-05 0.9999857644240061 3e-06 4e-06 4.512763223648071 0.09 0.09 130 
9.199154874295346e-07 131 
9.199183523378452e-07 132 
9.199730925502081e-07 133 
-2.225940415064494 0.0002 0.0001 0.999989064335823 2e-06 2e-06 0.999997525215149 4e-07 7e-07 4.512706402142842 0.09 0.09 134 
9.203335366692045e-07 135 
9.199742294185854e-07 136 
-2.2217116673787434 0.005 0.002 0.999962351123492 1e-05 3e-05 0.9999451317389806 5e-05 0.0002 4.510893505414327 0.1 0.1 137 
-2.225914405186971 3e-05 3e-05 0.9999866859118144 2e-06 2e-06 0.9999975089232127 3e-07 3e-07 4.512763484319051 0.08 0.08 138 
-2.2224676545461017 0.004 0.002 0.9999466381470362 2e-05 3e-05 0.9999636487166087 3e-05 0.0002 4.511800325711568 0.1 0.1 139 
-2.2244205220540363 0.002 0.0007 0.9999735470612844 6e-06 9e-06 0.9999856819709142 1e-05 3e-05 4.51224517027537 0.1 0.1 140 
-2.225807800292969 7e-05 5e-05 0.9999769030014674 3e-06 4e-06 0.9999961233139039 5e-07 8e-07 4.51313810189565 0.1 0.1 141 
-2.2259259192148844 3e-05 3e-05 0.9999872038761775 2e-06 2e-06 0.9999967710177103 8e-07 9e-07 4.512871090571085 0.08 0.08 142 
9.199235364576452e-07 143 
-2.226103967030843 8e-05 0.0001 0.9999919323126475 2e-06 2e-06 0.9999976213773092 1e-06 1e-06 4.5124229097366335 0.07 0.07 144 
9.20057277653541e-07 145 
-2.223595873514811 0.003 0.001 0.9999781606594721 9e-06 2e-05 0.9999759465456008 2e-05 0.0002 4.511537574132284 0.1 0.1 146 
9.200266731568263e-07 147 
-2.225924326578776 2e-05 3e-05 0.9999917405843735 1e-06 1e-06 0.9999956027666728 8e-07 7e-07 4.5126317087809245 0.08 0.08 148 
9.203622198583617e-07 149 
