-2.2261961110432944 6e-05 6e-05 0.9999979935089747 5e-07 9e-07 0.99999351978302 3e-06 4e-06 4.512164932886759 0.05 0.05 96 
-2.226204096476237 0.0001 0.0001 0.9999980499347051 8e-07 1e-06 0.9999954974651337 3e-06 6e-06 4.51217435836792 0.06 0.06 15 
-2.2262294165293377 0.0002 0.0001 0.9999982235829036 8e-07 2e-06 0.9999951259295146 3e-06 6e-06 4.512196501096089 0.06 0.06 20 
-2.2262198321024576 0.0002 0.0001 0.999998273452123 7e-07 2e-06 0.9999932871262233 3e-06 6e-06 4.512119698524475 0.06 0.06 1 
-2.226175759633382 0.0002 9e-05 0.999998242855072 7e-07 2e-06 0.9999922267595927 2e-06 4e-06 4.512119148572286 0.05 0.05 68 
-2.226178290049235 0.0002 0.0001 0.9999977759520213 9e-07 2e-06 0.9999931365251541 3e-06 7e-06 4.512231589953105 0.06 0.06 46 
-2.226180607477824 0.0002 0.0001 0.9999973374605179 8e-07 2e-06 0.9999949155251185 3e-06 7e-06 4.512304933865865 0.07 0.07 23 
-2.22619348526001 0.0001 8e-05 0.9999977177381516 6e-07 1e-06 0.9999930985768636 3e-06 5e-06 4.51217282295227 0.06 0.06 45 
-2.226149524052938 0.0004 0.0002 0.9999982623259226 1e-06 3e-06 0.9999922726551692 3e-06 5e-06 4.51221080938975 0.06 0.06 38 
-2.2261482079823813 0.0002 0.0001 0.9999974519014359 8e-07 1e-06 0.9999958336353302 3e-06 7e-06 4.512121454874674 0.06 0.06 56 
-2.22617205619812 4e-06 5e-06 0.9999980582793554 3e-07 1e-07 0.9999914852778117 3e-07 2e-07 4.5121036211649574 0.04 0.04 85 
-2.226225420633952 0.0001 0.0001 0.9999980602661769 6e-07 1e-06 0.9999948537349701 3e-06 6e-06 4.5121671517690025 0.06 0.06 91 
-2.226247164408366 0.0002 0.0001 0.999998121658961 6e-07 1e-06 0.9999957124392191 3e-06 8e-06 4.512154021263123 0.06 0.06 90 
-2.226195650100708 0.0004 0.0002 0.9999981635808944 6e-07 1e-06 0.9999945161739985 4e-06 1e-05 4.512261145909627 0.07 0.07 17 
-2.226212724049886 0.0002 0.0001 0.9999985204140345 9e-07 2e-06 0.9999927840630214 3e-06 5e-06 4.512100798288981 0.05 0.05 10 
-2.226226603190104 0.0002 0.0001 0.9999980686108271 7e-07 1e-06 0.9999957664807637 3e-06 7e-06 4.512187074025472 0.06 0.06 81 
-2.2262598927815755 0.0004 0.0002 0.9999984526634216 7e-07 1e-06 0.9999963492155075 3e-06 1e-05 4.512131967544556 0.07 0.07 7 
-2.2262202231089274 0.0002 0.0001 0.9999983284870784 7e-07 1e-06 0.9999938521782558 3e-06 6e-06 4.512166396776835 0.05 0.05 33 
-2.2262174606323244 0.0003 0.0001 0.9999980841080348 8e-07 2e-06 0.9999956864118577 2e-06 5e-06 4.5121422306696575 0.06 0.06 52 
-2.226200294494629 0.0002 0.0001 0.9999979911247889 8e-07 2e-06 0.9999957501888275 3e-06 7e-06 4.512098916371664 0.07 0.07 12 
