-2.2255401611328125 0.004 0.001 0.9999831155935923 1e-05 4e-05 0.9999977095921835 2e-06 4e-06 4.511919860839844 0.06 0.07 4 
-2.226136376063029 5e-05 5e-05 0.9999752569198609 8e-07 8e-07 0.9999967000881831 2e-07 3e-07 4.512694161732991 0.06 0.06 5 
-2.2261708545684815 1e-05 1e-05 0.9999749690294266 7e-07 7e-07 0.9999966184298198 5e-07 6e-07 4.512874512672425 0.06 0.06 6 
-2.225097510019938 0.005 0.001 0.9999584766228994 2e-05 3e-05 0.9999961390097936 2e-06 5e-06 4.5121255381902055 0.08 0.08 18 
-2.2213516998291016 0.005 0.002 0.9999625496069591 1e-05 0.0001 0.9997864542404811 0.0002 0.0002 4.508380676905314 0.09 0.08 25 
-2.2262444496154785 2e-05 2e-05 0.9999789812167486 7e-07 6e-07 0.9999967676401138 3e-07 3e-07 4.512697399457296 0.05 0.05 26 
-2.2264159615834553 2e-06 3e-06 0.9999938660860062 3e-07 3e-07 0.9999977393945059 2e-07 2e-07 4.512470467885335 0.03 0.03 34 
-2.225234336853027 0.003 0.001 0.9999476408958435 2e-05 3e-05 0.9999950500329335 2e-06 4e-06 4.512738060951233 0.09 0.09 38 
-2.225064843495687 0.004 0.001 0.9999538938204448 1e-05 2e-05 0.9999957722425461 2e-06 5e-06 4.5124565744400025 0.08 0.08 43 
-2.2251476033528648 0.04 0.001 0.9999786347150803 2e-05 0.0005 0.999981376727422 2e-05 0.0006 4.512208177248637 0.1 0.09 45 
-2.225390526453654 0.09 0.001 0.9999791745344798 2e-05 0.0003 0.9999911606311798 8e-06 0.002 4.512033818562825 0.1 0.1 54 
-2.220385093688965 0.006 0.003 0.999966681599617 2e-05 3e-05 0.9998248189687728 7e-05 8e-05 4.509722569783529 0.09 0.09 56 
-2.2253210735321045 0.001 0.0006 0.9999502114454906 2e-05 3e-05 0.9999979076782862 1e-06 1e-06 4.511794732411702 0.03 0.03 67 
-2.225937728881836 0.0002 0.0002 0.9999735053380331 2e-06 1e-06 0.999997682372729 8e-07 2e-06 4.512452901204427 0.05 0.05 71 
-2.220566682815552 0.005 0.002 0.999973308245341 1e-05 2e-05 0.9999227148294448 6e-05 0.0003 4.508954555193583 0.09 0.09 95 
-2.225257844924927 0.004 0.001 0.9999699278672536 1e-05 2e-05 0.9999955401817957 3e-06 5e-06 4.512278377215067 0.08 0.08 97 
-2.226305154164632 5e-06 4e-06 0.9999754172563553 6e-07 7e-07 0.9999967702229817 2e-07 3e-07 4.5127552763621015 0.05 0.05 98 
