-2.2260617129007976 0.0005 0.0002 0.9999862974882125 7e-06 1e-05 0.9999943681557973 4e-06 1e-05 4.5122527424494425 0.07 0.05 148 
-2.22616099357605 0.0004 0.0002 0.9999955862760543 3e-06 6e-06 0.9999970068534215 2e-06 6e-06 4.51115735689799 0.04 0.03 59 
-2.225652271906535 0.002 0.0005 0.9999561882019044 1e-05 4e-05 0.9999863666296005 1e-05 3e-05 4.513022699356079 0.07 0.06 92 
-2.2260888131459553 0.0009 0.0002 0.9999859227736791 5e-06 2e-05 0.9999972528219223 1e-06 3e-06 4.513917841911316 0.04 0.04 91 
-2.2232077725728354 0.002 0.001 0.9993600209554037 0.0001 0.0002 0.9999817740917206 1e-05 3e-05 4.543712754249572 0.03 0.03 121 
-2.2244485918680827 0.004 0.002 0.9999031138420105 1e-05 2e-05 0.9999880518515905 1e-05 3e-05 4.515843143463135 0.05 0.05 34 
-2.220466340382894 0.009 0.005 0.9998474317789078 4e-05 0.0001 0.9999396965901057 5e-05 0.0002 4.516651714642842 0.1 0.1 141 
-2.226257626215617 0.0004 9e-05 0.9999943941831588 4e-06 2e-05 0.9999981619914373 1e-06 3e-06 4.51207555770874 0.04 0.04 28 
-2.223462432225545 0.005 0.002 0.9998244176308314 0.0001 0.0002 0.999928686618805 6e-05 0.0001 4.516280522346497 0.1 0.1 5 
-2.225932420094808 0.0007 0.0005 0.9999635068575541 3e-05 5e-05 0.9999906126658121 8e-06 2e-05 4.512482035954793 0.04 0.04 69 
-2.2228660138448078 0.02 0.003 0.9999797310431798 1e-05 8e-05 0.9999399719635645 5e-05 0.0003 4.509858700434367 0.1 0.1 64 
-2.2258422660827635 0.0009 0.0004 0.9999764996767044 2e-05 3e-05 0.9999966275691986 3e-06 8e-06 4.512228361765543 0.06 0.07 128 
-2.2262624422709147 0.0005 0.0001 0.9999968645970027 2e-06 1e-05 0.9999987608194352 1e-06 6e-06 4.51219731648763 0.04 0.04 38 
-2.2260432688395184 0.0007 0.0004 0.9999929066499075 3e-06 9e-06 0.9999916462103525 7e-06 1e-05 4.513189770380656 0.04 0.03 43 
-2.2262136141459146 0.0006 0.0003 0.9999939594666163 3e-06 7e-06 0.9999921723206838 7e-06 2e-05 4.512412714958191 0.04 0.04 90 
-2.2260029379526776 0.001 0.0003 0.9999687427282333 3e-06 1e-05 0.9999956671396891 2e-06 5e-06 4.512883081436157 0.04 0.05 113 
-2.220556936264038 0.009 0.005 0.9998323329289754 0.0001 0.0004 0.9999474128087361 5e-05 0.0002 4.513976114590963 0.2 0.2 32 
-2.222531274159749 0.008 0.003 0.9998299129803976 3e-05 5e-05 0.999974651535352 2e-05 3e-05 4.521762698491415 0.07 0.07 120 
-2.2257715479532876 0.0004 0.0002 0.9999041217565536 1e-06 2e-06 0.999971234202385 8e-06 2e-05 4.5142790253957115 0.03 0.03 0 
-2.226336711247762 0.0002 9e-05 0.9999835364023845 7e-06 9e-06 0.9999971862634023 1e-06 3e-06 4.512125039100647 0.04 0.04 17 
