-2.2260948753356935 0.0003 0.0002 0.9999967952569325 7e-07 1e-06 0.9999938408533732 3e-06 8e-06 4.512340359687805 0.07 0.07 0 
-2.226139376958211 0.0002 0.0001 0.99999780356884 1e-06 2e-06 0.9999908985694249 3e-06 5e-06 4.51225705464681 0.05 0.05 1 
-2.2261926809946697 0.0003 0.0001 0.9999977614482244 8e-07 2e-06 0.9999949018160502 3e-06 9e-06 4.51227174282074 0.07 0.07 2 
-2.226142978668213 0.0005 0.0002 0.9999971308310827 2e-06 4e-06 0.9999953711032867 3e-06 9e-06 4.512302961349487 0.06 0.06 3 
-2.2261917146046954 0.0008 0.0002 0.9999978756904602 1e-06 2e-06 0.9999960801998774 3e-06 2e-05 4.5122908004124955 0.09 0.08 4 
-2.2260573959350585 0.0008 0.0003 0.9999966959158579 2e-06 3e-06 0.9999945749839146 3e-06 1e-05 4.512339245478312 0.08 0.08 5 
-2.226139094034831 0.0001 9e-05 0.999997755686442 9e-07 1e-06 0.9999898272752762 3e-06 5e-06 4.512218136787414 0.05 0.05 6 
-2.2261291694641114 0.0004 0.0002 0.9999964954455693 9e-07 1e-06 0.9999955664078395 3e-06 1e-05 4.512300041516622 0.07 0.07 7 
-2.226060129801432 0.0006 0.0003 0.9999964012702306 2e-06 4e-06 0.9999945352474848 4e-06 1e-05 4.512427825927734 0.07 0.07 8 
-2.226191514333089 0.0002 0.0001 0.999997952580452 7e-07 1e-06 0.9999946665763855 3e-06 7e-06 4.512195183436076 0.06 0.06 9 
-2.2261393229166666 0.0002 0.0001 0.9999979337056478 9e-07 2e-06 0.9999923793474833 3e-06 5e-06 4.512215805053711 0.05 0.05 10 
-2.226157191594442 0.0002 0.0001 0.9999976507822672 1e-06 2e-06 0.9999932398398718 3e-06 6e-06 4.512327351570129 0.06 0.06 11 
-2.2261490058898925 9e-05 8e-05 0.9999976901213328 8e-07 1e-06 0.9999923769632976 3e-06 5e-06 4.512288066546122 0.05 0.05 12 
-2.226125529607137 0.0004 0.0002 0.9999970726172129 7e-07 1e-06 0.999995839993159 3e-06 1e-05 4.512288672129313 0.07 0.07 13 
-2.22613761583964 0.0003 0.0002 0.9999970851341883 8e-07 1e-06 0.9999957863489787 3e-06 1e-05 4.512396966616313 0.07 0.07 14 
-2.226218436559041 0.0006 0.0002 0.9999980455636979 8e-07 1e-06 0.9999963533878327 3e-06 1e-05 4.512299008369446 0.08 0.07 15 
-2.2262200864156085 0.0004 0.0002 0.9999980705976487 7e-07 1e-06 0.9999958153565724 3e-06 1e-05 4.512163014411926 0.06 0.07 16 
-2.226162109375 0.0002 0.0001 0.9999975206454595 9e-07 2e-06 0.9999946635961533 3e-06 7e-06 4.51232762336731 0.06 0.06 17 
-2.2261388015747072 5e-06 5e-06 0.999997776945432 3e-07 3e-07 0.9999888908863067 2e-07 2e-07 4.512216590245565 0.03 0.03 18 
-2.22615470568339 0.0003 0.0002 0.999997771581014 9e-07 2e-06 0.999991553624471 4e-06 1e-05 4.512292308807373 0.06 0.06 19 
-2.2260938549041747 0.0004 0.0002 0.9999967108170191 8e-07 1e-06 0.9999950752655665 3e-06 1e-05 4.5123100137710574 0.07 0.07 20 
-2.226154638926188 0.0002 0.0001 0.9999978943665823 9e-07 2e-06 0.9999920060237248 3e-06 5e-06 4.512195995648702 0.05 0.05 21 
-2.2260442320505778 6e-06 5e-06 0.9999969420830409 4e-07 3e-07 0.9999862909317017 3e-07 3e-07 4.512295942306519 0.04 0.04 22 
-2.2261247126261394 0.0003 0.0002 0.9999970537424088 7e-07 1e-06 0.9999953337510427 3e-06 9e-06 4.512191203435262 0.07 0.07 23 
-2.2261484622955323 8e-05 7e-05 0.9999978593985239 8e-07 1e-06 0.9999914910395941 3e-06 4e-06 4.512212171554565 0.05 0.05 24 
-2.226145528157552 0.0004 0.0002 0.9999970706303914 9e-07 1e-06 0.9999955985943476 3e-06 1e-05 4.512344341278077 0.07 0.07 25 
-2.226148478190104 9e-05 8e-05 0.9999975482622783 8e-07 1e-06 0.9999922752380371 3e-06 5e-06 4.512301289240519 0.05 0.05 26 
-2.2261598459879557 0.0002 0.0001 0.9999973813692729 9e-07 1e-06 0.9999956522385279 3e-06 8e-06 4.512297352155049 0.06 0.06 27 
-2.22613870938619 0.0004 0.0002 0.9999971514940262 8e-07 1e-06 0.9999952220916748 3e-06 1e-05 4.512424696286519 0.07 0.07 28 
-2.226083863576253 8e-05 7e-05 0.9999973005056382 7e-07 9e-07 0.9999932386477788 2e-06 4e-06 4.51225044409434 0.05 0.05 29 
-2.226160929997762 0.0005 0.0002 0.9999981490770976 1e-06 4e-06 0.999993796547254 3e-06 5e-06 4.512194102605184 0.06 0.06 30 
-2.2261531925201417 0.0002 0.0001 0.9999980878829956 9e-07 2e-06 0.9999926459789276 3e-06 5e-06 4.512207355499267 0.05 0.05 31 
-2.2261885738372804 0.0003 0.0001 0.9999977272748947 8e-07 1e-06 0.9999958072106043 3e-06 9e-06 4.512181496620178 0.06 0.06 32 
-2.226146608988444 0.0001 0.0001 0.9999975889921189 1e-06 2e-06 0.9999904642502467 3e-06 6e-06 4.512244674364726 0.05 0.05 33 
-2.226222095489502 0.0008 0.0002 0.9999982047080994 1e-06 5e-06 0.9999961864948272 3e-06 8e-06 4.512250366210938 0.06 0.06 34 
-2.2261362648010254 5e-06 6e-06 0.9999977165460586 3e-07 3e-07 0.9999896975358328 2e-07 2e-07 4.512214824358622 0.03 0.03 35 
-2.226111714045207 0.0004 0.0002 0.9999970708290736 9e-07 1e-06 0.9999936002492905 3e-06 1e-05 4.512211833000183 0.07 0.07 36 
-2.2261368592580157 0.0003 0.0001 0.9999968202908834 9e-07 2e-06 0.9999929730097453 3e-06 9e-06 4.512469387054443 0.07 0.07 37 
-2.2260605462392173 0.0004 0.0002 0.9999964114030202 8e-07 1e-06 0.9999928512175877 3e-06 1e-05 4.512350509961446 0.07 0.07 38 
-2.2260990969340004 0.0004 0.0002 0.9999968316157659 8e-07 1e-06 0.9999949045976003 3e-06 1e-05 4.512379619280497 0.07 0.07 39 
-2.226123390197754 0.0004 0.0002 0.9999964211384456 8e-07 1e-06 0.9999954164028168 3e-06 1e-05 4.512382740974426 0.07 0.07 40 
-2.226204751332601 0.0008 0.0002 0.999997976620992 1e-06 1e-06 0.9999965510765711 3e-06 2e-05 4.5123042313257855 0.09 0.08 41 
-2.226140588124593 3e-05 3e-05 0.9999978695313135 6e-07 7e-07 0.9999919541676839 2e-06 3e-06 4.512204229036967 0.04 0.04 42 
-2.226134729385376 5e-06 4e-06 0.9999977385997773 2e-07 2e-07 0.999988788763682 2e-07 2e-07 4.512231125831604 0.03 0.03 43 
-2.226125078201294 4e-05 4e-05 0.9999977195262909 7e-07 9e-07 0.999991338054339 2e-06 3e-06 4.512239068349203 0.05 0.05 44 
-2.2261755434672037 0.0003 0.0002 0.9999977866808574 8e-07 1e-06 0.9999957120418549 3e-06 1e-05 4.512292447090149 0.07 0.07 45 
-2.226169589360555 0.0004 0.0002 0.9999974391857783 7e-07 1e-06 0.9999957132339478 3e-06 1e-05 4.512279728253683 0.07 0.07 46 
-2.2261399745941164 2e-05 2e-05 0.9999977113803228 6e-07 7e-07 0.9999903400739034 2e-06 3e-06 4.512242603302002 0.04 0.04 47 
-2.226186590194702 0.0004 0.0002 0.99999782204628 9e-07 2e-06 0.9999961958328882 3e-06 1e-05 4.5122404273351036 0.08 0.08 48 
-2.22623654683431 0.0005 0.0002 0.9999982768297195 7e-07 1e-06 0.9999965061744054 3e-06 1e-05 4.5122688213984175 0.07 0.07 49 
-2.2261228783925375 0.0002 0.0002 0.9999977837006251 1e-06 2e-06 0.9999926364421845 4e-06 9e-06 4.512208026250203 0.07 0.07 50 
-2.2261900742848715 0.0004 0.0002 0.9999978174765904 8e-07 1e-06 0.9999961066246033 3e-06 1e-05 4.512204934755961 0.07 0.07 51 
-2.2261467806498207 0.0006 0.0002 0.9999973287185033 9e-07 1e-06 0.9999955370028814 4e-06 2e-05 4.5123216374715165 0.08 0.08 52 
-2.2261195755004883 0.0005 0.0002 0.9999970179796219 9e-07 1e-06 0.9999945507446925 3e-06 1e-05 4.512369647026062 0.07 0.07 53 
-2.2261829471588133 0.0001 0.0001 0.9999980781475702 8e-07 2e-06 0.9999925343195597 3e-06 6e-06 4.512196521759034 0.05 0.05 54 
-2.226176045735677 0.0005 0.0002 0.9999975913763046 8e-07 1e-06 0.9999952681859334 3e-06 1e-05 4.512283436457316 0.08 0.08 55 
-2.226047903696696 0.0008 0.0003 0.9999964543183645 2e-06 3e-06 0.9999931695063909 3e-06 1e-05 4.512421876589457 0.08 0.08 56 
-2.2261335182189943 0.0001 8e-05 0.9999974844853083 9e-07 1e-06 0.9999917455514272 3e-06 5e-06 4.512305625279745 0.05 0.05 57 
-2.2261300627390543 2e-05 2e-05 0.9999977707862854 6e-07 6e-07 0.9999907130002975 2e-06 2e-06 4.512219010988871 0.04 0.04 58 
-2.2261529541015626 0.001 0.0003 0.999997541308403 1e-06 3e-06 0.9999923940499623 4e-06 2e-05 4.512277447382609 0.1 0.1 59 
-2.226150894165039 0.0004 0.0002 0.999997866153717 1e-06 3e-06 0.999991588195165 3e-06 5e-06 4.512254802385966 0.06 0.06 60 
-2.2261539777119954 0.0001 0.0001 0.999997496008873 8e-07 1e-06 0.9999946196873982 3e-06 7e-06 4.512298043568929 0.06 0.06 61 
-2.2260468991597495 0.0008 0.0003 0.999996481537819 1e-06 2e-06 0.999992984731992 3e-06 1e-05 4.5123038530349735 0.07 0.07 62 
-2.2261740875244143 0.0007 0.0002 0.9999977827072144 9e-07 1e-06 0.9999929704268773 4e-06 2e-05 4.512244995435079 0.09 0.09 63 
-2.226197020212809 0.0004 0.0002 0.9999980213244756 1e-06 3e-06 0.9999957833687464 3e-06 9e-06 4.512210976282756 0.06 0.06 64 
-2.2261728795369464 0.0003 0.0002 0.9999975901842117 9e-07 2e-06 0.999996071656545 3e-06 9e-06 4.5122537501653035 0.07 0.07 65 
-2.2261488533020017 0.0006 0.0002 0.9999976738293965 7e-07 1e-06 0.99999336540699 5e-06 2e-05 4.512392598787944 0.08 0.08 66 
-2.226182238260905 0.0003 0.0001 0.9999976509809494 9e-07 2e-06 0.9999958103895188 3e-06 8e-06 4.512295687993367 0.07 0.07 67 
-2.226093273162842 3e-05 2e-05 0.9999971618254979 6e-07 7e-07 0.9999901181459427 2e-06 2e-06 4.512242569923401 0.05 0.05 68 
-2.2261718336741128 0.0002 0.0001 0.9999981383482616 8e-07 2e-06 0.999992107351621 3e-06 6e-06 4.512199552853902 0.05 0.05 69 
-2.2261347993214926 0.0007 0.0003 0.9999970674514771 2e-06 5e-06 0.9999953790505727 3e-06 7e-06 4.512309788068135 0.06 0.06 70 
-2.22615824063619 9e-05 8e-05 0.999997932712237 7e-07 1e-06 0.9999920052289962 3e-06 5e-06 4.512213075955708 0.05 0.05 71 
-2.2261137453715008 5e-05 5e-05 0.9999973752101262 8e-07 9e-07 0.9999910483757655 2e-06 3e-06 4.512259915669759 0.05 0.05 72 
-2.226106983820597 0.0007 0.0002 0.9999971065918605 1e-06 2e-06 0.9999954173962275 3e-06 1e-05 4.512368278503418 0.08 0.08 73 
-2.226180845896403 0.0007 0.0002 0.9999978721141816 8e-07 1e-06 0.9999960221846899 3e-06 1e-05 4.512255098025004 0.08 0.07 74 
-2.2261317666371663 0.0003 0.0002 0.9999971272548039 7e-07 1e-06 0.9999955038229624 3e-06 9e-06 4.512290507952372 0.06 0.06 75 
-2.2260761419932047 6e-06 6e-06 0.999997288386027 3e-07 3e-07 0.9999883176883062 3e-07 2e-07 4.512252208391826 0.04 0.04 76 
-2.2261275831858316 0.0002 0.0001 0.9999974882602691 1e-06 2e-06 0.9999912695089976 3e-06 5e-06 4.512201231320699 0.06 0.05 77 
-2.2261754353841146 0.0002 0.0001 0.9999975144863129 9e-07 2e-06 0.9999946526686351 3e-06 7e-06 4.512292041778564 0.06 0.06 78 
-2.226191873550415 0.0002 0.0001 0.9999982380867004 9e-07 2e-06 0.9999937015771866 3e-06 7e-06 4.512290838559468 0.05 0.05 79 
-2.226186860402425 0.0003 0.0002 0.9999978395303091 8e-07 2e-06 0.9999960488080979 3e-06 1e-05 4.512236674626668 0.07 0.07 80 
-2.226116752624512 7e-05 6e-05 0.9999973183870315 8e-07 1e-06 0.9999902419249217 3e-06 4e-06 4.512272683779399 0.05 0.05 81 
-2.226130507787069 4e-05 4e-05 0.9999975681304931 6e-07 8e-07 0.9999917070070903 2e-06 3e-06 4.512227040926615 0.05 0.04 82 
-2.2261607964833576 0.0002 0.0001 0.9999977459510168 9e-07 2e-06 0.9999940373500188 3e-06 6e-06 4.512272075017293 0.06 0.06 83 
-2.226248795191447 0.0005 0.0001 0.9999983104070028 6e-07 8e-07 0.9999966035286586 2e-06 1e-05 4.5121417347590125 0.06 0.06 84 
-2.2260962263743083 0.0003 0.0002 0.9999967803557713 8e-07 1e-06 0.9999943945805232 3e-06 8e-06 4.512347199122111 0.07 0.07 85 
-2.2261386013031004 4e-05 4e-05 0.9999977725744248 6e-07 9e-07 0.9999920539061229 2e-06 3e-06 4.512206444740295 0.05 0.05 86 
-2.2261714108784996 0.0003 0.0001 0.9999973215659459 7e-07 1e-06 0.9999959325790405 3e-06 9e-06 4.512315723101298 0.06 0.06 87 
-2.226111354827881 2e-05 2e-05 0.9999974032243093 5e-07 7e-07 0.9999903106689453 2e-06 2e-06 4.512214870452881 0.04 0.04 88 
-2.2261849435170493 0.0003 0.0002 0.9999977833032608 9e-07 1e-06 0.999994362394015 3e-06 1e-05 4.512207080523173 0.07 0.07 89 
-2.226113535563151 0.0007 0.0003 0.9999973716338476 2e-06 4e-06 0.999995035926501 3e-06 1e-05 4.512280559539795 0.08 0.08 90 
-2.2260748449961345 6e-06 5e-06 0.9999972112973531 3e-07 3e-07 0.9999890094995498 3e-07 3e-07 4.512252271970113 0.04 0.04 91 
-2.2261626148223876 0.0004 0.0002 0.9999973142147064 7e-07 1e-06 0.9999958918491999 3e-06 1e-05 4.512311460177104 0.07 0.07 92 
-2.226108061472575 5e-06 5e-06 0.9999975832303365 3e-07 3e-07 0.9999904841184616 3e-07 3e-07 4.512222491900126 0.03 0.03 93 
-2.226125354766846 0.0005 0.0002 0.999996999502182 1e-06 2e-06 0.9999943101406097 3e-06 1e-05 4.512357300122579 0.08 0.08 94 
-2.226181208292643 0.0002 0.0001 0.9999975675344467 8e-07 1e-06 0.9999954998493195 3e-06 8e-06 4.512272024154663 0.06 0.06 95 
-2.2260972245534263 2e-05 2e-05 0.9999972933530807 6e-07 8e-07 0.9999887971083323 2e-06 2e-06 4.51226580619812 0.04 0.04 96 
-2.2261968676249184 0.0002 0.0001 0.9999979346990585 7e-07 1e-06 0.9999955421686173 3e-06 8e-06 4.512311798731486 0.06 0.06 97 
-2.226208823521932 0.0002 0.0001 0.9999980223178864 7e-07 1e-06 0.9999952840805054 3e-06 7e-06 4.5122683159510295 0.06 0.06 98 
-2.2261347738901773 0.0002 0.0001 0.9999977225065231 1e-06 2e-06 0.9999917264779409 3e-06 6e-06 4.51224281946818 0.05 0.05 99 
