-2.2139343198140464 0.03 0.01 0.9998752174774805 0.0001 0.0003 0.9996901404857635 0.0003 0.0006 4.503695430755616 0.3 0.2 0 
-2.213947588602702 0.03 0.01 0.9998759337266286 9e-05 0.0003 0.9996867110331853 0.0002 0.001 4.50370402654012 0.3 0.2 5 
-2.225679759979248 0.0004 0.0004 0.9999741470813751 2e-05 2e-05 0.9999966251850129 2e-06 1e-06 4.511695553461711 0.05 0.06 7 
-2.225383675893148 0.0007 0.0007 0.9999663420518239 3e-05 3e-05 0.9999936358133952 4e-06 6e-06 4.511607071558634 0.07 0.07 9 
-2.2256871763865154 0.0005 0.0006 0.999977240562439 2e-05 2e-05 0.9999970589081446 2e-06 2e-06 4.511687908172608 0.06 0.06 11 
-2.2138696066538492 0.02 0.01 0.9998748552799225 0.0001 0.0003 0.9996896489461263 0.0003 0.001 4.50424187819163 0.3 0.3 12 
-2.1789293257395426 0.03 0.02 0.9994444799423218 0.0004 0.0003 0.9992358003060023 0.0004 0.0002 4.474997634887695 0.6 0.6 20 
-2.215344772338867 0.009 0.004 0.9999322523673375 4e-05 4e-05 0.9996898865699768 0.0002 0.0002 4.505017199516296 0.1 0.1 22 
-2.2153583081563313 0.01 0.005 0.9999324514468511 4e-05 4e-05 0.999689057469368 0.0002 0.0002 4.504973837534586 0.1 0.1 29 
-2.2140093072255453 0.03 0.01 0.9998749101161957 0.0001 0.0003 0.999691124757131 0.0003 0.0009 4.504500959714254 0.3 0.2 31 
-2.2138947359720866 0.01 0.009 0.999876788854599 9e-05 0.0003 0.9996876259644826 0.0002 0.0005 4.504156810442606 0.3 0.2 33 
-2.213866424560547 0.02 0.01 0.9998744875192642 0.0001 0.0003 0.9996880980332693 0.0002 0.0006 4.503843743006389 0.3 0.2 40 
-2.217220064798991 0.006 0.003 0.9999443701903026 3e-05 4e-05 0.9997458263238271 0.0001 0.0002 4.506130250295003 0.1 0.1 41 
-2.2174892743428547 0.005 0.003 0.9999484558900197 3e-05 3e-05 0.999748382170995 0.0001 0.0001 4.506065278053284 0.09 0.09 42 
-2.2140034516652425 0.03 0.009 0.999876345594724 9e-05 0.0003 0.999691468278567 0.0002 0.0006 4.504365210533142 0.3 0.2 44 
-2.1788948281606038 0.03 0.02 0.9994444795449575 0.0004 0.0003 0.9992359826962153 0.0004 0.0002 4.474759265581767 0.6 0.6 45 
-2.2225995794932047 0.006 0.002 0.9999701883395513 2e-05 2e-05 0.99977310359478 0.0002 0.0004 4.509869875907898 0.1 0.1 46 
-2.214001671473185 0.02 0.009 0.9998767908414204 9e-05 0.0003 0.9996859121322632 0.0002 0.0006 4.503805632591248 0.3 0.2 48 
-2.2138656997680664 0.02 0.009 0.9998756819963455 9e-05 0.0003 0.9996881077686945 0.0002 0.0006 4.504103849728902 0.3 0.2 52 
-2.2205117734273276 0.0009 0.0006 0.9999626284837723 2e-05 2e-05 0.9995498367150625 4e-05 6e-05 4.511038552920024 0.1 0.1 58 
-2.2150002924601235 0.02 0.006 0.9999080993731817 6e-05 0.0001 0.9996843630075455 0.0002 0.0004 4.504827582041423 0.1 0.1 61 
-2.2202684116363525 0.001 0.0009 0.9999474545319875 3e-05 3e-05 0.9996128686269125 5e-05 8e-05 4.5109183184305826 0.1 0.1 70 
-2.2255787150065105 0.001 0.0006 0.9999741635719935 2e-05 3e-05 0.9999947569767634 4e-06 5e-06 4.512006562550862 0.05 0.05 71 
-2.225784413019816 0.0004 0.0003 0.9999822870890299 1e-05 1e-05 0.9999947315454483 3e-06 3e-06 4.511714143753052 0.05 0.05 83 
-2.215188185373942 0.03 0.007 0.9999110505978266 6e-05 0.0001 0.9996832472085952 0.0002 0.001 4.504972265561421 0.2 0.2 84 
-2.2179493649800617 0.009 0.003 0.9999483942985534 3e-05 2e-05 0.9997529355684917 0.0001 0.0002 4.5066629346211755 0.1 0.1 88 
-2.1791755040486653 0.03 0.02 0.9994478078683218 0.0004 0.0003 0.9992338262001673 0.0004 0.0002 4.474830883344015 0.6 0.6 89 
-2.225584265391032 0.0004 0.0004 0.9999728218714397 2e-05 2e-05 0.9999945618708929 4e-06 4e-06 4.51153090318044 0.03 0.03 90 
-2.2139276695251464 0.03 0.009 0.9998736657698949 0.0001 0.0002 0.9996916000048319 0.0002 0.0005 4.503697792689006 0.3 0.2 92 
-2.2151219908396405 0.02 0.006 0.9999078204234441 6e-05 0.0001 0.9996864318847656 0.0002 0.0004 4.504693409601847 0.1 0.1 95 
-2.2152118714650473 0.02 0.007 0.9999128691355388 6e-05 0.0001 0.9996793198585511 0.0002 0.0009 4.505604453086853 0.2 0.2 96 
-2.225712423324585 0.0006 0.0004 0.9999769713481267 1e-05 2e-05 0.9999969546000163 2e-06 2e-06 4.511791337331136 0.06 0.07 97 
-2.2258293628692627 0.0002 0.0003 0.9999835296471914 1e-05 1e-05 0.9999975468715032 1e-06 8e-07 4.511943750381469 0.05 0.05 98 
