-2.2256882286071775 0.0007 0.0004 0.9999958930412928 2e-06 3e-06 0.9999852196375529 9e-06 3e-05 4.5119503259658815 0.1 0.1 14 
-2.2256692600250245 0.0007 0.0004 0.9999961439768473 2e-06 3e-06 0.9999866980314255 9e-06 3e-05 4.512015058199565 0.1 0.1 35 
-2.2256863435109455 0.002 0.0006 0.9999963603417079 2e-06 6e-06 0.9999862601359685 1e-05 7e-05 4.511851811408997 0.1 0.1 98 
-2.2256761900583903 0.0006 0.0004 0.9999962691466013 1e-06 3e-06 0.9999871414899826 9e-06 3e-05 4.5119627094268795 0.1 0.1 12 
-2.2256787236531577 0.0007 0.0004 0.999996060927709 2e-06 4e-06 0.9999857159455617 8e-06 3e-05 4.511939118703206 0.1 0.1 36 
-2.2256737581888832 0.0007 0.0004 0.9999962745110194 1e-06 3e-06 0.9999861691395442 1e-05 3e-05 4.511950004895528 0.1 0.1 76 
-2.225661668777466 0.001 0.0004 0.9999962031841279 1e-06 2e-06 0.9999856899182001 1e-05 5e-05 4.5120152060190835 0.1 0.1 20 
-2.2255374717712404 0.0005 0.0003 0.9999949338038763 2e-06 4e-06 0.9999860715866089 8e-06 2e-05 4.5120752986272175 0.09 0.09 52 
-2.2256380621592204 0.0004 0.0003 0.9999959512551626 2e-06 4e-06 0.999986831943194 8e-06 2e-05 4.511943089167277 0.09 0.09 94 
-2.225665273666382 0.0009 0.0004 0.9999961070219676 1e-06 3e-06 0.9999865516026815 1e-05 4e-05 4.511996161142985 0.1 0.1 31 
-2.225668799082438 0.0005 0.0003 0.9999959564208984 2e-06 3e-06 0.9999874603748321 8e-06 2e-05 4.512095014254252 0.09 0.09 34 
-2.2256700706481936 0.001 0.0005 0.9999963192145029 3e-06 8e-06 0.9999858226378758 1e-05 5e-05 4.512067583401998 0.1 0.1 38 
-2.2256557273864748 0.0006 0.0004 0.9999959387381872 2e-06 4e-06 0.9999861429135005 9e-06 3e-05 4.511896816889445 0.1 0.1 39 
-2.225641501744588 0.001 0.0005 0.9999959546327591 1e-06 2e-06 0.999985982577006 1e-05 5e-05 4.511937394142151 0.1 0.1 87 
-2.225645227432251 0.0004 0.0003 0.9999959005912145 2e-06 3e-06 0.9999869473775228 8e-06 2e-05 4.512060546875 0.09 0.09 115 
-2.22569930712382 0.001 0.0004 0.9999961465597152 2e-06 3e-06 0.9999849128723145 8e-06 4e-05 4.511930831273397 0.1 0.1 96 
-2.2256849670410155 0.0005 0.0004 0.9999963758389155 2e-06 3e-06 0.9999871269861857 9e-06 2e-05 4.511961207389832 0.09 0.09 25 
-2.225666643778483 0.0006 0.0004 0.9999960247675578 2e-06 4e-06 0.9999864278237025 9e-06 2e-05 4.512126409212748 0.1 0.1 30 
-2.225677359898885 0.0005 0.0003 0.9999960728486379 2e-06 3e-06 0.9999873709678649 8e-06 2e-05 4.512065245310466 0.09 0.09 43 
-2.225663226445516 0.0005 0.0003 0.9999960498015086 2e-06 3e-06 0.9999872883160908 8e-06 2e-05 4.5120408805211385 0.09 0.09 45 
