-2.2259495957692463 4e-05 4e-05 0.9999871244033177 2e-06 2e-06 0.9999959325790405 9e-07 8e-07 4.5127630027135215 0.08 0.08 142 
-2.2215640640258787 0.003 0.002 0.9999767633279165 1e-05 2e-05 0.9998707409699757 0.0001 0.0002 4.510042244593302 0.2 0.2 85 
-2.2253029441833494 0.0003 0.0001 0.9999747695525487 6e-06 6e-06 0.9999956838289896 1e-06 2e-06 4.513624507586162 0.1 0.1 119 
-2.222663424809774 0.003 0.001 0.9999789766470591 1e-05 3e-05 0.9999479760726293 5e-05 0.0001 4.510647854804993 0.1 0.1 15 
-2.225769971211751 6e-05 6e-05 0.9999865408738454 2e-06 3e-06 0.9999971197048823 5e-07 5e-07 4.51271986802419 0.1 0.09 7 
-2.225751454035441 4e-05 5e-05 0.9999877401192983 3e-06 3e-06 0.9999960724512736 8e-07 7e-07 4.512725172042846 0.09 0.09 102 
-2.2203171253204346 0.002 0.001 0.9999678383270899 1e-05 2e-05 0.9998326053222021 0.0001 0.0002 4.509276606241862 0.1 0.1 107 
-2.225998255411784 3e-05 3e-05 0.9999925510088603 1e-06 1e-06 0.9999977642297745 4e-07 4e-07 4.5124391746520995 0.08 0.08 33 
-2.2241931502024332 0.002 0.001 0.9999861721197764 8e-06 2e-05 0.9999796104431152 2e-05 8e-05 4.511639912923177 0.1 0.1 113 
-2.2234686342875163 0.002 0.001 0.9999717388550441 2e-05 6e-05 0.9999570274353027 4e-05 8e-05 4.511213274002075 0.1 0.1 81 
-2.2207641633351645 0.004 0.003 0.9999415876468023 2e-05 3e-05 0.9999224756161372 7e-05 0.0002 4.511282968521118 0.2 0.2 30 
-2.2247288036346435 0.0005 0.0002 0.9999758980671565 6e-06 6e-06 0.999991303284963 1e-06 1e-06 4.5133279577891035 0.1 0.1 47 
-2.222419548034668 0.004 0.002 0.9999665826559067 1e-05 7e-05 0.9999513836701711 5e-05 0.0001 4.511209754943848 0.1 0.1 97 
-2.225855929056803 3e-05 3e-05 0.9999798270066579 2e-06 2e-06 0.9999959975481033 2e-07 2e-07 4.513057177861532 0.09 0.09 50 
-2.222399838765462 0.003 0.002 0.9999752899010976 9e-06 1e-05 0.9999517343441645 4e-05 0.0002 4.51079132715861 0.1 0.1 16 
-2.2259036254882814 3e-05 3e-05 0.9999791717529297 2e-06 3e-06 0.9999961547056834 5e-07 1e-06 4.513040285110474 0.09 0.09 118 
-2.2231558481852214 0.003 0.002 0.9999805368979772 9e-06 2e-05 0.999964880545934 3e-05 0.0002 4.511211516062419 0.1 0.1 122 
-2.2256558418273924 3e-05 3e-05 0.9999778105815251 3e-06 3e-06 0.9999892924229304 7e-07 7e-07 4.513327757517497 0.1 0.1 90 
-2.2228849601745604 0.002 0.001 0.9999687238534292 1e-05 2e-05 0.9999611790974935 4e-05 0.0002 4.511340940793355 0.1 0.09 139 
-2.2223438676198324 0.003 0.002 0.9999554314215978 2e-05 2e-05 0.9999614606300989 4e-05 0.0002 4.511525451342265 0.1 0.1 137 
