-2.2234093729654947 0.002 0.0009 0.9999832320213318 7e-06 1e-05 0.999886120557785 5e-05 6e-05 4.507296376228332 0.2 0.2 33 
-2.2254390652974445 0.0006 0.0005 0.9999922927220662 3e-06 5e-06 0.9999756238857905 2e-05 4e-05 4.512570899327596 0.08 0.08 89 
-2.225277058283488 0.0007 0.0005 0.9999924008051554 5e-06 5e-06 0.9999868063131968 6e-06 9e-06 4.5116164588928225 0.07 0.07 51 
-2.2249640814463296 0.001 0.0008 0.9999905733267466 7e-06 1e-05 0.9999867437283197 8e-06 1e-05 4.511502916018168 0.08 0.08 37 
-2.2249032719930013 0.0005 0.0003 0.999992133975029 4e-06 5e-06 0.9999772697687149 2e-05 2e-05 4.511041227976481 0.08 0.08 1 
-2.2245511341094972 0.001 0.0009 0.9999840597311656 1e-05 1e-05 0.9999804377555848 1e-05 1e-05 4.5117512130737305 0.08 0.08 11 
-2.224705861409505 0.0007 0.0006 0.9999890091021856 8e-06 1e-05 0.9999732871850332 2e-05 2e-05 4.511035097440084 0.07 0.07 38 
-2.2247010962168376 0.0007 0.0005 0.9999895278612773 9e-06 1e-05 0.9999719389279683 2e-05 3e-05 4.511213507652283 0.08 0.08 46 
-2.225454705556234 0.001 0.0005 0.9999930725495021 4e-06 8e-06 0.9999912230173746 6e-06 1e-05 4.5117801586786905 0.07 0.07 64 
-2.223540054957072 0.004 0.002 0.999990750749906 4e-06 2e-05 0.9999630735317866 2e-05 4e-05 4.510879405339559 0.3 0.2 85 
-2.2244993178049723 0.0009 0.0007 0.9999867608149846 1e-05 1e-05 0.9999734346071879 2e-05 2e-05 4.510817507108053 0.09 0.09 96 
-2.2251448027292886 0.002 0.001 0.9999953862031301 3e-06 4e-06 0.9999475572506586 5e-05 0.0001 4.511426405906677 0.1 0.1 17 
-2.2245200951894124 0.0008 0.0007 0.9999873067935308 9e-06 1e-05 0.9999722351630529 2e-05 2e-05 4.511086115837097 0.09 0.09 21 
-2.224563407897949 0.001 0.0009 0.999979706009229 8e-06 1e-05 0.9999764360984167 2e-05 2e-05 4.511949167251587 0.07 0.07 65 
-2.2255378087361652 0.0003 0.0001 0.9999873115619023 3e-06 6e-06 0.9999861709276835 3e-06 3e-06 4.511789383888245 0.07 0.07 50 
-2.2249299844106036 0.001 0.0007 0.9999917644262314 6e-06 8e-06 0.9999854836861293 8e-06 1e-05 4.5113163709640505 0.08 0.08 25 
-2.2247660223642987 0.0009 0.0007 0.9999887462457021 8e-06 9e-06 0.9999805490175883 1e-05 2e-05 4.510683031082153 0.08 0.08 26 
-2.224733174641927 0.0007 0.0005 0.9999911270538966 7e-06 8e-06 0.9999742468198141 2e-05 2e-05 4.511269443829854 0.08 0.08 53 
-2.224488042195638 0.001 0.0009 0.999987241824468 7e-06 1e-05 0.9999755134185155 2e-05 2e-05 4.511211824417114 0.08 0.07 8 
-2.2247275161743163 0.001 0.0007 0.9999874665339787 8e-06 1e-05 0.9999788977702458 1e-05 2e-05 4.511399928728739 0.09 0.08 40 
