-2.2254547182718913 0.002 0.0007 0.9999913728237152 4e-06 1e-05 0.9999851367870967 1e-05 8e-05 4.512459979057312 0.1 0.1 49 
-2.225532439549764 0.002 0.0007 0.9999926795562109 4e-06 2e-05 0.9999850314855575 1e-05 7e-05 4.512304503122966 0.1 0.1 108 
-2.2255251185099283 0.002 0.0008 0.9999926737944285 4e-06 2e-05 0.9999842451016108 1e-05 5e-05 4.512418848673502 0.1 0.1 125 
-2.2255591932932535 0.003 0.0008 0.9999925406773885 4e-06 3e-05 0.9999840935071309 1e-05 5e-05 4.512198100090027 0.1 0.1 26 
-2.2254904619852702 0.003 0.0009 0.9999923662344614 4e-06 2e-05 0.999985977212588 1e-05 6e-05 4.512248457272848 0.1 0.1 80 
-2.2255593236287434 0.003 0.0008 0.999992949962616 4e-06 2e-05 0.9999854503075282 1e-05 5e-05 4.5122963285446165 0.1 0.1 19 
-2.2253508059183758 0.0009 0.0005 0.9999910418192546 2e-06 3e-06 0.9999790298938751 1e-05 4e-05 4.512377848625183 0.1 0.1 10 
-2.22550537109375 0.002 0.0005 0.9999922335147857 2e-06 2e-06 0.9999860004583995 1e-05 6e-05 4.512168933550517 0.1 0.1 132 
-2.2255858771006265 0.002 0.0007 0.9999932010968526 3e-06 1e-05 0.9999853326876958 1e-05 5e-05 4.512373127937317 0.1 0.1 56 
-2.2255139446258543 0.002 0.0005 0.9999924530585607 2e-06 3e-06 0.9999854266643524 1e-05 6e-05 4.51218265692393 0.1 0.1 18 
-2.225444771448771 0.001 0.0005 0.9999916072686513 2e-06 3e-06 0.9999864363670349 1e-05 5e-05 4.512505057652791 0.1 0.1 16 
-2.225470034281413 0.001 0.0005 0.9999917078018189 2e-06 3e-06 0.9999863602717718 1e-05 5e-05 4.51238151550293 0.1 0.1 140 
-2.2254474194844565 0.001 0.0005 0.9999912830193838 2e-06 3e-06 0.999983143011729 1e-05 4e-05 4.512387429873149 0.1 0.1 82 
-2.225504805246989 0.002 0.0008 0.99999205549558 4e-06 1e-05 0.9999864375591279 1e-05 7e-05 4.512280279795329 0.1 0.1 25 
-2.225543565750122 0.003 0.0008 0.9999931865930557 4e-06 2e-05 0.9999863092104594 1e-05 4e-05 4.51216868241628 0.1 0.1 77 
-2.2254394753774007 0.003 0.0009 0.999992161989212 4e-06 2e-05 0.9999845816691717 1e-05 6e-05 4.512514675458272 0.1 0.1 55 
-2.2254790687561035 0.004 0.0009 0.9999908260504404 5e-06 3e-05 0.9999849861860275 1e-05 5e-05 4.512348283131917 0.1 0.1 79 
-2.2255249309539793 0.002 0.0008 0.9999929149945577 4e-06 2e-05 0.9999862337112426 1e-05 5e-05 4.512444914182027 0.1 0.1 74 
-2.2254042339324953 0.002 0.0008 0.9999917161464691 4e-06 2e-05 0.999979495604833 1e-05 9e-05 4.512413527170817 0.1 0.1 102 
-2.2253103065490722 0.0008 0.0005 0.9999895729621251 2e-06 4e-06 0.9999828525384267 1e-05 3e-05 4.512795575459799 0.1 0.1 129 
