-2.225223922729492 0.002 0.0009 0.9999788800875345 4e-06 1e-05 0.9999866849184036 9e-06 3e-05 4.5118138106664025 0.1 0.1 0 
-2.22515557607015 0.002 0.0009 0.9999781878789266 5e-06 1e-05 0.999986850420634 8e-06 2e-05 4.511708122889201 0.1 0.1 1 
-2.2252247810363768 0.002 0.0009 0.9999788341919581 5e-06 1e-05 0.9999869531393051 1e-05 2e-05 4.511741876602173 0.1 0.1 2 
-2.225211191177368 0.003 0.0009 0.9999783581495285 4e-06 1e-05 0.9999861274162928 9e-06 3e-05 4.511812853813171 0.1 0.1 3 
-2.2252001984914145 0.002 0.0009 0.9999783275524775 4e-06 1e-05 0.9999864504734675 9e-06 3e-05 4.511768202781678 0.1 0.1 4 
-2.225206995010376 0.003 0.0009 0.9999787412087122 4e-06 2e-05 0.9999861812591553 9e-06 3e-05 4.511943101882935 0.1 0.1 5 
-2.2251429843902586 0.003 0.0009 0.999978491862615 5e-06 2e-05 0.9999853601058324 9e-06 3e-05 4.51179720878601 0.1 0.1 6 
-2.2252126598358153 0.002 0.0009 0.9999782329797745 5e-06 1e-05 0.9999866499503454 9e-06 3e-05 4.511740363438924 0.1 0.1 7 
-2.2252936458587644 0.002 0.0008 0.9999795095125834 4e-06 1e-05 0.9999874144792557 1e-05 2e-05 4.511743038495382 0.1 0.1 8 
-2.225166654586792 0.003 0.0009 0.9999780420462291 5e-06 2e-05 0.9999867415428162 9e-06 3e-05 4.511795970598857 0.1 0.1 9 
-2.2251867643992105 0.002 0.0009 0.9999777100483577 5e-06 1e-05 0.9999862333138784 9e-06 2e-05 4.511716442108154 0.1 0.1 10 
-2.2252168877919516 0.002 0.0009 0.9999787338574727 5e-06 1e-05 0.9999865271647771 1e-05 3e-05 4.5118319050470985 0.1 0.1 11 
-2.225211102167765 0.003 0.0009 0.9999789255857467 4e-06 1e-05 0.9999865686893463 1e-05 3e-05 4.511597215334574 0.1 0.1 12 
-2.2251619243621827 0.002 0.0009 0.9999790432055792 5e-06 2e-05 0.9999848699569702 1e-05 2e-05 4.511765252749125 0.1 0.1 13 
-2.225116065343221 0.002 0.0008 0.9999799340963363 3e-06 1e-05 0.9999807383616766 2e-05 3e-05 4.512064450581868 0.1 0.1 14 
-2.2252386633555092 0.002 0.0008 0.9999785896142324 4e-06 1e-05 0.9999868162473042 9e-06 2e-05 4.511743710835774 0.1 0.1 15 
-2.225203545888265 0.002 0.0009 0.9999797528982163 5e-06 1e-05 0.9999862132469813 1e-05 3e-05 4.511712195078532 0.1 0.1 16 
-2.2252596855163573 0.002 0.0009 0.9999790986378988 4e-06 1e-05 0.9999871375163396 1e-05 2e-05 4.511832294464111 0.1 0.1 17 
-2.2251935227711996 0.002 0.0009 0.9999783019224803 4e-06 1e-05 0.9999860994021098 9e-06 3e-05 4.511769736607869 0.1 0.1 18 
-2.2252107365926106 0.003 0.001 0.9999796777963639 4e-06 2e-05 0.9999849085013072 1e-05 3e-05 4.512041778564453 0.1 0.1 19 
-2.22522655804952 0.003 0.001 0.9999794648090998 4e-06 2e-05 0.9999858675400416 1e-05 3e-05 4.5115500164031985 0.1 0.1 20 
-2.225143429438273 0.003 0.0009 0.9999782737096151 5e-06 2e-05 0.9999852679173151 9e-06 3e-05 4.511735172271728 0.1 0.1 21 
-2.2252362378438315 0.002 0.0009 0.9999788278341293 4e-06 1e-05 0.9999865798155466 9e-06 3e-05 4.511784410476684 0.1 0.1 22 
-2.2251139386494954 0.002 0.0009 0.9999776371320088 5e-06 1e-05 0.9999864023923873 8e-06 3e-05 4.5118289534250895 0.1 0.1 23 
-2.2252044932047528 0.002 0.0008 0.9999792242050171 4e-06 1e-05 0.9999848540623982 1e-05 3e-05 4.511507784525554 0.2 0.2 24 
-2.2252337646484377 0.003 0.0009 0.9999785516659419 4e-06 1e-05 0.9999860324462255 1e-05 3e-05 4.511484731038411 0.1 0.1 25 
-2.2252124245961507 0.002 0.0009 0.9999784298737844 4e-06 1e-05 0.999986274043719 9e-06 3e-05 4.511753891309103 0.1 0.1 26 
-2.2252391401926674 0.002 0.0009 0.999978928565979 4e-06 1e-05 0.9999863839149475 1e-05 2e-05 4.511673073768616 0.1 0.1 27 
-2.2252398109436036 0.003 0.0009 0.999979301293691 4e-06 2e-05 0.9999858723084132 1e-05 3e-05 4.511652348836263 0.1 0.1 28 
-2.2252027416229248 0.002 0.0009 0.9999775815010071 4e-06 1e-05 0.9999863425890605 9e-06 3e-05 4.511657541592916 0.1 0.1 29 
-2.2251876735687257 0.002 0.0009 0.9999784938494365 5e-06 1e-05 0.9999863864978155 9e-06 2e-05 4.511928747495015 0.1 0.1 30 
-2.225238135655721 0.002 0.0009 0.9999792224168778 5e-06 1e-05 0.9999870787064234 9e-06 2e-05 4.511762097676595 0.1 0.1 31 
-2.2251469707489013 0.002 0.0009 0.9999788498878479 4e-06 1e-05 0.9999837654829026 1e-05 3e-05 4.51167736530304 0.1 0.1 32 
-2.2252180417378744 0.002 0.0009 0.9999797183275223 4e-06 1e-05 0.9999867393573125 9e-06 4e-05 4.511802819569906 0.1 0.1 33 
-2.2252090803782143 0.002 0.0009 0.9999784249067306 4e-06 1e-05 0.9999863825241725 9e-06 3e-05 4.511793127059937 0.1 0.1 34 
-2.225141696929932 0.003 0.0009 0.999978943268458 5e-06 2e-05 0.9999847541252772 1e-05 3e-05 4.511740393638611 0.1 0.1 35 
-2.2251877880096433 0.002 0.0009 0.999978445370992 5e-06 1e-05 0.9999870771169662 9e-06 2e-05 4.511594034830729 0.1 0.1 36 
-2.2252325916290285 0.002 0.0009 0.9999784896771113 4e-06 1e-05 0.9999866114060084 1e-05 2e-05 4.511726951599121 0.1 0.1 37 
-2.2252368768056234 0.004 0.001 0.9999800312519074 4e-06 3e-05 0.9999864693482717 1e-05 1e-05 4.511949493090312 0.1 0.1 38 
-2.2252026780446372 0.002 0.0009 0.999978832801183 5e-06 2e-05 0.9999860741694768 9e-06 2e-05 4.511751739184062 0.1 0.1 39 
-2.2252534993489586 0.003 0.0009 0.9999795957406362 4e-06 2e-05 0.9999864188830058 1e-05 2e-05 4.51152969678243 0.1 0.1 40 
-2.225186548233032 0.003 0.0009 0.9999791377782822 4e-06 2e-05 0.9999855218331019 9e-06 3e-05 4.511852113405864 0.1 0.1 41 
-2.225226675669352 0.002 0.0008 0.9999788347880045 4e-06 1e-05 0.9999869201580683 9e-06 2e-05 4.511801611582438 0.1 0.1 42 
-2.225235382715861 0.003 0.0009 0.9999791240692139 4e-06 1e-05 0.9999868331352869 9e-06 3e-05 4.511829832394918 0.1 0.1 43 
-2.22520232518514 0.002 0.0009 0.9999788387616475 4e-06 1e-05 0.9999860779444376 9e-06 3e-05 4.511848100026449 0.1 0.1 44 
-2.225286143620809 0.002 0.0008 0.9999798027674357 4e-06 1e-05 0.9999876463413239 1e-05 1e-05 4.51179812113444 0.1 0.1 45 
-2.2251859029134113 0.003 0.0009 0.9999798613786698 4e-06 2e-05 0.9999849013487498 1e-05 3e-05 4.51171229839325 0.1 0.1 46 
-2.2252028306325276 0.002 0.0009 0.999978346824646 5e-06 1e-05 0.9999863415956497 9e-06 2e-05 4.5118123070398966 0.1 0.1 47 
-2.2252309926350913 0.002 0.0008 0.9999785121281942 5e-06 1e-05 0.9999871031443278 9e-06 2e-05 4.511859197616577 0.1 0.1 48 
-2.225118258794149 0.003 0.001 0.9999797580639521 4e-06 2e-05 0.9999834811687469 1e-05 4e-05 4.5117032178243 0.1 0.1 49 
-2.2251955540974935 0.003 0.0009 0.9999783877531687 4e-06 2e-05 0.9999860594669978 9e-06 3e-05 4.511646944681804 0.1 0.1 50 
-2.2251704661051432 0.003 0.0009 0.9999775751431783 5e-06 2e-05 0.9999856108427048 9e-06 3e-05 4.511754500071207 0.1 0.1 51 
-2.2252421601613364 0.002 0.0009 0.9999795291821162 4e-06 1e-05 0.9999869835376739 9e-06 3e-05 4.511837568283081 0.1 0.1 52 
-2.225209042231242 0.002 0.0009 0.9999785681565603 5e-06 1e-05 0.9999864886204402 9e-06 3e-05 4.511798528035482 0.1 0.1 53 
-2.2251384862264 0.003 0.001 0.9999787171681722 4e-06 2e-05 0.9999818414449692 1e-05 5e-05 4.51170525709788 0.2 0.2 54 
-2.225274696350098 0.002 0.0009 0.9999799066781998 4e-06 1e-05 0.999987177848816 1e-05 2e-05 4.511819376945495 0.1 0.1 55 
-2.2251979955037435 0.002 0.0009 0.9999781465530395 5e-06 1e-05 0.9999873558680217 9e-06 2e-05 4.511947805086772 0.1 0.1 56 
-2.2250540542602537 0.002 0.001 0.9999791075785954 5e-06 2e-05 0.999983023405075 1e-05 3e-05 4.511787125269572 0.2 0.1 57 
-2.2250610542297364 0.003 0.001 0.9999791759252549 5e-06 9e-06 0.9999830635388692 1e-05 7e-05 4.511562803586324 0.2 0.2 58 
-2.225261122385661 0.002 0.0008 0.9999787904818853 5e-06 1e-05 0.9999876852830251 9e-06 2e-05 4.511796321868896 0.1 0.1 59 
-2.225287466049194 0.002 0.0008 0.9999801446994145 4e-06 1e-05 0.9999872487783432 1e-05 2e-05 4.511791563034057 0.1 0.1 60 
-2.225155045191447 0.002 0.0009 0.9999789007504781 5e-06 2e-05 0.9999856265385946 8e-06 2e-05 4.511713274319967 0.1 0.1 61 
-2.2252145862579344 0.002 0.0008 0.9999796015024185 4e-06 1e-05 0.9999850026766459 1e-05 2e-05 4.511426669756571 0.1 0.1 62 
-2.225186433792114 0.002 0.0009 0.9999774577220281 4e-06 1e-05 0.9999861872196197 9e-06 3e-05 4.511734104156494 0.1 0.1 63 
-2.2252216784159344 0.002 0.0008 0.99997918287913 5e-06 1e-05 0.9999866153796514 9e-06 2e-05 4.511676913897197 0.1 0.1 64 
-2.2252405134836835 0.002 0.0009 0.9999792432785034 4e-06 1e-05 0.9999864059686661 1e-05 2e-05 4.51187379360199 0.1 0.1 65 
-2.225142641067505 0.002 0.0009 0.9999773971239726 4e-06 1e-05 0.9999854137500127 1e-05 4e-05 4.511853276888529 0.1 0.1 66 
-2.2252473576863605 0.002 0.0009 0.999978952407837 4e-06 1e-05 0.9999869745969773 9e-06 2e-05 4.511831096013387 0.1 0.1 67 
-2.2251993242899575 0.003 0.0009 0.9999778145551681 4e-06 2e-05 0.9999855780601501 1e-05 3e-05 4.511760808626811 0.1 0.1 68 
-2.2251860904693603 0.002 0.0009 0.9999795824289321 4e-06 1e-05 0.9999851812918981 1e-05 2e-05 4.511511621475219 0.2 0.2 69 
-2.22525904973348 0.002 0.0009 0.9999791487058004 4e-06 1e-05 0.9999871462583542 1e-05 2e-05 4.511811318397522 0.1 0.1 70 
-2.2251796372731527 0.003 0.0009 0.9999787551164627 4e-06 2e-05 0.9999851737419764 9e-06 3e-05 4.511996927261353 0.1 0.1 71 
-2.224901695251465 0.002 0.0009 0.999977461496989 5e-06 1e-05 0.9999797997872034 2e-05 7e-05 4.51197602113088 0.2 0.2 72 
-2.225212551752726 0.002 0.0009 0.9999785562356313 4e-06 1e-05 0.9999867322047552 1e-05 3e-05 4.5119970464706425 0.1 0.1 73 
-2.225288880666097 0.002 0.0008 0.9999794071912765 4e-06 1e-05 0.9999871391057968 9e-06 2e-05 4.511874043146769 0.1 0.1 74 
-2.2252046394348146 0.003 0.0009 0.9999791288375854 4e-06 1e-05 0.999985958536466 9e-06 3e-05 4.511892164548238 0.1 0.1 75 
-2.2251550928751627 0.002 0.0009 0.9999779224395752 5e-06 2e-05 0.9999859468142192 1e-05 2e-05 4.511824590365092 0.1 0.1 76 
-2.225166177749634 0.002 0.0009 0.9999783251682918 5e-06 2e-05 0.9999856454133987 9e-06 2e-05 4.511831800142924 0.1 0.1 77 
-2.225209239323934 0.002 0.0009 0.9999791353940963 4e-06 1e-05 0.9999865712722142 9e-06 3e-05 4.511850032806397 0.1 0.1 78 
-2.2252040608723958 0.002 0.0009 0.9999786361058554 5e-06 1e-05 0.9999857779343923 9e-06 3e-05 4.511813329060872 0.1 0.1 79 
-2.225195239384969 0.003 0.0009 0.9999792089064916 4e-06 2e-05 0.9999855949481329 9e-06 3e-05 4.511570555369059 0.1 0.1 80 
-2.2252188618977864 0.002 0.0009 0.9999785862366358 5e-06 1e-05 0.9999878454208374 9e-06 2e-05 4.511942567825318 0.1 0.1 81 
-2.225174894332886 0.002 0.0009 0.9999784284830093 5e-06 1e-05 0.9999857739607493 9e-06 3e-05 4.511751948992411 0.1 0.1 82 
-2.225045143763224 0.003 0.001 0.9999774515628814 5e-06 2e-05 0.9999831090370814 1e-05 3e-05 4.511568632125854 0.1 0.1 83 
-2.2252202224731445 0.002 0.0009 0.9999791493018468 5e-06 1e-05 0.9999867437283197 9e-06 3e-05 4.511641225814819 0.1 0.1 84 
-2.2252786604563397 0.002 0.0008 0.9999800864855448 4e-06 1e-05 0.9999870181083679 1e-05 2e-05 4.511816488901774 0.1 0.1 85 
-2.225242519378662 0.003 0.0009 0.9999796734253565 4e-06 1e-05 0.9999865581591924 1e-05 3e-05 4.511782814661662 0.1 0.1 86 
-2.225142386754354 0.002 0.001 0.9999787771701812 4e-06 1e-05 0.9999839256207148 1e-05 3e-05 4.51199475924174 0.2 0.2 87 
-2.2252004305521647 0.002 0.0009 0.9999785556395848 5e-06 1e-05 0.9999868369102478 9e-06 3e-05 4.511886552174886 0.1 0.1 88 
-2.2252484798431396 0.002 0.0008 0.9999790934721628 4e-06 1e-05 0.9999868073066076 9e-06 2e-05 4.511790835062663 0.1 0.1 89 
-2.2251763407389324 0.003 0.0009 0.9999779045581818 4e-06 2e-05 0.999984676639239 1e-05 3e-05 4.512032872835795 0.1 0.1 90 
-2.225152384440104 0.002 0.0009 0.9999803384145101 4e-06 1e-05 0.999982449611028 1e-05 2e-05 4.511989374160766 0.1 0.1 91 
-2.225228312810262 0.003 0.0009 0.9999789452552795 4e-06 2e-05 0.9999858351548513 1e-05 2e-05 4.511541997591655 0.1 0.1 92 
-2.225125274658203 0.003 0.0009 0.9999786367019018 4e-06 2e-05 0.9999843144416809 1e-05 4e-05 4.511710863113404 0.1 0.1 93 
-2.225064506530762 0.002 0.0008 0.9999796032905579 4e-06 2e-05 0.9999821186065674 1e-05 2e-05 4.511777625083924 0.1 0.1 94 
-2.225222365061442 0.002 0.0008 0.999979016383489 4e-06 1e-05 0.9999866302808126 9e-06 2e-05 4.511915871302286 0.1 0.1 95 
-2.2251673316955567 0.002 0.0008 0.999979421099027 5e-06 1e-05 0.9999852750698726 1e-05 2e-05 4.511493097941081 0.1 0.1 96 
-2.2251707776387533 0.003 0.0009 0.9999789607524872 5e-06 2e-05 0.999985336860021 9e-06 3e-05 4.511612807909648 0.1 0.1 97 
-2.225224609375 0.002 0.0009 0.9999788141250611 4e-06 1e-05 0.9999860592683156 9e-06 3e-05 4.511847739219665 0.1 0.1 98 
-2.225158141454061 0.003 0.0009 0.9999788631995519 5e-06 1e-05 0.9999852506319682 9e-06 3e-05 4.511822611490885 0.1 0.1 99 
-2.2252299054463704 0.003 0.0009 0.9999796217679977 4e-06 2e-05 0.9999859211842219 1e-05 3e-05 4.511660685539246 0.1 0.1 100 
-2.225200030008952 0.003 0.0009 0.9999786567687988 4e-06 2e-05 0.9999857314427694 9e-06 3e-05 4.5117773342132566 0.1 0.1 101 
-2.2252149200439453 0.002 0.0009 0.999978771408399 5e-06 1e-05 0.9999866205453872 9e-06 2e-05 4.511763693491618 0.1 0.1 102 
-2.2252236811319985 0.002 0.0008 0.9999784737825393 5e-06 1e-05 0.9999868736664455 9e-06 2e-05 4.511846809387207 0.1 0.1 103 
-2.2252183882395427 0.002 0.0009 0.9999785397450129 5e-06 1e-05 0.9999863900740942 9e-06 2e-05 4.511843701998393 0.1 0.1 104 
-2.225077314376831 0.002 0.0008 0.9999773945411047 5e-06 1e-05 0.9999829512834549 1e-05 3e-05 4.51184141476949 0.1 0.1 105 
-2.2252298959096275 0.003 0.001 0.9999798685312271 4e-06 2e-05 0.9999866632620493 9e-06 4e-05 4.511986258824666 0.1 0.2 106 
-2.2252410411834718 0.002 0.0009 0.9999788631995519 4e-06 1e-05 0.9999860827128092 1e-05 3e-05 4.511749521891276 0.1 0.1 107 
-2.225225632985433 0.002 0.0009 0.99997884730498 5e-06 1e-05 0.999985901316007 8e-06 2e-05 4.511778488159179 0.1 0.1 108 
-2.225182358423869 0.003 0.0009 0.9999786164363226 5e-06 1e-05 0.9999859565496445 9e-06 3e-05 4.511800643603007 0.1 0.1 109 
-2.225233023961385 0.002 0.0009 0.9999790998299917 4e-06 1e-05 0.999986709356308 9e-06 3e-05 4.511672094662984 0.1 0.1 110 
-2.225143038431803 0.002 0.0009 0.9999782931804657 5e-06 2e-05 0.999985062678655 9e-06 3e-05 4.51183568795522 0.1 0.1 111 
-2.225121094385783 0.002 0.0008 0.999978955189387 5e-06 1e-05 0.999984036286672 1e-05 3e-05 4.511539160410563 0.2 0.2 112 
-2.2251954237620035 0.002 0.0009 0.9999787374337514 5e-06 1e-05 0.9999862442413966 9e-06 3e-05 4.511853936513265 0.1 0.1 113 
-2.2251861031850177 0.003 0.0009 0.9999797403812408 5e-06 2e-05 0.9999859180053076 9e-06 3e-05 4.511838687260946 0.1 0.1 114 
-2.2252599366505943 0.002 0.0009 0.999979554216067 4e-06 1e-05 0.999987156589826 9e-06 2e-05 4.5117428636550905 0.1 0.1 115 
-2.225236005783081 0.002 0.0009 0.999979769786199 4e-06 1e-05 0.9999863084157308 1e-05 3e-05 4.511841597557068 0.1 0.1 116 
-2.2252242437998455 0.002 0.0009 0.999978615840276 4e-06 1e-05 0.999986688097318 9e-06 2e-05 4.511751046180725 0.1 0.1 117 
-2.225215876897176 0.002 0.0008 0.9999784618616104 5e-06 1e-05 0.9999871947367986 9e-06 2e-05 4.5120065275828045 0.1 0.1 118 
-2.225170583724976 0.002 0.0009 0.9999785073598226 5e-06 1e-05 0.999986134370168 9e-06 2e-05 4.5120150105158485 0.1 0.1 119 
-2.2252049541473387 0.002 0.0009 0.9999794258673986 5e-06 1e-05 0.9999861403306325 9e-06 3e-05 4.511824137369792 0.1 0.1 120 
-2.2252022361755373 0.002 0.0009 0.9999788256486257 5e-06 1e-05 0.9999866106112798 9e-06 3e-05 4.511866456667582 0.1 0.1 121 
-2.2251995627085366 0.003 0.0009 0.9999787284930547 4e-06 1e-05 0.9999862517913183 9e-06 3e-05 4.511808937390645 0.1 0.1 122 
-2.225241060256958 0.002 0.0009 0.9999797695875168 4e-06 1e-05 0.9999865128596623 1e-05 3e-05 4.511846041679382 0.1 0.1 123 
-2.2252270698547365 0.002 0.0009 0.9999787243207295 4e-06 1e-05 0.9999863801399866 9e-06 2e-05 4.511841452916463 0.1 0.1 124 
-2.2252227624257404 0.002 0.0009 0.9999793777863185 4e-06 1e-05 0.9999866084257761 9e-06 3e-05 4.5118272574742635 0.1 0.1 125 
-2.225203266143799 0.002 0.0009 0.9999779192606608 5e-06 1e-05 0.9999862815936407 9e-06 3e-05 4.511784052848816 0.1 0.1 126 
-2.2251825173695883 0.002 0.0009 0.9999782596031824 5e-06 1e-05 0.9999864892164866 8e-06 2e-05 4.511851838429769 0.1 0.1 127 
-2.22501602490743 0.002 0.0009 0.9999788572390874 5e-06 8e-06 0.9999817804495493 1e-05 6e-05 4.512108799616496 0.1 0.1 128 
-2.2249669456481933 0.002 0.001 0.9999776331583659 5e-06 2e-05 0.9999798955519994 1e-05 2e-05 4.512015682856242 0.1 0.1 129 
-2.2252308718363443 0.002 0.0009 0.9999789265791575 4e-06 1e-05 0.9999862265586853 9e-06 3e-05 4.511825652122497 0.1 0.1 130 
-2.2251579666137697 0.002 0.0009 0.9999780031045278 5e-06 2e-05 0.9999853523572286 9e-06 3e-05 4.511748862266541 0.1 0.1 131 
-2.225197041829427 0.003 0.001 0.9999787120024363 4e-06 1e-05 0.999985036055247 1e-05 3e-05 4.51175634543101 0.1 0.1 132 
-2.2252322006225587 0.002 0.0009 0.9999784245093664 4e-06 1e-05 0.9999866249163946 9e-06 3e-05 4.511700468063355 0.1 0.1 133 
-2.225219326019287 0.002 0.0009 0.9999789108832677 4e-06 1e-05 0.9999864073594411 9e-06 3e-05 4.51194446404775 0.1 0.1 134 
-2.2251648775736492 0.002 0.0009 0.9999793608983357 4e-06 1e-05 0.9999858981370926 9e-06 4e-05 4.511900267601013 0.1 0.1 135 
-2.22523224512736 0.002 0.0009 0.9999791659911473 5e-06 1e-05 0.9999868869781494 9e-06 2e-05 4.511874764760336 0.1 0.1 136 
-2.225307830174764 0.002 0.0009 0.9999801156918208 4e-06 1e-05 0.9999862974882125 1e-05 2e-05 4.511642057100932 0.2 0.1 137 
-2.2252046648661294 0.003 0.0009 0.9999796881278356 4e-06 2e-05 0.9999860350290934 1e-05 3e-05 4.511529177029928 0.1 0.1 138 
-2.225252129236857 0.002 0.0008 0.9999791616201401 4e-06 1e-05 0.9999871158599853 9e-06 2e-05 4.511721544265747 0.1 0.1 139 
-2.225248874028524 0.002 0.0009 0.9999803711970647 4e-06 1e-05 0.9999863227208455 1e-05 3e-05 4.511759638786316 0.1 0.1 140 
-2.2251868216196695 0.003 0.0009 0.999977642695109 4e-06 2e-05 0.9999857795238495 9e-06 3e-05 4.511828735669454 0.1 0.1 141 
-2.2251974614461263 0.002 0.0009 0.9999786603450775 5e-06 1e-05 0.9999864214658737 9e-06 3e-05 4.511753253936767 0.1 0.1 142 
-2.225228646596273 0.003 0.0009 0.9999795077244441 4e-06 2e-05 0.9999855935573578 1e-05 3e-05 4.511604010264079 0.1 0.1 143 
-2.225206305185954 0.003 0.0009 0.9999794733524322 4e-06 2e-05 0.9999858625729878 9e-06 3e-05 4.5120086145401 0.1 0.1 144 
-2.225194311141968 0.003 0.0009 0.9999783553679784 4e-06 1e-05 0.9999860852956772 9e-06 3e-05 4.511694925626119 0.1 0.1 145 
-2.2251922925313314 0.002 0.0009 0.9999794495105744 4e-06 1e-05 0.9999848318099975 1e-05 3e-05 4.5117733335495 0.1 0.1 146 
-2.2252012634277345 0.003 0.0009 0.9999781370162963 4e-06 2e-05 0.9999862734476725 9e-06 3e-05 4.511792937914531 0.1 0.1 147 
-2.2252170562744142 0.003 0.0009 0.9999791014194489 4e-06 1e-05 0.9999863435824712 9e-06 3e-05 4.511763421694438 0.1 0.1 148 
-2.2252344036102296 0.002 0.0008 0.9999787932634354 5e-06 1e-05 0.9999877252181371 9e-06 2e-05 4.511904311180115 0.1 0.1 149 
