-2.217119264602661 0.01 0.005 0.9999010465542475 6e-05 0.0003 0.9998980961243311 9e-05 0.0003 4.5099553298950195 0.3 0.2 0 
-2.223924029668172 0.0004 0.0004 0.999948591987292 2e-05 2e-05 0.999992947379748 2e-06 2e-06 4.513071432113647 0.2 0.2 3 
-2.2077409394582115 0.003 0.003 0.9999234940608343 2e-05 3e-05 0.9996832746267319 5e-05 5e-05 4.5013967196146645 0.2 0.2 4 
-2.1896488094329833 0.02 0.01 0.999790922999382 8e-05 0.0001 0.9995893534024557 0.0003 0.0007 4.494286985397339 0.2 0.2 9 
-2.215791778564453 0.4 0.008 0.9999212686220805 5e-05 0.005 0.9998487971226374 0.0001 0.005 4.507090450922648 0.3 0.5 10 
-2.2133230272928874 0.005 0.003 0.9999090296030044 3e-05 6e-05 0.9998856220642726 8e-05 0.0002 4.506354665756225 0.2 0.2 11 
-2.218381627400716 0.01 0.004 0.999829831123352 0.0001 0.0003 0.9998502419392268 0.0001 0.0002 4.510871507326762 0.2 0.3 12 
-2.2198253599802653 0.007 0.003 0.9999166399240493 4e-05 8e-05 0.9999418769280116 5e-05 0.0005 4.511471052169799 0.2 0.2 19 
-2.2036284319559734 0.01 0.007 0.9998727975289027 4e-05 5e-05 0.9997610521316528 0.0002 0.0007 4.501911629041036 0.2 0.2 20 
-2.193162441253662 0.1 0.01 0.9998586920897166 5e-05 0.0004 0.9995736561218898 0.0004 0.007 4.494244078000387 0.2 0.3 21 
-2.1969894949595132 0.04 0.01 0.9998411762714386 6e-05 0.0001 0.9995485526323319 0.0004 0.001 4.497794499397278 0.2 0.2 23 
-2.215200859705607 0.01 0.004 0.9999404764175415 2e-05 4e-05 0.999859391649564 0.0001 0.0003 4.507780294418335 0.1 0.1 24 
-2.2223434257507324 0.002 0.002 0.9999386926492055 2e-05 3e-05 0.9999154374996821 5e-05 0.0001 4.512478451728821 0.2 0.2 29 
-2.1999171765645347 0.03 0.01 0.9998143970966339 0.0001 0.0005 0.9994395470619202 0.0005 0.0008 4.4975186475118 0.2 0.2 36 
-2.2126706218719483 0.01 0.007 0.9996201926469803 0.0002 0.0005 0.999866072734197 0.0001 0.0004 4.505507262547811 0.3 0.3 37 
-2.2207280445098876 0.005 0.002 0.9999343961477279 2e-05 3e-05 0.9999405241012573 5e-05 0.0004 4.511483696301778 0.2 0.2 40 
-2.223875109354655 0.0003 0.0003 0.9999143298467 1e-05 1e-05 0.9999924443165461 2e-06 2e-06 4.514148435592651 0.2 0.2 42 
-2.218697799046834 0.004 0.003 0.9999183372656504 4e-05 8e-05 0.9999346391359965 6e-05 0.0001 4.510744964281718 0.2 0.2 46 
-2.216708698272705 0.002 0.002 0.999932973186175 2e-05 2e-05 0.9999409313996633 3e-05 7e-05 4.508086708386739 0.1 0.1 47 
-2.18998033841451 0.6 0.02 0.999781818985939 9e-05 0.003 0.9994031486908594 0.0006 0.03 4.4938352584838865 0.5 0.7 51 
-2.196693248748779 0.3 0.02 0.9998343968391419 0.0001 0.004 0.9996951389312744 0.0003 0.003 4.498109776178996 0.2 0.5 52 
-2.220092026392619 0.004 0.002 0.9998005336523056 0.0001 0.0007 0.9998953106005987 9e-05 0.0002 4.511298178037007 0.3 0.3 54 
-2.2208470344543456 0.006 0.003 0.9999177082379659 4e-05 0.0001 0.9999026797215144 4e-05 8e-05 4.509400307337443 0.3 0.3 57 
-2.2193437957763673 0.004 0.002 0.9999506111939748 2e-05 3e-05 0.9999020371834437 9e-05 0.0002 4.510003350575765 0.2 0.2 59 
-2.219935563405355 0.004 0.002 0.9999381387233734 1e-05 2e-05 0.9998868817090988 0.0001 0.0003 4.509994889895121 0.2 0.2 68 
-2.1988857714335124 0.03 0.01 0.9997751333316167 0.0001 0.0003 0.9994002427657446 0.0005 0.003 4.498583141962687 0.3 0.3 70 
-2.224379533131917 0.0002 0.0002 0.9999237068494161 1e-05 1e-05 0.9999941339095434 6e-07 6e-07 4.513925959269206 0.2 0.2 77 
-2.200514504114787 0.3 0.01 0.9998816452423731 4e-05 0.002 0.9998305946588516 0.0002 0.003 4.498384596506755 0.2 0.5 83 
-2.1999037075042724 0.03 0.01 0.9999052627881369 4e-05 9e-05 0.9992897335688273 0.0005 0.0008 4.498581048647563 0.1 0.2 86 
-2.2220509179433185 0.1 0.003 0.9998433429002762 8e-05 0.001 0.9999793001015981 2e-05 0.003 4.513930419286092 0.3 0.3 87 
-2.2046955744425456 0.008 0.005 0.9998913004000982 4e-05 9e-05 0.9996193653345108 0.0002 0.0002 4.501552623112996 0.2 0.2 92 
-2.221663246154785 0.01 0.003 0.9998880799611409 8e-05 0.0002 0.9999635503689448 3e-05 7e-05 4.511798820495605 0.3 0.2 93 
-2.2084111913045246 0.006 0.005 0.999914204676946 2e-05 5e-05 0.999779180486997 0.0001 0.0001 4.501107807159424 0.1 0.1 95 
-2.217311093012492 0.1 0.007 0.9999238773187001 5e-05 0.001 0.9998541635274887 0.0001 0.004 4.507810413042704 0.5 0.5 96 
