-2.222391751607259 0.003 0.001 0.999937142531077 7e-06 1e-05 0.9999831269184748 9e-06 2e-05 4.509994641939799 0.1 0.1 0 
-2.043307377497355 0.04 0.02 0.9988103582461675 0.0001 0.0002 0.9950186852614085 0.0009 0.002 4.389673560460409 0.5 0.5 1 
-2.222095635732015 0.003 0.002 0.9999250608682633 8e-06 2e-05 0.9999819149573644 9e-06 3e-05 4.509974010785421 0.1 0.1 2 
-2.2218679555257164 0.004 0.002 0.9999182911713919 9e-06 2e-05 0.9999817252159119 1e-05 3e-05 4.509755560557047 0.1 0.1 3 
-2.211721232732137 0.002 0.002 0.9996952690680821 2e-05 2e-05 0.9999221100409825 6e-05 7e-05 4.500834453900655 0.2 0.2 4 
-1.9807455603281656 0.002 0.002 0.9982693517208099 4e-05 4e-05 0.9962633188565572 6e-05 6e-05 4.3504845364888505 0.07 0.07 5 
-2.0509378242492677 0.04 0.02 0.9990655910968781 0.0001 0.0002 0.9950063167015711 0.0009 0.003 4.396841578483581 0.5 0.5 6 
-2.2238394355773927 0.001 0.0008 0.9999439140160878 4e-06 6e-06 0.9999856696526209 5e-06 1e-05 4.51246208190918 0.09 0.09 7 
-2.0416523202260337 0.04 0.02 0.998717509706815 0.0001 0.0002 0.9950281443198522 0.0009 0.002 4.389080248673757 0.5 0.5 8 
-2.0416775798797606 0.04 0.02 0.9987183519204458 0.0001 0.0002 0.9950257823864619 0.0009 0.002 4.3890902582804365 0.5 0.5 9 
-2.0417411295572916 0.03 0.02 0.9987204710642497 0.0001 0.0002 0.9950257581472397 0.0009 0.002 4.3890491827329 0.5 0.5 10 
-2.0417134602864584 0.03 0.02 0.9987191710869471 0.0001 0.0002 0.9950260289510091 0.0009 0.002 4.389100120067597 0.5 0.5 11 
-2.051207036972046 0.04 0.02 0.999063097635905 0.0001 0.0002 0.9950157139698664 0.0009 0.003 4.397422187328338 0.5 0.5 12 
-2.2223987483978274 0.003 0.001 0.9999372039238612 8e-06 2e-05 0.9999830847978592 9e-06 2e-05 4.510023531913757 0.1 0.1 13 
-2.2222913138071694 0.003 0.002 0.9999367366234462 8e-06 2e-05 0.9999823544422786 9e-06 2e-05 4.509972656567891 0.1 0.1 14 
-2.045539995829264 0.05 0.02 0.9989585689703624 0.0001 0.0002 0.9949914145469666 0.0009 0.003 4.390349824428558 0.5 0.5 15 
-2.2243562285105387 0.005 0.002 0.999874543150266 7e-06 3e-05 0.9999812477827072 2e-05 8e-05 4.51476220925649 0.2 0.2 16 
-2.2240164343516033 0.002 0.001 0.9999713275829951 5e-06 1e-05 0.9999835832913717 7e-06 2e-05 4.51149597009023 0.1 0.1 17 
-2.224576021830241 0.003 0.001 0.9999777577320734 7e-06 1e-05 0.9999871571858724 9e-06 4e-05 4.511556336085001 0.1 0.1 18 
-2.222058267593384 0.003 0.002 0.9999218748013179 8e-06 2e-05 0.9999818770090739 1e-05 3e-05 4.510073833465576 0.1 0.1 19 
-2.224188397725423 0.003 0.001 0.999967986146609 7e-06 1e-05 0.9999827301502228 1e-05 3e-05 4.51162496248881 0.1 0.1 20 
-2.2218499914805094 0.004 0.002 0.9999178914229075 9e-06 2e-05 0.9999817132949829 1e-05 3e-05 4.509934441248576 0.1 0.1 21 
-2.048698682785034 0.04 0.02 0.9989496489365896 0.0001 0.0002 0.9950294564167659 0.0009 0.003 4.396000750859579 0.5 0.5 22 
-2.22428521156311 0.01 0.002 0.9999634377161661 1e-05 0.0001 0.9999827686945597 1e-05 5e-05 4.511903475125631 0.2 0.2 23 
-2.2239825375874838 0.007 0.002 0.9999278263250987 9e-06 5e-05 0.9999809183677038 1e-05 3e-05 4.512923682530721 0.1 0.1 24 
-2.0513540267944337 0.04 0.02 0.9990670808156331 0.0001 0.0002 0.9950172219673793 0.0009 0.003 4.397196212609609 0.5 0.5 25 
-2.0510324096679686 0.04 0.02 0.9990654838085175 0.0001 0.0002 0.9950080178181331 0.0009 0.003 4.396831070582072 0.5 0.5 26 
-2.045675547917684 0.05 0.02 0.9989539370934168 0.0001 0.0002 0.9949989052613576 0.0009 0.003 4.389668893814087 0.6 0.5 27 
-2.0416952546437583 0.04 0.02 0.9987164284785589 0.0001 0.0002 0.9950269955396652 0.0009 0.002 4.389025080998739 0.5 0.5 28 
-1.661585988998413 0.06 0.03 0.9919840057690938 0.001 0.002 0.9978548965851466 0.0001 0.0001 4.114866474469503 0.2 0.2 29 
-2.223419418334961 0.007 0.002 0.9999179935455322 1e-05 8e-05 0.9999796058734258 2e-05 5e-05 4.511752160390218 0.1 0.1 30 
-2.1503124713897703 0.004 0.003 0.9991146796941757 5e-05 0.0001 0.9998821429411571 8e-05 0.0001 4.445126845041911 0.2 0.2 31 
-2.0455696551005045 0.05 0.02 0.9989632296562195 0.0001 0.0002 0.9949832236766816 0.0009 0.003 4.3896816507975265 0.6 0.5 32 
-2.048572832743327 0.04 0.02 0.9989593251546224 0.0001 0.0002 0.995027798016866 0.0009 0.003 4.395982673962911 0.5 0.5 33 
-2.15022541364034 0.004 0.003 0.9991196515162786 5e-05 0.0001 0.9998808759450912 8e-05 0.0001 4.444867703119914 0.2 0.2 34 
-2.2243626499176026 0.003 0.001 0.9999547549088796 7e-06 1e-05 0.9999837384621302 1e-05 4e-05 4.512532827059428 0.1 0.1 35 
-2.2234336535135903 0.002 0.001 0.9999622813860576 7e-06 1e-05 0.9999832447369893 9e-06 2e-05 4.511186957359314 0.1 0.1 36 
-2.2223130798339845 0.003 0.001 0.9999303084611892 8e-06 2e-05 0.9999825984239579 9e-06 2e-05 4.5101415109634395 0.1 0.1 37 
-2.2234582996368406 0.003 0.001 0.9999198947350184 7e-06 1e-05 0.9999808245897293 1e-05 3e-05 4.512155086199442 0.1 0.1 38 
-1.9863746356964112 0.002 0.002 0.9983350890874862 4e-05 4e-05 0.9962005730470022 6e-05 6e-05 4.354298944473267 0.07 0.07 39 
-1.9183242321014404 0.008 0.006 0.9970933489004771 0.0005 0.0007 0.9966446391741435 0.0001 0.0002 4.308822340965271 0.2 0.2 40 
-2.2224014949798585 0.003 0.002 0.9999485025803249 8e-06 2e-05 0.9999830514192581 9e-06 3e-05 4.510116200447083 0.1 0.1 41 
-2.0000772921244305 0.002 0.002 0.9985154104232788 4e-05 4e-05 0.9959849057594935 6e-05 6e-05 4.364125499725342 0.07 0.07 42 
-2.0452390416463215 0.04 0.02 0.9989609666665396 0.0001 0.0002 0.9949802941083908 0.0009 0.003 4.38949066956838 0.5 0.5 43 
-2.219438025156657 0.002 0.002 0.9999080999692281 1e-05 2e-05 0.999928457736969 6e-05 7e-05 4.507906541824341 0.2 0.2 44 
-2.224174114863078 0.003 0.001 0.9999274047215779 7e-06 1e-05 0.9999841147661209 1e-05 5e-05 4.512621113459269 0.1 0.1 45 
-2.0508921559651694 0.04 0.02 0.9990616353352865 0.0001 0.0002 0.9950113213062286 0.0009 0.003 4.397151023546854 0.5 0.5 46 
-2.0485432243347166 0.04 0.02 0.9989481377601623 0.0001 0.0002 0.9950224842627843 0.0009 0.003 4.395555596351624 0.5 0.5 47 
-2.0510144297281903 0.04 0.02 0.9990688800811768 0.0001 0.0002 0.995007828672727 0.0009 0.003 4.396970953146616 0.5 0.5 48 
-1.990855344136556 0.002 0.002 0.9983880529801051 4e-05 4e-05 0.9961320678393046 6e-05 6e-05 4.357633727391561 0.07 0.07 49 
-2.224338986078898 0.002 0.001 0.9999685164292653 6e-06 8e-06 0.9999862452348073 8e-06 3e-05 4.5115924056371055 0.1 0.1 50 
-2.2238724708557127 0.001 0.0009 0.9999627441167831 4e-06 7e-06 0.9999858611822128 5e-06 2e-05 4.511669543584188 0.1 0.1 51 
-1.9885121472676595 0.002 0.002 0.9983591616153717 4e-05 4e-05 0.9961777261892955 5e-05 5e-05 4.35571713924408 0.07 0.07 52 
-2.222725706100464 0.001 0.0009 0.9999079596996308 4e-06 6e-06 0.9999845997492472 6e-06 2e-05 4.5110551182429 0.1 0.1 53 
-2.041784118016561 0.03 0.02 0.9987210714817047 0.0001 0.0002 0.9950243977705637 0.0009 0.002 4.389073606332143 0.5 0.5 54 
-2.224066088994344 0.003 0.001 0.9998904184500377 8e-06 1e-05 0.9999837907155354 1e-05 4e-05 4.5142651510238645 0.1 0.1 55 
-2.2237326876322427 0.003 0.001 0.9999054551124573 6e-06 9e-06 0.9999840273459752 1e-05 4e-05 4.512706880569458 0.1 0.1 56 
-2.224180939992269 0.002 0.0008 0.9999734556674957 4e-06 8e-06 0.9999808710813523 9e-06 3e-05 4.511460216840108 0.1 0.1 57 
-2.222163801193237 0.01 0.002 0.9999185734987259 1e-05 0.0001 0.9999801858266195 2e-05 0.0001 4.509942212104797 0.2 0.2 58 
-2.041701752344767 0.04 0.02 0.9987174832820892 0.0001 0.0002 0.9950255972146987 0.0009 0.002 4.389088842074076 0.5 0.5 59 
-2.223549811045329 0.003 0.001 0.9999165789286295 7e-06 1e-05 0.9999845645825068 9e-06 4e-05 4.51236515045166 0.1 0.1 60 
-2.2220662212371827 0.004 0.002 0.9999218402306239 9e-06 2e-05 0.9999818126360576 1e-05 3e-05 4.510072147051494 0.1 0.1 61 
-2.0417980511983234 0.04 0.02 0.9987213814258575 0.0001 0.0002 0.9950237848361333 0.0009 0.002 4.389064405759176 0.5 0.5 62 
-2.2244718233744303 0.003 0.001 0.9999299804369609 7e-06 2e-05 0.9999818227688472 1e-05 3e-05 4.513231342633565 0.09 0.09 63 
-2.0512764263153076 0.04 0.02 0.999066424369812 0.0001 0.0002 0.9950167872508366 0.0009 0.003 4.397302797635397 0.5 0.5 64 
-2.224373973210653 0.006 0.002 0.9998929305871328 8e-06 3e-05 0.9999811414877574 2e-05 8e-05 4.514669198989868 0.2 0.2 65 
-2.222301057179769 0.003 0.002 0.9999361856778463 8e-06 2e-05 0.9999825006723404 9e-06 2e-05 4.509974234898885 0.1 0.1 66 
-2.224234479268392 0.002 0.001 0.9999472981691361 5e-06 6e-06 0.9999858226378758 8e-06 3e-05 4.512633570035299 0.1 0.1 67 
-2.2229165045420327 0.003 0.001 0.9999485373497009 8e-06 2e-05 0.999982928832372 8e-06 2e-05 4.510690908432007 0.1 0.1 68 
-2.2235496552785237 0.002 0.001 0.9999015937248866 6e-06 9e-06 0.9999839025735855 9e-06 4e-05 4.512658375104269 0.1 0.1 69 
-2.223162228266398 0.003 0.001 0.999890549381574 7e-06 1e-05 0.9999799525737763 1e-05 4e-05 4.512580407460531 0.1 0.1 70 
-2.041609411239624 0.04 0.02 0.9987157189846039 0.0001 0.0002 0.995028530160586 0.0009 0.002 4.389107925891876 0.5 0.5 71 
-2.2229467614491782 0.009 0.002 0.9998833149671554 1e-05 0.0001 0.9999787908792496 2e-05 5e-05 4.512457547187805 0.2 0.2 72 
-1.9873516178131103 0.002 0.002 0.998344970146815 4e-05 4e-05 0.9961940298477808 5e-05 5e-05 4.354886940320333 0.07 0.07 73 
-2.2245041529337564 0.003 0.001 0.9999302319685618 7e-06 2e-05 0.9999817955493927 1e-05 2e-05 4.513229149182638 0.09 0.09 74 
-1.9767483361562093 0.002 0.002 0.9982227891683578 5e-05 5e-05 0.9963033471504847 6e-05 6e-05 4.347799903551738 0.07 0.07 75 
-2.149930804570516 0.004 0.003 0.9990825972954432 5e-05 0.0001 0.9998808944225311 8e-05 0.0001 4.445268397331238 0.2 0.2 76 
-2.2227391370137535 0.002 0.001 0.999729878505071 8e-06 1e-05 0.9999806610743205 9e-06 3e-05 4.51731377919515 0.1 0.1 77 
-2.2222874482472736 0.003 0.002 0.9999367094039917 8e-06 2e-05 0.9999823238452276 1e-05 2e-05 4.5099894809722905 0.1 0.1 78 
-2.042911303838094 0.05 0.02 0.9988530105352402 0.0001 0.0002 0.9950055503845214 0.0009 0.003 4.388924733797709 0.5 0.5 79 
-2.223851146697998 0.0008 0.0007 0.9999439100424449 4e-06 5e-06 0.9999858003854751 5e-06 1e-05 4.512491243680318 0.09 0.09 80 
-2.2222976207733156 0.003 0.002 0.9999356718858083 8e-06 2e-05 0.9999824297428132 9e-06 2e-05 4.510033723513286 0.1 0.1 81 
-2.224231685002645 0.008 0.002 0.9999722649653753 1e-05 9e-05 0.9999826888243357 2e-05 7e-05 4.511319386164347 0.2 0.2 82 
-2.2241698996225994 0.001 0.0008 0.9999679889281591 3e-06 6e-06 0.9999868631362915 6e-06 2e-05 4.5113530397415165 0.09 0.1 83 
-2.041811113357544 0.03 0.02 0.9987202815214793 0.0001 0.0002 0.9950228969256083 0.0009 0.002 4.389075422286988 0.5 0.5 84 
-2.041666351954142 0.03 0.02 0.9987167282899221 0.0001 0.0002 0.9950274980068207 0.0009 0.002 4.389066365559896 0.5 0.5 85 
-2.2206919193267822 0.001 0.001 0.9999012792110443 1e-05 1e-05 0.9999370646476745 5e-05 6e-05 4.5089871040980025 0.1 0.1 86 
-2.0436581325531007 0.04 0.02 0.9988265597820282 0.0001 0.0002 0.9950122513373693 0.0009 0.002 4.389697713851929 0.5 0.5 87 
-1.9398227437337239 0.004 0.004 0.997566954890887 9e-05 9e-05 0.9966010785102845 7e-05 7e-05 4.320236550966898 0.09 0.09 88 
-2.22309032758077 0.002 0.001 0.9998439639806748 6e-06 1e-05 0.9999791393677394 1e-05 3e-05 4.514157098134358 0.1 0.1 89 
-2.2228346729278563 0.01 0.002 0.9999266813198725 1e-05 0.0001 0.9999791340033213 2e-05 0.0001 4.5109461355209355 0.2 0.2 90 
-2.0417089080810547 0.03 0.02 0.9987165339787801 0.0001 0.0002 0.9950270696481069 0.0009 0.002 4.389021078745524 0.5 0.5 91 
-1.948955291112264 0.004 0.004 0.9977064710855484 7e-05 7e-05 0.9965243661403655 7e-05 7e-05 4.327080534299214 0.08 0.08 92 
-2.2227288977305095 0.006 0.002 0.9999207093318303 7e-06 2e-05 0.9999434957901637 5e-05 0.0001 4.511836641629537 0.2 0.2 93 
-2.2238178412119547 0.006 0.002 0.9999467438459396 9e-06 3e-05 0.9999794844786326 2e-05 0.0001 4.5112992811203005 0.2 0.2 94 
-2.1504197279612223 0.004 0.003 0.9991221845149993 5e-05 0.0001 0.9998825206359228 8e-05 0.0001 4.445354661941528 0.2 0.2 95 
-2.04165864944458 0.03 0.02 0.998716545701027 0.0001 0.0002 0.9950273615121842 0.0009 0.002 4.389094975789388 0.5 0.5 96 
-2.2198332373301186 0.003 0.001 0.9998675294717153 8e-06 2e-05 0.9999798929691315 8e-06 2e-05 4.508906009991963 0.1 0.1 97 
-2.0508906332651775 0.04 0.02 0.9990621083974838 0.0001 0.0002 0.9950059727827708 0.0009 0.003 4.397075923283895 0.5 0.5 98 
-2.0458800252278646 0.05 0.02 0.9989693359533945 0.0001 0.0002 0.9949917894601822 0.0009 0.003 4.390054204463959 0.5 0.5 99 
