-2.2121368916829427 0.01 0.006 0.9998923293749491 4e-05 0.0001 0.9999104462067286 5e-05 0.0002 4.508191355069479 0.2 0.2 0 
-2.213948631286621 0.002 0.002 0.999892442425092 3e-05 3e-05 0.9998785305023193 3e-05 4e-05 4.509762794176737 0.2 0.2 1 
-2.197281993230184 0.02 0.01 0.9998005197445552 6e-05 0.0002 0.9998069246610005 0.0002 0.0004 4.50063321908315 0.3 0.3 3 
-2.215850070317586 0.002 0.002 0.9999139901002249 2e-05 3e-05 0.9998182388146718 7e-05 0.0002 4.508740175565084 0.2 0.2 4 
-2.221163288752238 0.007 0.003 0.9998622447252273 9e-05 0.0002 0.9999585324525833 3e-05 6e-05 4.511716389656067 0.3 0.3 6 
-2.208110243479411 0.01 0.008 0.9998040829102198 0.0001 0.0002 0.9997719820340475 0.0002 0.0008 4.508789998690287 0.3 0.3 8 
-2.2128736464182537 0.03 0.009 0.9997843414545059 0.0002 0.001 0.9997648155689239 0.0002 0.001 4.507567509015401 0.3 0.3 11 
-2.2132689476013185 0.02 0.005 0.9998431589206059 8e-05 0.0003 0.9997068093220393 0.0003 0.002 4.508239426612854 0.2 0.3 16 
-2.203871685663859 0.03 0.009 0.9997168684005737 0.0001 0.0003 0.9996959032615026 0.0002 0.002 4.508305149078369 0.4 0.4 18 
-2.2181767209370933 0.01 0.006 0.9998086450497309 0.0001 0.0009 0.9998986514409384 7e-05 0.0004 4.510962162017822 0.3 0.3 19 
-2.217147404352824 0.003 0.002 0.9999266382058462 2e-05 2e-05 0.9998080909252167 0.0001 0.0003 4.509606151580811 0.2 0.2 28 
-2.210592813491821 0.009 0.008 0.9998652903238933 4e-05 0.0001 0.9998952660957973 7e-05 0.0003 4.507423283259074 0.3 0.3 32 
-2.2105483118693035 0.008 0.007 0.9998986663420996 4e-05 7e-05 0.9998707715670268 9e-05 0.0003 4.506670815149943 0.2 0.2 36 
-2.211643918355306 0.01 0.006 0.9998653620481491 5e-05 0.0001 0.9998902436097463 5e-05 0.0001 4.508996232350667 0.3 0.3 38 
-2.2106915855407716 0.006 0.005 0.9998909346262614 4e-05 8e-05 0.9998888597885768 6e-05 0.0001 4.506919652620951 0.2 0.2 40 
-2.20894203821818 0.009 0.007 0.9998629800478618 6e-05 0.0001 0.9998695749044418 7e-05 0.0001 4.505980903307597 0.3 0.3 41 
-2.216234432856242 0.006 0.003 0.9998791728417079 5e-05 0.0001 0.9997624107201895 8e-05 0.0001 4.509582653045654 0.2 0.3 42 
-2.2132528909047444 0.008 0.003 0.9998531619707743 4e-05 5e-05 0.999756359855334 0.0002 0.0006 4.5091817712783815 0.3 0.3 43 
-2.2183209069569907 0.003 0.002 0.9999105542898178 4e-05 0.0001 0.9999521481990814 3e-05 0.0001 4.510057843526204 0.3 0.3 44 
-2.2146667130788167 0.02 0.008 0.999797922372818 0.0001 0.0004 0.9998021266857783 0.0001 0.0004 4.509662791887919 0.4 0.4 45 
-2.20223876953125 0.01 0.01 0.9997654487689336 0.0001 0.0002 0.9998254112402598 0.0001 0.0003 4.507665230433147 0.3 0.3 46 
-2.209641383488973 0.01 0.004 0.9998733661572139 4e-05 8e-05 0.9997237306833268 8e-05 0.0004 4.507252283096314 0.2 0.2 47 
-2.216863794326782 0.0008 0.0008 0.9999173510074616 1e-05 1e-05 0.9997925198078156 1e-05 2e-05 4.50964787642161 0.1 0.1 48 
-2.207365929285685 0.02 0.01 0.9998924885193506 4e-05 0.0001 0.9995670757691065 0.0004 0.001 4.504768834114075 0.2 0.2 50 
-2.210647897720337 0.02 0.005 0.9998644214868545 4e-05 7e-05 0.9998124368985494 0.0001 0.0003 4.507379004160563 0.2 0.2 52 
-2.2146575387318927 0.01 0.007 0.9997934689124425 0.0001 0.0006 0.9998426403601964 0.0001 0.0006 4.513211129506429 0.4 0.4 53 
-2.2123053614298502 0.008 0.004 0.9998848034938177 3e-05 5e-05 0.9999087160825729 2e-05 4e-05 4.507729341189067 0.2 0.2 54 
-2.211795021692912 0.006 0.005 0.999855407277743 6e-05 0.0002 0.9998630120356877 8e-05 0.0001 4.50933975537618 0.3 0.3 57 
-2.21721897761027 0.001 0.001 0.9999313231309255 2e-05 2e-05 0.999825671116511 7e-05 0.0001 4.509371541341146 0.2 0.2 59 
-2.2070786921183267 0.005 0.005 0.9998692911863327 4e-05 6e-05 0.9998348848025004 8e-05 0.0001 4.506016527811687 0.2 0.2 60 
-2.2104522514343263 0.01 0.006 0.9998662811517716 5e-05 8e-05 0.9998409722248713 0.0001 0.0007 4.508569145202637 0.2 0.2 61 
-2.2184235858917236 0.006 0.002 0.9999152582883835 3e-05 9e-05 0.9999179895718893 4e-05 0.0002 4.511973648071289 0.2 0.2 63 
-2.194876356124878 0.01 0.008 0.9998397978146871 5e-05 7e-05 0.9992950673898061 0.0003 0.0009 4.495897107124328 0.2 0.3 65 
-2.20566814104716 0.02 0.01 0.9998647662003836 5e-05 0.0002 0.9998347836732865 0.0001 0.0006 4.5044566965103146 0.2 0.3 67 
-2.213757276535034 0.006 0.005 0.9998789234956106 8e-05 0.0003 0.9997281469901402 9e-05 0.0002 4.5073733965555824 0.2 0.3 70 
-2.2183369731903078 0.01 0.005 0.9998487013578415 9e-05 0.0005 0.9999231060345968 5e-05 0.0003 4.513231428464254 0.4 0.4 71 
-2.2046752834320067 0.04 0.01 0.999809281428655 0.0001 0.0007 0.9994636992613475 0.0005 0.003 4.503921829859416 0.3 0.3 73 
-2.217441151936849 0.01 0.005 0.9998589503765106 0.0001 0.0002 0.9999063173929851 6e-05 0.0002 4.508938674926758 0.3 0.3 77 
-2.210207675298055 0.01 0.006 0.9998908871412278 4e-05 9e-05 0.9998937571048736 6e-05 0.0002 4.505973184903462 0.2 0.2 79 
-2.2145470905303957 0.02 0.005 0.9998819462458293 5e-05 0.0002 0.9998636456330617 8e-05 0.0008 4.51045494556427 0.3 0.3 80 
-2.2209384218851724 0.003 0.002 0.9998724949359894 0.0001 0.0002 0.9998949001232783 3e-05 6e-05 4.510794140497843 0.2 0.2 81 
-2.2189828395843505 0.006 0.003 0.9999229389429093 3e-05 0.0001 0.9999072271585464 6e-05 0.0002 4.510857698122661 0.2 0.2 82 
-2.1997347768147786 0.02 0.01 0.9998461576302846 5e-05 0.0001 0.9998288780450821 0.0001 0.0004 4.500077729225159 0.2 0.2 83 
-2.2113297971089683 0.001 0.002 0.9998710964123408 3e-05 3e-05 0.9997394831975301 2e-05 4e-05 4.50798270702362 0.2 0.2 89 
-2.214221051534017 0.02 0.008 0.9997807655731837 0.0001 0.0002 0.9997471304734548 0.0002 0.0008 4.510490717887879 0.3 0.3 91 
-2.214730625152588 0.006 0.003 0.9998398347695668 9e-05 0.0002 0.9999161934852601 4e-05 6e-05 4.509413959185283 0.3 0.3 93 
-2.2155082511901854 0.01 0.006 0.9997840644915899 0.0001 0.0006 0.9998262566328049 9e-05 0.0004 4.510318428675333 0.4 0.4 97 
