524.9801025390625 0 
546.4220336914062 1 
9.205708579429484e-07 2 
-2.215472625096639 0.003 0.002 0.9998940136035284 2e-05 2e-05 0.9985032918055853 2e-05 2e-05 4.503997769355774 0.2 0.3 3 
373.894921875 4 
596.736083984375 5 
-2.219459673563639 0.005 0.002 0.9998847895860672 2e-05 3e-05 0.9998313158750534 7e-05 0.0001 4.512032426198323 0.2 0.2 6 
9.20492334444134e-07 7 
9.206248591908662e-07 8 
9.207028142554918e-07 9 
217.15554504394532 10 
-2.213750810623169 0.005 0.003 0.999871288339297 2e-05 3e-05 0.9999139952659607 3e-05 6e-05 4.502005435625712 0.2 0.2 11 
-2.2243010902404787 0.001 0.0009 0.9999857423702876 5e-06 9e-06 0.9999858802556991 8e-06 1e-05 4.509630859692892 0.1 0.1 12 
9.204710408994288e-07 13 
-2.223992239634196 0.0008 0.0006 0.9999847465753555 6e-06 9e-06 0.9999975017706553 5e-07 7e-07 4.511021176973979 0.08 0.09 14 
-2.22308819770813 0.002 0.0009 0.9999760997295379 7e-06 2e-05 0.9999706055720647 1e-05 1e-05 4.510513113339742 0.1 0.1 15 
9.204952220898121e-07 16 
9.205090123032278e-07 17 
190.9765594482422 18 
0.3646539211273193 19 
-2.167429774602254 0.009 0.008 0.9993201887607575 7e-05 6e-05 0.9992283268769582 3e-05 3e-05 4.462450927893321 0.7 0.7 20 
716.2282958984375 21 
9.201947364090302e-07 22 
9.204779530591623e-07 23 
9.198017323797103e-07 24 
1249.8771728515626 25 
678.7169677734375 26 
277.9542724609375 27 
301.0158386230469 28 
-2.2221466159820555 0.009 0.003 0.9999682422478994 1e-05 4e-05 0.9999343132972718 3e-05 5e-05 4.505154784520467 0.2 0.2 29 
9.206057711708127e-07 30 
9.206287359120324e-07 31 
316.02158813476564 32 
9.202871638080978e-07 33 
9.20600018616824e-07 34 
215.175927734375 35 
-2.2221640173594155 0.003 0.001 0.9999655169248581 1e-05 3e-05 0.999975339571635 7e-06 2e-05 4.508969693183899 0.1 0.1 36 
-2.2247502930959064 0.003 0.001 0.9999879809220632 4e-06 6e-06 0.9999582278728485 3e-05 0.0001 4.50961094379425 0.2 0.2 37 
-2.216909948984782 0.006 0.003 0.9999792850017548 7e-06 1e-05 0.9995058284203211 0.0002 0.0002 4.467202687263489 0.3 0.3 38 
605.9204711914062 39 
-2.2120569451649983 0.006 0.003 0.9998266933361689 5e-05 8e-05 0.9985102035601934 5e-05 6e-05 4.507763744990031 0.3 0.3 40 
508.57318115234375 41 
-2.2156137530008952 0.007 0.003 0.9999495977163315 2e-05 2e-05 0.9984388009707132 5e-05 7e-05 4.491081272761027 0.3 0.3 42 
9.2064033196948e-07 43 
-2.2244466813405355 0.0003 0.0002 0.9999827885627747 2e-06 2e-06 0.9999768968423207 7e-06 1e-05 4.510364750226339 0.1 0.1 44 
373.9619140625 45 
9.206342156176106e-07 46 
-2.2196596240997315 0.001 0.0009 0.9999511257807414 1e-05 1e-05 0.9999213828643163 3e-05 6e-05 4.500758517583211 0.2 0.2 47 
9.205476771967369e-07 48 
440.2593139648437 49 
-2.2248739337921144 0.0007 0.0005 0.9999920469522476 2e-06 3e-06 0.9995672601461411 1e-05 1e-05 4.5131898117065425 0.09 0.09 50 
283.4357666015625 51 
9.204711204802151e-07 52 
-2.223359088897705 0.004 0.001 0.999979563554128 9e-06 4e-05 0.9999864645799001 8e-06 2e-05 4.509946292241414 0.1 0.1 53 
1345.935546875 54 
9.205362744069135e-07 55 
353.04982299804686 56 
-2.222713441848755 0.004 0.002 0.9999765235185624 1e-05 5e-05 0.9999705259005228 2e-05 3e-05 4.509505044619242 0.09 0.09 57 
-2.224726473490397 0.002 0.001 0.9999848508834839 7e-06 1e-05 0.9999812088410059 7e-06 1e-05 4.511732641855875 0.1 0.1 58 
9.204773277815548e-07 59 
9.203848208017007e-07 60 
597.1353637695313 61 
-2.2218068345387776 0.006 0.003 0.9999672317504883 1e-05 4e-05 0.9999245975414912 5e-05 0.0001 4.503832578659058 0.2 0.2 62 
9.200708518619649e-07 63 
9.197709346153715e-07 64 
9.205435503645276e-07 65 
999.9663818359375 66 
-2.2227228705088296 0.009 0.003 0.9999800799290339 1e-05 4e-05 0.9999402350187302 5e-05 8e-05 4.509561567306519 0.3 0.3 67 
-2.222728443145752 0.003 0.002 0.999977235198021 9e-06 2e-05 0.999963188568751 1e-05 2e-05 4.508043104807536 0.2 0.2 68 
465.75189819335935 69 
526.9944213867187 70 
411.4653015136719 71 
-2.2057700729370118 0.0005 0.0004 0.9999827945232391 4e-06 4e-06 0.9989420429865519 7e-05 7e-05 4.470530845324198 0.2 0.2 72 
685.3628051757812 73 
1742.0388671875 74 
-2.2250326665242515 0.0005 0.0004 0.9999893267949422 1e-06 1e-06 0.9999682992696762 2e-05 2e-05 4.51079396088918 0.1 0.1 75 
1000.2451171875 76 
356.11724243164065 77 
5727.70703125 78 
-2.2176469230651854 0.001 0.0008 0.9998864410320918 2e-05 2e-05 0.9999588509400685 2e-05 7e-05 4.507316573460897 0.2 0.2 79 
351.72039184570315 80 
831.1097290039063 81 
-2.2221398067474367 0.0009 0.0009 0.9999610664447148 9e-06 1e-05 0.9999760419130326 7e-06 2e-05 4.510459990501404 0.2 0.2 82 
-2.206168524424235 0.002 0.001 0.9999382205804189 3e-05 4e-05 0.9991857069730758 1e-05 1e-05 4.48629210472107 0.1 0.1 83 
242.94011840820312 84 
-0.3881266212463379 0.005 0.002 0.8199796030918757 0.01 0.01 0.9837250723441442 0.0004 0.0005 2.4190788793563844 0.2 0.2 85 
9.204645266436273e-07 86 
-2.2233603127797443 0.001 0.0009 0.9999880532423655 4e-06 1e-05 0.9999550175666809 2e-05 3e-05 4.505498156547547 0.1 0.1 87 
9.206840331899003e-07 88 
-2.222101484934489 0.0003 0.0002 0.9999762497345607 2e-06 1e-06 0.9999401293198268 9e-06 2e-05 4.50739281018575 0.1 0.1 89 
374.29384765625 90 
208.2158660888672 91 
-2.22341828028361 0.001 0.001 0.999973068634669 8e-06 2e-05 0.9999954499801 1e-06 2e-06 4.511256351470947 0.1 0.1 92 
9.206672530126525e-07 93 
9.205056812788825e-07 94 
-2.21957688331604 0.004 0.003 0.9999467466274897 1e-05 2e-05 0.9998380941152573 8e-05 0.0001 4.4946292861302695 0.2 0.2 95 
758.4293823242188 96 
9.205129572364967e-07 97 
575.2248291015625 98 
176.40798950195312 99 
9.204409593621676e-07 100 
9.205220408148307e-07 101 
885.97099609375 102 
174.7254638671875 103 
9.204898333337042e-07 104 
9.204262028106314e-07 105 
-2.223296200434367 0.004 0.001 0.9999795643488566 1e-05 4e-05 0.9999772808949152 1e-05 2e-05 4.510473093986511 0.09 0.09 106 
-2.223416976928711 0.006 0.002 0.9999771551291148 9e-06 3e-05 0.9999627441167831 3e-05 5e-05 4.510458375612894 0.2 0.2 107 
-2.211019817988078 0.01 0.005 0.9997566386063894 8e-05 0.0002 0.9998868014415105 4e-05 0.0001 4.507622125943501 0.4 0.4 108 
695.5681030273438 109 
-2.2249069023132324 0.002 0.0008 0.9999891895055771 3e-06 7e-06 0.9999699858824412 3e-05 0.0001 4.511386111577352 0.1 0.1 110 
251.76768188476564 111 
0.006766874622553587 112 
641.8072143554688 113 
9.20291199690837e-07 114 
184.40322875976562 115 
9.205528385791695e-07 116 
-2.224245252609253 0.005 0.002 0.9999812551339468 1e-05 8e-05 0.9999730267127355 2e-05 4e-05 4.510573188463847 0.2 0.2 117 
9.20386253255856e-07 118 
466.1503845214844 119 
857.9679077148437 120 
459.29176025390626 121 
0.1834083080291748 122 
-0.39003238201141355 0.001 0.0007 0.8195268887281418 0.005 0.005 0.9839947185913722 0.001 0.001 2.4173174134890236 0.2 0.2 123 
9.204658908856799e-07 124 
246.73934631347657 125 
-2.2230414231618245 0.0004 0.0005 0.99997622748216 5e-06 6e-06 0.9999675778547923 1e-05 2e-05 4.507931286493937 0.1 0.1 126 
-2.209070882797241 0.0003 0.0003 0.9999833416938781 4e-06 4e-06 0.9991169087092082 2e-05 2e-05 4.484657567342122 0.1 0.2 127 
9.201546845361009e-07 128 
9.200960562338878e-07 129 
9.206072377310193e-07 130 
9.204976890941907e-07 131 
9.206240292769507e-07 132 
-2.219576244354248 0.001 0.001 0.999943405588468 2e-05 2e-05 0.9999446529150009 2e-05 3e-05 4.506091151237488 0.2 0.2 133 
-2.221903454462687 0.003 0.002 0.9999730585018793 9e-06 2e-05 0.9999251037836074 4e-05 8e-05 4.509930404027303 0.2 0.2 134 
9.204369121107448e-07 135 
-2.221039803822835 0.002 0.001 0.9999562211831411 9e-06 1e-05 0.9998322190841039 5e-05 5e-05 4.495173549652099 0.2 0.2 136 
9.212853342432936e-07 137 
9.205649234900193e-07 138 
180.1082763671875 139 
-2.224052158991496 0.0005 0.0003 0.9999835952123006 3e-06 3e-06 0.9999791236718496 8e-06 2e-05 4.510719985961914 0.1 0.1 140 
-2.222113202412923 0.002 0.0009 0.9999485685427983 9e-06 1e-05 0.9999282654126486 2e-05 3e-05 4.503245236078898 0.2 0.2 141 
-2.2233737341562905 0.002 0.001 0.9999757560094198 7e-06 9e-06 0.9999886415402095 5e-06 9e-06 4.509189995129903 0.1 0.1 142 
9.206047593579569e-07 143 
9.205051128446939e-07 144 
-2.223889430363973 0.0007 0.0004 0.9999854640165965 4e-06 4e-06 0.9999660609165827 2e-05 3e-05 4.5095682064692175 0.1 0.1 145 
9.204972343468398e-07 146 
9.206489380630956e-07 147 
9.20423178740748e-07 148 
0.012224683351814748 149 
