-2.2253939628601076 0.0005 0.0003 0.9999920602355684 4e-06 3e-06 0.9999836574707712 7e-06 1e-05 4.511396927492959 0.08 0.08 14 
-2.2246049642562866 0.0007 0.0006 0.9999883477176938 1e-05 1e-05 0.99997119307518 2e-05 2e-05 4.510893821716309 0.08 0.08 35 
-2.2243084396634782 0.0008 0.0008 0.9999866494110652 1e-05 1e-05 0.9999702930450439 2e-05 2e-05 4.51089049577713 0.09 0.09 1 
-2.2243826798030306 0.0008 0.0008 0.9999868922999927 1e-05 1e-05 0.9999734129224505 2e-05 2e-05 4.510843304225377 0.09 0.08 11 
-2.224494889804295 0.0008 0.0008 0.999984884262085 1e-05 1e-05 0.9999738082289695 2e-05 2e-05 4.5112419213567465 0.08 0.08 39 
-2.2246235370635987 0.0006 0.0006 0.9999888566987855 1e-05 1e-05 0.9999702570693834 2e-05 2e-05 4.5109077078955515 0.08 0.08 36 
-2.224439777646746 0.0007 0.0007 0.9999863797000477 1e-05 1e-05 0.9999705099633762 2e-05 2e-05 4.511022133486612 0.09 0.09 41 
-2.2246413503374374 0.0008 0.0007 0.9999884183917727 1e-05 1e-05 0.9999747093234743 2e-05 2e-05 4.510725767271859 0.07 0.07 4 
-2.224569995062692 0.0006 0.0006 0.9999872435416494 9e-06 1e-05 0.9999698119504111 2e-05 2e-05 4.510695041928972 0.09 0.08 26 
-2.2245015246527537 0.0007 0.0007 0.999986232817173 1e-05 1e-05 0.9999705133693558 2e-05 2e-05 4.511298089368003 0.08 0.08 27 
-2.2244549580982755 0.0007 0.0006 0.999986819922924 9e-06 9e-06 0.9999687107545989 2e-05 2e-05 4.510744110175541 0.09 0.09 29 
-2.224670938083104 0.0006 0.0006 0.9999888268964631 1e-05 1e-05 0.9999709606170655 2e-05 2e-05 4.511051714420319 0.08 0.08 33 
-2.2244464124952046 0.0006 0.0006 0.9999876509819712 8e-06 9e-06 0.9999694719910621 2e-05 2e-05 4.510859348092761 0.09 0.09 25 
-2.2242931400026595 0.0007 0.0008 0.9999828872936113 1e-05 1e-05 0.9999693859900747 2e-05 2e-05 4.510816378252847 0.1 0.1 28 
-2.2243069069726125 0.0007 0.0007 0.9999849921890668 9e-06 9e-06 0.9999682434967586 2e-05 2e-05 4.510728394985199 0.1 0.1 5 
-2.2243415662220545 0.0008 0.0007 0.9999859209571565 9e-06 1e-05 0.9999690839222499 2e-05 2e-05 4.511056893212455 0.1 0.09 16 
-2.2246593202863423 0.0006 0.0006 0.9999888092279434 1e-05 1e-05 0.9999715768865176 2e-05 2e-05 4.511181955678122 0.08 0.08 6 
-2.224486630303519 0.0007 0.0007 0.9999885618686676 9e-06 1e-05 0.9999709650874138 2e-05 2e-05 4.510813421862466 0.09 0.09 22 
-2.2245411940983364 0.0007 0.0007 0.9999860897660255 1e-05 1e-05 0.9999713303787368 2e-05 2e-05 4.511081223828452 0.09 0.09 42 
-2.2236209733145578 0.0008 0.0007 0.9999832636543683 8e-06 9e-06 0.9999550148844719 2e-05 3e-05 4.510510052953448 0.1 0.1 9 
