-2.2246937002454485 0.0007 0.0006 0.9999900413411004 8e-06 1e-05 0.999970443546772 2e-05 3e-05 4.5108780367033825 0.08 0.07 30 
-2.2250468254089357 0.0005 0.0004 0.9999889746308327 5e-06 4e-06 0.9999762288161687 1e-05 2e-05 4.511483262266432 0.09 0.09 14 
-2.2244799648012434 0.0007 0.0006 0.9999865714992796 8e-06 9e-06 0.9999702221580914 2e-05 2e-05 4.510858087880271 0.09 0.09 31 
-2.220676520892552 0.02 0.004 0.999937007682664 2e-05 6e-05 0.9999074169567653 6e-05 0.0009 4.513310829230718 0.2 0.3 1 
-2.224273599897112 0.0007 0.0007 0.9999860938106264 9e-06 9e-06 0.9999691950423377 2e-05 2e-05 4.510884640898023 0.1 0.1 29 
-2.224155378341675 0.0009 0.0008 0.9999844812921115 1e-05 1e-05 0.9999685191682407 2e-05 2e-05 4.511088030678885 0.1 0.1 38 
-2.224677964619228 0.0006 0.0006 0.9999898084572383 8e-06 9e-06 0.9999721018331391 2e-05 2e-05 4.510693505832127 0.08 0.07 34 
-2.224609899520874 0.0006 0.0005 0.9999896579555103 8e-06 8e-06 0.9999693202120917 2e-05 3e-05 4.510955900805337 0.08 0.08 8 
-2.2251929453441073 0.0008 0.0006 0.99998660917793 6e-06 7e-06 0.9999820834824017 1e-05 2e-05 4.511336326599121 0.08 0.08 35 
-2.223104327065604 0.001 0.001 0.9999754965305329 1e-05 1e-05 0.9999510447893823 3e-05 3e-05 4.510692971093314 0.1 0.1 12 
-2.224643543788365 0.0006 0.0006 0.9999884266938482 9e-06 1e-05 0.9999712005257606 2e-05 2e-05 4.511404916218349 0.08 0.08 15 
-2.224607423373631 0.0006 0.0005 0.9999888073120798 8e-06 8e-06 0.9999686187931469 2e-05 3e-05 4.511265276159559 0.08 0.08 6 
-2.2246217727661133 0.0005 0.0005 0.9999907819288117 6e-06 8e-06 0.9999680972525051 2e-05 3e-05 4.510827323368617 0.08 0.08 4 
-2.2246581656592235 0.0006 0.0006 0.999989444230284 8e-06 9e-06 0.9999720496790749 2e-05 2e-05 4.511119111946651 0.07 0.07 2 
-2.2241721187319072 0.001 0.0009 0.9999846262591225 1e-05 1e-05 0.9999702675001961 2e-05 2e-05 4.510929638998849 0.09 0.09 28 
-2.22486241544996 0.001 0.001 0.999987938787256 1e-05 1e-05 0.9999887000237192 5e-06 5e-06 4.511349933488028 0.08 0.08 41 
-2.2241608926228116 0.0008 0.0008 0.9999843282358987 1e-05 1e-05 0.9999672259603228 2e-05 2e-05 4.511118713447026 0.1 0.1 33 
-2.2251563855579923 0.0007 0.0004 0.9999890578644616 5e-06 5e-06 0.9999813705682754 9e-06 2e-05 4.510769869600024 0.09 0.09 3 
-2.223358154296875 0.0007 0.0007 0.999980614227908 8e-06 8e-06 0.9999501207045146 3e-05 3e-05 4.510140929903303 0.1 0.1 40 
-2.224602150917053 0.0009 0.0007 0.9999925577214785 4e-06 7e-06 0.9999460477914129 2e-05 2e-05 4.511460288933345 0.1 0.1 24 
