-2.2243263142449514 0.0007 0.0006 0.999986768407481 9e-06 1e-05 0.9999680114643914 2e-05 2e-05 4.511053909574236 0.1 0.1 17 
-2.224629323823111 0.0007 0.0007 0.9999891308801515 9e-06 1e-05 0.9999723889998027 2e-05 2e-05 4.511075830459594 0.08 0.08 30 
-2.2244859525135587 0.0007 0.0007 0.9999868693096298 1e-05 1e-05 0.9999701919300216 2e-05 2e-05 4.510703579017094 0.08 0.08 34 
-2.2243145976747787 0.0007 0.0007 0.999968889781407 1e-05 2e-05 0.9999698027968407 2e-05 2e-05 4.510569141592298 0.09 0.09 42 
-2.2243763548987254 0.0008 0.0007 0.999985689989158 1e-05 1e-05 0.999970928473132 2e-05 2e-05 4.511115208693913 0.09 0.08 25 
-2.2242908886500765 0.0007 0.0007 0.9999855539628437 1e-05 1e-05 0.9999685781342643 2e-05 2e-05 4.511042244093758 0.1 0.1 20 
-2.2244074140276227 0.0007 0.0007 0.9999862445252282 9e-06 1e-05 0.9999701482909066 2e-05 2e-05 4.511001462595804 0.09 0.09 16 
-2.2246171474456786 0.0006 0.0006 0.9999883973172733 9e-06 1e-05 0.9999715762478965 2e-05 2e-05 4.51104873248509 0.08 0.08 31 
-2.2251661845615933 0.001 0.0008 0.99998930479799 8e-06 1e-05 0.9999862187675067 8e-06 1e-05 4.511488241808755 0.08 0.08 18 
-2.2246049233845304 0.0007 0.0007 0.9999876160706792 1e-05 1e-05 0.9999722619141851 2e-05 2e-05 4.511213348593031 0.08 0.08 36 
-2.224601347105844 0.0006 0.0006 0.999987989451204 9e-06 9e-06 0.9999710970691272 2e-05 2e-05 4.5110698393413 0.08 0.08 21 
-2.2243532112666538 0.0006 0.0006 0.999986674955913 9e-06 9e-06 0.9999675584690911 2e-05 2e-05 4.5107049856867105 0.1 0.1 22 
-2.2244974851608275 0.0008 0.0007 0.9999884990709168 9e-06 1e-05 0.9999745390244893 2e-05 2e-05 4.5108838592256815 0.09 0.08 43 
-2.2246709857668194 0.0006 0.0006 0.9999896343265261 9e-06 1e-05 0.9999703971402986 2e-05 2e-05 4.51119019304003 0.08 0.08 6 
-2.2251787424087524 0.0007 0.0006 0.9999916481120246 4e-06 5e-06 0.9999891032065664 6e-06 7e-06 4.51143000125885 0.06 0.06 32 
-2.2245803424290247 0.0007 0.0007 0.9999865723507745 1e-05 1e-05 0.9999712316053254 2e-05 2e-05 4.510941425391606 0.08 0.08 5 
-2.2245016949517384 0.0006 0.0006 0.9999896166580063 8e-06 9e-06 0.9999678452100073 2e-05 3e-05 4.510773405006954 0.09 0.09 19 
-2.224556732177734 0.0008 0.0007 0.9999883449503354 1e-05 1e-05 0.9999732507126672 2e-05 2e-05 4.510717063290732 0.08 0.08 1 
-2.224251059123448 0.0007 0.0007 0.9999850743583271 9e-06 1e-05 0.9999669828585216 2e-05 2e-05 4.510393876688821 0.1 0.1 27 
-2.224315980502537 0.0007 0.0007 0.9999870792031288 9e-06 9e-06 0.9999680378607341 2e-05 2e-05 4.510688117572239 0.1 0.1 11 
