-2.2244087346394856 0.0006 0.0005 0.9999765374263128 6e-06 6e-06 0.9999710661172867 1e-05 2e-05 4.512508279482524 0.09 0.09 124 
-2.2242821566263835 0.0006 0.0007 0.9999864393472672 7e-06 9e-06 0.9999675913651784 2e-05 2e-05 4.510772981643677 0.1 0.1 71 
-2.2235780874888103 0.002 0.001 0.9999532943964005 9e-06 1e-05 0.9999613388379415 3e-05 5e-05 4.514915361404419 0.2 0.2 7 
-2.22434734026591 0.0006 0.0006 0.9999854896465937 8e-06 8e-06 0.9999688589572906 2e-05 2e-05 4.51092706044515 0.1 0.1 33 
-2.2238716888427734 0.0005 0.0004 0.9999784121910731 1e-05 1e-05 0.9999601356188457 3e-05 4e-05 4.512456852595012 0.1 0.1 147 
-2.223268461227417 0.0006 0.0005 0.9999424076080322 1e-05 9e-06 0.9999037615458171 2e-05 2e-05 4.515562613805135 0.2 0.2 75 
-2.2237976455688475 0.001 0.001 0.9999703886111577 2e-05 2e-05 0.9999668653806051 2e-05 2e-05 4.512256145477295 0.1 0.09 114 
-2.224211848576864 0.001 0.001 0.999973492026329 1e-05 1e-05 0.9999749191602071 2e-05 2e-05 4.513373015721639 0.09 0.09 112 
-2.2243573983510334 0.0005 0.0005 0.9999825541178385 9e-06 1e-05 0.999968413511912 2e-05 3e-05 4.5118563890457155 0.1 0.1 72 
-2.22363600730896 0.001 0.001 0.9999707108736038 1e-05 1e-05 0.9999648034572601 2e-05 2e-05 4.512802669207255 0.1 0.1 49 
-2.2242364915211996 0.0008 0.0008 0.9999844147761663 1e-05 1e-05 0.9999703764915466 2e-05 2e-05 4.510963134765625 0.1 0.1 4 
-2.2237029838562012 0.001 0.001 0.9999766526619593 1e-05 1e-05 0.9999643500645955 2e-05 2e-05 4.5113444328308105 0.1 0.1 46 
-2.2241702874501548 0.0007 0.0007 0.9999855766693752 8e-06 1e-05 0.9999660221735637 2e-05 3e-05 4.5108884302775065 0.1 0.1 117 
-2.2243221600850425 0.0008 0.0008 0.9999844177563986 9e-06 1e-05 0.999972465634346 2e-05 2e-05 4.511340899467468 0.1 0.1 103 
-2.2243382994333905 0.0005 0.0005 0.9999861762921015 8e-06 8e-06 0.9999648920694987 2e-05 3e-05 4.510889762242635 0.1 0.1 68 
-2.224295965830485 0.0009 0.0008 0.999984397093455 1e-05 1e-05 0.9999711537361144 2e-05 2e-05 4.510890674591065 0.09 0.09 83 
-2.2243843364715574 0.0007 0.0006 0.9999860604604085 9e-06 9e-06 0.9999696260690689 2e-05 2e-05 4.511038668950399 0.1 0.1 55 
-2.2242822964986164 0.001 0.0009 0.999977024992307 1e-05 2e-05 0.999976055820783 2e-05 2e-05 4.510344115893046 0.08 0.08 19 
-2.2239774163564046 0.0006 0.0007 0.9999810469150543 1e-05 1e-05 0.9999655270576477 2e-05 3e-05 4.511061361630758 0.1 0.1 139 
-2.2235029220581053 0.002 0.002 0.9999532033999761 2e-05 2e-05 0.9999702872832616 2e-05 2e-05 4.51380533695221 0.09 0.09 77 
