-2.2237653350830078 0.0004 0.0004 0.9999877516428629 3e-06 3e-06 0.9985698733727137 1e-05 1e-05 4.525506664911906 0.1 0.1 85 
-2.221386969884237 0.004 0.002 0.9999639550844829 1e-05 4e-05 0.999949855208397 2e-05 2e-05 4.508468718528747 0.1 0.2 47 
-2.2218309020996094 0.002 0.001 0.9999462006489436 2e-05 3e-05 0.9999504142999649 2e-05 5e-05 4.505613702138265 0.2 0.2 149 
-2.223050912221273 0.001 0.0005 0.9999756358067194 6e-06 4e-06 0.9999350903431574 1e-05 2e-05 4.505429735183716 0.2 0.2 68 
-2.220686124165853 0.0007 0.0007 0.9999084057410558 2e-05 2e-05 0.998577367067337 2e-05 2e-05 4.5260151592890425 0.2 0.2 0 
-2.222402760187785 0.0002 0.0002 0.9999612629413605 3e-06 3e-06 0.9999013763666152 1e-05 2e-05 4.505436612764995 0.2 0.2 129 
-2.2226778284708657 0.003 0.002 0.9999544040362041 2e-05 4e-05 0.9985561358928681 2e-05 3e-05 4.526729744275411 0.1 0.1 70 
-2.223453019460042 0.001 0.0005 0.9999762376149496 6e-06 1e-05 0.9999183235565822 6e-06 6e-06 4.509743474324544 0.1 0.1 76 
-2.2221787643432616 0.0005 0.0004 0.999955430428187 8e-06 9e-06 0.9999585606654485 9e-06 1e-05 4.505396788914998 0.2 0.2 59 
-2.2207276884714764 0.003 0.001 0.9999564329783122 2e-05 2e-05 0.9999088740348816 2e-05 3e-05 4.500732593536377 0.2 0.2 5 
-2.2236070728302 0.002 0.0009 0.9999828797578811 6e-06 1e-05 0.9999735323588054 9e-06 1e-05 4.510913283030192 0.1 0.1 83 
-2.22115873336792 0.0003 0.0004 0.9999538401762644 1e-05 1e-05 0.9999503862857818 7e-06 7e-06 4.505955656369527 0.2 0.2 13 
-2.2227183469136556 0.003 0.001 0.9999678061405818 1e-05 2e-05 0.9999802327156067 8e-06 1e-05 4.510446030298869 0.2 0.2 56 
-2.223328046798706 0.0005 0.0004 0.9999774138132731 5e-06 9e-06 0.9999746326605479 9e-06 9e-06 4.509444743792216 0.1 0.1 9 
-2.22156538327535 0.0006 0.0005 0.9999635682503383 6e-06 7e-06 0.9999277595678965 1e-05 3e-05 4.5079387855529784 0.2 0.2 128 
-2.2250191179911294 0.0002 0.0002 0.9999880319833756 3e-06 3e-06 0.9999711736043294 2e-05 3e-05 4.511382988293966 0.07 0.07 118 
-2.225672903060913 0.0003 0.0002 0.9999885455767313 3e-06 3e-06 0.9999940900007883 3e-06 7e-06 4.511942286491394 0.09 0.09 61 
-2.222480672200521 0.001 0.0008 0.999974080324173 9e-06 2e-05 0.9994476536909739 1e-05 1e-05 4.512204044659932 0.1 0.1 2 
-2.223847255706787 0.0008 0.0004 0.9999827140569687 5e-06 6e-06 0.9999551147222518 4e-06 4e-06 4.508787272771199 0.1 0.1 52 
-2.2223639170328777 0.0003 0.0003 0.9999572978417078 8e-06 9e-06 0.9998924571275711 3e-05 4e-05 4.499144810040792 0.2 0.2 34 
