-2.223028230667114 0.007 0.003 0.9998952205975851 2e-05 4e-05 0.9999711958567301 9e-06 3e-05 4.521946500142415 0.09 0.09 2 
-1.6859115727742513 0.6 0.2 0.9898678241173426 0.004 0.005 0.9975105834007263 0.001 0.004 4.5350419942537945 0.7 0.5 5 
-1.9643054485321045 0.2 0.2 0.983354611992836 0.002 0.002 0.9971364521980286 0.002 0.003 4.791327153841655 0.8 0.7 6 
-2.1532719389597577 0.02 0.02 0.9966628261407217 0.0008 0.001 0.9963320169846217 0.0007 0.0009 4.658410675525666 1.0 0.9 7 
-2.2202082856496177 0.004 0.002 0.9998574032386144 3e-05 0.0001 0.9999053859710694 4e-05 0.0001 4.524357166290283 0.1 0.1 10 
-2.226208782196045 0.0006 0.0003 0.9999949526786804 2e-06 5e-06 0.9999932205677032 4e-06 1e-05 4.512923073768616 0.05 0.05 12 
-2.226276578903198 9e-05 5e-05 0.9999978572130204 2e-06 4e-06 0.9999968808889389 6e-07 6e-07 4.512046054204305 0.04 0.04 14 
-2.225862169265747 0.002 0.0005 0.9999940240383148 4e-06 2e-05 0.9999796545505524 9e-06 2e-05 4.512117772102356 0.1 0.08 15 
-2.2260381539662677 0.0005 0.0003 0.9999919998645782 5e-06 1e-05 0.9999925220012664 6e-06 2e-05 4.51193776289622 0.06 0.06 18 
-2.199456253051758 0.02 0.01 0.9989601419369379 6e-05 9e-05 0.9995746519168218 0.0003 0.0004 4.553333528836569 0.08 0.07 22 
-2.1069789695739747 0.09 0.05 0.9844300244251887 0.003 0.003 0.9991185416777929 0.0004 0.001 4.805024592081706 0.2 0.3 23 
-1.497119770050049 0.02 0.02 0.9785675736268361 0.002 0.002 0.8073816768328349 0.001 0.002 7.890616539319356 0.03 0.02 24 
-2.167407019933065 0.05 0.04 0.9958758129676183 0.0001 0.0002 0.999666142265002 0.0002 0.0002 4.593592499097189 0.1 0.1 28 
-2.1632500076293946 0.005 0.003 0.9963888132572174 0.0009 0.001 0.9973345269759496 0.0003 0.0003 4.595303637186686 0.1 0.1 29 
-2.226148738861084 0.0009 0.0002 0.9999954320987066 3e-06 9e-06 0.9999953170617422 2e-06 7e-06 4.51224825223287 0.07 0.09 30 
-2.2036582247416177 0.01 0.009 0.9998025651772817 7e-05 8e-05 0.9996529642740886 0.0002 0.0005 4.507282762527466 0.3 0.3 32 
-2.2138315137227376 0.02 0.01 0.9999106727043787 6e-05 0.0001 0.9996682318051656 0.0001 0.0002 4.498401741981507 0.4 0.4 35 
-2.170149129231771 0.007 0.005 0.9976799817879994 0.0003 0.0003 0.9993654968341191 9e-05 0.0001 4.529689861933391 0.05 0.06 36 
-2.1507150173187255 0.1 0.03 0.9921959644556045 0.003 0.009 0.9987840219338735 0.0005 0.002 4.659978936513265 0.4 0.4 39 
-2.078281863530477 0.05 0.05 0.9950097461541494 0.0008 0.0007 0.9981374949216842 0.001 0.001 4.5681656583150225 0.6 0.5 42 
-2.0980776755015054 0.05 0.04 0.9803130294879278 0.005 0.005 0.9988709346453348 0.0007 0.0007 4.925353145599365 0.1 0.2 43 
-2.2170921166737876 0.004 0.001 0.9993676521380742 8e-05 5e-05 0.9997082597017288 2e-05 5e-05 4.535734456380208 0.1 0.1 45 
-2.225612964630127 0.003 0.0007 0.9999686030546824 6e-06 2e-05 0.9999868480364481 5e-06 2e-05 4.515150950749715 0.1 0.1 46 
-0.6901891326904297 0.01 0.008 0.958801925778389 8e-05 0.0005 0.713746923605601 0.004 0.004 6.256237138112386 0.1 0.06 47 
-2.1088311799367268 0.08 0.07 0.9939473428328832 0.0008 0.0006 0.9983878179391226 0.0007 0.001 4.628494218190511 0.5 0.5 48 
-2.225684083302816 0.003 0.0007 0.9999670896927516 3e-05 5e-05 0.9999892616271973 9e-06 2e-05 4.512490166028341 0.1 0.09 52 
-2.1140413665771485 0.03 0.03 0.984678675532341 0.0002 0.0002 0.9995610467592875 2e-05 5e-05 4.826018112500509 0.06 0.04 53 
-2.1883444277445476 0.02 0.02 0.9965570441881816 0.0008 0.001 0.9996449238061905 8e-05 0.0001 4.603913863499959 0.4 0.4 54 
-2.220555305480957 0.005 0.003 0.9998910758892695 3e-05 5e-05 0.9995310193300248 6e-05 0.0003 4.517693909009298 0.2 0.2 55 
-1.9472911294301352 0.07 0.1 0.9411650989452998 0.02 0.01 0.9975012550751369 0.002 0.002 5.117248125076294 0.2 0.3 57 
-0.16335168838500977 0.09 0.09 0.9583097354571024 0.001 0.001 0.9553054018815359 0.002 0.002 4.513715063730876 0.04 0.04 59 
-0.8245664660135905 0.2 0.1 0.9172344515721004 0.01 0.02 0.993345406850179 0.001 0.002 5.48160583337148 0.1 0.2 61 
-2.2236586729685466 0.006 0.002 0.9999156967798869 1e-05 3e-05 0.9999767617384593 2e-05 8e-05 4.517374459902445 0.2 0.2 62 
-1.9300796604156494 0.2 0.1 0.993204918106397 0.002 0.004 0.9975224018096924 0.001 0.002 4.688087874253591 0.6 0.7 64 
-1.7819500096638998 0.1 0.1 0.9947401237487793 0.002 0.002 0.997810541788737 0.0007 0.002 4.365498299598694 0.2 0.3 66 
-1.2843400128682454 0.03 0.03 0.9449819821119309 0.0008 0.0007 0.8113403876622518 0.007 0.008 5.510958360036214 0.1 0.1 67 
-2.2260134824117026 0.0008 0.0005 0.9999901250998179 4e-06 9e-06 0.9999936221043269 3e-06 6e-06 4.5127482382456465 0.07 0.07 69 
-1.7434257030487061 0.07 0.05 0.9946537248293559 0.002 0.003 0.9981474806865056 0.0004 0.0006 4.216072227160136 0.2 0.2 70 
-2.2257920837402345 0.002 0.0006 0.9999932422240575 5e-06 3e-05 0.9999862962961197 1e-05 6e-05 4.511740899085998 0.1 0.1 73 
-2.2052721055348714 0.04 0.01 0.9979548597335816 0.001 0.002 0.9995797576506933 0.0003 0.0008 4.558098233540853 0.2 0.3 74 
-1.3203559303283692 0.05 0.05 0.9090517018238703 0.003 0.002 0.9771947322289148 0.0007 0.001 7.147924766540528 0.05 0.04 76 
-0.46711206118265786 0.07 0.03 0.922892813483874 0.006 0.007 0.8045094768206279 0.005 0.003 10.049054050445557 0.1 0.1 78 
-2.2262430318196613 0.001 0.0003 0.9999968858559927 2e-06 6e-06 0.9999939580758412 4e-06 1e-05 4.5122495492299395 0.06 0.06 80 
-2.2259315999348956 0.0009 0.0003 0.9999841928482056 1e-05 3e-05 0.9999871822198232 7e-06 1e-05 4.511500913302104 0.09 0.09 81 
-2.225564695994059 0.002 0.0007 0.9999860924482346 1e-05 4e-05 0.9999795993169148 9e-06 4e-05 4.512312294642131 0.09 0.09 82 
-2.2256691551208494 0.001 0.0007 0.9999933721621831 5e-06 1e-05 0.999986935655276 7e-06 2e-05 4.511637217203776 0.08 0.09 84 
-2.208015762964884 0.02 0.01 0.9997222199042638 0.0002 0.0004 0.9994823489586512 0.0004 0.002 4.502047235171 0.4 0.4 86 
-0.2658341344197591 0.007 0.006 0.8315216499567032 0.002 0.002 0.9785050139824549 0.0008 0.0008 6.805831114451091 0.05 0.05 89 
-2.1697369607289634 0.03 0.007 0.9899524253606796 0.0001 0.0001 0.9992992226282755 0.0002 0.001 4.6731603240966795 0.1 0.1 91 
-2.224915637969971 0.004 0.001 0.999958726366361 3e-05 7e-05 0.9999847515424093 1e-05 2e-05 4.512154364585877 0.06 0.07 93 
-2.144942407608032 0.04 0.04 0.9967066081364949 8e-05 8e-05 0.9983472967147827 0.001 0.001 4.613798028628032 0.3 0.2 94 
-0.09464820861816406 0.004 0.004 0.9191735827922821 0.0003 0.0003 0.9871039936939875 8e-06 9e-06 5.1371991141637166 0.004 0.004 95 
-2.2109496466318768 0.01 0.01 0.9991379102071126 0.0002 0.0002 0.9997983666261038 0.0001 0.0001 4.530746804873148 0.3 0.3 96 
-2.225282907485962 0.001 0.0004 0.9998238907257716 0.0001 0.0003 0.9999882346391678 5e-06 1e-05 4.52361889521281 0.04 0.04 97 
-0.7153311856587727 0.02 0.01 0.8684867600599925 0.001 0.002 0.9719757076104482 0.0007 0.0007 5.536189858118693 0.03 0.03 98 
-2.207861477533976 0.01 0.01 0.9990275895595551 4e-05 5e-05 0.9995541203022004 0.0003 0.0005 4.560357847213745 0.08 0.08 99 
