-2.224709196090698 0.003 0.001 0.9999681109189987 6e-06 1e-05 0.9999796599149704 1e-05 5e-05 4.5111759122212725 0.2 0.2 0 
-2.2246793524424233 0.002 0.0008 0.9999944965044657 4e-06 1e-05 0.9999733340740203 2e-05 2e-05 4.511515388488769 0.1 0.1 1 
-2.2245931657155356 0.004 0.001 0.9999682581424714 5e-06 8e-06 0.9999804761012395 2e-05 7e-05 4.51144180615743 0.2 0.2 2 
-2.2247502040863036 0.003 0.001 0.9999902286132176 5e-06 8e-06 0.9999823055664698 1e-05 4e-05 4.511539913813273 0.2 0.2 3 
-2.224820483525594 0.001 0.0006 0.9999763516585032 3e-06 7e-06 0.9999825296799342 1e-05 3e-05 4.511466856002808 0.2 0.2 4 
-2.2249110825856526 0.0005 0.0004 0.9999945557117462 3e-06 4e-06 0.999987493356069 7e-06 1e-05 4.511580293973287 0.1 0.1 5 
-2.224335390726725 0.002 0.001 0.9999939366181692 5e-06 6e-06 0.9999698211749395 2e-05 8e-05 4.511397296587626 0.2 0.2 6 
-2.2239535935719807 2e-05 2e-05 0.9999892669916153 4e-07 4e-07 0.9999612557888031 1e-05 1e-05 4.513104098637899 0.03 0.03 7 
-2.224926242828369 0.002 0.0006 0.999992639819781 6e-06 2e-05 0.9999865567684174 7e-06 1e-05 4.511585313479106 0.1 0.1 8 
-2.2248825931549074 0.001 0.0005 0.9999941617250443 4e-06 1e-05 0.9999874124924342 6e-06 1e-05 4.5115363073349 0.1 0.1 9 
-2.2251168409983317 0.0001 0.0001 0.9999973430236181 6e-07 7e-07 0.9999887508153915 3e-06 4e-06 4.51162791411082 0.1 0.1 10 
-2.2247105916341146 0.0004 0.0004 0.9999830283721288 3e-06 4e-06 0.999986930290858 7e-06 1e-05 4.511481677691142 0.1 0.1 11 
-2.2248535601298016 0.004 0.001 0.9999730364481608 9e-06 2e-05 0.9999791902303695 2e-05 2e-05 4.511613844235738 0.2 0.2 12 
-2.2246531677246093 0.001 0.0007 0.9999771358569464 4e-06 8e-06 0.999972694516182 2e-05 4e-05 4.511335713068644 0.1 0.1 13 
-2.224861726760864 0.0009 0.0007 0.9999635078509649 4e-06 1e-05 0.9999804232517878 1e-05 2e-05 4.511853709220886 0.2 0.2 14 
-2.224542252222697 0.004 0.002 0.9999690200885137 7e-06 3e-05 0.9999709598223369 2e-05 7e-05 4.511562743186951 0.2 0.2 15 
-2.2248237832387288 0.001 0.0005 0.9999733028809229 3e-06 5e-06 0.9999800479412079 9e-06 2e-05 4.511756350199382 0.2 0.2 17 
-2.224842987060547 0.0006 0.0005 0.999993466536204 4e-06 6e-06 0.9999874895811081 7e-06 2e-05 4.5114628664652505 0.1 0.1 18 
-2.2251432863871257 0.001 0.0006 0.9999925853808721 6e-06 1e-05 0.9999821893374126 9e-06 2e-05 4.511537766456604 0.1 0.1 19 
-2.2246268304189045 0.004 0.001 0.9999645833174388 5e-06 9e-06 0.9999811154603958 1e-05 4e-05 4.5115848747889205 0.2 0.2 20 
-2.224637015660604 0.004 0.001 0.9999763919909795 6e-06 9e-06 0.9999749561150869 2e-05 3e-05 4.511343495051066 0.1 0.2 21 
-2.2249056084950767 0.0002 0.0002 0.9999953353404999 1e-06 1e-06 0.999986009200414 5e-06 6e-06 4.511501512527466 0.1 0.1 22 
-2.2248910172780354 0.0008 0.0004 0.9999945658445358 3e-06 6e-06 0.9999846112728119 5e-06 1e-05 4.511516326268514 0.1 0.1 23 
-2.225017484029134 0.0008 0.0005 0.9999938092629115 3e-06 8e-06 0.9999879310528438 6e-06 1e-05 4.511603727340698 0.1 0.1 24 
-2.2251214663187664 0.0004 0.0003 0.999994825720787 3e-06 3e-06 0.9999866888920466 7e-06 1e-05 4.51164300441742 0.1 0.1 25 
-2.225088748931885 0.002 0.0008 0.9999939149618149 5e-06 8e-06 0.9999836885929108 1e-05 3e-05 4.5116141335169475 0.2 0.2 26 
-2.224983113606771 0.001 0.0007 0.9999769618113835 4e-06 8e-06 0.9999816334247589 1e-05 3e-05 4.5116562716166175 0.1 0.2 27 
-2.2249904664357505 0.002 0.001 0.9999731338024139 4e-06 4e-06 0.9999822378158569 2e-05 3e-05 4.511800260543823 0.2 0.2 28 
-2.22471630414327 0.0005 0.0004 0.999985069433848 3e-06 4e-06 0.9999858601888021 7e-06 1e-05 4.511539204915365 0.1 0.1 29 
-2.2250977325439454 0.002 0.0008 0.9999922269582748 4e-06 1e-05 0.9999698023001353 3e-05 3e-05 4.511627893447876 0.1 0.1 30 
-2.224444440205892 0.003 0.001 0.9999917141596476 7e-06 2e-05 0.9999718232949575 2e-05 5e-05 4.511537117958069 0.2 0.2 31 
-2.2249880822499595 0.0007 0.0004 0.9999945032596588 3e-06 7e-06 0.9999873888492584 6e-06 1e-05 4.511489283243815 0.1 0.1 32 
-2.2250958697001137 0.002 0.001 0.9999886906147003 5e-06 8e-06 0.999980122645696 1e-05 4e-05 4.511757133801778 0.2 0.2 33 
-2.2249843565622967 0.002 0.0007 0.9999924888213475 5e-06 1e-05 0.9999842554330826 8e-06 1e-05 4.511586376825968 0.1 0.1 34 
-2.224998769760132 0.002 0.001 0.9999912216265996 5e-06 9e-06 0.9999792359272639 2e-05 6e-05 4.512058815956116 0.2 0.2 35 
-2.2252027479807537 0.001 0.0006 0.9999936324357986 3e-06 1e-05 0.9999809525410335 1e-05 3e-05 4.511802231470744 0.1 0.1 36 
-2.2249703566233316 0.002 0.001 0.9999747449159622 6e-06 1e-05 0.9999717098474502 2e-05 7e-05 4.5114491065343225 0.2 0.2 37 
-2.2250836086273194 0.002 0.001 0.999975523352623 3e-06 4e-06 0.999980914791425 2e-05 5e-05 4.5117888832092286 0.2 0.2 38 
-2.2248699633280435 0.002 0.0009 0.9999892246723175 6e-06 2e-05 0.9999820969502131 2e-05 3e-05 4.511805618604024 0.2 0.2 39 
-2.224739859898885 0.005 0.001 0.9999910453955333 6e-06 2e-05 0.9999693409601847 2e-05 5e-05 4.511270515124003 0.2 0.2 40 
-2.2251567109425863 0.002 0.0008 0.9999741593996684 7e-06 2e-05 0.9999871253967285 9e-06 3e-05 4.511762784322102 0.2 0.2 41 
-2.2245815213521323 0.004 0.001 0.9999673360586167 9e-06 3e-05 0.9999573556582133 3e-05 7e-05 4.511136407852173 0.2 0.2 42 
-2.223793147404989 0.002 0.001 0.9999663160244624 6e-06 1e-05 0.9999605844418208 2e-05 6e-05 4.511380306879679 0.2 0.2 43 
-2.225120112101237 0.003 0.001 0.9999930612246195 6e-06 9e-06 0.9999828722079595 1e-05 3e-05 4.511710025469462 0.2 0.2 44 
-2.224415740966797 0.005 0.002 0.9999725445111592 7e-06 2e-05 0.9999737093846003 2e-05 5e-05 4.511537736256917 0.2 0.2 45 
-2.2242588933308918 0.004 0.002 0.9999786500136058 5e-06 7e-06 0.9999626459678014 3e-05 3e-05 4.511214879353841 0.2 0.2 46 
-2.224330088297526 0.003 0.001 0.9999852840105693 5e-06 6e-06 0.9999502050876617 3e-05 7e-05 4.511460096041361 0.2 0.2 47 
-2.2246841684977214 0.004 0.001 0.9999662027756373 7e-06 1e-05 0.999977209965388 2e-05 7e-05 4.511629802385966 0.2 0.2 48 
-2.224903008143107 0.002 0.0008 0.9999930053949356 5e-06 2e-05 0.9999827003479004 9e-06 4e-05 4.511521633466085 0.2 0.2 49 
-2.2224577267964682 2e-05 2e-05 0.9999630071719487 9e-07 9e-07 0.9999418592453003 5e-06 5e-06 4.5173388163248696 0.04 0.04 51 
-2.224354476928711 0.004 0.002 0.9999918639659882 6e-06 2e-05 0.9999662818511327 3e-05 4e-05 4.511212809880575 0.2 0.2 52 
-2.2248114426930745 0.0008 0.0005 0.9999937462806702 4e-06 7e-06 0.999985395471255 7e-06 2e-05 4.51150421778361 0.1 0.1 53 
-2.225009396870931 0.0009 0.0007 0.9999780545632044 4e-06 1e-05 0.9999816948175431 9e-06 1e-05 4.511903902689616 0.1 0.1 54 
-2.2250464471181233 0.0009 0.0006 0.9999833520253499 5e-06 8e-06 0.9999883182843526 8e-06 2e-05 4.511647443771363 0.2 0.2 55 
-2.2248036861419678 0.0002 0.0001 0.9999963013331096 9e-07 2e-06 0.9999871003627777 5e-06 7e-06 4.511529409090678 0.1 0.1 56 
-2.2249735577901206 0.0003 0.0002 0.9999960704644522 2e-06 3e-06 0.9999839140971502 5e-06 8e-06 4.511567370096842 0.1 0.1 57 
-2.225061222712199 0.001 0.0008 0.999991375207901 6e-06 1e-05 0.9999839482704799 9e-06 3e-05 4.511429802576701 0.2 0.2 58 
-2.2248630332946777 0.0008 0.0005 0.9999884702761968 4e-06 6e-06 0.9999849996964136 7e-06 2e-05 4.511536722183227 0.1 0.1 59 
-2.224352010091146 0.001 0.0009 0.9999665548404058 5e-06 1e-05 0.9999606722593307 1e-05 4e-05 4.511466439565023 0.2 0.2 60 
-2.224566698074341 0.002 0.0008 0.9999937731027603 4e-06 9e-06 0.9999736177921296 1e-05 2e-05 4.511254642804464 0.1 0.1 61 
-2.22495493888855 0.0009 0.0006 0.9999926489591598 5e-06 8e-06 0.9999891420205435 7e-06 2e-05 4.511506814956665 0.1 0.1 62 
-2.224745133717855 0.002 0.0008 0.9999653536081314 5e-06 2e-05 0.9999792983134588 1e-05 3e-05 4.512131079037984 0.1 0.1 63 
-2.2250686105092368 0.002 0.0006 0.999993647535642 5e-06 1e-05 0.9999840849637985 7e-06 1e-05 4.5116012668609615 0.1 0.1 64 
-2.2250897375742595 0.0009 0.0006 0.9999832014242808 5e-06 9e-06 0.9999841894706091 8e-06 2e-05 4.511745235125224 0.1 0.1 65 
-2.2248823547363283 0.0002 0.0001 0.9999943127234777 1e-06 2e-06 0.9999881766239802 5e-06 7e-06 4.511695799827575 0.1 0.1 66 
-2.2249417527516684 0.0006 0.0004 0.9999939757585525 3e-06 4e-06 0.9999846172332764 5e-06 1e-05 4.511551197369894 0.1 0.1 67 
-2.2248305098215737 0.002 0.0007 0.9999894028902054 5e-06 1e-05 0.9999829868475596 7e-06 1e-05 4.511618094444275 0.1 0.1 68 
-2.2248592281341555 0.005 0.001 0.9999725164969763 5e-06 1e-05 0.9999812899033228 2e-05 7e-05 4.511861583391825 0.2 0.2 69 
-2.2248857466379803 0.001 0.0006 0.9999930546681086 5e-06 6e-06 0.9999852391084035 8e-06 2e-05 4.5115120267868045 0.1 0.1 70 
-2.2250291124979653 0.001 0.0006 0.9999916589260102 5e-06 9e-06 0.9999847584962844 8e-06 2e-05 4.51175816377004 0.2 0.2 71 
-2.224549411137899 0.003 0.001 0.9999916416406631 5e-06 2e-05 0.9999689042568207 3e-05 8e-05 4.511437077522277 0.2 0.2 72 
-2.223980251948039 0.004 0.002 0.99996768395106 5e-06 2e-05 0.9999615633487702 3e-05 4e-05 4.5110054175059 0.1 0.1 73 
-2.224648116429647 0.002 0.0009 0.9999707567691803 5e-06 9e-06 0.9999780577421188 1e-05 5e-05 4.511969703038534 0.2 0.2 74 
-2.22437712987264 0.004 0.002 0.9999672307570775 8e-06 2e-05 0.9999767621358235 2e-05 6e-05 4.511566354433696 0.2 0.2 75 
-2.2243518861134848 0.002 0.001 0.999991001089414 5e-06 1e-05 0.9999765006701151 2e-05 6e-05 4.511280565261841 0.1 0.1 76 
-2.2247490564982098 0.0004 0.0003 0.9999943840503692 2e-06 3e-06 0.9999870612223943 7e-06 1e-05 4.511418267885844 0.1 0.1 77 
-2.2248778756459555 0.002 0.0009 0.9999796964724859 5e-06 1e-05 0.9999834485848744 1e-05 5e-05 4.511593440373739 0.2 0.2 78 
-2.224985885620117 0.001 0.0007 0.9999924989541372 6e-06 1e-05 0.9999832252661387 8e-06 2e-05 4.5115465720494585 0.2 0.1 79 
-2.2250347677866618 0.001 0.0007 0.9999783424536387 3e-06 1e-05 0.9999800091981887 1e-05 3e-05 4.512015859285991 0.1 0.1 80 
-2.2247012138366697 0.002 0.0009 0.9999913070599238 7e-06 1e-05 0.9999768141905466 2e-05 4e-05 4.511264430681864 0.2 0.2 81 
-2.2249220116933186 0.001 0.0006 0.9999931863943736 5e-06 1e-05 0.9999876129627228 7e-06 2e-05 4.511565917332967 0.1 0.1 82 
-2.225273701349894 0.0005 0.0003 0.9999953716993332 3e-06 5e-06 0.9999880683422089 7e-06 2e-05 4.51171897093455 0.1 0.1 83 
-2.22505628267924 0.0005 0.0004 0.9999848721424739 3e-06 4e-06 0.9999873469273249 7e-06 2e-05 4.511646785736084 0.1 0.1 84 
-2.224985237121582 0.0006 0.0004 0.9999954197804133 3e-06 4e-06 0.9999843744436899 6e-06 9e-06 4.511572635968526 0.1 0.1 85 
-2.2245529238382975 0.003 0.001 0.9999898252884547 5e-06 6e-06 0.9999696606397629 3e-05 5e-05 4.511827405293783 0.2 0.2 86 
-2.2240234375 0.005 0.002 0.9999889107545217 8e-06 2e-05 0.9999662015835444 3e-05 4e-05 4.511420017878215 0.2 0.2 87 
-2.2248665714263915 0.0006 0.0004 0.9999951736132304 2e-06 3e-06 0.9999831910928091 5e-06 8e-06 4.511514228185018 0.1 0.1 88 
-2.2249008210500083 0.002 0.001 0.9999898878733317 7e-06 2e-05 0.9999818440278371 2e-05 4e-05 4.5112271499633785 0.2 0.2 89 
-2.2244910526275636 0.001 0.0006 0.9999805478254954 3e-06 4e-06 0.9999609323342641 1e-05 3e-05 4.51143930276235 0.2 0.2 90 
-2.2249840768178304 0.001 0.0007 0.9999905451138814 6e-06 2e-05 0.9999889320135117 7e-06 2e-05 4.511515259742737 0.1 0.1 91 
-2.2242257404327392 0.003 0.0009 0.9999926646550497 5e-06 2e-05 0.9999619992574056 2e-05 3e-05 4.511211058298747 0.1 0.1 92 
-2.2250241470336913 0.003 0.001 0.999992453455925 3e-06 6e-06 0.9999805229902268 2e-05 5e-05 4.511498934427897 0.2 0.2 93 
-2.224899517695109 0.002 0.0008 0.9999740012486775 4e-06 1e-05 0.9999693175156911 1e-05 3e-05 4.511595656077067 0.1 0.1 94 
-2.223836835225423 0.002 0.001 0.9999899784723918 6e-06 2e-05 0.9999511682987213 4e-05 8e-05 4.511184873580933 0.1 0.1 95 
-2.2245800431569416 0.005 0.002 0.99997134466966 8e-06 3e-05 0.9999716017643611 3e-05 6e-05 4.511389020284017 0.2 0.2 96 
-2.2256777763366697 0.003 0.0007 0.9999814331531525 5e-06 1e-05 0.9999882324536642 1e-05 5e-05 4.511829571723938 0.1 0.1 97 
-2.224895528157552 0.0006 0.0004 0.9999933703740438 2e-06 7e-06 0.9999622186024983 1e-05 2e-05 4.511130658785502 0.1 0.1 98 
-2.2251676813761394 0.0008 0.0004 0.9999952320257822 3e-06 6e-06 0.9999867590268453 4e-06 7e-06 4.511595120429993 0.1 0.1 99 
