-2.2206919193267822 0.001 0.001 0.9999012792110443 1e-05 1e-05 0.9999370646476745 5e-05 6e-05 4.5089871040980025 0.1 0.1 86 
-2.224234479268392 0.002 0.001 0.9999472981691361 5e-06 6e-06 0.9999858226378758 8e-06 3e-05 4.512633570035299 0.1 0.1 67 
-2.2224014949798585 0.003 0.002 0.9999485025803249 8e-06 2e-05 0.9999830514192581 9e-06 3e-05 4.510116200447083 0.1 0.1 41 
-2.224188397725423 0.003 0.001 0.999967986146609 7e-06 1e-05 0.9999827301502228 1e-05 3e-05 4.51162496248881 0.1 0.1 20 
-2.224180939992269 0.002 0.0008 0.9999734556674957 4e-06 8e-06 0.9999808710813523 9e-06 3e-05 4.511460216840108 0.1 0.1 57 
-2.222725706100464 0.001 0.0009 0.9999079596996308 4e-06 6e-06 0.9999845997492472 6e-06 2e-05 4.5110551182429 0.1 0.1 53 
-2.222301057179769 0.003 0.002 0.9999361856778463 8e-06 2e-05 0.9999825006723404 9e-06 2e-05 4.509974234898885 0.1 0.1 66 
-2.2223987483978274 0.003 0.001 0.9999372039238612 8e-06 2e-05 0.9999830847978592 9e-06 2e-05 4.510023531913757 0.1 0.1 13 
-2.2229467614491782 0.009 0.002 0.9998833149671554 1e-05 0.0001 0.9999787908792496 2e-05 5e-05 4.512457547187805 0.2 0.2 72 
-2.222163801193237 0.01 0.002 0.9999185734987259 1e-05 0.0001 0.9999801858266195 2e-05 0.0001 4.509942212104797 0.2 0.2 58 
-2.2218499914805094 0.004 0.002 0.9999178914229075 9e-06 2e-05 0.9999817132949829 1e-05 3e-05 4.509934441248576 0.1 0.1 21 
-2.2222874482472736 0.003 0.002 0.9999367094039917 8e-06 2e-05 0.9999823238452276 1e-05 2e-05 4.5099894809722905 0.1 0.1 78 
-2.223162228266398 0.003 0.001 0.999890549381574 7e-06 1e-05 0.9999799525737763 1e-05 4e-05 4.512580407460531 0.1 0.1 70 
-2.223851146697998 0.0008 0.0007 0.9999439100424449 4e-06 5e-06 0.9999858003854751 5e-06 1e-05 4.512491243680318 0.09 0.09 80 
-2.2227288977305095 0.006 0.002 0.9999207093318303 7e-06 2e-05 0.9999434957901637 5e-05 0.0001 4.511836641629537 0.2 0.2 93 
-2.22428521156311 0.01 0.002 0.9999634377161661 1e-05 0.0001 0.9999827686945597 1e-05 5e-05 4.511903475125631 0.2 0.2 23 
-2.2238178412119547 0.006 0.002 0.9999467438459396 9e-06 3e-05 0.9999794844786326 2e-05 0.0001 4.5112992811203005 0.2 0.2 94 
-2.2223130798339845 0.003 0.001 0.9999303084611892 8e-06 2e-05 0.9999825984239579 9e-06 2e-05 4.5101415109634395 0.1 0.1 37 
-2.2227391370137535 0.002 0.001 0.999729878505071 8e-06 1e-05 0.9999806610743205 9e-06 3e-05 4.51731377919515 0.1 0.1 77 
-2.224576021830241 0.003 0.001 0.9999777577320734 7e-06 1e-05 0.9999871571858724 9e-06 4e-05 4.511556336085001 0.1 0.1 18 
