-2.225298922856649 0.001 0.0007 0.9999892632166545 5e-06 9e-06 0.9999864407380422 1e-05 3e-05 4.512000042597453 0.08 0.08 0 
-2.2251384607950846 0.001 0.0007 0.9999910124142964 4e-06 8e-06 0.9999847334623336 1e-05 4e-05 4.511724073092143 0.08 0.08 1 
-2.2263176441192627 9e-05 5e-05 0.9999965550502141 1e-06 2e-06 0.9999988851944606 5e-07 5e-07 4.512390526135762 0.06 0.06 2 
-2.2254183673858643 0.002 0.0008 0.999993616938591 3e-06 7e-06 0.999990310271581 9e-06 4e-05 4.5119361448287965 0.09 0.09 4 
-2.2251215394337973 0.002 0.0008 0.9999925853808721 4e-06 7e-06 0.9999833784500758 1e-05 4e-05 4.511639479001363 0.06 0.06 7 
-2.226367877324422 9e-05 4e-05 0.9999928609530131 8e-07 8e-07 0.9999988516171773 6e-07 9e-07 4.5124844439824425 0.05 0.05 8 
-2.22626890818278 0.0002 6e-05 0.9999974894523621 1e-06 2e-06 0.9999991045395533 4e-07 4e-07 4.512291735013326 0.06 0.06 9 
-2.226399580637614 9e-05 5e-05 0.9999955413738887 9e-07 1e-06 0.9999991492430369 5e-07 6e-07 4.51237936814626 0.05 0.05 11 
-2.225574305852254 0.0009 0.0005 0.9999942868947983 3e-06 7e-06 0.9999897287289301 9e-06 2e-05 4.511998335520427 0.08 0.08 12 
-2.2263740475972496 4e-05 4e-05 0.9999971354007721 7e-07 7e-07 0.9999990238746007 7e-07 6e-07 4.5123317321141565 0.05 0.05 13 
-2.225050811767578 0.004 0.001 0.9999892185131709 6e-06 2e-05 0.9999817405144373 2e-05 7e-05 4.511765508651734 0.06 0.07 14 
-2.2263210741678874 8e-05 5e-05 0.9999965878327688 8e-07 8e-07 0.99999875664711 6e-07 8e-07 4.5124147717158 0.06 0.06 15 
-2.2253444163004557 0.0009 0.0005 0.9999914566675822 5e-06 7e-06 0.9999869563182195 1e-05 2e-05 4.511870195070903 0.08 0.08 17 
-2.2264231491088866 1e-05 1e-05 0.9999969426790873 5e-07 6e-07 0.9999983634551366 7e-07 7e-07 4.512299089431763 0.04 0.04 18 
-2.2252798906962075 0.001 0.0007 0.9999926243225733 3e-06 7e-06 0.9999863104025523 1e-05 2e-05 4.511950507164001 0.08 0.08 20 
-2.2256580861409505 0.002 0.0006 0.9999950432777405 4e-06 7e-06 0.9999909996986389 8e-06 2e-05 4.511964276631673 0.08 0.09 22 
-2.2254166316986086 0.002 0.0007 0.9999920783440271 5e-06 7e-06 0.9999841586748759 1e-05 2e-05 4.5119669103622435 0.1 0.1 24 
-2.2252385902404783 0.004 0.001 0.9999932312965393 4e-06 1e-05 0.9999856154123942 1e-05 4e-05 4.511954339345296 0.1 0.1 25 
-2.226373561223348 0.0007 0.0001 0.9999982039133708 8e-07 1e-06 0.9999990028142929 5e-07 1e-06 4.512271687189738 0.04 0.05 26 
-2.2256753635406494 0.001 0.0004 0.9999944031238556 3e-06 7e-06 0.9999913483858108 8e-06 1e-05 4.5120641120274865 0.07 0.07 27 
-2.2259011904398602 0.0009 0.0004 0.9999948833386103 4e-06 8e-06 0.9999931075175603 6e-06 1e-05 4.512087486584981 0.08 0.08 29 
-2.2247552649180093 0.002 0.0008 0.9999916778008143 4e-06 6e-06 0.9999789633353551 2e-05 6e-05 4.511393936475118 0.07 0.07 30 
-2.2262231318155923 2e-05 2e-05 0.999986420472463 1e-06 1e-06 0.9999978290001551 4e-07 5e-07 4.512801405588786 0.07 0.07 32 
-2.2256737836201985 0.001 0.0005 0.9999951529502868 3e-06 7e-06 0.999991906285286 7e-06 3e-05 4.512050719261169 0.08 0.08 33 
-2.2248295720418296 0.003 0.001 0.9999932744105657 4e-06 1e-05 0.9999784988164901 2e-05 8e-05 4.511385779380799 0.1 0.1 34 
-2.2257566197713214 0.001 0.0003 0.9999954869349797 2e-06 3e-06 0.9999936501185099 6e-06 1e-05 4.512059690157573 0.07 0.07 35 
-2.22537709236145 0.001 0.0006 0.9999930636088054 3e-06 7e-06 0.9999874869982401 1e-05 3e-05 4.511870594024658 0.07 0.07 36 
-2.225645275115967 0.001 0.0005 0.9999958825111389 2e-06 4e-06 0.9999915343523026 8e-06 2e-05 4.5119691705703735 0.07 0.07 37 
-2.2263728459676106 3e-05 3e-05 0.9999977119763692 6e-07 6e-07 0.9999991722901662 4e-07 5e-07 4.5122825717926025 0.05 0.05 38 
-2.225073601404826 0.003 0.0009 0.9999883164962132 9e-06 2e-05 0.9999791435400645 2e-05 6e-05 4.511500538190206 0.1 0.1 39 
-2.2254650338490802 0.001 0.0007 0.9999933606386184 4e-06 1e-05 0.9999879799286524 1e-05 4e-05 4.511921718915303 0.08 0.08 40 
-2.225507907867432 0.002 0.0007 0.9999937303860982 4e-06 8e-06 0.999989566206932 9e-06 3e-05 4.511924236615499 0.08 0.08 41 
-2.2257759380340576 0.001 0.0004 0.9999952159325282 3e-06 4e-06 0.9999932551383972 6e-06 1e-05 4.5119858662287395 0.08 0.08 42 
-2.2257892513275146 0.0008 0.0003 0.9999948281049729 3e-06 7e-06 0.9999940909941991 5e-06 2e-05 4.51205637772878 0.07 0.07 44 
-2.2254111925760904 0.001 0.0004 0.9999934190511703 2e-06 4e-06 0.9999909220139186 8e-06 2e-05 4.512031254768371 0.07 0.07 45 
-2.2254510815938313 0.002 0.0007 0.9999951352675756 3e-06 6e-06 0.999989519516627 1e-05 3e-05 4.511859955787659 0.08 0.07 46 
-2.2264191150665282 1e-05 1e-05 0.9999977324406306 4e-07 4e-07 0.9999991101026535 2e-07 3e-07 4.512260875701904 0.04 0.04 47 
-2.2250987497965493 0.002 0.0008 0.9999866497516632 6e-06 1e-05 0.9999839278062185 1e-05 5e-05 4.511924675305685 0.09 0.09 48 
-2.2263892237345377 1e-05 2e-05 0.9999972770611445 5e-07 4e-07 0.9999990079800288 4e-07 4e-07 4.512341197331747 0.05 0.05 50 
-2.2250404103597003 0.001 0.0007 0.9999823747078578 7e-06 1e-05 0.999982806444168 1e-05 3e-05 4.511958049138387 0.08 0.08 53 
-2.2248146025339763 0.002 0.0008 0.9999828390280405 6e-06 1e-05 0.9999826945861181 2e-05 4e-05 4.511885461807251 0.08 0.08 54 
-2.2251903025309243 0.002 0.0008 0.9999911397695541 5e-06 8e-06 0.9999841590722401 1e-05 5e-05 4.511825172106425 0.09 0.09 56 
-2.22513942082723 0.0008 0.0006 0.9999926443894704 5e-06 1e-05 0.9999643721183141 3e-05 8e-05 4.511573481559753 0.08 0.08 57 
-2.2257651329040526 0.001 0.0003 0.9999957398573558 2e-06 3e-06 0.9999930679798126 6e-06 2e-05 4.51210853099823 0.07 0.07 58 
-2.2254044246673583 0.001 0.0007 0.9999952717622121 2e-06 8e-06 0.9999877601861954 1e-05 4e-05 4.511881106694539 0.08 0.08 61 
-2.2255753739674886 0.001 0.0006 0.9999956957499186 3e-06 8e-06 0.9999890931447347 1e-05 3e-05 4.511842155456543 0.07 0.07 62 
-2.2254815928141274 0.002 0.0008 0.9999889236688614 8e-06 3e-05 0.999986942410469 1e-05 3e-05 4.512033522923788 0.1 0.1 63 
-2.2257456811269125 0.001 0.0004 0.9999945326646169 2e-06 4e-06 0.9999927292267482 6e-06 2e-05 4.512139326731364 0.07 0.07 64 
-2.2256840070088706 0.001 0.0004 0.9999946866432826 3e-06 4e-06 0.9999925895531973 7e-06 2e-05 4.512112673123678 0.08 0.08 66 
-2.2263565985361735 0.0001 6e-05 0.9999974938233693 7e-07 9e-07 0.9999989547332128 4e-07 5e-07 4.512321106592814 0.05 0.05 68 
-2.22466677347819 0.001 0.0009 0.9999873264630635 5e-06 8e-06 0.9999798581997553 2e-05 5e-05 4.511634704271953 0.08 0.08 69 
-2.225430898666382 0.001 0.0006 0.9999950015544892 3e-06 7e-06 0.9999869555234909 1e-05 3e-05 4.511746280988057 0.07 0.07 70 
-2.224920285542806 0.002 0.0009 0.9999837476015091 7e-06 1e-05 0.9999801605939865 2e-05 4e-05 4.511871614456177 0.08 0.08 71 
-2.2263950316111245 0.002 0.0001 0.9999966651201249 1e-06 3e-06 0.9999989231427511 7e-07 4e-06 4.512332504590352 0.05 0.04 72 
-2.2262262058258058 4e-05 3e-05 0.9999948569138845 7e-07 7e-07 0.9999973432223002 1e-06 7e-07 4.512266715367635 0.06 0.06 73 
-2.2252480220794677 0.001 0.0008 0.9999846750497818 6e-06 1e-05 0.9999868605534236 1e-05 4e-05 4.512166380882263 0.1 0.1 74 
-2.225613390604655 0.0002 0.0001 0.9999968347946803 1e-06 2e-06 0.9999794924259185 1e-05 2e-05 4.511862762769064 0.06 0.06 75 
-2.2252056630452475 0.002 0.0009 0.9999942320585251 4e-06 8e-06 0.9999818448225657 1e-05 2e-05 4.5117443052927655 0.1 0.1 78 
-2.22639767964681 4e-05 3e-05 0.9999969693024954 9e-07 1e-06 0.9999981838464737 1e-06 1e-06 4.512277944882711 0.04 0.04 81 
-2.226411377588908 3e-05 2e-05 0.9999962999423345 5e-07 8e-07 0.9999989187717437 4e-07 5e-07 4.512332812945048 0.04 0.04 83 
-2.2254408963521324 0.002 0.0005 0.9999881349007289 4e-06 6e-06 0.999990229010582 9e-06 2e-05 4.512214465141296 0.08 0.08 85 
-2.2255394744873045 0.001 0.0006 0.9999950277805328 3e-06 8e-06 0.9999875303109487 1e-05 3e-05 4.511937313079834 0.07 0.07 87 
-2.226392561594645 0.0002 7e-05 0.9999966337283452 7e-07 1e-06 0.9999982571601868 7e-07 2e-06 4.512346860567729 0.04 0.04 88 
-2.22542410214742 0.001 0.0007 0.9999920078118643 4e-06 1e-05 0.9999865180253983 1e-05 4e-05 4.51197863260905 0.09 0.09 89 
-2.226212536493937 6e-05 4e-05 0.9999954678614934 6e-07 7e-07 0.9999987431367239 4e-07 3e-07 4.512180768648784 0.06 0.06 90 
-2.2252862008412677 0.001 0.0008 0.9999933209021886 3e-06 1e-05 0.9999853426218033 1e-05 5e-05 4.511929491360982 0.08 0.08 91 
-2.2263592529296874 8e-05 4e-05 0.999994830886523 1e-06 1e-06 0.9999984119335811 1e-06 8e-07 4.512364800771078 0.05 0.05 92 
-2.2252959187825523 0.001 0.0008 0.9999947027365367 3e-06 8e-06 0.9999872094392777 1e-05 5e-05 4.511757572491963 0.08 0.08 93 
-2.2254176171620688 0.002 0.0007 0.9999937136967977 3e-06 1e-05 0.9999875471989313 1e-05 3e-05 4.5119395955403645 0.1 0.1 94 
-2.225488697687785 0.002 0.0008 0.9999944933255513 3e-06 1e-05 0.9999902621905009 9e-06 3e-05 4.511900046666463 0.09 0.09 95 
-2.2251675128936768 0.002 0.0008 0.9999923890829087 4e-06 7e-06 0.9999832075834274 1e-05 5e-05 4.5117611996332805 0.09 0.09 96 
-2.2263837401072184 2e-05 1e-05 0.999998117685318 9e-07 1e-06 0.9999987834692001 4e-07 8e-07 4.512291509310405 0.05 0.05 98 
