-2.225220241546631 8e-05 7e-05 0.9999892981847127 1e-06 1e-06 0.9999774827559789 4e-06 4e-06 4.508869283994039 0.1 0.1 0 
9.20418835903547e-07 1 
-2.2254399236043296 0.0004 0.0003 0.9999906939268112 2e-06 2e-06 0.9999884295463563 7e-06 9e-06 4.511783852577209 0.09 0.09 2 
-2.210014944076538 0.0001 0.0001 0.9999791673819224 7e-06 8e-06 0.9992073824008306 5e-06 5e-06 4.489486023585002 0.1 0.1 3 
-0.37833983262379967 4e-05 3e-05 0.8137150718768438 0.001 0.001 0.9830389380455017 0.0005 0.0005 2.3812860663731894 0.08 0.08 4 
-2.22501797358195 0.0005 0.0003 0.9999874446789424 3e-06 3e-06 0.9999781582752864 4e-06 7e-06 4.510995661417644 0.1 0.1 5 
-2.2246958955128986 3e-05 3e-05 0.9999904096126556 6e-07 7e-07 0.9999501383304596 2e-05 2e-05 4.50319387435913 0.1 0.1 6 
-2.211094493865967 3e-05 3e-05 0.9999890152613322 3e-06 3e-06 0.9988326205809911 1e-06 1e-06 4.502941859563192 0.07 0.07 7 
-2.2246693420410155 0.0003 0.0002 0.9999780372778575 3e-06 3e-06 0.9999726396799088 3e-06 3e-06 4.509861175219218 0.1 0.1 8 
-2.211552750269572 0.0009 0.0005 0.999990424712499 2e-06 2e-06 0.9992248159646988 9e-06 3e-05 4.498842415809631 0.1 0.1 9 
-2.2227681159973143 0.002 0.001 0.9999752400318781 4e-06 9e-06 0.9999515642722447 4e-06 6e-06 4.509732713699341 0.2 0.2 10 
-2.2247297445933025 0.0002 0.0001 0.999988522529602 3e-06 2e-06 0.9985590628782908 2e-05 2e-05 4.527184351285299 0.1 0.1 11 
9.204565344589355e-07 12 
-2.2251220575968422 0.001 0.0005 0.999990491271019 3e-06 3e-06 0.9999877285957336 4e-06 3e-06 4.511117928822835 0.1 0.1 13 
-2.2226053937276204 0.0003 0.0002 0.9999847304821015 2e-06 2e-06 0.9998739039897919 1e-05 1e-05 4.503066420555115 0.2 0.2 14 
0.0059826898388564585 15 
-2.2108763090769448 0.003 0.001 0.9999885807434717 7e-06 1e-05 0.9991889041662216 4e-05 0.0001 4.495319490432739 0.1 0.2 16 
-2.2248339557647707 6e-05 5e-05 0.9999838403860728 3e-06 2e-06 0.9999588302771251 8e-07 6e-07 4.511147578557332 0.1 0.1 17 
-2.2105927594502766 0.0001 0.0001 0.9999852778514227 4e-06 6e-06 0.9992099094390869 3e-06 4e-06 4.494292232195536 0.09 0.09 18 
-2.2241693369547524 0.004 0.002 0.9999646264314651 2e-05 5e-05 0.9999928132692972 6e-06 2e-05 4.510622129440308 0.1 0.1 19 
9.598467158866697e-07 20 
9.205818400914723e-07 21 
-2.224954191843669 0.0006 0.0006 0.9999644658962885 2e-05 3e-05 0.9985720962285995 1e-05 3e-05 4.528787449200948 0.1 0.1 22 
-2.21722448348999 0.001 0.0005 0.999978724916776 2e-06 3e-06 0.9999838668107986 6e-06 1e-05 4.506475577354431 0.1 0.1 23 
-2.2250490125020344 0.0003 0.0002 0.9999770605564118 3e-06 4e-06 0.9999927147229513 2e-06 3e-06 4.511723826726278 0.1 0.1 24 
-2.2243210824330646 0.0004 0.0003 0.9999846206108729 2e-06 3e-06 0.99995123843352 6e-06 6e-06 4.508338516553243 0.1 0.1 25 
-2.2258103942871093 0.0002 0.0002 0.9999923928578694 2e-06 2e-06 0.999991760055224 4e-06 6e-06 4.512385873794556 0.07 0.07 26 
9.207397624777513e-07 27 
-2.210918238957723 0.0001 0.0001 0.9999743002653122 2e-06 2e-06 0.99920336941878 9e-06 1e-05 4.499604517618815 0.1 0.1 28 
-2.2236524645487465 0.0004 0.0003 0.9999752281109492 4e-06 4e-06 0.9999744389454523 6e-06 2e-05 4.510380477905273 0.2 0.2 29 
-2.2257285944620766 0.0009 0.0004 0.9999939956267675 2e-06 2e-06 0.9999937204519908 3e-06 6e-06 4.512262245814005 0.06 0.07 30 
-2.2236104838053383 0.006 0.002 0.999980042775472 6e-06 9e-06 0.9999231912692388 6e-05 0.0002 4.510039162635803 0.2 0.2 31 
9.205721312355308e-07 32 
-2.2248382059733074 0.0006 0.0005 0.9999908727407455 3e-06 5e-06 0.9985651620229086 1e-05 2e-05 4.527516996065776 0.1 0.1 33 
-2.225420840581258 0.0005 0.0004 0.9999898870786031 3e-06 3e-06 0.999992682536443 1e-06 1e-06 4.511570053100586 0.1 0.1 34 
-2.2254395389556887 3e-05 3e-05 0.9999962814648946 3e-07 3e-07 0.9999908332029979 6e-07 6e-07 4.511108264923096 0.06 0.06 35 
0.005738215986639261 36 
-2.2095085620880126 0.001 0.0008 0.9999804806709289 8e-06 1e-05 0.9991840219497681 1e-05 1e-05 4.490049718221028 0.1 0.1 37 
-2.225172694524129 0.0007 0.0003 0.9999919921159744 2e-06 3e-06 0.9999932444095612 5e-06 1e-05 4.511295069058736 0.1 0.1 38 
0.006252942141145468 39 
-2.225422356923421 5e-05 4e-05 0.9999937238295873 9e-07 8e-07 0.9985729298988978 8e-06 8e-06 4.527801863352457 0.07 0.07 40 
-2.2244760195414224 5e-05 5e-05 0.9999889294306438 5e-07 4e-07 0.9985774401823679 1e-05 1e-05 4.525745153427124 0.09 0.09 41 
-2.2245269362131754 0.0004 0.0003 0.9999798756837844 6e-06 6e-06 0.9996928264697392 2e-06 2e-06 4.513132688204448 0.1 0.1 42 
-2.2214626693725585 0.0006 0.0005 0.9999823572238287 2e-06 3e-06 0.9997766425212224 6e-05 6e-05 4.491070040067037 0.2 0.2 43 
-2.224777269363403 0.0004 0.0003 0.9999906138579051 2e-06 2e-06 0.9985603755712509 3e-05 3e-05 4.5266187270482385 0.1 0.1 44 
-2.2247095425923664 0.0007 0.0005 0.9999874645471573 3e-06 4e-06 0.9999659780661265 6e-06 9e-06 4.510394484202067 0.1 0.1 45 
0.005527264252305031 46 
9.20422030503687e-07 47 
-2.2222436078389487 0.001 0.0008 0.9999709697564443 5e-06 5e-06 0.9999767722686131 7e-06 8e-06 4.511582945187887 0.3 0.3 48 
-2.2248289171854654 0.0004 0.0004 0.9999848957856496 3e-06 4e-06 0.9999899313847224 7e-06 3e-05 4.511558798154195 0.1 0.1 49 
-2.2259023253122967 0.002 0.0004 0.9999969842036566 2e-06 4e-06 0.9999922680854797 5e-06 4e-05 4.511820422808329 0.1 0.1 50 
-2.2253948720296224 0.0002 0.0001 0.9999885420004527 1e-06 1e-06 0.9997688523928324 3e-06 3e-06 4.513518557548523 0.09 0.09 51 
-2.224883082707723 0.002 0.0006 0.9999783041079839 9e-06 2e-05 0.9999383533000946 4e-06 4e-06 4.509564561843872 0.09 0.1 52 
9.205012702295789e-07 53 
-2.225353234608968 0.0002 0.0002 0.999988352060318 3e-06 3e-06 0.9999783152341842 6e-06 8e-06 4.5105660597483315 0.1 0.1 54 
-2.2246501223246256 0.0007 0.0004 0.999983233610789 4e-06 7e-06 0.9999837791919708 3e-06 3e-06 4.51076814810435 0.1 0.1 55 
-2.209461612701416 0.0007 0.0005 0.9999664630492529 5e-06 7e-06 0.9992174901564916 7e-06 8e-06 4.498745846748352 0.1 0.1 56 
9.167718758362753e-07 57 
9.273451382796338e-07 58 
0.016811613738536835 59 
9.204342632074259e-07 60 
9.200726822200523e-07 61 
-2.2253883107503256 0.0003 0.0003 0.9999939133723577 2e-06 3e-06 0.9999858806530635 4e-06 7e-06 4.51119841893514 0.08 0.08 62 
9.202229307447851e-07 63 
-2.2104110018412273 0.0006 0.0003 0.9999816679954528 2e-06 3e-06 0.9992141723632812 5e-06 6e-06 4.496410336494446 0.1 0.1 64 
0.0049368590116500854 65 
9.204819662045338e-07 66 
9.208014489558991e-07 67 
-0.3908986743291219 0.0007 0.0004 0.8196252258618673 0.006 0.007 0.9829470960299174 0.0005 0.0005 2.422085428237915 0.09 0.08 68 
0.008508864231407643 69 
-2.2246092796325683 0.0009 0.0005 0.9999864546457926 3e-06 5e-06 0.9999690979719162 2e-05 2e-05 4.506947061220805 0.2 0.2 70 
-2.2242107741038004 0.0003 0.0002 0.999979731241862 5e-06 6e-06 0.9999587007363637 6e-06 7e-06 4.509860291481018 0.1 0.1 71 
-2.2243271986643474 0.0006 0.0003 0.999976448615392 3e-06 4e-06 0.9996148520708084 6e-06 9e-06 4.51269162495931 0.1 0.1 72 
9.982257665797078e-07 73 
-2.2251739819844563 0.001 0.0005 0.9999882952372233 4e-06 1e-05 0.9999896993239721 4e-06 6e-06 4.511538766225179 0.1 0.1 74 
149.51647338867187 75 
-2.22521858215332 0.003 0.0006 0.9999820943673452 1e-05 5e-05 0.9999938497940699 5e-06 9e-06 4.511410759290059 0.09 0.08 76 
-2.224525785446167 0.0007 0.0003 0.9999922893444697 2e-06 2e-06 0.9999689096212387 4e-06 6e-06 4.509700937271118 0.2 0.2 77 
-2.225395762125651 0.001 0.0006 0.9999875781933466 5e-06 2e-05 0.9999986654520034 7e-07 2e-06 4.511766519546509 0.09 0.1 78 
-2.2172098191579184 0.0003 0.0003 0.9999775664011638 2e-06 2e-06 0.9998863323529561 4e-06 1e-05 4.507666452725728 0.07 0.07 79 
-2.223605057398478 0.001 0.0007 0.9999808112780253 5e-06 5e-06 0.999940872391065 2e-05 2e-05 4.503776567776998 0.1 0.1 80 
-2.209524046579997 0.001 0.0007 0.9999741184711456 5e-06 4e-06 0.9991577204068501 2e-05 2e-05 4.488450134595235 0.2 0.2 81 
-2.2111106395721434 0.0006 0.0003 0.9999844044446945 3e-06 8e-06 0.9992254042625427 1e-05 2e-05 4.499686137835185 0.1 0.1 82 
-2.2108813190460204 0.0001 0.0001 0.9999900368849436 8e-07 7e-07 0.9992266237735749 4e-06 5e-06 4.4992982006073 0.06 0.06 83 
-2.2245650164286297 0.0001 0.0001 0.9999889981746674 1e-06 2e-06 0.999992417494456 1e-06 2e-06 4.510984408060709 0.1 0.1 84 
-2.2250137615203855 0.0003 0.0002 0.9999886103471121 2e-06 2e-06 0.9999871297677358 9e-06 2e-05 4.511409001350403 0.09 0.09 85 
-2.225387077331543 0.004 0.0009 0.9999910555283229 6e-06 2e-05 0.9999924985567729 7e-06 2e-05 4.511542523701985 0.2 0.2 86 
-2.2228881804148357 0.001 0.0007 0.9999868915478388 3e-06 3e-06 0.9999719121058782 3e-06 4e-06 4.50946586449941 0.3 0.3 87 
0.009174283221364021 88 
9.227127861777262e-07 89 
9.269541124012903e-07 90 
9.20404966109345e-07 91 
-2.225039068857829 0.003 0.0008 0.9999856334924698 1e-05 7e-05 0.9998100858926773 3e-06 9e-06 4.5127110052108765 0.09 0.09 92 
9.204263392348367e-07 93 
-2.2246829891204833 0.0006 0.0006 0.9999925150473913 3e-06 6e-06 0.9999673559268316 1e-05 1e-05 4.507988311449687 0.1 0.1 94 
-2.224884843826294 0.002 0.001 0.9999863598744074 6e-06 1e-05 0.9999695295095443 6e-06 2e-05 4.51126837571462 0.2 0.2 95 
0.009211422875523567 96 
-2.2245472558339436 0.0008 0.0006 0.9999791079759598 8e-06 1e-05 0.9997933387756348 2e-06 4e-06 4.512575890223185 0.1 0.1 97 
9.210232178702427e-07 98 
9.203970193993882e-07 99 
-2.223671280543009 0.002 0.001 0.9999887651205063 3e-06 5e-06 0.9998896565039953 4e-05 7e-05 4.498273677825928 0.2 0.2 100 
-2.2245931243896484 0.0002 0.0002 0.9999864860375722 1e-06 1e-06 0.999853840470314 2e-06 9e-06 4.510343874295552 0.09 0.09 101 
9.206446407006297e-07 102 
-2.2235171127319338 0.0006 0.0005 0.9999708384275436 6e-06 6e-06 0.998561582962672 4e-05 6e-05 4.521938600540161 0.2 0.2 103 
-2.2248433462778725 0.0004 0.0003 0.9999885555108389 2e-06 2e-06 0.9997272652387619 2e-06 2e-06 4.510985539754231 0.1 0.1 104 
9.205349329022284e-07 105 
-2.2241087055206297 0.002 0.0009 0.9999789712826411 6e-06 1e-05 0.9999266936381658 5e-05 7e-05 4.506991446812948 0.2 0.2 106 
0.03546943590044975 107 
-2.2244522444407147 0.001 0.0008 0.9999820788701376 5e-06 7e-06 0.999981270035108 7e-06 1e-05 4.510586633682251 0.2 0.2 108 
0.001564922952093184 109 
-2.225490379333496 0.0009 0.0004 0.9999918979406357 3e-06 4e-06 0.9999942117929459 4e-06 1e-05 4.511749105453491 0.08 0.08 110 
-2.224923950831095 0.0002 0.0002 0.9999832121531168 3e-06 4e-06 0.9999794918298721 4e-06 4e-06 4.511716245015462 0.1 0.1 111 
0.002611587196588516 112 
-2.224949378967285 0.0003 0.0002 0.9999863421916961 2e-06 2e-06 0.9999737807114919 4e-06 3e-06 4.509185835520427 0.1 0.1 113 
-2.2253530851999916 0.0005 0.0003 0.9999843003352483 3e-06 5e-06 0.9999855742851893 6e-06 1e-05 4.509837498664856 0.1 0.1 114 
-2.225376116434733 0.0007 0.0005 0.9999936596552531 3e-06 8e-06 0.9999946981668473 3e-06 6e-06 4.511098624865214 0.07 0.07 115 
9.204148796015943e-07 116 
0.0005529645131900907 117 
-2.225051317214966 0.0008 0.0003 0.999984267950058 4e-06 9e-06 0.9999917984008789 2e-06 2e-06 4.510317810376486 0.1 0.1 118 
-2.225793612798055 0.001 0.0004 0.9999879691998164 8e-06 2e-05 0.9985717485348383 4e-06 1e-05 4.528003155390421 0.06 0.06 119 
-0.3863573439915975 0.0007 0.0005 0.8247543263435364 0.003 0.002 0.9827202586332957 0.002 0.002 2.4409890429178875 0.2 0.2 120 
-2.225389060974121 9e-05 0.0001 0.9999917441606522 1e-06 9e-07 0.9999914542833964 2e-06 2e-06 4.5099414523442585 0.08 0.08 121 
-2.224885940551758 0.0009 0.0006 0.9999854759375254 3e-06 5e-06 0.9999817796548207 8e-06 1e-05 4.51061553478241 0.1 0.1 122 
4.431795514392434e-06 123 
-2.2104847908020018 4e-05 4e-05 0.9999874373277028 3e-06 3e-06 0.9991871444384257 1e-06 1e-06 4.4923184521993 0.1 0.1 124 
-2.21084379196167 0.0001 8e-05 0.9999816409746806 8e-07 1e-06 0.9992166246970494 4e-06 5e-06 4.497498234113057 0.1 0.1 125 
-2.2241720390319824 0.002 0.001 0.9999865065018336 4e-06 5e-06 0.9999741572141647 2e-05 6e-05 4.5103346586227415 0.2 0.2 126 
9.263100764655973e-07 127 
-2.224510676066081 0.003 0.001 0.9999900269508362 6e-06 1e-05 0.999993284145991 3e-06 5e-06 4.5113367255528765 0.09 0.09 128 
0.005330145638436079 129 
-2.211621004740397 0.0004 0.0003 0.9999892002344132 4e-06 1e-05 0.9992387149731318 7e-07 7e-07 4.499549516042074 0.06 0.06 130 
9.205400147038744e-07 131 
-2.2111289215087893 4e-05 3e-05 0.9999906146526336 3e-06 4e-06 0.9991995072364808 6e-06 6e-06 4.492554607391358 0.1 0.1 132 
-2.201395959854126 0.002 0.002 0.9994129447142283 8e-05 9e-05 0.9998528283834457 2e-05 2e-05 4.5236425669988 0.4 0.4 133 
-2.2086717891693115 0.001 0.001 0.999984652598699 4e-06 3e-06 0.999150184194247 2e-05 2e-05 4.489693438212077 0.2 0.2 134 
0.005565102677792311 135 
-2.2252138646443687 0.0001 0.0001 0.9999884370962778 1e-06 1e-06 0.9999912703037261 3e-06 7e-06 4.510903038978577 0.07 0.07 136 
-2.209659252166748 0.0001 0.0001 0.9999885175625484 5e-06 6e-06 0.9991736058394114 1e-05 1e-05 4.489072753588359 0.1 0.1 137 
9.254647920897697e-07 138 
-2.2248089504241944 0.0003 0.0003 0.9999878664811452 3e-06 4e-06 0.9999878287315369 1e-06 2e-06 4.510838615099589 0.1 0.1 139 
-2.224221248626709 7e-05 7e-05 0.9999826262394588 2e-06 2e-06 0.9999514663219452 1e-05 1e-05 4.504527166684468 0.1 0.1 140 
-2.2252553272247315 8e-05 6e-05 0.9999855995178223 1e-06 2e-06 0.9999244978030523 1e-06 3e-06 4.5074530712763465 0.1 0.1 141 
9.234958611159527e-07 142 
9.204834782394755e-07 143 
9.204489629155433e-07 144 
-2.2246427822113035 0.001 0.0007 0.999984884262085 4e-06 4e-06 0.9999720172087352 9e-06 8e-06 4.510014351209005 0.1 0.1 145 
-2.223208147684733 0.0004 0.0003 0.9999782425165177 4e-06 4e-06 0.9999354730049769 5e-06 4e-06 4.507712907791138 0.2 0.2 146 
9.206386494042818e-07 147 
-2.2251559130350747 0.004 0.001 0.9999834942817688 9e-06 5e-05 0.9999961652358373 1e-06 3e-06 4.5110345443089805 0.08 0.09 148 
0.009750845655798913 149 
