-2.2249857012430825 0.002 0.001 0.999994882941246 4e-06 6e-06 0.9999932529528935 4e-06 6e-06 4.511115833918254 0.1 0.1 99 
-2.2251654847462974 0.001 0.0006 0.9999951467911402 3e-06 5e-06 0.9999944494167964 4e-06 8e-06 4.5114044698079425 0.1 0.1 28 
-2.2256556034088133 0.0004 0.0003 0.9999946375687917 1e-06 2e-06 0.9999947597583135 1e-06 2e-06 4.511751831372579 0.08 0.08 92 
-2.224619836807251 0.004 0.001 0.9999625724554062 5e-06 1e-05 0.999992406964302 6e-06 2e-05 4.511283003489177 0.2 0.2 40 
-2.224913066228231 0.003 0.001 0.9999789289633433 5e-06 1e-05 0.9999929136037826 4e-06 8e-06 4.51117569287618 0.1 0.1 22 
-2.2250768693288165 0.0007 0.0004 0.9999964928627014 2e-06 3e-06 0.9999936330318451 5e-06 9e-06 4.5113421169916785 0.1 0.1 66 
-2.225061044692993 0.003 0.001 0.9999782758951187 3e-06 7e-06 0.9999940156936645 5e-06 1e-05 4.51118114789327 0.2 0.2 95 
-2.2246510791778564 0.002 0.001 0.9999798208475112 4e-06 8e-06 0.999987800916036 6e-06 1e-05 4.511348686218262 0.1 0.1 90 
-2.2249594275156657 0.0008 0.0004 0.999994865655899 3e-06 6e-06 0.9999862225850423 3e-06 5e-06 4.511269313494364 0.09 0.09 54 
-2.2253947607676188 0.001 0.0006 0.9999780374765396 2e-06 4e-06 0.9999955580631892 3e-06 5e-06 4.511733606656392 0.1 0.1 55 
-2.224750347137451 0.003 0.0008 0.9999889371792475 4e-06 1e-05 0.9999933262666066 4e-06 1e-05 4.511183141072591 0.1 0.1 35 
-2.225232292811076 0.003 0.0008 0.999994909564654 4e-06 2e-05 0.9999941633145014 3e-06 8e-06 4.5114356851577755 0.1 0.1 42 
-2.2254195753733317 0.0003 0.0002 0.9999770834048589 6e-07 6e-07 0.9999953538179398 2e-06 3e-06 4.5115714438756305 0.09 0.09 13 
-2.22518585840861 0.002 0.0008 0.9999934619665146 3e-06 7e-06 0.9999958686033885 3e-06 5e-06 4.511379121144612 0.2 0.1 81 
-2.2252595678965252 0.002 0.0007 0.9999821724494299 3e-06 7e-06 0.9999934713045756 5e-06 1e-05 4.511465530395508 0.1 0.1 27 
-2.22497057278951 0.001 0.0007 0.9999729969104131 2e-06 2e-06 0.9999869561195374 1e-05 2e-05 4.511544151306152 0.1 0.1 44 
-2.2251108519236245 0.004 0.001 0.9999944897492726 4e-06 9e-06 0.9999971546729406 2e-06 6e-06 4.511525834401448 0.2 0.2 18 
-2.225057160059611 0.002 0.001 0.9999939626455308 4e-06 1e-05 0.999992369612058 5e-06 2e-05 4.5110827096303305 0.1 0.1 91 
-2.2255516401926676 0.0002 0.0002 0.9999966335296631 1e-06 2e-06 0.9999948525428772 1e-06 2e-06 4.511593489646912 0.09 0.09 74 
-2.224905020395915 0.002 0.0008 0.9999796819686889 4e-06 9e-06 0.9999927977720896 5e-06 8e-06 4.511392628351848 0.1 0.1 14 
