-2.2239746475219726 0.008 0.002 0.9999878893295924 8e-06 3e-05 0.9999800576766332 1e-05 6e-05 4.511220760345459 0.2 0.2 0 
-2.214676847457886 0.001 0.0007 0.999952267408371 8e-06 2e-05 0.9999520504474639 1e-05 2e-05 4.505733941396078 0.08 0.08 1 
-2.214677276611328 0.001 0.0008 0.9999522284666698 8e-06 2e-05 0.9999526176850001 1e-05 2e-05 4.505563975969951 0.08 0.08 2 
-2.223913698196411 0.007 0.002 0.9999896480639776 9e-06 2e-05 0.9999839286009471 1e-05 7e-05 4.51069746017456 0.2 0.2 3 
-2.2239531675974527 0.008 0.002 0.9999787211418152 9e-06 2e-05 0.9999844137827555 1e-05 8e-05 4.5114510631561275 0.2 0.2 4 
-2.22147910118103 0.0002 0.0002 0.9999636171261469 2e-06 2e-06 0.9999495200316111 7e-06 6e-06 4.5107904163996375 0.1 0.09 5 
-2.214560276667277 0.0007 0.0004 0.9999561281998952 7e-06 1e-05 0.9999479846159617 1e-05 2e-05 4.505124734242757 0.07 0.07 6 
-2.214470154444377 0.0002 0.0002 0.999965356985728 5e-06 8e-06 0.9999492341279983 1e-05 1e-05 4.505267264048259 0.07 0.07 7 
-2.223869063059489 0.007 0.002 0.9999792393048604 8e-06 2e-05 0.9999833393096924 1e-05 6e-05 4.510550567309061 0.2 0.2 8 
-2.2240605926513672 0.009 0.002 0.9999901010592779 9e-06 4e-05 0.9999820232391358 1e-05 0.0001 4.5106861766179405 0.2 0.2 9 
-2.2239760144551597 0.007 0.002 0.9999882990121841 8e-06 2e-05 0.9999810365835825 1e-05 8e-05 4.510922609965006 0.2 0.2 10 
-2.2240173212687173 0.009 0.002 0.999978727499644 8e-06 3e-05 0.9999849780400594 1e-05 7e-05 4.510764115651448 0.2 0.2 11 
-2.2154562950134276 0.01 0.002 0.9998871386051178 1e-05 4e-05 0.9999688774347305 2e-05 9e-05 4.5023386780420935 0.2 0.2 12 
-2.105859753290812 0.003 0.001 0.9996047478914261 6e-05 7e-05 0.9939898506800333 0.0003 0.0004 4.435280575752258 0.1 0.1 13 
-2.214743827184041 0.0008 0.0007 0.9999683356285095 8e-06 1e-05 0.9999526196718216 2e-05 2e-05 4.505374485651652 0.08 0.08 14 
-2.2217207304636637 0.0002 0.0002 0.9999696896473567 2e-06 2e-06 0.9999496227502823 7e-06 1e-05 4.510547712643941 0.1 0.1 15 
-2.224003864924113 0.006 0.002 0.9999908932050069 7e-06 3e-05 0.999984256029129 1e-05 7e-05 4.510827488899231 0.2 0.2 16 
-2.223932065963745 0.007 0.002 0.9999789508183797 8e-06 2e-05 0.9999810057878494 1e-05 0.0001 4.510864117940267 0.2 0.2 17 
-2.2241077613830567 0.008 0.002 0.9999798425038655 7e-06 5e-05 0.9999854538838069 1e-05 9e-05 4.5110768747329715 0.2 0.2 18 
-2.223951374689738 0.007 0.002 0.9999907418092092 8e-06 2e-05 0.9999802501996359 2e-05 0.0001 4.511034749348958 0.2 0.2 19 
-2.2154234727223714 0.005 0.002 0.9998881371816 1e-05 2e-05 0.9999684139092764 2e-05 0.0001 4.502107446988424 0.2 0.2 20 
-2.2239832242329913 0.008 0.002 0.9999874434868494 9e-06 4e-05 0.999984472990036 1e-05 7e-05 4.511321325302124 0.2 0.2 21 
-2.2239560381571453 0.008 0.002 0.999979093670845 9e-06 4e-05 0.9999813079833985 1e-05 8e-05 4.510805811882019 0.2 0.2 22 
-2.2146930789947508 0.001 0.0008 0.9999571718772252 8e-06 2e-05 0.9999519908428192 2e-05 2e-05 4.505336883862813 0.08 0.08 23 
-2.2239729086558024 0.006 0.002 0.9999911655982335 8e-06 2e-05 0.9999843529860178 1e-05 6e-05 4.511142522493998 0.2 0.2 24 
-2.2144789187113445 0.0003 0.0002 0.9999567564328512 5e-06 6e-06 0.999949324131012 1e-05 1e-05 4.505119190216065 0.06 0.06 25 
-2.224104633331299 0.009 0.002 0.9999800628423691 8e-06 4e-05 0.9999854449431101 1e-05 7e-05 4.5109004878997805 0.2 0.2 26 
-2.2238629404703776 0.006 0.002 0.9999735136826833 8e-06 2e-05 0.999983735481898 1e-05 7e-05 4.511685520807902 0.2 0.2 27 
-2.2213850307464598 0.0002 0.0001 0.9999629368384679 1e-06 2e-06 0.9999494302272797 6e-06 6e-06 4.510769554773966 0.1 0.09 28 
-2.1058957131703693 0.003 0.001 0.9996034948031107 5e-05 7e-05 0.9939907085895539 0.0003 0.0004 4.4354606596628825 0.1 0.1 29 
-2.2240297094980876 0.008 0.002 0.9999912351369857 8e-06 3e-05 0.9999843688805898 1e-05 0.0001 4.510858743985494 0.2 0.2 30 
-2.223953596750895 0.007 0.002 0.9999794429540634 8e-06 3e-05 0.999980486035347 1e-05 0.0001 4.510473025639852 0.2 0.2 31 
-2.2145191701253255 0.0006 0.0004 0.9999518758058548 6e-06 1e-05 0.9999471577008565 1e-05 2e-05 4.505456337928772 0.07 0.07 32 
-2.2240516980489096 0.005 0.002 0.9999911522865296 6e-06 2e-05 0.9999851616223653 1e-05 0.0001 4.510975802739461 0.2 0.2 33 
-2.2239302730560304 0.007 0.002 0.999978453318278 8e-06 3e-05 0.9999799929062525 1e-05 7e-05 4.511085023880005 0.2 0.2 34 
-2.2147024313608807 0.001 0.0007 0.9999574238061905 8e-06 2e-05 0.9999517023563385 1e-05 2e-05 4.505120002428691 0.08 0.08 35 
-2.1058568890889484 0.003 0.001 0.9996050043900808 6e-05 7e-05 0.9939904554684957 0.0003 0.0004 4.435593287150065 0.1 0.1 36 
-2.2216330909729005 0.0002 0.0002 0.9999689841270447 2e-06 3e-06 0.9999502964814504 6e-06 6e-06 4.510520013173421 0.1 0.09 37 
-2.2239773082733154 0.006 0.002 0.9999781060218811 9e-06 2e-05 0.9999853267272314 1e-05 8e-05 4.510485571225484 0.2 0.2 38 
-2.105737231572469 0.003 0.001 0.9996145741144816 5e-05 7e-05 0.9939712772766749 0.0003 0.0004 4.435328814188639 0.1 0.1 39 
-2.1059744866689045 0.003 0.001 0.999604132771492 6e-05 9e-05 0.9939887255430222 0.0003 0.0003 4.435469053586324 0.1 0.1 40 
-2.2240229415893555 0.008 0.002 0.9999901777505875 8e-06 3e-05 0.9999849377075831 1e-05 7e-05 4.510752940177918 0.2 0.2 41 
-2.214434731801351 0.0002 0.0001 0.9999563242991766 5e-06 7e-06 0.9999494944016138 1e-05 1e-05 4.505146398544311 0.06 0.06 42 
-2.223978614807129 0.009 0.002 0.9999786692857743 9e-06 3e-05 0.9999848409493765 1e-05 9e-05 4.511274471282959 0.2 0.2 43 
-2.2240363375345864 0.007 0.002 0.9999803390105565 7e-06 3e-05 0.9999848500887553 1e-05 0.0001 4.510939699808756 0.2 0.2 44 
-2.1058914120992025 0.003 0.001 0.9996160753568013 5e-05 7e-05 0.993990702231725 0.0003 0.0004 4.435708343187968 0.1 0.1 45 
-2.223971242904663 0.009 0.002 0.9999785725275675 8e-06 3e-05 0.999985069235166 1e-05 8e-05 4.510689489046732 0.2 0.2 46 
-2.214683574040731 0.001 0.0008 0.9999571879704793 8e-06 2e-05 0.9999516884485881 1e-05 2e-05 4.505095909436544 0.08 0.08 47 
-2.2145158100128173 0.0003 0.0003 0.9999567453066508 5e-06 7e-06 0.9999491888284683 1e-05 1e-05 4.505249981880188 0.07 0.07 48 
-2.2239608414967855 0.007 0.002 0.9999899560213089 8e-06 2e-05 0.9999844549099605 1e-05 6e-05 4.510783820152283 0.2 0.2 49 
-2.224134521484375 0.007 0.002 0.9999802269538244 7e-06 4e-05 0.9999858156840007 1e-05 0.0001 4.511283116340637 0.2 0.2 50 
-2.2239947255452472 0.008 0.002 0.9999790147940317 8e-06 3e-05 0.9999846905469895 1e-05 0.0001 4.510902733802795 0.2 0.2 51 
-2.2144503879547117 0.0002 0.0001 0.9999567053715388 5e-06 6e-06 0.9999488015969594 1e-05 1e-05 4.505079199473063 0.06 0.06 52 
-2.2147220770517984 0.001 0.0007 0.9999660056829452 8e-06 2e-05 0.9999520554145177 1e-05 2e-05 4.505476875305176 0.08 0.08 53 
-2.2144850571950276 0.0003 0.0003 0.9999519711732865 6e-06 8e-06 0.999949674407641 1e-05 1e-05 4.50558557510376 0.07 0.06 54 
-2.214523124694824 0.0003 0.0003 0.9999571043252945 5e-06 8e-06 0.9999487606684366 1e-05 2e-05 4.50512482325236 0.07 0.07 55 
-2.105665175120036 0.003 0.001 0.9996032138665517 5e-05 6e-05 0.9939715560277304 0.0003 0.0004 4.436005622545878 0.1 0.1 56 
-2.2146797021230062 0.001 0.0007 0.9999564067522685 8e-06 2e-05 0.9999521936972936 1e-05 2e-05 4.505219187736511 0.08 0.08 57 
-2.214542007446289 0.0004 0.0003 0.9999566972255707 6e-06 1e-05 0.9999488812685012 1e-05 2e-05 4.505135771433513 0.07 0.07 58 
-2.223866856892904 0.005 0.002 0.9999738166729609 8e-06 2e-05 0.9999824353059132 1e-05 5e-05 4.5112192900975545 0.2 0.2 59 
-2.2147303358713786 0.0009 0.0008 0.9999686400095622 8e-06 2e-05 0.9999517160654068 2e-05 2e-05 4.505374307632446 0.08 0.08 60 
-2.214462095896403 0.0002 0.0001 0.9999566994110743 5e-06 7e-06 0.9999491864442825 1e-05 1e-05 4.505114574432373 0.06 0.06 61 
-2.2146017360687256 0.0008 0.0005 0.9999570441246033 7e-06 1e-05 0.9999482049544652 1e-05 2e-05 4.505084233283997 0.07 0.07 62 
-2.2145602989196775 0.0003 0.0002 0.9999681496620179 6e-06 1e-05 0.9999491012096405 1e-05 2e-05 4.5053002532323205 0.07 0.07 63 
-2.214523588816325 0.0003 0.0003 0.9999570361773173 6e-06 9e-06 0.9999490199486415 1e-05 2e-05 4.505271226565043 0.07 0.07 64 
-2.2146777884165445 0.002 0.0008 0.999957151611646 8e-06 2e-05 0.9999522999922434 1e-05 2e-05 4.505255432128906 0.08 0.08 65 
-2.223888079325358 0.006 0.002 0.9999786247809728 8e-06 2e-05 0.9999836285909017 1e-05 6e-05 4.511014529863993 0.2 0.2 66 
-2.1989358107248944 0.005 0.002 0.9998260070880254 1e-05 2e-05 0.9999572916825612 4e-05 0.0002 4.492563807169597 0.2 0.2 67 
-2.2239769744873046 0.007 0.002 0.9999794292449952 8e-06 3e-05 0.9999810812870661 1e-05 0.0001 4.510873913764954 0.2 0.2 68 
-2.2240660985310874 0.006 0.002 0.999978008667628 8e-06 3e-05 0.9999864129225413 1e-05 8e-05 4.511438018480937 0.2 0.2 69 
-2.21454421043396 0.0005 0.0004 0.9999566072225571 6e-06 9e-06 0.9999471718072891 1e-05 2e-05 4.504980085690816 0.07 0.07 70 
-2.2239926560719807 0.008 0.002 0.9999795687198639 8e-06 3e-05 0.9999844761689504 1e-05 7e-05 4.510718359947204 0.2 0.2 71 
-2.2216403452555338 0.0002 0.0002 0.9999697516361873 2e-06 3e-06 0.9999503968159358 6e-06 6e-06 4.510400129954021 0.1 0.1 72 
-2.214563980102539 0.0006 0.0004 0.9999560918410619 7e-06 1e-05 0.9999480656782787 1e-05 2e-05 4.505159913698832 0.07 0.07 73 
-2.2146377468109133 0.0006 0.0005 0.9999569197495778 7e-06 1e-05 0.9999516010284424 1e-05 2e-05 4.5052329556147255 0.08 0.08 74 
-2.2145206514994302 0.0002 0.0002 0.999967766404152 5e-06 7e-06 0.9999495329459508 1e-05 1e-05 4.505239629745484 0.06 0.06 75 
-2.214575796127319 0.0006 0.0004 0.9999564804633458 7e-06 1e-05 0.9999472359816234 1e-05 2e-05 4.505107827186585 0.07 0.07 76 
-2.2145406913757326 0.0003 0.0002 0.9999678415060044 5e-06 7e-06 0.99994868516922 1e-05 1e-05 4.505184229214986 0.07 0.07 77 
-2.214695641199748 0.001 0.0008 0.9999570208787918 8e-06 2e-05 0.9999517742792765 2e-05 2e-05 4.505409490267436 0.08 0.08 78 
-2.2144666639963786 0.0003 0.0003 0.9999518404404323 5e-06 9e-06 0.9999501880009969 1e-05 1e-05 4.505519177118937 0.06 0.06 79 
-2.2239593251546226 0.007 0.002 0.9999784030516943 9e-06 3e-05 0.9999818489948908 1e-05 8e-05 4.510647780100505 0.2 0.2 80 
-2.2215883700052896 0.0002 0.0002 0.9999694780508677 2e-06 2e-06 0.9999497425556183 6e-06 6e-06 4.5103761641184485 0.1 0.09 81 
-2.224015096028646 0.008 0.002 0.9999795367320379 8e-06 2e-05 0.9999849245945612 1e-05 0.0001 4.510606250762939 0.2 0.2 82 
-2.224076878229777 0.008 0.002 0.9999896985292435 9e-06 3e-05 0.9999859567483266 1e-05 7e-05 4.510832320849101 0.2 0.2 83 
-2.2239202149709065 0.008 0.002 0.9999792422850927 8e-06 3e-05 0.9999797578652699 1e-05 7e-05 4.510402355194092 0.2 0.2 84 
-2.221980457305908 0.0007 0.0006 0.9999709451198577 3e-06 9e-06 0.999957345922788 8e-06 9e-06 4.510700449943543 0.1 0.1 85 
-2.2145408407847085 0.0003 0.0003 0.999956604441007 6e-06 1e-05 0.999948922197024 1e-05 2e-05 4.505138155619304 0.07 0.07 86 
-2.2239716561635334 0.006 0.002 0.9999783323208491 8e-06 3e-05 0.9999849502245585 1e-05 0.0001 4.510834884643555 0.2 0.2 87 
-2.2144215297698975 0.0002 0.0001 0.9999557320276896 5e-06 5e-06 0.9999487082163493 1e-05 1e-05 4.50513739267985 0.06 0.06 88 
-2.223947416941325 0.008 0.002 0.9999787811438242 8e-06 3e-05 0.9999849822123845 1e-05 0.0001 4.5111264721552535 0.2 0.2 89 
-2.223976132074992 0.007 0.002 0.9999785445133845 8e-06 3e-05 0.999984942873319 1e-05 7e-05 4.511071683565776 0.2 0.2 90 
-2.223984537124634 0.009 0.002 0.9999900794029236 8e-06 3e-05 0.9999842605988185 1e-05 7e-05 4.5108432229359945 0.2 0.2 91 
-2.2239965947469074 0.009 0.002 0.9999793362617493 9e-06 3e-05 0.9999849484364192 1e-05 8e-05 4.510890687306722 0.2 0.2 92 
-2.223964007695516 0.007 0.002 0.9999793726205826 8e-06 3e-05 0.9999796642859777 1e-05 0.0001 4.51119837919871 0.2 0.2 93 
-2.2146401246388754 0.001 0.0007 0.9999561544259389 8e-06 2e-05 0.9999516868591308 1e-05 2e-05 4.505202822685241 0.08 0.08 94 
-2.2241077772776285 0.01 0.002 0.9999815926949183 8e-06 5e-05 0.9999858218431473 1e-05 8e-05 4.511332486470541 0.2 0.2 95 
-2.2144595209757485 0.0003 0.0002 0.99995634218057 5e-06 9e-06 0.9999491818745931 1e-05 2e-05 4.505191197395325 0.06 0.07 96 
-2.2241176732381187 0.009 0.002 0.9999905262390772 9e-06 3e-05 0.9999863199392954 1e-05 7e-05 4.510761456489563 0.2 0.2 97 
-2.2144658247629803 0.0002 0.0002 0.9999564182758331 5e-06 9e-06 0.9999495263894399 1e-05 1e-05 4.505091201464335 0.06 0.07 98 
-2.223936316172282 0.007 0.002 0.9999795589844386 8e-06 2e-05 0.999983995159467 1e-05 7e-05 4.510953798294067 0.2 0.2 99 
-2.214699411392212 0.001 0.0007 0.9999563270807266 8e-06 2e-05 0.9999521619081497 1e-05 2e-05 4.505385672251384 0.08 0.08 100 
-2.2240895970662433 0.007 0.002 0.9999903889497122 8e-06 3e-05 0.9999854534864425 1e-05 9e-05 4.511053908665975 0.2 0.2 101 
-2.224093049367269 0.009 0.002 0.9999910932779312 8e-06 3e-05 0.9999852865934372 1e-05 9e-05 4.5107276916503904 0.2 0.2 102 
-2.223943459192912 0.006 0.002 0.9999901616573333 8e-06 2e-05 0.9999838636318843 1e-05 6e-05 4.510925278663636 0.2 0.2 103 
-2.1057089360555015 0.003 0.001 0.9996017823616664 5e-05 7e-05 0.9939709721008937 0.0003 0.0004 4.435150686899821 0.1 0.1 104 
-2.2144801425933838 0.0003 0.0002 0.9999560807148615 6e-06 1e-05 0.9999496080478032 1e-05 1e-05 4.505225799878438 0.07 0.07 105 
-2.2239448102315267 0.01 0.002 0.9999791781107584 9e-06 4e-05 0.9999797532955805 1e-05 0.0001 4.510649662017823 0.2 0.2 106 
-2.224093961715698 0.007 0.002 0.9999795784552892 8e-06 4e-05 0.9999858872095744 1e-05 0.0001 4.510701519648234 0.2 0.2 107 
-2.2240667152404785 0.009 0.002 0.9999903442462286 8e-06 2e-05 0.9999854433536529 1e-05 9e-05 4.511144952774048 0.2 0.2 108 
-2.105903237660726 0.003 0.001 0.999605286916097 5e-05 8e-05 0.9939868861436844 0.0003 0.0003 4.435196324984233 0.2 0.2 109 
-2.214714832305908 0.0008 0.0007 0.9999573071797688 8e-06 1e-05 0.9999513695637385 2e-05 2e-05 4.50526437441508 0.08 0.08 110 
-2.214717477162679 0.001 0.0008 0.9999678482611974 8e-06 2e-05 0.9999516038099925 2e-05 2e-05 4.505334992408752 0.08 0.08 111 
-2.2138489882151284 0.0002 0.0001 0.9999539283911387 6e-06 8e-06 0.9999374842643738 1e-05 1e-05 4.504649939537049 0.07 0.07 112 
-2.214493389129639 0.0002 0.0002 0.9999680989980697 5e-06 7e-06 0.9999485514561335 1e-05 1e-05 4.505165108044943 0.07 0.07 113 
-2.2218246618906656 0.0003 0.0003 0.9999701225757599 3e-06 4e-06 0.9999562110503515 7e-06 7e-06 4.510620080629985 0.1 0.09 114 
-2.224033832550049 0.01 0.002 0.9999911224842072 8e-06 3e-05 0.9999848167101543 1e-05 0.0001 4.510836011568705 0.2 0.2 115 
-2.2216087023417157 0.0002 0.0002 0.9999689197540284 2e-06 2e-06 0.9999558558066686 6e-06 6e-06 4.510518991152446 0.09 0.09 116 
-2.2145225397745767 0.0004 0.0003 0.9999566068251927 6e-06 1e-05 0.9999493569135666 1e-05 2e-05 4.505097192128499 0.07 0.07 117 
-2.2145235697428385 0.0004 0.0003 0.9999571361144384 6e-06 1e-05 0.9999488929907481 1e-05 2e-05 4.505223331451416 0.07 0.07 118 
-2.221863120396932 0.0004 0.0005 0.9999693099657695 3e-06 5e-06 0.999956865310669 7e-06 8e-06 4.510790863037109 0.1 0.1 119 
-2.2240269502003986 0.008 0.002 0.9999793034791946 9e-06 3e-05 0.9999846843878428 1e-05 9e-05 4.511080786387126 0.2 0.2 120 
-2.2240538787841797 0.007 0.002 0.9999787366390228 8e-06 3e-05 0.9999851806958516 1e-05 7e-05 4.511133594512939 0.2 0.2 121 
-2.214482838312785 0.0002 0.0002 0.9999559426307678 6e-06 9e-06 0.9999497630198797 1e-05 1e-05 4.505232451756795 0.06 0.06 122 
-2.2240100542704266 0.008 0.002 0.9999879622459411 9e-06 3e-05 0.9999802128473918 1e-05 9e-05 4.5107524792353315 0.2 0.2 123 
-2.224084097544352 0.008 0.002 0.9999793527523676 8e-06 3e-05 0.9999858748912811 1e-05 0.0001 4.510795679092407 0.2 0.2 124 
-2.2216425863901774 0.0002 0.0003 0.9999804502725601 2e-06 3e-06 0.9999497971932093 7e-06 9e-06 4.510510325431824 0.1 0.1 125 
-2.221472724278768 0.0001 0.0001 0.9999795554081599 1e-06 2e-06 0.999947306116422 6e-06 6e-06 4.510401372909546 0.1 0.09 126 
-2.214471581776937 0.0002 0.0002 0.9999565925200781 5e-06 7e-06 0.9999484825134277 1e-05 2e-05 4.505045253435771 0.07 0.06 127 
-2.22408091545105 0.009 0.002 0.999978971083959 8e-06 4e-05 0.999985677798589 1e-05 7e-05 4.510842010180156 0.2 0.2 128 
-2.2240558815002442 0.008 0.002 0.9999767160415649 8e-06 3e-05 0.9999854423602422 1e-05 0.0001 4.511005970637004 0.2 0.2 129 
-2.2240215078989665 0.01 0.002 0.9999794147411982 8e-06 5e-05 0.9999847491582234 1e-05 7e-05 4.510584165255229 0.2 0.2 130 
-2.2146405506134035 0.0008 0.0006 0.9999568899472554 7e-06 1e-05 0.9999515265226364 1e-05 2e-05 4.505087215105693 0.08 0.08 131 
-2.2239278729756675 0.007 0.002 0.9999792184432348 8e-06 3e-05 0.9999841405948003 1e-05 8e-05 4.510943853060405 0.2 0.2 132 
-2.2240949281056723 0.008 0.002 0.9999802962938944 7e-06 4e-05 0.9999851491053899 1e-05 8e-05 4.511384293238322 0.2 0.2 133 
-2.2239569505055745 0.007 0.002 0.9999789315462112 8e-06 3e-05 0.9999843241771063 1e-05 7e-05 4.511116549173991 0.2 0.2 134 
-2.2239852396647137 0.006 0.002 0.9999798440933227 7e-06 2e-05 0.9999842309951782 1e-05 0.0001 4.510281704266866 0.2 0.2 135 
-2.1059156958262126 0.003 0.001 0.9996159183979034 6e-05 8e-05 0.9939899200201034 0.0003 0.0004 4.435373508135478 0.1 0.1 136 
-2.224028927485148 0.006 0.002 0.9999906619389852 7e-06 2e-05 0.9999815295139949 1e-05 9e-05 4.51095300356547 0.2 0.2 137 
-2.214430735905965 0.0002 0.0001 0.9999563801288605 5e-06 6e-06 0.9999478403727213 1e-05 1e-05 4.504997696876526 0.06 0.06 138 
-2.2145384883880617 0.0003 0.0002 0.9999565215905507 6e-06 9e-06 0.9999499924977621 1e-05 2e-05 4.505220623016357 0.07 0.07 139 
-2.2240557225545246 0.005 0.002 0.9999897233645121 7e-06 1e-05 0.9999860632419586 1e-05 8e-05 4.511102897326151 0.2 0.2 140 
-2.2239896297454833 0.01 0.002 0.9999792325496674 8e-06 5e-05 0.9999849816163381 1e-05 9e-05 4.510406972567241 0.2 0.2 141 
-2.2145255692799886 0.0003 0.0003 0.9999570699532827 6e-06 1e-05 0.9999493384361267 1e-05 2e-05 4.5052250369389855 0.07 0.07 142 
-2.2219372526804606 0.0004 0.0005 0.9999704215923945 3e-06 6e-06 0.9999577089150746 7e-06 8e-06 4.510680192311605 0.1 0.1 143 
-2.2147090339660647 0.001 0.0007 0.9999681063493093 8e-06 2e-05 0.9999521124362946 1e-05 2e-05 4.505191372235616 0.08 0.08 144 
-2.2241480763753256 0.005 0.002 0.9999911350011825 5e-06 1e-05 0.9999862066904703 1e-05 9e-05 4.51104379494985 0.2 0.2 145 
-2.2145216941833494 0.0003 0.0003 0.9999568957090378 6e-06 1e-05 0.999949527780215 1e-05 1e-05 4.505203738212585 0.07 0.07 146 
-2.223973798751831 0.006 0.002 0.9999904998143514 8e-06 3e-05 0.9999842780828476 1e-05 9e-05 4.510952145258585 0.2 0.2 147 
-2.224000908533732 0.007 0.002 0.9999788647890091 8e-06 3e-05 0.9999816813071569 1e-05 8e-05 4.510806330045065 0.2 0.2 148 
-2.2240077781677248 0.009 0.002 0.9999793734153112 8e-06 3e-05 0.9999847642580668 1e-05 0.0001 4.5108220624923705 0.2 0.2 149 
