-2.2255373922983805 0.0003 0.0002 0.9999916541576386 2e-06 3e-06 0.9999893391132355 7e-06 1e-05 4.512475293477376 0.07 0.07 0 
-2.22542981783549 0.0005 0.0003 0.9999934675296148 2e-06 3e-06 0.9999805609385173 1e-05 3e-05 4.512224969863891 0.09 0.09 1 
-2.2255829270680745 0.001 0.0007 0.9999940770864487 3e-06 1e-05 0.9999860000610351 1e-05 5e-05 4.5121613136927285 0.1 0.1 2 
-2.2256767559051513 0.003 0.0007 0.9999948118130366 3e-06 1e-05 0.999987098177274 1e-05 6e-05 4.512274201711019 0.1 0.1 3 
-2.2255816491444906 0.002 0.0007 0.9999939942359924 3e-06 1e-05 0.9999868736664455 1e-05 5e-05 4.512222687403361 0.1 0.1 4 
-2.225588665008545 0.002 0.0005 0.9999937033653259 2e-06 4e-06 0.9999881047010422 9e-06 7e-05 4.512093648910523 0.1 0.1 5 
-2.2255955123901368 0.002 0.0005 0.9999939578771592 2e-06 2e-06 0.9999870900313059 1e-05 6e-05 4.512256932258606 0.1 0.1 6 
-2.2255191294352215 0.0007 0.0004 0.9999935015042622 2e-06 4e-06 0.9999863334496816 1e-05 3e-05 4.512199091911316 0.1 0.1 7 
-2.225639263788859 0.003 0.0007 0.9999947792291641 3e-06 2e-05 0.999986449678739 1e-05 4e-05 4.5123681751887 0.1 0.1 8 
-2.2254628721872964 0.0008 0.0004 0.9999937790632248 2e-06 2e-06 0.9999825725952785 1e-05 4e-05 4.512084046999614 0.09 0.09 9 
-2.225563217798869 0.0009 0.0004 0.9999932970603307 2e-06 3e-06 0.99998657087485 1e-05 3e-05 4.512247432072957 0.1 0.1 10 
-2.2256327851613364 0.003 0.0008 0.9999945320685705 4e-06 2e-05 0.9999863396088282 1e-05 6e-05 4.512121322949727 0.1 0.1 11 
-2.2254584980010987 0.0009 0.0005 0.999992513457934 2e-06 4e-06 0.9999866684277853 1e-05 3e-05 4.512340021133423 0.1 0.1 12 
-2.22562273979187 0.002 0.0005 0.9999942954381307 2e-06 3e-06 0.9999879111846288 1e-05 7e-05 4.512341556549072 0.1 0.1 13 
-2.225672721862793 0.003 0.0007 0.999995041290919 3e-06 2e-05 0.9999871768554052 1e-05 5e-05 4.512163791656494 0.1 0.1 14 
-2.2256293392181394 0.0009 0.0004 0.9999946852525076 2e-06 3e-06 0.9999879848957062 9e-06 3e-05 4.5121747573216755 0.09 0.1 15 
-2.2254416529337564 0.0006 0.0004 0.9999922277530034 2e-06 4e-06 0.9999852047363917 9e-06 2e-05 4.5124303229649865 0.09 0.09 16 
-2.225614700317383 0.002 0.0007 0.9999947230021159 3e-06 1e-05 0.999986760020256 1e-05 6e-05 4.512160476048788 0.1 0.1 17 
-2.225474541982015 0.0006 0.0004 0.9999930602312088 2e-06 4e-06 0.9999866845210393 9e-06 3e-05 4.512296161651611 0.1 0.1 18 
-2.225588531494141 0.001 0.0005 0.9999939262866974 2e-06 3e-06 0.9999872416257858 1e-05 4e-05 4.512073945999146 0.1 0.1 19 
-2.225598824818929 0.001 0.0004 0.9999940687417984 2e-06 3e-06 0.9999869040648143 1e-05 4e-05 4.512411705652872 0.1 0.1 20 
-2.2256316312154136 0.003 0.0007 0.999994237224261 3e-06 2e-05 0.9999870413541794 1e-05 7e-05 4.512288020451863 0.1 0.1 21 
-2.2255738226572674 0.003 0.0007 0.9999937321742376 4e-06 2e-05 0.9999859142303467 1e-05 5e-05 4.5122255611419675 0.1 0.1 22 
-2.225576435724894 0.002 0.0007 0.9999952395757039 3e-06 1e-05 0.9999829902251561 1e-05 5e-05 4.512364414532979 0.1 0.1 23 
-2.225520966847738 0.0009 0.0005 0.9999931520223617 2e-06 3e-06 0.9999859819809596 1e-05 4e-05 4.512282818158468 0.1 0.1 24 
-2.225531816482544 0.0009 0.0004 0.9999934113025666 2e-06 3e-06 0.9999869145949681 1e-05 3e-05 4.512256905237834 0.1 0.1 25 
-2.2255981477101643 0.002 0.0008 0.9999945282936096 3e-06 1e-05 0.9999849329392115 1e-05 7e-05 4.512171640396118 0.1 0.1 26 
-2.225649690628052 0.002 0.0006 0.9999948575099309 3e-06 1e-05 0.9999868281682333 1e-05 4e-05 4.512256738344829 0.1 0.1 27 
-2.2254795010884605 0.0008 0.0004 0.9999921210606892 2e-06 3e-06 0.9999844672282537 1e-05 3e-05 4.512257126172384 0.1 0.1 28 
-2.2255999501546224 0.001 0.0004 0.9999938613176346 2e-06 2e-06 0.9999868484338125 1e-05 4e-05 4.512290267944336 0.1 0.1 29 
-2.2256247425079345 0.003 0.0007 0.9999943268299103 4e-06 2e-05 0.9999862273534139 1e-05 5e-05 4.5121658436457315 0.1 0.1 30 
-2.225651445388794 0.003 0.0007 0.9999950778484344 3e-06 1e-05 0.9999875835577647 1e-05 4e-05 4.51202401638031 0.1 0.1 31 
-2.2255842463175455 0.002 0.0005 0.9999938422441482 2e-06 2e-06 0.9999875581264496 1e-05 5e-05 4.512291105588277 0.1 0.1 32 
-2.225576032002767 0.001 0.0004 0.9999936459461848 2e-06 3e-06 0.9999872608979543 1e-05 4e-05 4.51226466178894 0.1 0.1 33 
-2.225538549423218 0.0008 0.0004 0.9999945318698883 2e-06 2e-06 0.9999838395913442 1e-05 4e-05 4.512071029345194 0.09 0.09 34 
-2.22552264213562 0.0005 0.0003 0.9999946151177088 2e-06 3e-06 0.9999842262268066 1e-05 3e-05 4.512238837877909 0.08 0.09 35 
-2.225647408167521 0.002 0.0007 0.9999945386250814 3e-06 2e-05 0.9999873218933741 1e-05 5e-05 4.512206921577453 0.1 0.1 36 
-2.2254749584197997 0.002 0.0007 0.9999930900335312 4e-06 1e-05 0.9999816133578618 1e-05 7e-05 4.512168442408244 0.1 0.1 37 
-2.2256368001302085 0.002 0.0006 0.9999944363037745 3e-06 1e-05 0.9999869247277577 1e-05 6e-05 4.511978022257487 0.1 0.1 38 
-2.2254342460632324 0.0008 0.0004 0.999992397626241 2e-06 4e-06 0.9999861244360606 1e-05 3e-05 4.512369276682536 0.1 0.1 39 
-2.225639588038127 0.002 0.0004 0.9999944082895915 2e-06 2e-06 0.9999877049525578 1e-05 5e-05 4.512116932868958 0.1 0.1 40 
-2.2255894851684572 0.002 0.0005 0.9999942068258921 2e-06 3e-06 0.9999870814879736 1e-05 7e-05 4.512255423863729 0.1 0.1 41 
-2.22564476331075 0.003 0.0007 0.9999947800238927 3e-06 1e-05 0.9999873570601145 1e-05 7e-05 4.512112487157186 0.1 0.1 42 
-2.225633710225423 0.003 0.0007 0.9999940808614095 4e-06 2e-05 0.9999868339300155 1e-05 6e-05 4.5121307929356895 0.1 0.1 43 
-2.22558980623881 0.001 0.0005 0.9999939318497976 2e-06 3e-06 0.9999866433938345 1e-05 4e-05 4.512074791590373 0.1 0.1 44 
-2.2254942226409913 0.003 0.0007 0.9999940427144368 3e-06 1e-05 0.9999824007352193 1e-05 6e-05 4.512130813598633 0.1 0.1 45 
-2.2255127970377604 0.0007 0.0004 0.9999927045901617 2e-06 4e-06 0.9999864121278127 9e-06 3e-05 4.512423853874207 0.09 0.09 46 
-2.2256121031443277 0.001 0.0004 0.9999937810500463 1e-06 2e-06 0.9999866861104966 1e-05 4e-05 4.512301732699076 0.1 0.1 47 
-2.225531851450602 0.001 0.0004 0.9999944957097372 1e-06 2e-06 0.999984516898791 1e-05 4e-05 4.512150203386943 0.1 0.1 48 
-2.2255845419565836 0.001 0.0004 0.9999937214454016 2e-06 3e-06 0.999986795783043 1e-05 4e-05 4.51208679040273 0.1 0.1 49 
-2.2254442755381265 0.0008 0.0005 0.9999926749865214 2e-06 4e-06 0.9999851890405019 1e-05 3e-05 4.512455887794495 0.1 0.1 50 
-2.2254345989227295 0.0006 0.0004 0.9999920425812403 2e-06 4e-06 0.9999847666422526 1e-05 3e-05 4.512428849538168 0.09 0.09 51 
-2.225302597681681 0.003 0.0009 0.9999894603093465 4e-06 1e-05 0.9999848794937134 1e-05 7e-05 4.512333591779073 0.1 0.2 52 
-2.225514437357585 0.0009 0.0004 0.9999934365351995 2e-06 3e-06 0.9999868667125702 9e-06 3e-05 4.512369310061137 0.09 0.09 53 
-2.2253944047292076 0.0007 0.0004 0.9999919106562932 2e-06 5e-06 0.9999861204624176 9e-06 3e-05 4.512499346733093 0.1 0.1 54 
-2.2255771668752033 0.001 0.0005 0.9999941144386927 2e-06 2e-06 0.9999870312213898 1e-05 4e-05 4.512241638501485 0.1 0.1 55 
-2.2255831241607664 0.003 0.0007 0.9999953397115071 3e-06 2e-05 0.9999831924835841 1e-05 8e-05 4.512284836769104 0.1 0.1 56 
-2.225546868642171 0.003 0.0008 0.9999946037928263 3e-06 2e-05 0.999983553091685 1e-05 6e-05 4.512299989064535 0.1 0.1 57 
-2.2255924224853514 0.002 0.0007 0.9999937709172567 4e-06 1e-05 0.9999864987532298 1e-05 3e-05 4.51230808575948 0.1 0.1 58 
-2.225593706766764 0.002 0.0005 0.9999941196044286 2e-06 3e-06 0.9999862281481425 1e-05 7e-05 4.512304142316182 0.1 0.1 59 
-2.2256475003560383 0.002 0.0007 0.9999945267041525 4e-06 2e-05 0.9999866084257761 1e-05 5e-05 4.511935699780782 0.1 0.1 60 
-2.2256307156880695 0.002 0.0006 0.9999943023920059 3e-06 1e-05 0.9999868778387705 1e-05 4e-05 4.512149184544882 0.1 0.1 61 
-2.2256054496765136 0.001 0.0005 0.9999940409262975 2e-06 2e-06 0.9999872225522995 1e-05 5e-05 4.512232171694437 0.1 0.1 62 
-2.225513022740682 0.001 0.0005 0.9999929706255595 2e-06 2e-06 0.9999862885475159 1e-05 4e-05 4.512443510691325 0.1 0.1 63 
-2.225459047953288 0.0007 0.0004 0.9999926261107127 2e-06 4e-06 0.9999861260255177 9e-06 3e-05 4.512513411839803 0.1 0.1 64 
-2.2256244150797526 0.003 0.0007 0.9999946022033691 4e-06 1e-05 0.9999870038032532 1e-05 4e-05 4.512270832061768 0.1 0.1 65 
-2.2255592155456543 0.001 0.0004 0.9999937071402868 2e-06 3e-06 0.9999861651659012 1e-05 4e-05 4.512260486284892 0.1 0.1 66 
-2.22562863667806 0.002 0.0007 0.9999937844276429 4e-06 2e-05 0.9999872779846192 1e-05 4e-05 4.512351716359456 0.1 0.1 67 
-2.2253232765197755 0.0003 0.0003 0.9999918319781621 2e-06 4e-06 0.9999817448854447 1e-05 2e-05 4.512444276809692 0.09 0.09 68 
-2.2256533845265705 0.002 0.0006 0.9999950367212296 3e-06 1e-05 0.9999868534008662 1e-05 6e-05 4.512050096193949 0.1 0.1 69 
-2.2256998602549234 0.001 0.0006 0.9999950136741003 3e-06 9e-06 0.9999875950813294 1e-05 4e-05 4.512280639012655 0.09 0.09 70 
-2.2256286398569745 0.003 0.0007 0.9999943908055623 3e-06 1e-05 0.9999870151281357 1e-05 4e-05 4.512394935290018 0.1 0.1 71 
-2.2255833594004315 0.002 0.0008 0.9999942737817764 4e-06 2e-05 0.9999860888719558 1e-05 6e-05 4.5122213506698605 0.1 0.1 72 
-2.2256433741251627 0.002 0.0007 0.9999941702683767 4e-06 2e-05 0.9999875855445862 1e-05 5e-05 4.512044658660889 0.1 0.1 73 
-2.2255821323394773 0.002 0.0004 0.999993742108345 2e-06 2e-06 0.9999869082371394 1e-05 5e-05 4.5122786219914754 0.1 0.1 74 
-2.225580053329468 0.002 0.0005 0.9999940367539724 2e-06 2e-06 0.9999878168106079 1e-05 5e-05 4.512296829223633 0.1 0.1 75 
-2.2255449040730793 0.001 0.0005 0.9999936489264171 2e-06 3e-06 0.9999868394931157 1e-05 4e-05 4.512334604263305 0.1 0.1 76 
-2.2256286684672038 0.003 0.0007 0.999994098941485 4e-06 2e-05 0.9999868909517924 1e-05 6e-05 4.512180727322896 0.1 0.1 77 
-2.2256912072499593 0.002 0.0006 0.9999947893619537 3e-06 1e-05 0.9999882380167643 1e-05 3e-05 4.512263657251994 0.1 0.1 78 
-2.225593763987223 0.001 0.0004 0.9999942588806152 2e-06 3e-06 0.9999868601560593 1e-05 4e-05 4.512156327565511 0.1 0.1 79 
-2.2256146462758384 0.003 0.0007 0.9999940095345179 4e-06 2e-05 0.999986966252327 1e-05 5e-05 4.51230497042338 0.1 0.1 80 
-2.225653133392334 0.003 0.0007 0.9999944192171096 3e-06 2e-05 0.9999871410926183 1e-05 5e-05 4.5122016906738285 0.1 0.1 81 
-2.2255680402119955 0.001 0.0004 0.9999943959712982 1e-06 2e-06 0.9999846031268438 1e-05 5e-05 4.512052582105 0.1 0.1 82 
-2.225593096415202 0.001 0.0004 0.9999939894676209 2e-06 3e-06 0.9999872004985809 1e-05 4e-05 4.512154541015625 0.1 0.1 83 
-2.22554620107015 0.002 0.0008 0.999994892279307 3e-06 1e-05 0.999982766509056 1e-05 8e-05 4.51204530398051 0.1 0.1 84 
-2.2255649598439535 0.002 0.0006 0.9999949359893798 3e-06 1e-05 0.9999825219313304 1e-05 6e-05 4.51192055384318 0.1 0.1 85 
-2.225648797353109 0.001 0.0006 0.9999944945176442 3e-06 1e-05 0.9999865957101186 1e-05 5e-05 4.5123633257548015 0.1 0.1 86 
-2.225509386062622 0.001 0.0004 0.9999942783514658 2e-06 2e-06 0.999983690182368 1e-05 4e-05 4.512179452578227 0.1 0.1 87 
-2.225586061477661 0.002 0.0005 0.9999935092528661 2e-06 3e-06 0.9999865472316742 1e-05 7e-05 4.512362909317017 0.1 0.1 88 
-2.2255335521697996 0.001 0.0004 0.999994546175003 1e-06 2e-06 0.9999832179148992 1e-05 4e-05 4.512144072850545 0.1 0.1 89 
-2.2256375694274904 0.003 0.0007 0.9999948769807816 3e-06 1e-05 0.9999866767724355 1e-05 4e-05 4.512073117891948 0.1 0.1 90 
-2.2254310862223305 0.0007 0.0004 0.9999933193127314 2e-06 3e-06 0.9999818213780721 1e-05 3e-05 4.5123238325119015 0.09 0.09 91 
-2.2256342856089275 0.003 0.0007 0.9999944551785787 4e-06 2e-05 0.9999863529205322 1e-05 4e-05 4.512318024635315 0.1 0.1 92 
-2.225580364863078 0.002 0.0007 0.9999949365854264 3e-06 2e-05 0.99998311261336 1e-05 7e-05 4.51194261709849 0.1 0.1 93 
-2.2256055895487465 0.002 0.0005 0.9999942934513092 2e-06 2e-06 0.9999873805046081 1e-05 5e-05 4.5122131252288815 0.1 0.1 94 
-2.225706790288289 0.002 0.0006 0.9999954575300216 3e-06 2e-05 0.9999873288472494 1e-05 5e-05 4.511953973770142 0.1 0.1 95 
-2.2255834833780925 0.002 0.0005 0.9999936733643214 2e-06 2e-06 0.9999870272477468 1e-05 5e-05 4.512124493916829 0.1 0.1 96 
-2.225529940923055 0.002 0.0007 0.9999938533703486 4e-06 1e-05 0.9999850819508235 1e-05 5e-05 4.512163656552633 0.1 0.1 97 
-2.2253720060984294 0.0008 0.0005 0.9999914538860321 2e-06 4e-06 0.9999854687849681 1e-05 3e-05 4.512544140815735 0.1 0.1 98 
-2.225582348505656 0.001 0.0004 0.9999939797321955 2e-06 3e-06 0.9999874951442083 1e-05 3e-05 4.5121797768274945 0.1 0.1 99 
-2.2255583731333415 0.001 0.0004 0.9999946723381679 1e-06 2e-06 0.9999847688277562 1e-05 4e-05 4.512140730222066 0.1 0.1 100 
-2.225543686548869 0.0005 0.0003 0.9999941486120224 2e-06 3e-06 0.9999847110112509 1e-05 3e-05 4.5121584924062095 0.08 0.08 101 
-2.225631364186605 0.002 0.0004 0.9999943822622299 2e-06 2e-06 0.9999874283870062 1e-05 5e-05 4.512368392944336 0.1 0.1 102 
-2.225577754974365 0.002 0.0007 0.9999934128920237 3e-06 1e-05 0.9999863155682882 1e-05 4e-05 4.512362079620361 0.1 0.1 103 
-2.225543416341146 0.0009 0.0004 0.9999934081236521 2e-06 3e-06 0.9999872914950053 1e-05 3e-05 4.512306281725565 0.1 0.1 104 
-2.225435241063436 0.002 0.0005 0.9999922762314478 2e-06 3e-06 0.9999860529104868 9e-06 4e-05 4.512324868837992 0.1 0.1 105 
-2.2255811659495035 0.0009 0.0004 0.9999936761458715 2e-06 3e-06 0.9999866910775502 1e-05 4e-05 4.5122946325937905 0.1 0.1 106 
-2.2255220444997152 0.001 0.0005 0.9999932638804118 2e-06 3e-06 0.9999871647357941 9e-06 4e-05 4.512157085736592 0.1 0.1 107 
-2.2254698340098065 0.001 0.0005 0.9999938587347666 2e-06 2e-06 0.9999828066428502 1e-05 4e-05 4.512244129180909 0.1 0.1 108 
-2.2254475847880046 0.0007 0.0005 0.9999926155805587 2e-06 4e-06 0.9999851876497269 1e-05 3e-05 4.5124915599822994 0.1 0.1 109 
-2.225642493565877 0.003 0.0007 0.9999946337938309 4e-06 2e-05 0.9999871444702149 1e-05 5e-05 4.511976505915324 0.1 0.1 110 
-2.2256296316782636 0.002 0.0005 0.9999942125876745 2e-06 2e-06 0.9999882994095485 9e-06 5e-05 4.512107925415039 0.1 0.1 111 
-2.2256456216176352 0.002 0.0005 0.9999947543938955 2e-06 3e-06 0.9999883486827215 9e-06 6e-05 4.512119827270507 0.1 0.1 112 
-2.225419956843058 0.0002 0.0002 0.9999935404459636 2e-06 3e-06 0.9999825497468312 9e-06 2e-05 4.512247562408447 0.07 0.07 113 
-2.225546766916911 0.0009 0.0004 0.9999943621953329 2e-06 2e-06 0.9999845578273138 1e-05 4e-05 4.512129060427347 0.09 0.09 114 
-2.2255420875549317 0.002 0.0005 0.9999933322270711 2e-06 3e-06 0.9999867117404938 1e-05 6e-05 4.512060529390971 0.1 0.1 115 
-2.225608539581299 0.001 0.0006 0.9999955479303996 3e-06 8e-06 0.9999833655357361 1e-05 5e-05 4.511861701011657 0.1 0.1 116 
-2.225208543141683 0.0005 0.0003 0.999989220102628 2e-06 3e-06 0.9999778773387273 7e-06 2e-05 4.512444799741109 0.08 0.08 117 
-2.2256777636210123 0.002 0.0007 0.9999943643808364 3e-06 1e-05 0.9999861639738082 1e-05 6e-05 4.512190470695495 0.1 0.1 118 
-2.2256044483184816 0.001 0.0004 0.9999938342968623 2e-06 3e-06 0.9999882833162943 9e-06 4e-05 4.512274808883667 0.1 0.1 119 
-2.2255861727396646 0.002 0.0007 0.9999945280949275 4e-06 1e-05 0.9999851886431376 1e-05 6e-05 4.512246675491333 0.1 0.1 120 
-2.2253166007995606 0.0006 0.0004 0.9999907513459524 3e-06 5e-06 0.9999847827355067 1e-05 3e-05 4.512601579030354 0.1 0.1 121 
-2.2256107711791993 0.001 0.0004 0.9999942171573639 2e-06 3e-06 0.9999877041578293 9e-06 4e-05 4.512162831624349 0.1 0.1 122 
-2.2255009746551515 0.0008 0.0004 0.9999932422240575 2e-06 4e-06 0.9999865839878718 1e-05 3e-05 4.512256096204122 0.1 0.1 123 
-2.2255403741200763 0.001 0.0005 0.9999928158521653 2e-06 3e-06 0.9999868269761404 1e-05 4e-05 4.512219343185425 0.1 0.1 124 
-2.225595925649007 0.002 0.0006 0.9999941100676855 3e-06 1e-05 0.9999864969650905 1e-05 5e-05 4.5122891664505005 0.1 0.1 125 
-2.225644162495931 0.003 0.0007 0.999994840224584 3e-06 1e-05 0.9999866825342179 1e-05 4e-05 4.512000102996826 0.1 0.1 126 
-2.2254762268066406 0.002 0.0006 0.999993284145991 3e-06 1e-05 0.9999844561020533 1e-05 8e-05 4.5120714012781775 0.1 0.1 127 
-2.225640681584676 0.003 0.0007 0.9999947422742843 4e-06 2e-05 0.9999858129024506 1e-05 5e-05 4.512027618090312 0.1 0.1 128 
-2.225572868982951 0.001 0.0005 0.9999937293926875 2e-06 2e-06 0.9999869620800018 1e-05 4e-05 4.512236978212992 0.1 0.1 129 
-2.2256206321716308 0.001 0.0005 0.9999944945176442 2e-06 2e-06 0.9999874814351399 1e-05 5e-05 4.5121739260355636 0.1 0.1 130 
-2.2256639703114827 0.003 0.0007 0.9999943794806798 3e-06 2e-05 0.9999866314729055 1e-05 4e-05 4.51234511534373 0.09 0.1 131 
-2.225674025217692 0.002 0.0006 0.9999949288368225 3e-06 1e-05 0.9999878005186716 1e-05 4e-05 4.511969747543335 0.1 0.1 132 
-2.22558375676473 0.002 0.0006 0.9999943621953329 3e-06 1e-05 0.9999855442841847 1e-05 7e-05 4.512158738772074 0.1 0.1 133 
-2.22555757522583 0.0009 0.0004 0.9999933222929637 2e-06 3e-06 0.9999869195620219 1e-05 4e-05 4.512303473154704 0.1 0.1 134 
-2.225551818211873 0.003 0.0008 0.9999925023317338 4e-06 2e-05 0.9999841972192128 1e-05 5e-05 4.512107922236125 0.1 0.1 135 
-2.2255374081929524 0.002 0.0007 0.9999946824709575 3e-06 1e-05 0.9999834718306859 1e-05 6e-05 4.5123794666926065 0.1 0.1 136 
-2.2256203937530517 0.002 0.0007 0.9999941937128702 4e-06 1e-05 0.9999864880243937 1e-05 4e-05 4.511954520543417 0.1 0.1 137 
-2.2254778385162353 0.0006 0.0004 0.9999932336807251 2e-06 4e-06 0.9999845155080159 9e-06 2e-05 4.512384996414185 0.09 0.09 138 
-2.225542205174764 0.001 0.0007 0.9999945576985677 3e-06 1e-05 0.9999827831983567 1e-05 6e-05 4.5121464967727665 0.1 0.1 139 
-2.2255702018737793 0.002 0.0007 0.9999930510918299 4e-06 1e-05 0.999984197417895 1e-05 5e-05 4.5123441092173255 0.1 0.1 140 
-2.2256473859151202 0.003 0.0007 0.9999951950709025 3e-06 1e-05 0.999986745317777 1e-05 6e-05 4.512185316085816 0.1 0.1 141 
-2.2255168946584067 0.001 0.0005 0.9999934301773707 2e-06 3e-06 0.9999864967664083 1e-05 4e-05 4.512342001597086 0.1 0.1 142 
-2.225576079686483 0.002 0.0006 0.9999943266312281 3e-06 1e-05 0.9999848624070485 1e-05 6e-05 4.512183864911397 0.1 0.1 143 
-2.2255019346872964 0.0009 0.0004 0.9999928736686706 2e-06 3e-06 0.9999854797124863 1e-05 4e-05 4.512287354469299 0.1 0.1 144 
-2.225460720062256 0.002 0.0005 0.9999929455916087 2e-06 2e-06 0.9999853883186977 1e-05 6e-05 4.512331267992655 0.1 0.1 145 
-2.225499645868937 0.002 0.0006 0.9999935799837112 3e-06 1e-05 0.9999837164084117 1e-05 6e-05 4.51235381603241 0.1 0.1 146 
-2.225649290084839 0.002 0.0007 0.9999944792191188 4e-06 2e-05 0.9999862746397654 1e-05 5e-05 4.512189677556356 0.1 0.1 147 
-2.225570125579834 0.003 0.0007 0.9999946590264638 3e-06 2e-05 0.9999835218985875 1e-05 6e-05 4.512245163917542 0.1 0.1 148 
-2.22556622505188 0.002 0.0008 0.9999937520424524 4e-06 2e-05 0.9999860090017318 1e-05 8e-05 4.512227492332459 0.1 0.1 149 
