-2.2241965611775716 0.003 0.001 0.9999864544471105 6e-06 1e-05 0.9999243048826854 3e-05 0.0001 4.512487389246623 0.2 0.2 50 
-2.2244011910756427 0.002 0.001 0.9999727360407511 1e-05 4e-05 0.9999625587463379 3e-05 7e-05 4.513330497741699 0.2 0.2 59 
-2.223676716486613 0.002 0.0008 0.9999451172351838 1e-05 2e-05 0.9998391989866893 4e-05 7e-05 4.51187097231547 0.2 0.2 62 
-2.2248726367950438 0.003 0.0009 0.9999770601590474 1e-05 4e-05 0.9999751220146815 2e-05 7e-05 4.512058610916138 0.2 0.2 22 
-2.2245601145426432 0.006 0.002 0.9999846514066061 7e-06 3e-05 0.9999487527211507 4e-05 0.0002 4.512756199836731 0.2 0.2 52 
-2.2249068800608316 0.001 0.0006 0.9999848214785257 5e-06 1e-05 0.9999673064549764 8e-06 1e-05 4.512266894976298 0.1 0.1 74 
-2.224967533747355 0.002 0.001 0.9999674365917841 2e-05 5e-05 0.9999820737044016 1e-05 7e-05 4.512699476877848 0.2 0.2 60 
-2.225206362406413 0.002 0.0008 0.9999795452753703 6e-06 2e-05 0.9999743092060089 2e-05 4e-05 4.512741475105286 0.1 0.1 38 
-2.225578311284383 0.002 0.0008 0.9999897948900859 6e-06 3e-05 0.999980579217275 2e-05 6e-05 4.512333532969157 0.1 0.1 70 
-2.224329605102539 0.0007 0.0006 0.99997367699941 7e-06 9e-06 0.9999703615903854 7e-06 2e-05 4.512496032714844 0.1 0.1 37 
-2.2242161210378013 0.002 0.0008 0.9999795426925023 5e-06 6e-06 0.9999512167771657 3e-05 0.0001 4.512584549585978 0.1 0.1 21 
-2.2243077119191486 0.001 0.0004 0.999986275434494 3e-06 5e-06 0.9999785431226095 1e-05 6e-05 4.512011411984761 0.1 0.1 89 
-2.225047658284505 0.0008 0.0005 0.99998670677344 4e-06 6e-06 0.9999682275454204 1e-05 3e-05 4.512616531054179 0.1 0.1 24 
-2.224286508560181 0.003 0.001 0.9999622662862142 2e-05 6e-05 0.9999526154994964 2e-05 7e-05 4.511903688112895 0.2 0.2 90 
-2.2247715695699055 0.001 0.0006 0.9999776405096054 8e-06 1e-05 0.9999483273426691 8e-06 9e-06 4.512918032010396 0.1 0.1 8 
-2.225718930562337 0.001 0.0005 0.9999919541676839 5e-06 1e-05 0.999979226787885 1e-05 3e-05 4.512650895118713 0.1 0.1 27 
-2.2251414680480956 0.0008 0.0003 0.9999847773710887 3e-06 5e-06 0.9999395497639973 8e-06 9e-06 4.511927129427592 0.1 0.1 17 
-2.2242147636413576 0.003 0.002 0.9999642223119736 2e-05 7e-05 0.9999693252642949 2e-05 5e-05 4.51276904741923 0.2 0.2 54 
-2.2258627637227377 0.001 0.0005 0.9999865277608235 9e-06 4e-05 0.9999782369534175 1e-05 3e-05 4.512365353902181 0.09 0.09 71 
-2.2256442324320473 0.002 0.0005 0.9999901950359344 6e-06 1e-05 0.999975124001503 1e-05 5e-05 4.512333156267802 0.1 0.1 39 
