-2.2222695477803547 0.004 0.002 0.9999681770801544 2e-05 3e-05 0.9998866868019104 4e-05 9e-05 4.510128928820293 0.1 0.1 85 
-2.224382568995158 0.001 0.001 0.9999650730689367 3e-05 4e-05 0.9999647716681163 3e-05 5e-05 4.510991177558899 0.1 0.2 38 
-2.2207841300964355 0.003 0.003 0.9999591668446859 3e-05 6e-05 0.999851557413737 0.0001 0.0002 4.509392177263896 0.2 0.2 74 
-2.222593663533529 0.003 0.002 0.999961844086647 2e-05 3e-05 0.9999015907446543 9e-05 0.0002 4.511035922368367 0.1 0.1 3 
-2.222148857116699 0.002 0.001 0.9999707768360774 1e-05 1e-05 0.9998935802777609 8e-05 0.0002 4.511243387858073 0.1 0.1 97 
-2.2205985387166343 0.002 0.002 0.9999500799179077 2e-05 3e-05 0.9998533695936203 4e-05 0.0001 4.51125235080719 0.2 0.2 19 
-2.222205972671509 0.003 0.002 0.9999611077706019 1e-05 3e-05 0.9999625317255656 3e-05 0.0001 4.511969110171 0.2 0.2 40 
-2.2214002577463785 0.003 0.001 0.9999649939934413 2e-05 4e-05 0.9998695719242096 6e-05 0.0001 4.509845975240071 0.1 0.1 88 
-2.220940418243408 0.003 0.002 0.999976528286934 9e-06 2e-05 0.9998416699965795 9e-05 0.0002 4.508783981005351 0.1 0.1 55 
-2.2213401635487875 0.004 0.002 0.9999697454770407 2e-05 2e-05 0.9998531667391459 0.0001 0.0003 4.510798548062643 0.2 0.2 32 
-2.2216483116149903 0.003 0.002 0.9999460488557815 2e-05 2e-05 0.9998945903778076 6e-05 0.0001 4.51185094833374 0.2 0.2 11 
-2.220657901763916 0.004 0.002 0.9999448144435883 3e-05 5e-05 0.9998937265078227 5e-05 0.0001 4.510275904337565 0.2 0.2 17 
-2.2210023053487142 0.004 0.002 0.9999112278223038 6e-05 0.0001 0.999890059431394 4e-05 9e-05 4.5117576185862225 0.2 0.2 52 
-2.220004103978475 0.003 0.002 0.9999294922749201 2e-05 3e-05 0.9999051340421041 6e-05 0.0003 4.508279609680176 0.2 0.2 73 
-2.2211437702178953 0.002 0.002 0.9999550926685333 2e-05 2e-05 0.9998795183499655 6e-05 0.0001 4.510611394246419 0.2 0.2 93 
-2.221942923863729 0.004 0.002 0.9999591722091039 1e-05 3e-05 0.9999471046527226 4e-05 9e-05 4.512154370943705 0.2 0.2 95 
-2.222275994618734 0.001 0.001 0.9999670618772507 1e-05 3e-05 0.9998925375938416 3e-05 7e-05 4.510304365158081 0.2 0.1 28 
-2.2206234455108644 0.005 0.002 0.9999358556667963 3e-05 0.0001 0.9999286945660909 5e-05 0.0001 4.50947921593984 0.2 0.2 91 
-2.2200781726837158 0.004 0.002 0.9999544483423233 2e-05 3e-05 0.9998730983336767 7e-05 0.0002 4.509343037605285 0.2 0.2 25 
-2.223330637613932 0.001 0.001 0.9999333596229554 3e-05 5e-05 0.9999627329905828 2e-05 3e-05 4.513949828147888 0.2 0.2 79 
