-2.2213466008504232 0.0002 0.0002 0.9999681862195333 2e-06 2e-06 0.9999469375610351 7e-06 7e-06 4.5102925856908165 0.1 0.09 3 
-2.223857386906942 0.008 0.002 0.9999736956755321 8e-06 3e-05 0.9999791997671127 1e-05 8e-05 4.511320729255676 0.2 0.2 5 
-2.2239316431681315 0.007 0.002 0.9999786182244619 8e-06 2e-05 0.9999841870864232 1e-05 6e-05 4.510641551017761 0.2 0.2 12 
-2.223855428695679 0.006 0.002 0.9999779367446899 8e-06 2e-05 0.9999839289983113 1e-05 7e-05 4.511214296023051 0.2 0.2 18 
-2.2210966555277505 0.0001 0.0001 0.9999581748247146 1e-06 1e-06 0.9999460514386495 6e-06 6e-06 4.510751158396403 0.09 0.09 19 
-2.2239058272043866 0.007 0.002 0.9999783740441004 8e-06 2e-05 0.9999844557046891 1e-05 0.0001 4.510856881141662 0.2 0.2 20 
-2.2212434323628742 0.0001 0.0001 0.999967435002327 2e-06 2e-06 0.9999469568332037 6e-06 6e-06 4.5102623780568445 0.09 0.09 21 
-2.2215024439493813 0.0002 0.0002 0.9999684303998947 2e-06 3e-06 0.9999498065312703 6e-06 6e-06 4.510386681556701 0.09 0.09 22 
-2.2239746125539144 0.008 0.002 0.99997909228007 9e-06 3e-05 0.9999815199772517 1e-05 8e-05 4.511324110031128 0.2 0.2 35 
-2.223794323603312 0.006 0.002 0.9999697208404541 9e-06 2e-05 0.9999832397699356 1e-05 6e-05 4.5113522863388065 0.2 0.2 36 
-2.2210687001546225 0.0002 0.0001 0.9999401712417603 7e-07 1e-06 0.9999457412958145 6e-06 6e-06 4.511563765207926 0.09 0.09 47 
-2.22376158396403 0.007 0.002 0.9999565297365188 9e-06 2e-05 0.999982992609342 1e-05 7e-05 4.512128651936849 0.2 0.2 49 
-2.2238149134318035 0.009 0.002 0.999951856136322 9e-06 3e-05 0.9999838503201802 1e-05 7e-05 4.511692201296489 0.2 0.2 57 
-2.220522575378418 9e-05 9e-05 0.9997862068812052 3e-06 3e-06 0.9999510437250138 6e-06 6e-06 4.516304879188538 0.09 0.09 68 
-2.2239110565185545 0.008 0.002 0.9999698807795843 9e-06 4e-05 0.9999848320086797 1e-05 9e-05 4.511002162297567 0.2 0.2 76 
-2.223969923655192 0.006 0.002 0.9999793595075608 8e-06 3e-05 0.9999846150477727 1e-05 0.0001 4.510444903373719 0.2 0.2 78 
-2.223971265157064 0.008 0.002 0.9999757275978725 9e-06 4e-05 0.9999852530161539 1e-05 8e-05 4.51094429175059 0.2 0.2 99 
