-2.224511683781942 0.0006 0.0004 0.9999873598416646 3e-06 4e-06 0.9999621133009593 9e-06 1e-05 4.50842167854309 0.1 0.1 29 
-2.223830006917318 0.003 0.0009 0.9999874289830526 6e-06 2e-05 0.9999980290730794 8e-07 1e-06 4.5105654954910275 0.1 0.1 82 
-2.2228832721710203 0.01 0.003 0.999969707330068 2e-05 9e-05 0.9999953987201055 3e-06 2e-05 4.509539620081584 0.2 0.2 59 
-2.22333057085673 0.002 0.001 0.999979252020518 8e-06 2e-05 0.9999716208378474 8e-06 1e-05 4.5089617983500165 0.1 0.1 39 
-2.2220686721801757 0.0008 0.0005 0.9999557385842005 2e-05 2e-05 0.9999952850739161 2e-06 4e-06 4.508824555079142 0.1 0.1 6 
-2.221891015370687 0.0009 0.0008 0.9999712155262629 1e-05 2e-05 0.9999975969394048 2e-06 4e-06 4.509223038355509 0.1 0.1 97 
-2.223321170806885 0.006 0.002 0.9999678482611974 2e-05 8e-05 0.9999959560235342 3e-06 1e-05 4.509957005182902 0.2 0.2 23 
-2.2201140054066975 0.003 0.002 0.9999828493595123 8e-06 2e-05 0.9998295249541601 8e-05 0.0001 4.497600073814392 0.2 0.2 70 
-2.2240890884399414 0.002 0.001 0.9999825513362884 9e-06 5e-05 0.9999895371993383 7e-06 1e-05 4.510664865175883 0.1 0.1 95 
-2.223362089792887 0.006 0.002 0.9999803143739701 1e-05 4e-05 0.9985662535826365 7e-06 1e-05 4.527225697835286 0.1 0.1 64 
-2.221914240519206 0.01 0.003 0.9999681878089904 2e-05 4e-05 0.9999494765202205 3e-05 0.0002 4.508280329704284 0.2 0.2 40 
-2.2217449855804445 0.004 0.002 0.9999726523955663 8e-06 1e-05 0.9999479113022486 1e-05 2e-05 4.505500796635945 0.2 0.2 49 
-2.221645269393921 0.003 0.002 0.9999695291121801 2e-05 6e-05 0.9999696761369705 5e-06 8e-06 4.507840852737427 0.1 0.1 20 
-2.22303586324056 0.0004 0.0002 0.9999656842152278 6e-06 6e-06 0.9999702058235804 1e-05 2e-05 4.510255862871806 0.1 0.1 5 
-2.2220188744862877 0.02 0.004 0.9999803233146668 2e-05 0.0001 0.9999587466319402 3e-05 4e-05 4.509974136352539 0.1 0.2 10 
-2.2229755846659343 0.002 0.0009 0.9999729899565378 9e-06 2e-05 0.9999922219912211 4e-06 1e-05 4.510042756398519 0.09 0.1 11 
-2.224190689722697 0.001 0.0008 0.9999864230553309 5e-06 1e-05 0.9999922919273376 5e-06 2e-05 4.51140862941742 0.1 0.1 60 
-2.2235012340545652 0.003 0.002 0.9999774154027303 1e-05 5e-05 0.9999759105841318 2e-05 9e-05 4.51035970211029 0.2 0.1 71 
-2.222918872833252 0.005 0.002 0.9999483503897985 3e-05 0.0001 0.9999962826569875 2e-06 4e-06 4.510762338638306 0.1 0.2 55 
-2.2240863355000813 0.005 0.002 0.9999760367472966 2e-05 7e-05 0.9999689128001531 3e-05 0.0001 4.510461241404215 0.1 0.1 16 
