-2.211991656621297 0.002 0.0005 0.9999848725398381 1e-05 6e-05 0.9992283366123835 1e-05 7e-05 4.499193274180095 0.1 0.2 9 
-2.225960518519084 0.002 0.0005 0.9999904648462932 8e-06 4e-05 0.9999809585014979 2e-05 9e-05 4.510910360018412 0.1 0.1 25 
-2.2259352747599284 0.001 0.0005 0.9999792069196701 2e-05 4e-05 0.9999702258904775 2e-05 4e-05 4.511182312965393 0.1 0.1 26 
-2.225746520360311 0.001 0.0005 0.9999906726678213 7e-06 2e-05 0.9985731043418249 3e-05 7e-05 4.527842162450154 0.1 0.1 27 
-2.225889342625936 0.002 0.0006 0.9999860773483912 1e-05 3e-05 0.9999920668204626 7e-06 3e-05 4.511605701446533 0.2 0.2 31 
-2.210861152013143 0.006 0.001 0.9999872801701227 9e-06 2e-05 0.9991766961415609 4e-05 0.0001 4.491817943255106 0.2 0.3 36 
-2.2261405340830485 0.0007 0.0004 0.9999905260403951 9e-06 4e-05 0.9999954110383987 4e-06 1e-05 4.511979626019795 0.09 0.09 71 
-2.226173661549886 0.0009 0.0003 0.9999958052237828 3e-06 1e-05 0.9999899979432424 7e-06 3e-05 4.51163430372874 0.09 0.09 83 
-2.2262372589111328 0.0008 0.0003 0.9999921770890554 7e-06 3e-05 0.9999970612923305 3e-06 1e-05 4.511805801391602 0.07 0.07 86 
-2.225489950180054 0.002 0.001 0.9999786965052286 2e-05 6e-05 0.9999900768200557 9e-06 4e-05 4.51238383769989 0.2 0.2 92 
