-2.2243936920166014 0.001 0.0007 0.9999862311283747 3e-06 4e-06 0.999950486222903 2e-05 3e-05 4.507771264712016 0.2 0.2 0 
-2.2247064240773518 0.0006 0.0003 0.9999788582324982 2e-06 3e-06 0.9999602083365122 4e-06 3e-06 4.509589775403341 0.1 0.1 1 
-2.2253050231933593 0.002 0.0008 0.9999927395582199 4e-06 1e-05 0.999991242090861 5e-06 8e-06 4.511191492080688 0.1 0.1 3 
-2.2245589288075767 0.002 0.001 0.9999864121278127 5e-06 1e-05 0.999960925579071 2e-05 2e-05 4.505592177708944 0.1 0.1 4 
-2.2090226236979165 0.0008 0.0004 0.9999863777558009 7e-06 8e-06 0.9991377846399943 2e-05 2e-05 4.485147382418314 0.1 0.1 5 
-2.222488667170207 0.004 0.002 0.999996005098025 2e-06 9e-06 0.9997837988535563 0.0001 0.0002 4.489564674695333 0.2 0.2 7 
-2.225937204360962 0.0003 0.0002 0.9999939415852229 2e-06 3e-06 0.9999984506766001 4e-07 5e-07 4.512248595555623 0.07 0.07 9 
-2.2242561785380044 0.0006 0.0005 0.9999901658296585 2e-06 3e-06 0.9999452485640844 1e-05 2e-05 4.506191549301147 0.1 0.1 10 
-2.2245764605204266 0.001 0.0009 0.999989034930865 5e-06 1e-05 0.9999900352954865 3e-06 8e-06 4.509746243158976 0.1 0.1 11 
-2.2253300285339357 0.002 0.0007 0.9999937009811402 4e-06 1e-05 0.9999879278739293 1e-05 4e-05 4.511224646568298 0.1 0.1 13 
-2.2248549270629883 0.003 0.0009 0.9999876530965169 6e-06 3e-05 0.9999958475430807 2e-06 4e-06 4.510882821083069 0.08 0.08 15 
-2.2248338572184245 0.001 0.0007 0.9999915333588918 5e-06 1e-05 0.9999990103642146 5e-07 6e-07 4.51118374188741 0.05 0.06 16 
-2.225988655090332 0.001 0.0004 0.9999897696574529 6e-06 3e-05 0.9999868792295455 1e-05 5e-05 4.512094155947367 0.1 0.1 17 
-2.225275173187256 0.0003 0.0002 0.9999941271543503 2e-06 3e-06 0.9999854212999344 9e-06 2e-05 4.511573867797852 0.09 0.09 18 
-2.2256314086914064 0.002 0.0007 0.9999955048163732 3e-06 6e-06 0.9999853444099426 8e-06 1e-05 4.511584480603536 0.09 0.1 20 
-2.2248900318145752 0.001 0.0007 0.9999920092026393 4e-06 5e-06 0.999982852935791 5e-06 7e-06 4.510967143376669 0.09 0.09 21 
-2.225497188568115 0.003 0.0008 0.9999965180953344 3e-06 8e-06 0.9999895222981771 1e-05 5e-05 4.511481863657633 0.09 0.09 22 
-2.226218220392863 0.0005 0.0002 0.9999970026810964 2e-06 1e-05 0.9999898006518682 8e-06 2e-05 4.5119416697820025 0.06 0.06 23 
-2.2257307688395183 0.0003 0.0002 0.9999953929583232 1e-06 9e-07 0.9999755152066548 1e-05 1e-05 4.5117930253346765 0.07 0.07 28 
-2.2245843696594236 0.003 0.002 0.9999895894527435 7e-06 2e-05 0.9999983882904053 1e-06 4e-06 4.510832370122274 0.1 0.1 30 
-2.225097589492798 0.0006 0.0004 0.9999920080105463 3e-06 6e-06 0.9985732165972392 6e-06 8e-06 4.527931577364604 0.06 0.06 31 
-2.2249637508392333 0.003 0.001 0.9999901215235393 8e-06 2e-05 0.9999864916006724 1e-05 1e-05 4.511324815750122 0.09 0.08 32 
-2.2257758235931395 0.002 0.0006 0.9999953814347585 4e-06 4e-06 0.9999929515520731 7e-06 3e-05 4.511657088597616 0.08 0.08 33 
-2.2250476455688477 0.002 0.0007 0.9999933274586995 3e-06 7e-06 0.9999782975514729 9e-06 1e-05 4.510683294932048 0.1 0.1 34 
-2.2249579779307047 0.0008 0.0004 0.9999884229898452 3e-06 6e-06 0.999993778069814 2e-06 3e-06 4.511149271329244 0.1 0.1 35 
-2.225018177032471 0.0002 0.0002 0.9999869471788406 2e-06 2e-06 0.9999864478905995 6e-06 2e-05 4.510686456362406 0.08 0.08 37 
-2.225889180501302 0.0004 0.0003 0.9999978484710058 1e-06 3e-06 0.9999923863013586 4e-06 1e-05 4.511742448806762 0.05 0.05 38 
-2.225299736658732 0.002 0.0007 0.9999913509686787 6e-06 2e-05 0.9999906225999197 5e-06 5e-06 4.511424905459086 0.05 0.06 39 
-2.2251923815409342 0.001 0.0007 0.9999909683068593 3e-06 6e-06 0.9999714199701945 2e-05 9e-05 4.508917708396911 0.1 0.2 40 
-2.225296761194865 0.0005 0.0003 0.999993238846461 2e-06 5e-06 0.9999858891963959 3e-06 5e-06 4.511568069458008 0.09 0.09 41 
-2.2251431496938068 0.001 0.0008 0.999992562532425 4e-06 1e-05 0.999994825720787 4e-06 1e-05 4.510681632359822 0.1 0.1 43 
-2.2241073195139567 0.001 0.0009 0.9999914159377415 4e-06 6e-06 0.9999458320935567 2e-05 2e-05 4.505381677945455 0.2 0.2 44 
-2.2250907866160077 0.003 0.0009 0.9999911405642827 6e-06 3e-05 0.999985532561938 8e-06 2e-05 4.511213218371074 0.08 0.09 45 
-2.2247341950734456 0.0009 0.0005 0.9999829622109732 4e-06 5e-06 0.9999838815132777 1e-05 1e-05 4.509765733083089 0.1 0.1 46 
-2.2249444993336995 0.0009 0.0005 0.9999838640292485 6e-06 1e-05 0.9999483466148377 4e-05 8e-05 4.5036484225591025 0.1 0.2 47 
-2.225750983556112 4e-05 5e-05 0.9999921212593714 1e-06 1e-06 0.9999871848026911 1e-06 1e-06 4.511863754590352 0.07 0.07 48 
-2.22468324025472 0.005 0.001 0.9999845339854558 7e-06 2e-05 0.9999887714783351 9e-06 4e-05 4.510949945449829 0.1 0.1 49 
-2.2258878072102863 0.0001 0.0001 0.9999980119864146 4e-07 6e-07 0.9999939968188604 2e-06 3e-06 4.51178126335144 0.06 0.06 51 
-2.2075288772583006 0.001 0.001 0.9999755529562632 3e-06 3e-06 0.9990569051106771 6e-05 6e-05 4.478162377675375 0.2 0.2 52 
-2.225211769739787 0.001 0.0006 0.9999897648890813 5e-06 1e-05 0.9999984310070673 6e-07 9e-07 4.511391393343607 0.07 0.07 53 
-2.2241504128774006 0.0007 0.0007 0.9999836190541586 4e-06 5e-06 0.9985679332415263 3e-05 5e-05 4.525268570582072 0.1 0.1 54 
-2.224225104649862 0.0007 0.0005 0.9999907604853312 2e-06 1e-06 0.9999650994936625 1e-05 1e-05 4.507096236546834 0.1 0.1 55 
-2.224768606821696 0.001 0.0007 0.9999928206205368 4e-06 1e-05 0.9999764508008957 3e-06 7e-06 4.510460766156514 0.1 0.1 57 
-2.224542064666748 0.002 0.0008 0.999987943371137 7e-06 2e-05 0.9985661741097768 2e-05 5e-05 4.527522368431091 0.1 0.1 61 
-2.225331948598226 0.0003 0.0003 0.9999918947617213 2e-06 4e-06 0.9999856227636337 2e-06 2e-06 4.510896201133728 0.07 0.07 63 
-2.2250585746765137 0.005 0.001 0.9999906051158906 6e-06 2e-05 0.9999985625346501 1e-06 5e-06 4.511448252995809 0.1 0.1 67 
-2.2257529417673747 0.0008 0.0005 0.9999965546528499 2e-06 2e-06 0.999990536570549 6e-06 1e-05 4.511661175092061 0.08 0.08 68 
-2.211497122446696 0.003 0.0008 0.9999897746245067 9e-06 4e-05 0.9992381610472997 1e-06 6e-06 4.499547921816508 0.1 0.1 70 
-2.2249424107869467 0.0005 0.0002 0.9999941076834996 9e-07 8e-07 0.9999539184570313 3e-05 5e-05 4.504820906321208 0.1 0.1 75 
-2.225155111948649 0.002 0.0007 0.9999935952822367 2e-06 8e-06 0.9999831193685531 9e-06 3e-05 4.510092244148255 0.1 0.1 76 
-2.2243623892466227 0.0009 0.0006 0.9999860169490179 4e-06 6e-06 0.9999500862757364 3e-05 3e-05 4.506863422393799 0.1 0.1 78 
-2.223970432281494 7e-05 7e-05 0.9999931269884109 6e-07 7e-07 0.9999437642097473 6e-06 6e-06 4.506827437082927 0.1 0.1 80 
-2.225022252400716 0.001 0.0006 0.9999888596932093 4e-06 1e-05 0.9999897869427999 6e-06 2e-05 4.511579887072245 0.07 0.07 83 
-2.221439488728841 0.0007 0.0008 0.9999812167882919 4e-06 5e-06 0.9997207607825597 0.0001 0.0001 4.485618940989176 0.2 0.2 84 
-2.2254464467366537 0.003 0.0009 0.9999934335549673 4e-06 1e-05 0.9999989106257756 7e-07 3e-06 4.511629443168641 0.09 0.09 86 
-2.2109071413675943 0.001 0.0009 0.9999834112326305 6e-06 1e-05 0.9992311485608418 6e-06 1e-05 4.498684786160787 0.1 0.1 88 
-2.225320199330648 0.002 0.0006 0.9999934605757396 3e-06 7e-06 0.9999988047281901 7e-07 1e-06 4.511399040222168 0.1 0.1 89 
-2.224872875213623 0.0004 0.0002 0.9999879477421443 2e-06 3e-06 0.9999786873658498 9e-06 2e-05 4.507663516998291 0.1 0.1 91 
-2.22507093111674 0.001 0.0005 0.9999899403254191 3e-06 9e-06 0.9995103063186009 8e-06 2e-05 4.515891636212666 0.1 0.1 92 
-2.2252067693074546 0.0006 0.0003 0.9999916352828344 2e-06 2e-06 0.9999854499101639 6e-06 1e-05 4.511182718276977 0.08 0.08 95 
-2.225615520477295 0.0006 0.0004 0.9999941337108612 2e-06 4e-06 0.9999989304939906 5e-07 4e-07 4.511664787928264 0.06 0.07 98 
-2.225890744527181 0.0003 0.0002 0.9999987361828486 7e-07 9e-07 0.9999884651104609 3e-06 3e-06 4.510904541015625 0.07 0.08 99 
