-2.2244222354888916 0.0006 0.0006 0.9999901201327642 6e-06 6e-06 0.9999687792857488 2e-05 2e-05 4.511222813924154 0.1 0.1 0 
-2.2246530882517495 0.0006 0.0005 0.9999895298480987 6e-06 7e-06 0.9999738935629526 2e-05 2e-05 4.510718145370483 0.09 0.09 1 
nan 2 
-1.7372347545623779 0.02 0.02 0.9935489108165105 0.003 0.003 0.9861558286348978 7e-05 7e-05 4.244205223719279 1.0 1.0 3 
-2.2250888633728025 0.003 0.001 0.9999876844882966 9e-06 3e-05 0.999986078341802 1e-05 3e-05 4.511894416809082 0.1 0.1 4 
-2.225029446283976 0.002 0.001 0.9999875871340433 1e-05 2e-05 0.9999859213829041 9e-06 1e-05 4.511502084732055 0.09 0.09 5 
-2.225341345469157 0.0008 0.0006 0.999991140961647 6e-06 8e-06 0.9999857101837794 7e-06 1e-05 4.511771400769551 0.07 0.07 6 
-1.884666436513265 0.1 0.05 0.9971462376912434 0.0009 0.003 0.9879991292953492 0.003 0.003 4.342299985090891 1.0 1.0 7 
-1.502158710161845 1.0 0.2 0.9838109471400579 0.01 0.05 0.7054857371747494 0.2 0.5 6.102508131663004 10.0 3.0 8 
-2.2252680460611978 0.001 0.0008 0.9999886806805929 6e-06 1e-05 0.9999850298961004 6e-06 1e-05 4.511971648534139 0.07 0.07 9 
-1.6251226075490315 0.07 0.05 0.9913565482695897 0.004 0.006 0.9477314500013987 0.02 0.06 4.227613019148508 1.0 0.9 10 
-2.2233184083302815 0.0009 0.0009 0.9999800537029903 1e-05 1e-05 0.9999522584676742 3e-05 3e-05 4.5102382071812945 0.1 0.1 11 
-2.225174894332886 0.0002 0.0002 0.9999942706028621 1e-06 1e-06 0.9999850195646286 1e-05 7e-06 4.511723987261454 0.08 0.08 12 
-1.518571087519328 0.2 0.1 0.9881608094771703 0.007 0.008 0.8034710107247035 0.1 0.2 4.893329577445984 3.0 2.0 13 
-2.028629706700643 0.1 0.05 0.9986153886715571 0.0005 0.001 0.9968537233273188 0.0008 0.002 4.388814545472463 1.0 1.0 14 
-2.2244791253407796 0.0006 0.0006 0.9999891064564387 7e-06 7e-06 0.9999696167310079 2e-05 2e-05 4.510969160397847 0.08 0.08 15 
-2.224534034729004 0.0008 0.0007 0.9999881136417389 9e-06 1e-05 0.9999731802940368 2e-05 2e-05 4.511021215120952 0.08 0.08 16 
nan 17 
-2.224696578979492 0.0008 0.0008 0.9999872155984243 5e-06 8e-06 0.9999757506450018 1e-05 1e-05 4.512323160171508 0.1 0.1 18 
-2.22495930035909 0.0004 0.0003 0.9999895371993383 6e-06 6e-06 0.999972529609998 2e-05 2e-05 4.511821174621582 0.08 0.08 19 
-2.2240600872039793 0.001 0.001 0.9999709475040436 9e-06 1e-05 0.9999647442499796 1e-05 1e-05 4.510349726676941 0.09 0.09 20 
-2.2242632738749184 0.0007 0.0007 0.9999862939119339 9e-06 1e-05 0.9999681550264359 2e-05 2e-05 4.51067842801412 0.1 0.09 21 
-2.2242022228240965 0.0009 0.0009 0.9999842808643977 1e-05 1e-05 0.9999696286519368 2e-05 2e-05 4.510524163246155 0.1 0.1 22 
-1.522908312479655 0.2 0.1 0.9883835210402807 0.006 0.008 0.8345126392443974 0.09 0.3 4.728031284809113 4.0 2.0 23 
-1.5071602376302082 0.5 0.2 0.9872543960809708 0.009 0.02 0.7581802751620611 0.1 0.4 5.225511501630147 6.0 3.0 24 
-2.2181111494700114 0.01 0.006 0.999702895283699 0.0002 0.0004 0.9995345749457677 0.0004 0.001 4.540298124949137 0.2 0.2 25 
-1.6608578586578369 0.1 0.1 0.9919980984926223 0.003 0.004 0.935567427277565 0.05 0.1 4.530830480655035 4.0 3.0 26 
-1.9789474550882975 0.06 0.04 0.9985508088270824 0.0004 0.0004 0.9913932357231776 0.001 0.002 4.375068848927816 1.0 1.0 27 
-2.224376910527547 0.0007 0.0007 0.9999874780575434 9e-06 1e-05 0.9999718956152598 2e-05 2e-05 4.510650343894959 0.1 0.1 28 
-1.952145611445109 0.1 0.03 0.9976231251160304 0.0007 0.001 0.9950895722707113 0.001 0.004 4.32498375972112 1.0 1.0 29 
-1.627440423965454 0.3 0.1 0.9905940490961075 0.007 0.01 0.9112236750125885 0.04 0.2 4.401284637848536 4.0 3.0 30 
nan 31 
-1.5252336756388347 0.2 0.1 0.9883241504430771 0.007 0.01 0.7847085076570511 0.1 0.4 5.040283177693685 5.0 2.0 32 
-1.6538865502675375 0.1 0.07 0.9916990369558334 0.003 0.003 0.9646875780820846 0.02 0.03 4.326054925918579 3.0 2.0 33 
nan 34 
-1.7204114246368407 0.2 0.08 0.9933490218718847 0.003 0.008 0.9548860641320547 0.02 0.1 4.370946308771769 3.0 2.0 35 
-1.7239308706919352 0.2 0.08 0.9941170195738475 0.002 0.004 0.9633084517717362 0.02 0.02 4.377512307961782 3.0 2.0 36 
-1.515454667409261 0.2 0.1 0.9881143426895141 0.007 0.01 0.7970688047011694 0.1 0.2 4.929373056093851 4.0 2.0 37 
-1.635860865910848 0.1 0.07 0.9914059426387151 0.003 0.004 0.9588856273889541 0.02 0.04 4.346351616382599 3.0 2.0 38 
-2.224492152531942 0.0007 0.0006 0.9999878406524658 8e-06 8e-06 0.9999709208806355 2e-05 2e-05 4.510821832021078 0.09 0.09 39 
-2.2249589347839356 0.001 0.001 0.9999888467788697 9e-06 1e-05 0.9999891271193823 4e-06 4e-06 4.511467541058858 0.07 0.07 40 
-2.224285739262899 0.0005 0.0005 0.9999871037403743 8e-06 8e-06 0.9999627089500427 3e-05 3e-05 4.510820380846659 0.1 0.1 41 
-2.2234591261545815 0.001 0.001 0.9999625114599864 2e-05 2e-05 0.9999477408329646 2e-05 2e-05 4.509873291651408 0.1 0.1 42 
-1.486296106974284 0.7 0.2 0.981875609556834 0.02 0.05 0.7929114423195521 0.1 0.4 5.006587865352631 7.0 3.0 43 
-2.224462881088257 0.0007 0.0007 0.999987781047821 1e-05 1e-05 0.999972072839737 2e-05 2e-05 4.511137086550395 0.09 0.09 44 
-2.224825636545817 0.001 0.0009 0.9999882034460703 7e-06 9e-06 0.9999790330727895 6e-06 8e-06 4.510656646092733 0.08 0.08 45 
-2.224594322840373 0.0008 0.0007 0.9999870558579763 9e-06 1e-05 0.9999761883417765 2e-05 2e-05 4.511191007296245 0.07 0.07 46 
-2.2248693084716797 0.0007 0.0006 0.9999912059307099 6e-06 7e-06 0.9999812481800715 1e-05 1e-05 4.511469235420227 0.08 0.08 47 
-1.6215774663289388 0.2 0.1 0.9911560449997584 0.003 0.005 0.930323813756307 0.06 0.1 4.502826107740402 4.0 3.0 48 
-2.1269910844167073 0.04 0.03 0.9992917650938034 0.0005 0.0007 0.9998623327414194 4e-05 6e-05 4.450311864217122 0.1 0.1 49 
-1.4900859769185384 0.7 0.2 0.986643479069074 0.01 0.03 0.712728686829408 0.2 0.4 5.6986168360710145 9.0 3.0 50 
-2.224236323038737 0.0008 0.0007 0.9999851787090301 9e-06 1e-05 0.9999690181016923 2e-05 2e-05 4.510679756800334 0.1 0.1 51 
-2.224825480779012 0.0007 0.0006 0.9999902721246083 5e-06 6e-06 0.9999799092610677 1e-05 1e-05 4.51073233127594 0.07 0.07 52 
-1.8284289264678955 0.03 0.03 0.9955671314398448 0.002 0.004 0.9777355591456095 0.008 0.01 4.343410658041636 2.0 1.0 53 
-1.520439837773641 0.2 0.1 0.9882960971196493 0.006 0.008 0.8229608114560445 0.1 0.2 4.778675371011098 3.0 2.0 54 
-1.5197265179951986 1.0 0.2 0.98735255976518 0.01 0.03 0.8048057195544243 0.1 0.5 4.977068780263265 7.0 2.0 55 
-2.2246644337972006 0.001 0.001 0.999989636540413 8e-06 1e-05 0.9999857276678086 7e-06 8e-06 4.511168479919434 0.1 0.1 56 
-1.5175149822235108 0.1 0.1 0.9882176236311595 0.007 0.007 0.8028420305252075 0.1 0.2 4.874341221650441 3.0 2.0 57 
-2.2246181964874268 0.0007 0.0007 0.9999893405040106 5e-06 7e-06 0.9999735685189565 9e-06 1e-05 4.5120075257619225 0.1 0.1 58 
-2.0617689927419027 0.07 0.04 0.9989399113257726 0.0005 0.0006 0.9973144910732905 0.0008 0.002 4.4069820419947305 0.7 0.7 59 
-1.593388760884603 0.3 0.1 0.9903828835487366 0.005 0.006 0.8810595432917278 0.07 0.2 4.6298255022366845 4.0 2.0 60 
-1.559676160812378 0.9 0.1 0.9887551128864288 0.008 0.02 0.9251764484246572 0.03 0.3 4.331464459896088 5.0 2.0 61 
-2.224566799799601 0.0007 0.0006 0.9999889127413432 8e-06 9e-06 0.9999709838628769 2e-05 2e-05 4.510950147310893 0.08 0.08 62 
-2.1433489958445233 0.1 0.05 0.9998206704854965 7e-05 0.0002 0.9982486190398534 0.0009 0.002 4.487286389668783 2.0 2.0 63 
-1.9445096778869628 0.1 0.09 0.9968599220116933 0.002 0.004 0.9968109792470932 0.0007 0.0007 4.361457683245341 0.8 0.8 64 
-2.224496768315633 0.0006 0.0005 0.9999882463614146 8e-06 9e-06 0.9999696799119313 2e-05 3e-05 4.51085840066274 0.09 0.09 65 
-2.224627135594686 0.0007 0.0007 0.9999887414773305 9e-06 1e-05 0.9999726176261902 2e-05 2e-05 4.5112199099858605 0.07 0.07 66 
-1.4777094173431395 0.9 0.2 0.9822794908285141 0.02 0.05 0.8007069808244706 0.1 0.4 4.8748395601908365 5.0 2.0 67 
-2.224603370030721 0.0006 0.0006 0.9999892797072728 8e-06 9e-06 0.9999715268611908 2e-05 2e-05 4.510937838554383 0.08 0.08 68 
-2.2249655691782633 0.001 0.0008 0.9999899421135584 8e-06 1e-05 0.9999857074022294 8e-06 1e-05 4.511233228047689 0.08 0.08 69 
-2.2244078890482584 0.001 0.001 0.9999811675151189 1e-05 2e-05 0.9999787646532059 1e-05 1e-05 4.511302800178528 0.09 0.09 70 
-2.225320062637329 0.0007 0.0003 0.9999916352828344 4e-06 5e-06 0.9999846186240514 8e-06 1e-05 4.511346082687378 0.08 0.08 71 
-1.516565186182658 0.2 0.1 0.988223526875178 0.007 0.008 0.8097141192356745 0.1 0.2 4.845833094120025 3.0 2.0 72 
nan 73 
-2.052463944753011 0.1 0.05 0.9985309837261835 0.0009 0.003 0.9962649307648341 0.0003 0.0004 4.4217442282040915 0.7 0.7 74 
-2.2249463272094725 0.0006 0.0005 0.999989439646403 6e-06 7e-06 0.9999805682897568 1e-05 1e-05 4.511764067014059 0.09 0.09 75 
-2.2235382970174156 0.002 0.001 0.9999663130442301 2e-05 3e-05 0.9999546694755554 2e-05 3e-05 4.509578528404236 0.1 0.1 76 
-2.2246909968058266 0.0007 0.0006 0.9999904451767604 8e-06 9e-06 0.9999723811944325 2e-05 2e-05 4.5113188791275025 0.08 0.08 77 
-2.2246325461069745 0.0008 0.0007 0.9999888181686402 9e-06 1e-05 0.9999760087331137 2e-05 2e-05 4.511153642336527 0.07 0.07 78 
-2.223262348175049 0.001 0.001 0.9999583468834559 2e-05 2e-05 0.999951930642128 2e-05 2e-05 4.510435930887858 0.1 0.1 79 
-2.184366798400879 0.07 0.01 0.9998453925053279 5e-05 0.0003 0.9994454016288121 0.0003 0.001 4.489098636309306 0.4 0.4 80 
-1.5201201597849527 0.2 0.1 0.9881585089365641 0.007 0.01 0.8191820728778839 0.1 0.2 4.813815654913585 4.0 2.0 81 
-1.545330982208252 0.7 0.2 0.9893110726277033 0.006 0.02 0.7857941552996636 0.1 0.4 5.075730032126109 6.0 3.0 82 
-1.564386002222697 0.5 0.2 0.989140965739886 0.007 0.02 0.8033679980039596 0.1 0.5 5.016514571507772 9.0 3.0 83 
-2.2242896874745686 0.0008 0.0007 0.9999859152237575 9e-06 1e-05 0.9999681637684504 2e-05 2e-05 4.5105215311050415 0.09 0.09 84 
-2.2243942769368488 0.0009 0.0008 0.9999887921412786 8e-06 1e-05 0.9999753377834956 2e-05 2e-05 4.511296569506327 0.09 0.09 85 
nan 86 
-1.515628391901652 0.4 0.1 0.9879846338431041 0.008 0.02 0.787833271920681 0.1 0.4 5.025250621636709 4.0 3.0 87 
-2.224534804026286 0.0008 0.0008 0.9999873453378677 1e-05 1e-05 0.9999739027023316 2e-05 2e-05 4.511064963340759 0.08 0.07 88 
-2.224767812093099 0.0008 0.0007 0.9999870516856512 8e-06 9e-06 0.9999769000212352 2e-05 2e-05 4.511404887835185 0.07 0.07 89 
-2.224487581253052 0.001 0.0009 0.9999863970279693 1e-05 1e-05 0.9999798536300659 1e-05 1e-05 4.511321516036987 0.08 0.08 90 
-2.225030860900879 0.001 0.001 0.9999904747804006 8e-06 1e-05 0.9999894781907399 3e-06 3e-06 4.51113498210907 0.07 0.07 91 
nan 92 
-1.6432784303029377 0.1 0.08 0.9915844206015269 0.003 0.004 0.9606656736135483 0.02 0.04 4.336678167184194 3.0 2.0 93 
-2.2247719764709473 0.002 0.001 0.9999739803870519 1e-05 1e-05 0.9999872569243113 8e-06 1e-05 4.514288914998373 0.07 0.07 94 
-2.2251110172271726 0.0005 0.0003 0.9999887530008952 6e-06 6e-06 0.999979099035263 1e-05 1e-05 4.511557264328003 0.07 0.07 95 
-1.301527673403422 0.9 0.2 0.9765040133396784 0.02 0.04 0.6306885732710361 0.3 0.4 6.404531341393788 10.0 4.0 96 
-2.2246096324920654 0.0008 0.0007 0.9999865448474884 9e-06 1e-05 0.9999742384751638 2e-05 2e-05 4.511422446568807 0.08 0.07 97 
-2.224346357981364 0.0009 0.0008 0.9999857036272685 1e-05 1e-05 0.9999715109666188 2e-05 2e-05 4.5109736394882205 0.09 0.08 98 
-2.224487295150757 0.0008 0.0008 0.9999880870183309 9e-06 1e-05 0.999973863363266 2e-05 2e-05 4.511141972541809 0.09 0.09 99 
-2.2243499120076495 0.0006 0.0006 0.9999873689810435 8e-06 8e-06 0.9999674073855083 2e-05 3e-05 4.511083865165711 0.1 0.1 100 
-1.4826762215296427 0.7 0.2 0.9843979018926621 0.01 0.04 0.5880789516866207 0.3 0.4 7.835727161566417 20.0 5.0 101 
-1.9485258070627849 0.01 0.01 0.9984645650784174 0.0006 0.0007 0.9946700545152029 0.0006 0.0009 4.385967399279276 0.8 0.8 102 
-1.685241657892863 0.2 0.1 0.9923162154356638 0.004 0.009 0.966075138648351 0.01 0.07 4.334977238972982 2.0 2.0 103 
-1.496526279449463 0.7 0.2 0.9858331934611002 0.01 0.03 0.6543469603856404 0.3 0.5 6.604841086864472 10.0 4.0 104 
-1.9962902164459229 0.04 0.03 0.9971047900120418 0.0007 0.001 0.9857123025258382 0.002 0.002 4.356593359311422 2.0 1.0 105 
-2.224273681640625 0.0008 0.0007 0.9999771668513616 1e-05 1e-05 0.9999645046393076 2e-05 3e-05 4.510767580668132 0.09 0.09 106 
-1.5165969403584798 0.2 0.1 0.9881789853175481 0.007 0.007 0.7977433862288793 0.1 0.2 4.911170166333516 3.0 2.0 107 
-1.9048474407196045 0.06 0.04 0.9974176889657974 0.0008 0.001 0.9924335289001465 0.002 0.003 4.359748071034749 2.0 2.0 108 
-1.513739856084188 0.07 0.05 0.9885832401116689 0.003 0.003 0.9700405804316202 0.005 0.005 4.089304013252258 1.0 2.0 109 
-2.224826968510946 0.001 0.001 0.9999890665213267 9e-06 1e-05 0.9999859275420507 6e-06 5e-06 4.511361225446065 0.08 0.08 110 
-2.2245380878448486 0.0008 0.0008 0.9999874846140544 1e-05 1e-05 0.9999729730685551 2e-05 2e-05 4.510900309880575 0.08 0.08 111 
-1.5226700846354166 0.009 0.008 0.9882545596361161 0.001 0.001 0.9310745384295781 0.006 0.007 4.248156336943309 1.0 1.0 112 
-2.2246961466471356 0.0006 0.0005 0.9999831877152126 5e-06 5e-06 0.9999761054913203 1e-05 1e-05 4.512225473721822 0.07 0.07 113 
-1.9722820313771565 0.07 0.06 0.997873476545016 0.001 0.003 0.9929626993338267 0.002 0.002 4.398102067311605 1.0 1.0 114 
-2.224500223795573 0.0005 0.0005 0.9999900801976522 7e-06 8e-06 0.9999669605493545 2e-05 3e-05 4.511079319318136 0.09 0.09 115 
-1.6202920659383138 0.1 0.07 0.9898540784915288 0.002 0.003 0.9660293646653493 0.01 0.02 4.3067524186770125 2.0 2.0 116 
-1.945947593053182 0.5 0.2 0.9971758282184601 0.002 0.003 0.9883426622549693 0.007 0.02 4.303713963031769 3.0 2.0 117 
-2.2246163018544514 0.0007 0.0006 0.9999901729822159 7e-06 8e-06 0.9999736712376277 2e-05 2e-05 4.510879888534546 0.08 0.08 118 
-2.2248516209920246 0.0004 0.0004 0.999991176923116 6e-06 6e-06 0.9999551632006963 4e-05 4e-05 4.511191217104594 0.07 0.07 119 
-2.224657951990763 0.0007 0.0007 0.9999902808666229 8e-06 9e-06 0.9999769783020019 2e-05 2e-05 4.5110904916127526 0.08 0.08 120 
-2.22217116355896 0.0008 0.0007 0.9997497516870498 3e-05 2e-05 0.9998813494046529 8e-05 9e-05 4.524679134686788 0.1 0.1 121 
-2.1564053090413413 0.002 0.002 0.9996891178687414 0.0001 0.0001 0.9973408339420954 0.0004 0.0004 4.483138214747111 0.4 0.4 122 
-2.2245568307240804 0.0009 0.0008 0.9999871905644735 1e-05 1e-05 0.9999749716122945 2e-05 2e-05 4.511240105628968 0.08 0.08 123 
-1.5257293224334716 0.3 0.2 0.9885535194476446 0.007 0.01 0.8295520800352096 0.1 0.5 4.779469304879506 5.0 2.0 124 
-1.5230285294850667 0.2 0.1 0.9883058033386867 0.007 0.01 0.81210069835186 0.1 0.3 4.849211396376292 4.0 2.0 125 
-1.527301778793335 0.3 0.1 0.9886068348089854 0.006 0.01 0.8310436248779297 0.09 0.3 4.750697635014852 6.0 2.0 126 
-2.2243407917022706 0.0009 0.0009 0.9999867391586303 1e-05 1e-05 0.9999725425243378 2e-05 2e-05 4.510737803777059 0.09 0.09 127 
-1.8976894823710124 0.07 0.05 0.9971394314368566 0.0007 0.001 0.9907816890875498 0.001 0.002 4.3545042467117305 2.0 1.0 128 
-1.600689458847046 0.2 0.1 0.9910701608657837 0.006 0.009 0.8935468439261118 0.06 0.2 4.614392309983572 5.0 3.0 129 
-1.5293271191914877 0.7 0.2 0.9885920178890228 0.007 0.01 0.8247358575463295 0.1 0.4 4.8097682023048405 7.0 2.0 130 
-2.0824924023946125 0.003 0.003 0.9993021214008331 0.0001 0.0001 0.9980384101470311 0.0004 0.0004 4.423260388374328 0.4 0.4 131 
-1.6239788818359375 0.1 0.08 0.9908511944611867 0.003 0.005 0.9628574105103811 0.02 0.03 4.319873852729797 3.0 2.0 132 
-2.2246725527445474 0.0007 0.0006 0.9999898147583007 9e-06 9e-06 0.9999723863601685 2e-05 2e-05 4.511212821006775 0.08 0.07 133 
-1.791359961827596 0.05 0.03 0.9952406030893326 0.001 0.003 0.9742163546880086 0.008 0.01 4.313996580441793 2.0 1.0 134 
-1.7142481835683188 0.3 0.08 0.9931076524655024 0.003 0.01 0.9593371162811916 0.02 0.1 4.339247942765554 3.0 2.0 135 
-2.223791255950928 0.0007 0.0009 0.9999834142128626 5e-06 7e-06 0.9999617012341817 2e-05 3e-05 4.511281356811524 0.2 0.2 136 
-2.2243817965189616 0.0009 0.0008 0.999987743695577 9e-06 1e-05 0.9999739907185237 2e-05 2e-05 4.51049517472585 0.08 0.08 137 
-2.2253247992197673 0.0009 0.0005 0.9999901823202769 5e-06 8e-06 0.9999771287043889 1e-05 3e-05 4.511932646433513 0.08 0.08 138 
-2.22519274075826 0.0003 0.0002 0.9999924137194951 4e-06 4e-06 0.9999682464202245 2e-05 2e-05 4.5110862350463865 0.08 0.08 139 
-1.5199611854553223 0.2 0.1 0.9883011388778686 0.006 0.008 0.8178162533044815 0.1 0.3 4.806955862840017 4.0 2.0 140 
-2.224775686264038 0.0007 0.0006 0.9999893091122309 8e-06 1e-05 0.9999751579761506 2e-05 2e-05 4.511314843495687 0.07 0.07 141 
-1.6111949030558268 0.3 0.09 0.9909435272216797 0.006 0.01 0.868107970158259 0.08 0.3 4.63693355957667 3.0 1.0 142 
-2.224511439005534 0.0007 0.0006 0.9999885030587514 9e-06 1e-05 0.9999702845017115 2e-05 3e-05 4.511080611546834 0.09 0.08 143 
-2.225040556589762 0.001 0.001 0.9999872066577276 1e-05 2e-05 0.9999872752030691 4e-06 6e-06 4.511578464508057 0.08 0.08 144 
-2.224604085286458 0.0007 0.0006 0.9999900414546331 8e-06 9e-06 0.9999733453989029 2e-05 2e-05 4.510856577555338 0.08 0.08 145 
-1.6215999698638917 1.0 0.2 0.9906075803438822 0.006 0.01 0.8992358601093292 0.06 0.2 4.516839400132497 4.0 1.0 146 
-2.224194320042928 0.0008 0.0008 0.9999818927049637 1e-05 1e-05 0.9999679978688558 2e-05 2e-05 4.510727783838908 0.1 0.1 147 
-1.5012051995595297 0.6 0.2 0.9865506060918172 0.01 0.03 0.7530535322427749 0.2 0.5 5.407515524228414 9.0 3.0 148 
-2.224408210118612 0.001 0.001 0.9999849182367325 1e-05 1e-05 0.9999759529034297 2e-05 2e-05 4.5111498959859215 0.08 0.08 149 
