-2.225666837692261 0.0003 0.0003 0.9999935243527095 3e-06 4e-06 0.9999924234549205 5e-06 5e-06 4.511893645922343 0.06 0.06 77 
-2.225852444966634 0.0001 9e-05 0.9999961465597152 3e-06 3e-06 0.9999842363595962 1e-05 1e-05 4.511950594584147 0.06 0.06 42 
-2.2255495166778565 0.0005 0.0004 0.9999814432859421 4e-06 4e-06 0.9999878285328547 5e-06 5e-06 4.512691090901693 0.05 0.05 35 
-2.2258242829640706 0.0002 0.0001 0.9999958727757136 2e-06 2e-06 0.9999924077590306 5e-06 5e-06 4.511905961036682 0.05 0.05 88 
-2.2258002853393553 0.0002 0.0002 0.9999960879484813 3e-06 3e-06 0.9999917141596476 5e-06 6e-06 4.511898016929626 0.05 0.05 73 
-2.2253963565826416 0.003 0.0009 0.9999940544366837 4e-06 1e-05 0.9999666128555934 2e-05 0.0001 4.5122324562072755 0.1 0.1 92 
-2.2258811950683595 0.0001 0.0001 0.9999944074948629 3e-06 3e-06 0.9999789905548095 1e-05 2e-05 4.512533547083537 0.07 0.06 97 
-2.2258929347991945 0.0001 0.0001 0.9999970072507858 2e-06 2e-06 0.9999896397193273 7e-06 8e-06 4.511709599494934 0.05 0.05 37 
-2.2258794911702475 0.0002 0.0002 0.9999962484836579 2e-06 2e-06 0.9999959170818329 2e-06 3e-06 4.5119721190134685 0.06 0.06 0 
-2.2259143829345702 0.0001 0.0001 0.9999965778986613 2e-06 2e-06 0.9999838568766912 1e-05 1e-05 4.511619346936544 0.06 0.06 16 
-2.225895481109619 8e-05 7e-05 0.9999966895580292 2e-06 2e-06 0.9999824871619543 1e-05 1e-05 4.511760142644246 0.06 0.06 12 
-2.2256936581929523 0.0002 0.0002 0.9999944533904394 3e-06 3e-06 0.9999877113103867 8e-06 8e-06 4.511554950078328 0.06 0.06 72 
-2.22591147740682 0.0003 0.0002 0.9999914956092835 2e-06 1e-06 0.9999750349919001 2e-05 2e-05 4.5130458895365395 0.06 0.06 67 
-2.2257034746805826 0.0002 0.0001 0.9999956897894542 3e-06 3e-06 0.9999864665667216 9e-06 1e-05 4.511872361501058 0.06 0.06 11 
-2.225903870264689 0.0001 0.0002 0.999996401667595 1e-06 1e-06 0.9999800084034601 1e-05 1e-05 4.511863328615824 0.06 0.06 44 
-2.2257086277008056 0.0003 0.0003 0.9999947881698609 3e-06 3e-06 0.9999902158975601 6e-06 6e-06 4.5118427038192745 0.06 0.06 76 
-2.2256904443105063 0.0002 0.0002 0.9999950085083643 3e-06 3e-06 0.9999900082747142 6e-06 6e-06 4.511614556312561 0.06 0.06 98 
-2.225846195220947 0.0002 0.0001 0.9999969301621119 2e-06 2e-06 0.9999910161892573 6e-06 6e-06 4.5119274695714315 0.05 0.05 87 
-2.225742015838623 0.0002 0.0002 0.9999948489665985 4e-06 4e-06 0.999984184106191 1e-05 1e-05 4.511822740236918 0.06 0.06 89 
-2.225933675765991 7e-05 0.0001 0.99999775826931 1e-06 2e-06 0.999989426334699 8e-06 9e-06 4.512146906852722 0.06 0.06 5 
