-2.2257546774546304 0.0001 0.0001 0.9999944446484248 3e-06 3e-06 0.9999866431951523 9e-06 1e-05 4.512098484039306 0.07 0.07 15 
-2.2254283173878986 0.0006 0.0003 0.9999902069568634 3e-06 7e-06 0.9999717599153519 5e-06 9e-06 4.512177184422811 0.05 0.05 64 
-2.225598888397217 0.0003 0.0002 0.9999853597084681 4e-06 3e-06 0.9999867135286331 8e-06 8e-06 4.5138396581014 0.08 0.08 98 
-2.2255566056569416 0.0003 0.0003 0.999993997613589 3e-06 4e-06 0.9999893627564113 8e-06 8e-06 4.51175100962321 0.07 0.07 26 
-2.2257498709360757 0.0001 0.0001 0.9999954078594844 3e-06 3e-06 0.9999888290961584 7e-06 8e-06 4.512001967430114 0.07 0.07 69 
-2.2257100359598794 0.0002 0.0002 0.9999944929281871 3e-06 3e-06 0.9999895346164703 7e-06 8e-06 4.512193924585978 0.07 0.07 20 
-2.2257407156626385 0.0003 0.0002 0.9999952191114425 2e-06 3e-06 0.9999924325942993 4e-06 4e-06 4.512127412160238 0.05 0.05 81 
-2.225578734079997 0.0004 0.0004 0.9999948950608571 3e-06 4e-06 0.9999905590216319 6e-06 7e-06 4.511838601430257 0.07 0.07 74 
-2.2258258152008055 0.0002 0.0001 0.99999347448349 2e-06 3e-06 0.9999857085943222 1e-05 1e-05 4.512035619417826 0.06 0.06 7 
-2.2255276997884113 0.0004 0.0004 0.9999900464216868 4e-06 4e-06 0.9999886296192805 7e-06 8e-06 4.512335661252339 0.06 0.06 80 
-2.225766897201538 0.0002 0.0002 0.9999921989440917 3e-06 2e-06 0.9999887406826019 8e-06 9e-06 4.5124168888727825 0.07 0.07 10 
-2.225331678390503 0.0005 0.0004 0.9999857983986536 6e-06 6e-06 0.9999861063559851 7e-06 8e-06 4.511575231552124 0.08 0.08 11 
-2.225762977600098 0.0001 0.0002 0.9999936709801356 2e-06 2e-06 0.9999798715114594 1e-05 2e-05 4.512666837374369 0.08 0.08 4 
-2.225724951426188 0.0002 0.0001 0.9999957899252574 3e-06 3e-06 0.9999813622236252 1e-05 1e-05 4.512365946769714 0.06 0.06 78 
-2.2257942231496175 0.0004 0.0003 0.9999888795614242 2e-06 1e-06 0.9999809245268504 1e-05 2e-05 4.512815006573995 0.08 0.08 37 
-2.2256983534495034 0.0001 0.0001 0.9999947031339009 3e-06 3e-06 0.9999881643056869 8e-06 9e-06 4.511645269393921 0.07 0.07 50 
-2.225776818593343 0.0001 0.0001 0.9999954825639725 2e-06 2e-06 0.9999901403983434 6e-06 7e-06 4.512074631055196 0.06 0.06 66 
-2.2256580352783204 0.0001 0.0002 0.9999952908356985 3e-06 3e-06 0.9999807794888814 1e-05 1e-05 4.5112781206766766 0.07 0.07 54 
-2.2256913312276203 9e-05 6e-05 0.9999948042631149 2e-06 3e-06 0.9999826514720916 1e-05 1e-05 4.511605461438497 0.07 0.07 89 
-2.2257623640696207 0.0001 7e-05 0.9999935724337896 2e-06 3e-06 0.9999824068943659 1e-05 1e-05 4.512272958755493 0.06 0.06 0 
