-2.2246303749084473 0.001 0.0005 0.9999576507012049 2e-05 4e-05 0.9999917662143707 3e-06 3e-06 4.510929400126139 0.1 0.1 17 
-2.221138350168864 0.002 0.002 0.9999472620089849 2e-05 2e-05 0.9999090224504471 9e-06 2e-05 4.507542087237041 0.2 0.2 18 
-2.221094535191854 0.0002 0.0002 0.9999464132388433 6e-06 6e-06 0.999906045794487 4e-06 7e-06 4.5038636525472 0.2 0.2 23 
-2.2208426825205483 0.002 0.001 0.9999090427160263 1e-05 2e-05 0.9985516560077667 3e-05 3e-05 4.526439913113912 0.2 0.2 25 
-2.2209863249460855 0.003 0.002 0.9998951452970505 2e-05 2e-05 0.9999645553032557 2e-05 3e-05 4.508258269627889 0.2 0.2 39 
-2.2236701329549153 0.002 0.0009 0.9999661421775818 1e-05 2e-05 0.9999263580640158 5e-06 1e-05 4.509828998247783 0.1 0.1 48 
-2.2236528301239016 0.0001 0.0001 0.9999683558940887 3e-06 3e-06 0.9999313404162725 4e-06 4e-06 4.509261144002279 0.1 0.1 53 
-2.2243138853708904 0.0004 0.0003 0.9999791008234024 6e-06 6e-06 0.9998883815606435 9e-07 2e-06 4.512081578572591 0.1 0.1 55 
-2.2254095617930094 0.0002 0.0002 0.9999913666645686 1e-06 1e-06 0.9999817589918772 1e-06 3e-06 4.512002944946289 0.08 0.08 57 
-2.222958615620931 0.002 0.001 0.9999321486552556 2e-05 2e-05 0.9985487602154414 4e-05 0.0001 4.529646932284037 0.2 0.2 72 
-2.223520237604777 0.0005 0.0003 0.9999617610375087 1e-05 1e-05 0.9985591425498327 2e-05 4e-05 4.528145593007405 0.1 0.1 76 
-2.222987775802612 0.001 0.0006 0.9999574295679728 9e-06 1e-05 0.9999765775601069 6e-06 1e-05 4.510316282908121 0.1 0.1 83 
-2.220702896118164 0.002 0.0009 0.9999402171373367 7e-06 9e-06 0.9999617085854212 2e-05 2e-05 4.506598580678304 0.2 0.2 84 
-2.2227381165822346 0.004 0.002 0.9999159212907155 4e-05 7e-05 0.9999740844964982 1e-05 5e-05 4.510969626108805 0.1 0.2 85 
-2.224194129308065 0.0002 0.0002 0.999968826174736 3e-06 3e-06 0.9985813021659851 2e-05 2e-05 4.525100944836934 0.1 0.1 92 
-2.2203273296356203 0.009 0.003 0.999926458199819 3e-05 4e-05 0.9999393298228582 3e-05 5e-05 4.505352606773377 0.3 0.3 94 
