-2.223795429865519 0.004 0.002 0.9999773708979288 1e-05 3e-05 0.999973321557045 2e-05 0.0001 4.511437528928121 0.1 0.1 100 
-2.225195328394572 0.0006 0.0005 0.9999864864349365 4e-06 1e-05 0.9999927810827891 6e-06 2e-05 4.512149756749471 0.09 0.09 68 
-2.2243836021423338 0.003 0.001 0.9999723140398661 1e-05 3e-05 0.999976949095726 2e-05 7e-05 4.5119705438613895 0.1 0.1 80 
-2.226245778401693 3e-05 2e-05 0.9999886272350947 1e-06 1e-06 0.9999974936246872 4e-07 7e-07 4.512614868481954 0.07 0.07 123 
-2.2261458269755043 0.0006 0.0003 0.9999903976917267 7e-06 2e-05 0.9999968085686366 3e-06 1e-05 4.512259128888448 0.1 0.1 129 
-2.22625851949056 3e-05 3e-05 0.9999922639131547 8e-07 8e-07 0.9999973406394322 7e-07 7e-07 4.512413984934489 0.05 0.04 19 
-2.2262510204315187 0.001 0.0001 0.9999940445025762 2e-06 2e-06 0.9999976489941279 1e-06 5e-06 4.512475190162658 0.07 0.07 16 
-2.2256041622161864 0.002 0.0007 0.9999778584639232 1e-05 3e-05 0.9999858266115189 1e-05 4e-05 4.5122174564997355 0.1 0.1 115 
-2.2259095033009846 4e-05 4e-05 0.9999867026011149 2e-06 2e-06 0.9999969702959061 8e-07 7e-07 4.512305769920349 0.08 0.08 126 
-2.226173152923584 0.003 0.0003 0.9999924319982528 3e-06 6e-06 0.9999979734420776 1e-06 3e-06 4.512402067184448 0.06 0.06 15 
-2.224780804316203 0.002 0.0007 0.9999862976868947 4e-06 8e-06 0.9999864983558655 1e-05 2e-05 4.511605930328369 0.07 0.07 127 
-2.2245756022135414 0.06 0.002 0.9999847722053528 1e-05 0.0001 0.9999648108084996 3e-05 0.002 4.511815735499064 0.2 0.1 146 
-2.224500697453817 0.003 0.001 0.9999864667654037 8e-06 1e-05 0.999982765118281 2e-05 5e-05 4.511647151311238 0.1 0.1 108 
-2.22601216952006 0.009 0.0004 0.999992116689682 4e-06 1e-05 0.9999976287285487 1e-06 9e-06 4.512390281359354 0.08 0.08 130 
-2.2241158962249754 0.003 0.001 0.9999879678090413 6e-06 1e-05 0.9999773224194844 2e-05 0.0002 4.5113754590352375 0.1 0.1 50 
-2.2246203327178957 0.002 0.001 0.9999838225046793 8e-06 2e-05 0.9999854153394699 1e-05 0.0001 4.511804315249125 0.1 0.1 1 
-2.224813241958618 0.001 0.0006 0.9999884728590648 5e-06 7e-06 0.999988723397255 1e-05 1e-05 4.511756264368693 0.07 0.08 110 
-2.2262748432159425 2e-05 2e-05 0.9999926280975342 7e-07 7e-07 0.9999971544742584 8e-07 7e-07 4.512449889183045 0.04 0.04 17 
-2.2259824403127033 0.009 0.0005 0.9999902572234471 6e-06 2e-05 0.9999975458780924 2e-06 1e-05 4.512540950775146 0.1 0.1 112 
-2.225527982711792 0.001 0.0006 0.9999781717856725 1e-05 3e-05 0.9999897424379984 7e-06 2e-05 4.512128189404805 0.2 0.1 132 
