-1.7385493596394856 0.1 0.1 0.994381633400917 0.003 0.006 0.9539489430189133 0.03 0.06 4.59408523718516 3.0 2.0 0 
-1.697962948481242 0.05 0.03 0.9932430628935496 0.004 0.006 0.9455174595117569 0.02 0.04 4.433603878815969 2.0 2.0 1 
-2.2244433561960855 0.0006 0.0007 0.9999817337592443 1e-05 9e-06 0.9999738301833471 2e-05 2e-05 4.512445306777954 0.09 0.09 2 
-1.5365182876586914 0.6 0.2 0.9892547659079234 0.008 0.01 0.7574013584852218 0.2 0.4 5.2958721939722695 5.0 3.0 3 
-1.7058551534016928 0.1 0.07 0.9934967807928721 0.001 0.002 0.9806023981173834 0.007 0.009 4.297658189137777 2.0 2.0 4 
-1.5977801990509033 0.1 0.1 0.9878097029527029 0.01 0.02 0.8008579925696055 0.1 0.2 4.967177135944366 2.0 2.0 5 
-1.4339137109120688 1.0 0.3 0.9834886517127355 0.01 0.04 0.8352021475632986 0.1 0.4 4.6444112086296085 4.0 2.0 6 
-2.211169023513794 0.006 0.004 0.9998513593276341 1e-05 2e-05 0.9986515931288401 0.0006 0.002 4.50138236840566 0.5 0.5 7 
-1.5192075697580973 0.7 0.2 0.9883268652359645 0.007 0.02 0.8138986604412397 0.1 0.4 4.947574561436971 7.0 2.0 8 
-2.223893502553304 2e-05 1e-05 0.9999765437841416 3e-06 4e-06 0.9999442982673645 4e-06 4e-06 4.513563348452251 0.1 0.1 9 
-1.547234090169271 0.04 0.04 0.9893416472276052 0.002 0.002 0.8710234606266022 0.01 0.01 4.48099808772405 1.0 1.0 10 
-2.224478925069173 0.0007 0.0006 0.9999876922369003 7e-06 9e-06 0.9999710889657338 2e-05 2e-05 4.510817920366923 0.09 0.09 11 
-1.444152857462565 0.7 0.2 0.9833856908480326 0.01 0.03 0.684828826735417 0.2 0.5 6.015055037339528 9.0 3.0 12 
-2.223090476989746 0.0008 0.0007 0.9999468809366227 1e-05 1e-05 0.9999448688824971 3e-05 5e-05 4.50966850121816 0.2 0.2 13 
-2.0931265926361085 0.01 0.01 0.9997033043702443 6e-05 6e-05 0.9953808315594991 0.0002 0.0002 4.398100717862447 0.3 0.2 14 
-2.224509344100952 0.0008 0.0006 0.9999855176607768 9e-06 1e-05 0.9999721171458562 2e-05 2e-05 4.511720201174418 0.1 0.1 15 
-1.506562557220459 1.0 0.2 0.9878485498825709 0.007 0.02 0.7601856205860774 0.2 0.6 5.509779113928477 10.0 3.0 16 
-1.3412485281626383 1.0 0.4 0.9809221585591634 0.01 0.03 0.8108856005469958 0.2 0.6 5.1833670198917385 10.0 4.0 17 
-2.224338556925456 0.0009 0.0007 0.9999778693914414 9e-06 1e-05 0.9999736883242925 2e-05 2e-05 4.512641503016154 0.1 0.1 18 
-2.2231398741404216 0.003 0.002 0.9999000281095505 2e-05 3e-05 0.9999745891491572 1e-05 3e-05 4.516898361841838 0.08 0.09 20 
-2.224679330190023 0.001 0.0006 0.999985917210579 6e-06 1e-05 0.9999797368049621 1e-05 3e-05 4.512389297485352 0.1 0.1 21 
-1.5134441916147867 0.8 0.2 0.9880840492248535 0.008 0.02 0.7810814341406027 0.2 0.6 5.268159897327423 7.0 3.0 22 
-1.8314608510335286 0.4 0.07 0.9965850055217743 0.001 0.002 0.9775632923841476 0.01 0.07 4.408866319656372 4.0 3.0 23 
-1.518153756459554 1.0 0.2 0.9872147168715795 0.01 0.03 0.7794994167486826 0.2 0.5 5.187104827562968 7.0 3.0 24 
-2.224144369761149 0.001 0.001 0.9999782051642736 1e-05 2e-05 0.9999744266271591 2e-05 2e-05 4.512173619270325 0.1 0.1 25 
-2.082825860977173 0.01 0.01 0.9995948205391566 7e-06 7e-06 0.9949569805463155 5e-05 5e-05 4.38482195854187 0.2 0.2 26 
-2.2243063195546466 0.001 0.0009 0.99996892730395 1e-05 1e-05 0.9999755549430848 2e-05 2e-05 4.513172369003296 0.09 0.08 27 
-1.8339992713928224 0.03 0.03 0.9919244660933813 0.001 0.001 0.9280919263760249 0.01 0.02 4.387712936401368 2.0 2.0 28 
-1.5022792975107828 0.7 0.2 0.9864181057612101 0.01 0.03 0.7493819994727771 0.2 0.5 5.375424790382385 8.0 3.0 29 
-1.2748383553822835 1.0 0.3 0.9712336397171021 0.02 0.05 0.8027972590923309 0.2 0.3 4.645498009522756 3.0 2.0 30 
-2.224200563430786 0.002 0.0007 0.9999809934695562 9e-06 1e-05 0.9999365884065629 5e-05 0.0001 4.511866334279378 0.1 0.1 31 
-1.479284906387329 0.2 0.1 0.9859676786263784 0.004 0.007 0.9088841539621353 0.05 0.1 4.2078833349545794 2.0 1.0 32 
-2.2235030142466226 0.002 0.001 0.999897165298462 2e-05 2e-05 0.9999827605485916 8e-06 1e-05 4.518478426933289 0.09 0.09 33 
-1.2684014463424682 0.7 0.3 0.9686103707551956 0.03 0.06 0.6199237230916818 0.3 0.5 6.792481857935588 20.0 4.0 34 
-1.5924863115946453 0.2 0.1 0.9906613000233968 0.003 0.004 0.9594424573580423 0.02 0.07 4.363868246475856 4.0 3.0 35 
-1.661767282485962 0.03 0.04 0.9912088757753372 0.003 0.003 0.9420677095651626 0.01 0.01 4.372436299324035 1.0 1.0 36 
-1.5472181129455567 1.0 0.2 0.9900913290182749 0.006 0.02 0.8550599772731463 0.09 0.6 4.715267766316732 6.0 2.0 37 
-1.515133918126424 0.7 0.2 0.9883805332581203 0.007 0.02 0.7851410672068596 0.1 0.5 5.140009466807047 7.0 3.0 38 
-1.5224001089731851 0.7 0.2 0.9883870492378871 0.008 0.02 0.8268353571991126 0.1 0.6 4.870665809313456 6.0 2.0 39 
-2.1395309670766194 0.005 0.004 0.9997826129198074 7e-05 8e-05 0.9961425656080246 0.0003 0.0002 4.4863168629010515 1.0 1.0 40 
-1.161485463778178 0.3 0.4 0.9678204693396886 0.03 0.09 0.7494310699403286 0.2 0.6 5.079109534422557 6.0 2.0 41 
-2.22294181505839 0.0008 0.0004 0.9999752060572307 5e-06 9e-06 0.9998476449648539 4e-06 9e-06 4.510877307256063 0.1 0.1 42 
-2.224551499684652 4e-05 4e-05 0.999977241953214 3e-06 3e-06 0.9999787233273189 1e-06 1e-06 4.514023337364197 0.08 0.08 43 
-2.2241438166300456 0.001 0.001 0.9999597305059433 1e-05 2e-05 0.999975886742274 1e-05 2e-05 4.5134312518437705 0.08 0.08 44 
-2.2173612785339354 0.0002 0.0002 0.9998371014992397 3e-06 3e-06 0.9999224152167638 6e-06 6e-06 4.513703449567159 0.08 0.08 45 
-1.5329918797810873 0.6 0.2 0.987797681291898 0.009 0.03 0.7536976927022139 0.2 0.6 5.333927627404531 8.0 3.0 46 
-2.2237707869211834 0.0009 0.0006 0.9999733674526214 2e-05 2e-05 0.9999298626184463 6e-05 0.0001 4.507542907396952 0.1 0.1 47 
-2.2239756933848063 0.0009 0.0006 0.9999825815359752 8e-06 1e-05 0.9999613585074743 2e-05 3e-05 4.510408007303874 0.1 0.1 48 
-1.4135284105936685 1.0 0.3 0.9799600760142009 0.02 0.05 0.8057860610882441 0.1 0.5 4.809182811578115 5.0 2.0 49 
-1.5395401954650878 0.05 0.05 0.9872116947174072 0.004 0.005 0.8834285573164622 0.02 0.02 4.390977385838826 1.0 1.0 50 
-2.224492203394572 0.001 0.0009 0.9999820798635483 1e-05 1e-05 0.999977466861407 1e-05 1e-05 4.51209633509318 0.08 0.08 51 
-1.6757501157124837 0.1 0.07 0.9924306631088257 0.001 0.002 0.976960165699323 0.009 0.01 4.286850033601125 3.0 2.0 52 
-2.224523375829061 0.001 0.0008 0.9999849323431651 1e-05 1e-05 0.9999769395589828 2e-05 2e-05 4.5116053501764934 0.09 0.09 53 
-2.0249402300516763 0.02 0.02 0.9988286914428075 0.0001 0.0001 0.9923144700129827 0.0003 0.0002 4.330405728022257 0.2 0.2 54 
-2.2223421319325767 0.0005 0.0004 0.9998187935352325 1e-05 1e-05 0.9999052200714748 1e-05 1e-05 4.519566181500752 0.1 0.1 55 
-2.2241213353474936 0.001 0.001 0.9999730098247528 1e-05 2e-05 0.9999734040101369 1e-05 2e-05 4.511722389856974 0.09 0.09 56 
-1.5322730859120688 0.07 0.07 0.9880196269353231 0.002 0.001 0.8314374860127767 0.06 0.1 4.608460836410522 2.0 1.0 57 
-2.2242489083607992 0.001 0.0009 0.999985757668813 1e-05 1e-05 0.9999716375271479 2e-05 2e-05 4.510803753534953 0.1 0.1 58 
-2.2239519023895262 0.001 0.0009 0.9999842011928558 1e-05 1e-05 0.9999607773621877 3e-05 4e-05 4.511246824264527 0.1 0.1 59 
-2.1356362883249917 0.003 0.003 0.99885973016421 0.0001 0.0001 0.9987858333190283 0.0001 0.0001 4.503020520210266 0.3 0.3 60 
-1.537372350692749 0.5 0.2 0.9839399619897207 0.01 0.04 0.7572592414915562 0.2 0.5 5.3068448583285015 6.0 3.0 61 
-2.081205492019653 0.02 0.01 0.9995857894420623 2e-05 2e-05 0.9948803546031316 0.0001 0.0001 4.382327121098836 0.2 0.2 62 
-1.5226786136627197 0.7 0.2 0.9885365448395411 0.007 0.01 0.7655097171664238 0.1 0.6 5.284779353936513 7.0 2.0 63 
-1.5338999525705974 0.4 0.1 0.9876153858502706 0.009 0.02 0.8301472454269727 0.1 0.6 4.809753917058309 7.0 2.0 64 
-1.640912291208903 0.04 0.04 0.9942880755662918 0.001 0.001 0.8969748326142629 0.03 0.03 4.323940959771474 1.0 0.9 65 
-2.2244831848144533 0.0007 0.0006 0.9999857391913732 7e-06 1e-05 0.9999737681945166 2e-05 3e-05 4.512207134564718 0.1 0.1 67 
-1.76926531791687 0.2 0.06 0.9953720869620641 0.001 0.003 0.954811667005221 0.01 0.07 4.418253533840179 3.0 2.0 68 
-1.5193970425923666 0.7 0.2 0.9889911888043086 0.006 0.01 0.817677276233832 0.1 0.5 4.975251072247823 6.0 2.0 69 
-1.5181759325663249 0.7 0.2 0.9881482380628586 0.008 0.02 0.8003087461491426 0.1 0.6 5.0443852472305295 7.0 2.0 70 
-1.3953961976369222 0.2 0.2 0.9800274781386058 0.02 0.02 0.8636674151817958 0.07 0.09 4.398903669516246 0.9 0.8 71 
-2.223655344645182 6e-05 7e-05 0.9999679444233577 1e-06 1e-06 0.9999462763468424 3e-06 3e-06 4.510932154655457 0.07 0.07 72 
-2.2214880402882895 0.002 0.002 0.9999234102169673 8e-06 1e-05 0.9998791140317916 6e-05 9e-05 4.508552988370259 0.2 0.2 73 
-1.3677481238047282 1.0 0.3 0.9798885816335678 0.02 0.04 0.7995714909831683 0.2 0.6 4.965898792743683 5.0 2.0 74 
-2.2246621735890706 0.0006 0.0005 0.9999894479910533 7e-06 7e-06 0.9999728159109751 2e-05 2e-05 4.510973874727885 0.09 0.09 75 
-2.224653228123983 0.0007 0.0006 0.9999863010644913 8e-06 8e-06 0.9999757172664007 2e-05 2e-05 4.511971594492595 0.09 0.09 76 
-2.2244172064463297 0.0009 0.0008 0.9999857499202093 9e-06 1e-05 0.9999734493096669 2e-05 2e-05 4.511321404774984 0.1 0.1 77 
-1.8160694217681885 0.1 0.06 0.9960304290056229 0.001 0.002 0.9887915162245432 0.003 0.004 4.329152251084645 2.0 2.0 78 
-2.225417963663737 3e-05 3e-05 0.9999838944276174 2e-06 2e-06 0.9999802519877752 1e-06 1e-06 4.512602829933167 0.07 0.07 79 
-1.7877304967244465 0.01 0.01 0.9965839850902557 0.0002 0.0002 0.9739983508984248 0.001 0.001 4.246724514961243 0.3 0.3 80 
-2.222791697184245 0.002 0.002 0.9999418330192565 2e-05 3e-05 0.9999638756116231 2e-05 3e-05 4.514612847963969 0.1 0.1 81 
-1.4953291384379068 0.7 0.2 0.9780602182944615 0.02 0.05 0.7852544224262238 0.1 0.5 4.8971670905749 4.0 3.0 82 
-1.4904390048980714 0.7 0.2 0.9868887889385224 0.007 0.02 0.82608426262935 0.1 0.5 4.766582552591959 6.0 2.0 83 
-2.2162258370717365 0.008 0.004 0.9998940173784892 1e-05 4e-05 0.9996580227216085 0.0001 0.0003 4.518761164347331 0.3 0.3 84 
