-2.223659029006958 0.003 0.001 0.9999613247315089 3e-05 4e-05 0.9999627707401911 3e-05 8e-05 4.511384207407634 0.1 0.1 124 
-2.2228576787312826 0.003 0.002 0.9999616742134094 3e-05 3e-05 0.9999446590741475 4e-05 4e-05 4.510743288993836 0.1 0.2 59 
-2.224262908299764 0.002 0.001 0.9999644682804744 2e-05 3e-05 0.9999834762016933 1e-05 4e-05 4.512265087763469 0.1 0.1 146 
-2.223245948155721 0.002 0.001 0.9999598562717438 3e-05 3e-05 0.9999541868766149 3e-05 3e-05 4.511352477073669 0.2 0.2 54 
-2.2215833059946695 0.007 0.003 0.9999621655543646 2e-05 3e-05 0.999869850675265 7e-05 0.0002 4.510309584935507 0.2 0.2 133 
-2.2223353672027586 0.006 0.003 0.9999551091591518 3e-05 8e-05 0.9999136167764664 7e-05 0.0002 4.511468381881714 0.2 0.2 128 
-2.2216645844777427 0.005 0.003 0.9999318027496338 4e-05 0.0001 0.9999402469396591 5e-05 0.0001 4.5124088430404665 0.3 0.3 53 
-2.2242169125874836 0.003 0.001 0.9999783398707708 1e-05 2e-05 0.9999810969829559 2e-05 4e-05 4.512325421969096 0.1 0.1 134 
-2.222677927017212 0.004 0.003 0.9999562106529871 2e-05 6e-05 0.9999151510000229 8e-05 0.0003 4.511798841158549 0.2 0.2 50 
-2.2242352104187013 0.001 0.001 0.9999620314439138 3e-05 4e-05 0.9999659607807795 3e-05 4e-05 4.512381663322449 0.1 0.1 77 
-2.2230071862538656 0.004 0.002 0.9999559915065765 3e-05 0.0002 0.9999529683589935 4e-05 0.0001 4.511264777183532 0.2 0.2 106 
-2.2223316383361817 0.003 0.002 0.9999636340141297 2e-05 4e-05 0.9998939766486485 9e-05 0.0002 4.511050124168396 0.1 0.1 93 
-2.2227542781829834 0.006 0.002 0.9999471839269002 3e-05 0.0001 0.9999512553215026 4e-05 0.0001 4.512374366124471 0.3 0.3 0 
-2.223764918645223 0.003 0.002 0.9999743549029032 2e-05 6e-05 0.999922412832578 7e-05 0.0002 4.511137973467509 0.1 0.1 16 
-2.224280014038086 0.002 0.001 0.999977397720019 1e-05 3e-05 0.9999513252576192 5e-05 0.0001 4.5119545396169025 0.1 0.1 104 
-2.222620662053426 0.003 0.002 0.9999304682016372 4e-05 4e-05 0.9999316185712814 6e-05 8e-05 4.512301108042399 0.2 0.2 126 
-2.2241192213694254 0.003 0.001 0.9999808659156163 9e-06 1e-05 0.9999796106417974 2e-05 5e-05 4.511993942260742 0.1 0.1 94 
-2.223815927505493 0.004 0.002 0.9999614242712657 2e-05 8e-05 0.9999563821156819 4e-05 0.0001 4.512208038965861 0.2 0.2 102 
-2.224254665374756 0.003 0.001 0.9999709326028824 2e-05 4e-05 0.9999764164288839 2e-05 5e-05 4.512022175788879 0.1 0.2 149 
-2.221558230717977 0.007 0.002 0.9999571559826533 3e-05 4e-05 0.9998580050468445 0.0001 0.0003 4.510147252082825 0.2 0.2 15 
