-2.223491350809733 0.0008 0.0007 0.9999817041556041 6e-06 1e-05 0.9999905542532603 4e-06 3e-06 4.510870463053386 0.1 0.1 96 
-2.2226395003000894 0.002 0.001 0.9999809716145197 9e-06 2e-05 0.999992336432139 2e-06 8e-06 4.509716906547546 0.1 0.1 53 
-2.2236778863271076 0.003 0.0007 0.9999824959039688 9e-06 7e-05 0.999996906320254 1e-06 1e-05 4.510489228566487 0.06 0.1 95 
-2.2225670337677004 0.002 0.001 0.999985446135203 5e-06 1e-05 0.999957433740298 2e-05 5e-05 4.50970432917277 0.1 0.1 47 
-2.224386577606201 0.001 0.0009 0.9999815034866333 1e-05 3e-05 0.9999717221657435 1e-05 3e-05 4.510892694791158 0.1 0.1 45 
-2.2254434967041017 0.0006 0.0004 0.9999911606311798 4e-06 8e-06 0.9999664149681727 2e-05 3e-05 4.511490430831909 0.1 0.1 92 
-2.2242576853434244 0.003 0.002 0.9999874450763067 9e-06 2e-05 0.9999893913666408 8e-06 2e-05 4.510866475105286 0.2 0.2 70 
-2.2233831151326497 0.002 0.0009 0.9999802895387013 8e-06 3e-05 0.9999934538205465 5e-06 1e-05 4.510244064331054 0.1 0.1 40 
-2.22399569829305 0.004 0.001 0.9999890987078349 7e-06 3e-05 0.9999583746989568 2e-05 7e-05 4.507830975850423 0.1 0.2 97 
-2.2235093275705973 0.002 0.001 0.9999787364403406 1e-05 2e-05 0.9999981804688771 1e-06 3e-06 4.510910369555155 0.1 0.1 4 
-2.222420167922974 0.005 0.002 0.9999635708332062 2e-05 6e-05 0.9999951793750127 4e-06 1e-05 4.510538681348165 0.2 0.2 12 
-2.2234097067515055 0.003 0.001 0.999985986550649 6e-06 3e-05 0.9999774511655172 1e-05 4e-05 4.5104138469696045 0.1 0.1 90 
-2.2224933369954427 0.0003 0.0002 0.9999802446365357 1e-06 2e-06 0.9999465813239415 1e-05 1e-05 4.50535032749176 0.1 0.1 1 
-2.224566593170166 0.002 0.001 0.999982603987058 8e-06 5e-05 0.9999949755271276 4e-06 3e-05 4.511765368779501 0.2 0.1 63 
-2.2225258922576905 0.004 0.002 0.9999810616175334 9e-06 3e-05 0.9999508325258891 4e-05 0.0002 4.507142136891683 0.2 0.2 49 
-2.22383926709493 0.002 0.002 0.9999870179096858 9e-06 5e-05 0.9999810779094696 1e-05 4e-05 4.510348205566406 0.1 0.1 61 
-2.2226318677266437 0.009 0.002 0.999963770310084 3e-05 6e-05 0.9999980262915293 1e-06 9e-06 4.51002469698588 0.1 0.1 52 
-2.224178613026937 0.001 0.0007 0.9999878344933192 4e-06 8e-06 0.9999978890021642 8e-07 2e-06 4.51108594417572 0.1 0.1 30 
-2.225209941864014 0.002 0.001 0.9999918071428935 5e-06 1e-05 0.9999978778759638 2e-06 4e-06 4.511459414164225 0.09 0.1 72 
-2.2240944544474286 0.002 0.001 0.9999893877903621 6e-06 2e-05 0.9999826290210088 9e-06 2e-05 4.509789945284526 0.1 0.1 5 
