-2.225231170654297 0.002 0.0009 0.9999791884422302 4e-06 1e-05 0.9999860600630442 9e-06 3e-05 4.511736612319947 0.1 0.1 0 
-2.225197022755941 0.002 0.0009 0.9999789599577585 4e-06 1e-05 0.99998519440492 1e-05 3e-05 4.511657846768697 0.1 0.1 1 
-2.225067660013835 0.002 0.0007 0.9999790159861247 4e-06 1e-05 0.999981204867363 1e-05 3e-05 4.511618638038636 0.1 0.1 2 
-2.2253215662638346 0.002 0.0008 0.9999799185991287 4e-06 1e-05 0.9999881839752197 9e-06 2e-05 4.511864530245463 0.1 0.1 3 
-2.2251717058817544 0.003 0.0009 0.999978443980217 4e-06 2e-05 0.9999850620826085 1e-05 3e-05 4.511698195139567 0.1 0.1 4 
-2.225122044881185 0.002 0.001 0.9999791532754898 5e-06 1e-05 0.9999836870034535 1e-05 5e-05 4.511718484560649 0.2 0.2 5 
-2.2252894846598306 0.003 0.0009 0.9999792236089706 4e-06 2e-05 0.9999868355194728 8e-06 2e-05 4.511497902870178 0.1 0.1 6 
-2.2251937993367514 0.002 0.0008 0.9999785510698954 5e-06 1e-05 0.9999867391586303 8e-06 3e-05 4.511621893246969 0.1 0.1 7 
-2.2252058537801105 0.004 0.001 0.9999784113963445 4e-06 3e-05 0.9999853841463725 1e-05 3e-05 4.511418730417887 0.1 0.1 8 
-2.225239226023356 0.002 0.0009 0.9999798530340195 4e-06 1e-05 0.9999868800242742 9e-06 3e-05 4.5117649046579995 0.1 0.1 9 
-2.2252124691009523 0.003 0.0009 0.9999788393576939 4e-06 2e-05 0.999984723329544 1e-05 3e-05 4.51148889541626 0.1 0.1 10 
-2.225056349436442 0.002 0.0008 0.9999787296851476 5e-06 6e-06 0.9999805206060409 1e-05 3e-05 4.511786980628967 0.2 0.2 11 
-2.2250961112976073 0.002 0.0009 0.9999771698315938 5e-06 1e-05 0.9999825811386108 1e-05 4e-05 4.511923743883769 0.1 0.1 12 
-2.2252208169301353 0.002 0.0009 0.999979371825854 4e-06 1e-05 0.9999863276878993 9e-06 3e-05 4.511726614634196 0.1 0.1 13 
-2.225216261545817 0.003 0.0009 0.9999785415331522 4e-06 1e-05 0.9999862857659658 8e-06 3e-05 4.51201091448466 0.1 0.1 14 
-2.225188372929891 0.002 0.0009 0.9999785431226095 4e-06 1e-05 0.9999863568941753 8e-06 3e-05 4.511803428332011 0.1 0.1 15 
-2.2252055676778157 0.002 0.0009 0.9999787386258443 4e-06 1e-05 0.9999861711263657 8e-06 3e-05 4.51178325176239 0.1 0.1 16 
-2.225216147104899 0.002 0.0008 0.9999788391590119 5e-06 1e-05 0.9999870371818542 8e-06 3e-05 4.511564232508341 0.1 0.1 17 
-2.225236177444458 0.002 0.0009 0.9999794324239095 4e-06 1e-05 0.9999864290157954 9e-06 3e-05 4.511792817115784 0.1 0.1 18 
-2.2251255957285565 0.002 0.0009 0.9999789039293925 4e-06 1e-05 0.999983809987704 1e-05 3e-05 4.511387503941854 0.1 0.1 19 
-2.225153719584147 0.002 0.001 0.999978392124176 5e-06 1e-05 0.999982871413231 1e-05 3e-05 4.511675594647725 0.2 0.2 20 
-2.2251712163289388 0.003 0.0009 0.9999776993195216 5e-06 1e-05 0.9999857693910599 9e-06 2e-05 4.511679116884867 0.1 0.1 21 
-2.2251569430033364 0.002 0.0009 0.9999776955445607 5e-06 1e-05 0.9999859195947647 8e-06 3e-05 4.511863098144532 0.1 0.1 22 
-2.2252392768859863 0.002 0.0008 0.9999782081445058 4e-06 1e-05 0.9999866058429082 9e-06 2e-05 4.5117812935511274 0.1 0.1 23 
-2.225155175526937 0.002 0.0009 0.9999790418148041 5e-06 1e-05 0.9999853070576986 1e-05 3e-05 4.511618388493856 0.1 0.1 24 
-2.225225944519043 0.003 0.0009 0.9999783925215403 4e-06 2e-05 0.9999855198462804 9e-06 3e-05 4.511450931231181 0.1 0.1 25 
-2.2252793566385907 0.002 0.0008 0.9999796537558238 4e-06 1e-05 0.9999878629048665 8e-06 2e-05 4.5118847211201984 0.1 0.1 26 
-2.225191659927368 0.002 0.0008 0.9999778962135315 5e-06 1e-05 0.9999863064289093 8e-06 3e-05 4.5117717472712195 0.1 0.1 27 
-2.2252024523417155 0.002 0.0008 0.9999776420990626 5e-06 1e-05 0.9999869561195374 8e-06 2e-05 4.511728041966756 0.1 0.1 28 
-2.2251800092061362 0.002 0.0008 0.9999773108959198 5e-06 1e-05 0.999986564318339 8e-06 2e-05 4.511789299647013 0.1 0.1 29 
-2.2252010409037273 0.002 0.0009 0.9999782087405523 5e-06 1e-05 0.9999857050180435 8e-06 3e-05 4.511612876256307 0.1 0.1 30 
-2.225018138885498 0.002 0.0008 0.9999783982833227 4e-06 5e-06 0.9999810981750489 1e-05 6e-05 4.511650357246399 0.1 0.2 31 
-2.2252401542663574 0.003 0.0009 0.9999796549479166 4e-06 2e-05 0.9999862678845723 9e-06 3e-05 4.511981282234192 0.1 0.1 32 
-2.22524645169576 0.002 0.0008 0.9999789297580719 4e-06 1e-05 0.9999868069092432 9e-06 2e-05 4.511767481168111 0.1 0.1 33 
-2.22518014272054 0.002 0.0008 0.9999777003129323 5e-06 1e-05 0.9999862158298493 8e-06 3e-05 4.511946738560995 0.1 0.1 34 
-2.225262447992961 0.002 0.0009 0.9999795244137446 4e-06 1e-05 0.9999869394302369 1e-05 3e-05 4.511701604525248 0.1 0.1 35 
-2.2252455012003582 0.002 0.0009 0.9999791485071182 4e-06 1e-05 0.9999863223234813 9e-06 3e-05 4.511843684514363 0.1 0.1 36 
-2.225243730545044 0.002 0.0008 0.9999783823887507 4e-06 1e-05 0.9999871349334717 8e-06 2e-05 4.511808514595032 0.1 0.1 37 
-2.225204480489095 0.002 0.0009 0.9999780966838201 4e-06 1e-05 0.9999867846568425 9e-06 2e-05 4.511784892082215 0.1 0.1 38 
-2.2249762280782064 0.002 0.0008 0.9999784314632416 4e-06 1e-05 0.9999789883693059 1e-05 2e-05 4.511981132825215 0.1 0.1 39 
-2.2252286211649577 0.003 0.0009 0.9999778666098913 4e-06 1e-05 0.9999859575430552 9e-06 3e-05 4.511631739934286 0.1 0.1 40 
-2.2252406597137453 0.003 0.0009 0.9999793376525243 4e-06 1e-05 0.9999859833717346 1e-05 4e-05 4.511679782867431 0.1 0.1 41 
-2.2252117188771567 0.003 0.0009 0.9999784153699874 4e-06 2e-05 0.9999853775898615 9e-06 3e-05 4.511580948829651 0.1 0.1 42 
-2.2252338059743244 0.002 0.0009 0.9999792935450872 4e-06 1e-05 0.9999861852327983 9e-06 3e-05 4.511791865030925 0.1 0.1 43 
-2.2252151775360107 0.002 0.0009 0.9999785931905111 4e-06 1e-05 0.999986089070638 9e-06 3e-05 4.511732559204102 0.1 0.1 44 
-2.2251740455627442 0.002 0.0009 0.999978149731954 4e-06 1e-05 0.9999855105082194 9e-06 4e-05 4.51173099676768 0.1 0.1 45 
-2.225186758041382 0.003 0.0009 0.9999787878990173 4e-06 1e-05 0.9999853817621867 1e-05 3e-05 4.511696050961812 0.1 0.1 46 
-2.2250886662801106 0.002 0.0009 0.9999783557653427 5e-06 2e-05 0.9999824382861455 1e-05 3e-05 4.511948475837707 0.1 0.1 47 
-2.2252876281738283 0.002 0.0008 0.9999799458185832 4e-06 1e-05 0.9999873312314351 1e-05 2e-05 4.51172360420227 0.1 0.1 48 
-2.2252872021993 0.003 0.0009 0.9999797000487646 4e-06 2e-05 0.9999868905544281 9e-06 2e-05 4.511578133900961 0.1 0.1 49 
-2.2252781836191815 0.003 0.0009 0.9999796360731125 4e-06 2e-05 0.9999865818023682 9e-06 3e-05 4.511510713895162 0.1 0.1 50 
-2.2252116998036704 0.002 0.0009 0.9999781594673792 4e-06 1e-05 0.9999866729974747 8e-06 3e-05 4.511726743380229 0.1 0.1 51 
-2.2251963965098063 0.003 0.0009 0.9999775818983714 4e-06 2e-05 0.9999847628672918 1e-05 3e-05 4.511614581743876 0.1 0.1 52 
-2.2252376556396483 0.003 0.0009 0.9999788653850555 4e-06 1e-05 0.9999854634205501 9e-06 3e-05 4.511791151364644 0.1 0.1 53 
-2.2252026971181236 0.002 0.0009 0.9999785178899765 4e-06 1e-05 0.9999863547086716 8e-06 3e-05 4.511728056271871 0.1 0.1 54 
-2.225159788131714 0.002 0.0009 0.9999796829620997 4e-06 1e-05 0.9999843766291936 1e-05 5e-05 4.511859072049459 0.2 0.2 55 
-2.2251753393809 0.002 0.0009 0.9999775346120199 4e-06 1e-05 0.9999857107798259 9e-06 3e-05 4.511760805447897 0.1 0.1 56 
-2.225169070561727 0.002 0.0008 0.9999788681666056 5e-06 1e-05 0.9999861001968384 1e-05 1e-05 4.511567527453105 0.1 0.1 57 
-2.2252587509155273 0.002 0.0008 0.9999788622061412 4e-06 1e-05 0.9999870332082113 9e-06 2e-05 4.5119158617655435 0.1 0.1 58 
-2.2252338536580405 0.002 0.0009 0.9999788618087768 4e-06 1e-05 0.9999863976240158 9e-06 2e-05 4.511858223279317 0.1 0.1 59 
-2.2252021344502766 0.002 0.0008 0.999977922240893 4e-06 1e-05 0.9999861218531927 8e-06 3e-05 4.511713902155559 0.1 0.1 60 
-2.2252003574371337 0.002 0.0009 0.9999777559439341 4e-06 1e-05 0.9999862738450368 1e-05 3e-05 4.511639231046041 0.1 0.1 61 
-2.2252262433369956 0.003 0.0009 0.9999782758951187 4e-06 2e-05 0.9999860564867655 9e-06 2e-05 4.511963748931885 0.1 0.1 62 
-2.2252117951711017 0.002 0.0008 0.9999787127971649 4e-06 1e-05 0.9999863733847936 8e-06 3e-05 4.51183914343516 0.1 0.1 63 
-2.2252149041493734 0.003 0.0009 0.9999787837266922 4e-06 2e-05 0.9999853557348252 1e-05 3e-05 4.511987129847209 0.1 0.1 64 
-2.22519952138265 0.003 0.0009 0.9999786472320557 4e-06 2e-05 0.9999851280450821 9e-06 3e-05 4.511614502271017 0.1 0.1 65 
-2.2252819697062174 0.002 0.0009 0.999979887008667 4e-06 1e-05 0.999986399213473 1e-05 2e-05 4.511683365503947 0.1 0.1 66 
-2.2251900482177733 0.003 0.0009 0.9999791946013769 4e-06 1e-05 0.9999855955441793 9e-06 3e-05 4.511774328549703 0.1 0.1 67 
-2.2252120304107668 0.002 0.0009 0.999977070093155 4e-06 1e-05 0.9999862615267435 9e-06 2e-05 4.511700302759806 0.1 0.1 68 
-2.225257479349772 0.002 0.0009 0.9999792355298996 4e-06 1e-05 0.9999873465299607 9e-06 2e-05 4.51173547744751 0.1 0.1 69 
-2.225276705423991 0.002 0.0009 0.9999797437588374 4e-06 1e-05 0.9999867989619573 1e-05 2e-05 4.511886350313822 0.1 0.1 70 
-2.2252117347717286 0.002 0.0009 0.99997849047184 4e-06 1e-05 0.9999866404136022 8e-06 3e-05 4.511767902374268 0.1 0.1 71 
-2.2251244004567465 0.003 0.0009 0.9999779703219732 5e-06 1e-05 0.9999840613206228 1e-05 3e-05 4.511817035675048 0.1 0.1 72 
-2.2252455139160157 0.002 0.0009 0.9999789915482203 4e-06 1e-05 0.9999866980314255 1e-05 3e-05 4.511804016431173 0.1 0.1 73 
-2.2252487818400066 0.002 0.0008 0.9999790928761164 4e-06 1e-05 0.9999868327379227 9e-06 2e-05 4.511862635612488 0.1 0.1 74 
-2.2251833979288738 0.003 0.0009 0.9999772538741429 5e-06 2e-05 0.9999854371945063 9e-06 3e-05 4.511581649780274 0.1 0.1 75 
-2.2252047443389893 0.002 0.0008 0.9999787108103434 5e-06 1e-05 0.9999870645999909 8e-06 2e-05 4.511944367090861 0.1 0.1 76 
-2.2251119963328043 0.002 0.0009 0.9999797089894613 4e-06 1e-05 0.9999829208850861 1e-05 5e-05 4.511590685844421 0.2 0.2 77 
-2.225223112106323 0.002 0.0009 0.9999780833721161 5e-06 1e-05 0.9999871438741684 9e-06 3e-05 4.511832539240519 0.1 0.1 78 
-2.225134029388428 0.002 0.001 0.9999788439273835 4e-06 1e-05 0.9999834340810776 1e-05 5e-05 4.511867396036783 0.2 0.2 79 
-2.2252018960316975 0.003 0.0009 0.9999782117207845 5e-06 1e-05 0.9999860852956772 9e-06 3e-05 4.511725556055705 0.1 0.1 80 
-2.225207249323527 0.002 0.0009 0.999978981812795 5e-06 1e-05 0.9999866257111232 9e-06 3e-05 4.511890230178833 0.1 0.1 81 
-2.2250770886739093 0.002 0.0009 0.9999788987636566 5e-06 1e-05 0.9999833436806996 1e-05 6e-05 4.511726805369059 0.2 0.2 82 
-2.2250575637817382 0.001 0.0008 0.9999786837895711 5e-06 7e-06 0.9999826186895371 1e-05 4e-05 4.511340270042419 0.1 0.1 83 
-2.225253028869629 0.002 0.0009 0.9999801095326741 4e-06 1e-05 0.9999869096279145 9e-06 3e-05 4.511861438751221 0.1 0.1 84 
-2.2252422682444255 0.002 0.0009 0.9999792889753978 4e-06 1e-05 0.9999869950612386 9e-06 2e-05 4.511684684753418 0.1 0.1 85 
-2.225229762395223 0.002 0.0009 0.9999791745344798 4e-06 1e-05 0.9999863576889038 9e-06 2e-05 4.511821346282959 0.1 0.1 86 
-2.225160992940267 0.003 0.0009 0.9999785149097442 4e-06 2e-05 0.9999848085641861 9e-06 3e-05 4.511968328158061 0.1 0.1 87 
-2.22522167523702 0.002 0.0008 0.999980081319809 4e-06 1e-05 0.9999837281306585 1e-05 2e-05 4.511725126902262 0.1 0.1 88 
-2.225212491353353 0.002 0.0009 0.9999788735310237 4e-06 1e-05 0.9999863799413046 8e-06 3e-05 4.511841961542765 0.1 0.1 89 
-2.2252416102091472 0.002 0.0009 0.9999780416488647 4e-06 1e-05 0.999985444744428 9e-06 3e-05 4.5117395989100135 0.1 0.1 90 
-2.22519468943278 0.003 0.0009 0.9999790507555008 4e-06 1e-05 0.9999858266115189 8e-06 3e-05 4.511659035682678 0.1 0.1 91 
-2.225226027170817 0.002 0.0008 0.9999776170651118 4e-06 1e-05 0.9999863547086716 9e-06 3e-05 4.511755356788635 0.1 0.1 92 
-2.225210205713908 0.002 0.0009 0.9999780448277792 4e-06 1e-05 0.9999863562981287 9e-06 3e-05 4.511746935844421 0.1 0.1 93 
-2.2252514775594077 0.001 0.0007 0.9999803580840428 4e-06 6e-06 0.9999845784902572 1e-05 4e-05 4.511803607940674 0.1 0.1 94 
-2.225267302195231 0.002 0.0008 0.9999787106116613 4e-06 1e-05 0.9999854771296183 9e-06 2e-05 4.511779427528381 0.1 0.1 95 
-2.2252515093485514 0.002 0.0009 0.9999792420864105 4e-06 1e-05 0.9999864304065704 9e-06 3e-05 4.511842013994853 0.1 0.1 96 
-2.2252137756347654 0.002 0.0009 0.9999796090523402 5e-06 1e-05 0.9999867375691732 9e-06 3e-05 4.511814983685811 0.1 0.1 97 
-2.225072609583537 0.001 0.0007 0.9999791232744852 4e-06 6e-06 0.9999833764632543 1e-05 4e-05 4.511844971974691 0.1 0.1 98 
-2.2251865259806314 0.003 0.0009 0.9999781731764475 4e-06 1e-05 0.9999858391284943 9e-06 3e-05 4.511874593098958 0.1 0.1 99 
