-2.223141196568807 0.002 0.0008 0.9999828207492828 8e-06 2e-05 0.9999861657619477 6e-06 2e-05 4.510255134900411 0.1 0.1 89 
-2.2233166058858234 0.002 0.0009 0.9999819443623225 8e-06 2e-05 0.9999754305680593 7e-06 1e-05 4.509600044886271 0.08 0.08 17 
-2.225140399932861 0.0008 0.0004 0.9999902298053106 3e-06 8e-06 0.9999957062800725 8e-07 9e-07 4.511851944923401 0.1 0.1 60 
-2.2230666796366374 0.002 0.0007 0.9999801343679429 8e-06 2e-05 0.9999812450011571 4e-06 9e-06 4.510020974477132 0.1 0.1 61 
-2.222346576054891 0.0009 0.0006 0.9999838791290919 4e-06 8e-06 0.9999608778953553 8e-06 2e-05 4.507338992754618 0.1 0.1 26 
-2.223545134862264 0.003 0.002 0.999978079199791 1e-05 6e-05 0.9999690876404445 3e-05 7e-05 4.51079683303833 0.1 0.1 75 
-2.2202578258514403 0.0008 0.0006 0.9999763101339341 4e-06 4e-06 0.9998668414354325 1e-05 3e-05 4.505045806566875 0.1 0.1 94 
-2.2227620633443195 0.001 0.0006 0.9999787938594819 8e-06 2e-05 0.9999765115976333 9e-06 1e-05 4.505899198849996 0.1 0.1 36 
-2.224028895696004 0.002 0.0007 0.9999858252207439 5e-06 1e-05 0.999978561202685 9e-06 1e-05 4.510740472475688 0.1 0.1 53 
-2.222192449569702 0.003 0.001 0.9999606980880101 1e-05 3e-05 0.9999846418698629 9e-06 1e-05 4.507717409133911 0.1 0.1 10 
-2.2213630453745523 0.05 0.002 0.9999664332469305 1e-05 5e-05 0.9999864983558655 8e-06 2e-05 4.508635546366373 0.1 0.1 74 
-2.223327414194743 0.0002 0.0003 0.9999795526266098 4e-06 4e-06 0.99995574593544 9e-06 1e-05 4.51096926689148 0.1 0.1 72 
-2.224722706476847 0.0004 0.0003 0.9999816211064657 4e-06 5e-06 0.9999925525983174 2e-06 2e-06 4.510853452682495 0.1 0.1 64 
-2.2238359769185383 0.002 0.002 0.9999885416030884 7e-06 3e-05 0.9999532951911291 2e-05 7e-05 4.510288246472677 0.1 0.1 83 
-2.2222004731496177 0.002 0.001 0.9999683145682017 9e-06 2e-05 0.9999980984131495 6e-07 5e-07 4.509029458363851 0.08 0.08 91 
-2.2218344179789224 0.003 0.001 0.9999737991889318 1e-05 4e-05 0.9999660054842631 1e-05 3e-05 4.508820915222168 0.1 0.1 38 
-2.2239686965942385 0.0007 0.0004 0.9999793716271719 6e-06 7e-06 0.9999624025821686 1e-05 2e-05 4.510704936981202 0.1 0.1 45 
-2.2219762357076007 0.002 0.001 0.9999758481979371 1e-05 3e-05 0.9999671693642934 1e-05 2e-05 4.509002483685811 0.08 0.09 93 
-2.224336992899577 0.0009 0.0006 0.9999905093510946 4e-06 8e-06 0.9999987930059433 6e-07 8e-07 4.511110785802205 0.07 0.08 58 
-2.2201277860005697 0.0006 0.0005 0.9999616237481436 7e-06 9e-06 0.9998972527186076 1e-05 3e-05 4.5060294850667315 0.1 0.1 54 
