10335312.4 0 
10335312.0 1 
10335312.2 2 
10335313.4 3 
10335312.6 4 
10335312.4 5 
10335311.4 6 
10335312.2 7 
10335313.0 8 
-2.225767208735148 0.002 0.0007 0.9999609782298406 3e-05 0.0002 0.9999821116526921 2e-05 5e-05 4.511059266726176 0.1 0.1 9 
10335311.0 10 
10335311.6 11 
10335312.0 12 
10335313.8 13 
10335313.2 14 
10335312.2 15 
10335312.2 16 
10335311.8 17 
10335311.4 18 
9.202097317029257e-07 19 
10335311.6 20 
10335311.4 21 
10335312.2 22 
10335311.6 23 
10335311.6 24 
10335311.0 25 
10335312.0 26 
10335312.2 27 
9.20241643598274e-07 28 
10335312.4 29 
10335311.8 30 
10335313.6 31 
10335312.0 32 
10335312.6 33 
10335312.4 34 
10335312.0 35 
10335312.0 36 
10335312.6 37 
10335312.4 38 
10335312.2 39 
10335311.8 40 
10335311.4 41 
10335313.0 42 
10335312.4 43 
10335312.4 44 
10335311.2 45 
10335312.0 46 
10335311.8 47 
10335312.0 48 
10335312.6 49 
10335311.0 50 
10335311.2 51 
-2.226050491333008 0.001 0.0004 0.9999930077791214 5e-06 2e-05 0.9999783444404602 6e-06 2e-05 4.512110287348429 0.1 0.1 52 
10335311.4 53 
10335313.0 54 
10335312.2 55 
10335313.4 56 
-0.39128382682800295 0.0002 0.0001 0.8194584560394287 0.004 0.004 0.9840430490175883 0.0009 0.0008 2.41873419046402 0.06 0.05 57 
10335312.2 58 
10335311.2 59 
-2.226119327545166 0.0008 0.0004 0.9999928051233291 6e-06 4e-05 0.9999943008025487 5e-06 2e-05 4.511977113087972 0.06 0.07 60 
10335311.4 61 
10335312.4 62 
10335312.6 63 
10335312.2 64 
10335312.4 65 
10335312.0 66 
10335311.6 67 
10335311.8 68 
10335312.6 69 
10335312.6 70 
10335312.0 71 
10335312.8 72 
10335311.4 73 
10335312.4 74 
10335311.4 75 
10335312.2 76 
10335311.0 77 
10335312.8 78 
10335312.6 79 
10335312.4 80 
10335311.8 81 
10335311.6 82 
10335311.4 83 
10335311.6 84 
10335311.8 85 
10335313.0 86 
10335311.6 87 
10335312.4 88 
10335311.8 89 
10335311.4 90 
10335313.4 91 
10335310.8 92 
10335312.6 93 
10335311.6 94 
10335311.4 95 
10335311.4 96 
10335310.8 97 
9.202434171129426e-07 98 
10335311.4 99 
10335311.4 100 
10335312.4 101 
10335312.2 102 
10335311.0 103 
9.195734264721978e-07 104 
10335311.6 105 
10335311.8 106 
10335311.2 107 
10335312.0 108 
10335311.6 109 
10335311.2 110 
10335312.6 111 
10335311.8 112 
10335313.4 113 
10335311.4 114 
10335312.0 115 
10335311.6 116 
10335312.0 117 
10335313.0 118 
10335311.4 119 
10335312.4 120 
10335312.2 121 
10335312.2 122 
10335311.8 123 
10335312.2 124 
10335312.4 125 
10335311.2 126 
10335311.6 127 
10335311.4 128 
10335311.8 129 
10335312.2 130 
10335312.2 131 
-2.2262270641326904 0.0009 0.0003 0.99999190111955 7e-06 2e-05 0.9999936117728552 6e-06 1e-05 4.511911640167236 0.1 0.1 132 
358860.675 133 
10335312.2 134 
10335312.6 135 
10335312.2 136 
10335313.0 137 
10335313.0 138 
10335312.6 139 
10335311.2 140 
10335311.6 141 
10335313.0 142 
10335312.2 143 
10335312.4 144 
10335311.6 145 
10335312.0 146 
10335311.4 147 
10335312.0 148 
10335312.2 149 
10335311.6 150 
10335312.2 151 
10335311.6 152 
10335313.8 153 
10335311.4 154 
9.202413025377609e-07 155 
10335311.6 156 
10335311.0 157 
10335312.4 158 
10335311.0 159 
10335311.4 160 
10335312.0 161 
10335312.8 162 
10335312.8 163 
-2.2255215136210125 0.002 0.0008 0.9999560576677322 4e-05 9e-05 0.9999429098765056 5e-05 0.0001 4.510802345275879 0.1 0.09 164 
10335311.2 165 
10335312.8 166 
-2.225982494354248 0.002 0.0005 0.999985480705897 1e-05 4e-05 0.9999824857711792 2e-05 7e-05 4.511273749669393 0.1 0.1 167 
10335312.2 168 
10335312.2 169 
10335311.0 170 
10335311.8 171 
10335312.0 172 
10335313.0 173 
10335311.6 174 
10335311.6 175 
10335311.4 176 
10335311.2 177 
10335313.0 178 
10335312.8 179 
10335312.0 180 
10335312.2 181 
10335312.4 182 
10335311.4 183 
10335311.2 184 
10335312.2 185 
10335312.0 186 
10335312.2 187 
10335312.2 188 
10335311.6 189 
10335312.0 190 
10335312.0 191 
10335311.4 192 
10335311.6 193 
10335311.6 194 
10335311.8 195 
10335312.6 196 
10335312.6 197 
10335312.6 198 
10335311.6 199 
10335311.6 200 
10335313.0 201 
10335312.0 202 
10335311.8 203 
-2.196722396214803 0.02 0.01 0.9992450042565664 0.0005 0.0009 0.999122928182284 9e-05 0.0002 4.493485811551412 0.3 0.2 204 
10335311.0 205 
10335311.4 206 
10335311.2 207 
10335311.4 208 
10335312.8 209 
10335312.2 210 
10335310.8 211 
10335312.2 212 
10335311.4 213 
10335311.8 214 
10335312.0 215 
10335313.0 216 
9.202124942930823e-07 217 
10335311.8 218 
10335312.2 219 
10335312.0 220 
10335312.8 221 
-2.226096658706665 0.001 0.0004 0.9999797993898392 2e-05 6e-05 0.9999909186363221 8e-06 3e-05 4.511504570643107 0.1 0.1 222 
10335312.6 223 
10335312.0 224 
9.202398132401868e-07 225 
10335312.4 226 
10335312.0 227 
10335311.8 228 
10335311.4 229 
10335311.6 230 
10335311.4 231 
10335312.4 232 
10335312.4 233 
10335311.8 234 
10335311.2 235 
10335312.0 236 
-2.2263180510203044 0.0007 0.0002 0.9999944478273392 4e-06 1e-05 0.9999966140588125 3e-06 1e-05 4.512071115175883 0.06 0.1 237 
10335311.4 238 
10335312.0 239 
10335312.2 240 
10335311.8 241 
10335312.8 242 
10335312.2 243 
10335312.2 244 
10335312.0 245 
10335310.8 246 
10335313.0 247 
10335311.2 248 
10335312.8 249 
10335312.2 250 
10335311.8 251 
10335311.4 252 
10335312.2 253 
10335313.6 254 
9.202395062857249e-07 255 
9.199492296829703e-07 256 
10335311.8 257 
10335311.8 258 
10335311.8 259 
10335312.0 260 
10335311.4 261 
9.20243940072396e-07 262 
10335311.8 263 
10335312.0 264 
10335312.6 265 
10335311.6 266 
-2.2260845438639323 0.0009 0.0004 0.9999869519472122 1e-05 4e-05 0.9999869139989217 1e-05 5e-05 4.511853493054708 0.1 0.09 267 
10335311.0 268 
10335311.4 269 
10335311.6 270 
10335311.4 271 
10335312.4 272 
-2.225978790918986 0.001 0.0004 0.9999788790941239 2e-05 4e-05 0.9999892312288284 1e-05 3e-05 4.511578739484151 0.1 0.09 273 
10335312.2 274 
10335311.6 275 
10335311.8 276 
10335312.6 277 
10335311.8 278 
10335312.0 279 
10335312.6 280 
10335311.8 281 
10335312.0 282 
-2.2258129692077637 0.001 0.0006 0.9999804854393005 2e-05 5e-05 0.9999924945831299 7e-06 3e-05 4.511885697046916 0.1 0.1 283 
10335312.8 284 
10335312.4 285 
10335311.6 286 
10335310.6 287 
10335311.6 288 
10335312.2 289 
10335311.4 290 
10335311.0 291 
10335313.0 292 
10335311.8 293 
10335312.8 294 
10335311.4 295 
10335311.8 296 
10335311.4 297 
10335310.8 298 
10335312.6 299 
10335312.4 300 
10335312.0 301 
10335311.8 302 
10335311.6 303 
10335311.6 304 
10335312.8 305 
10335313.2 306 
10335311.6 307 
10335312.4 308 
10335312.6 309 
-2.2261691093444824 0.0009 0.0003 0.9999930850664774 6e-06 3e-05 0.9999987584352493 1e-06 8e-06 4.512011280059815 0.08 0.07 310 
10335312.2 311 
10335312.4 312 
10335312.6 313 
10335313.4 314 
10335312.6 315 
10335312.8 316 
10335311.4 317 
10335312.4 318 
10335312.2 319 
10335311.8 320 
10335312.2 321 
10335312.4 322 
-2.2261068566640216 0.001 0.0004 0.9999907485644023 8e-06 4e-05 0.9999954112370809 4e-06 2e-05 4.512124242782593 0.09 0.09 323 
10335311.2 324 
10335311.8 325 
10335311.8 326 
10335312.4 327 
10335312.0 328 
9.202368687510897e-07 329 
10335312.2 330 
10335312.0 331 
10335312.4 332 
10335312.0 333 
10335311.6 334 
10335312.6 335 
10335311.4 336 
10335312.6 337 
10335312.8 338 
10335312.0 339 
10335311.2 340 
10335312.2 341 
10335312.4 342 
10335312.4 343 
10335312.8 344 
10335312.4 345 
10335311.2 346 
10335312.8 347 
10335311.6 348 
10335312.0 349 
10335312.2 350 
10335312.4 351 
10335311.2 352 
10335312.4 353 
10335311.2 354 
10335312.6 355 
10335311.4 356 
10335312.0 357 
10335312.2 358 
10335312.0 359 
10335312.2 360 
10335311.6 361 
10335312.0 362 
10335312.8 363 
10335313.0 364 
10335311.6 365 
10335312.6 366 
10335311.2 367 
10335311.8 368 
10335311.8 369 
10335312.2 370 
10335312.6 371 
10335313.4 372 
10335311.8 373 
10335312.6 374 
10335311.0 375 
10335311.2 376 
10335311.8 377 
10335311.6 378 
10335311.6 379 
10335312.4 380 
10335312.8 381 
10335311.6 382 
10335312.0 383 
10335310.8 384 
10335312.0 385 
10335312.6 386 
10335312.8 387 
10335311.6 388 
9.196367614094925e-07 389 
-2.226314468383789 0.0006 0.0002 0.999990801413854 7e-06 4e-05 0.9999964497486751 3e-06 1e-05 4.51211237112681 0.1 0.09 390 
10335311.8 391 
10335312.0 392 
10335312.6 393 
10335311.4 394 
10335311.4 395 
10335311.6 396 
10335311.0 397 
10335311.8 398 
10335312.4 399 
10335310.8 400 
-2.226294183731079 0.0008 0.0002 0.9999899291992187 8e-06 3e-05 0.9999951420227686 5e-06 4e-05 4.51245087146759 0.08 0.08 401 
10335311.6 402 
10335312.8 403 
10335311.6 404 
10335311.8 405 
10335311.8 406 
10335312.2 407 
10335312.0 408 
10335312.6 409 
9.202200203617395e-07 410 
10335312.4 411 
10335312.0 412 
-2.225693664550781 0.002 0.0006 0.9999725327889124 2e-05 7e-05 0.9999494560559591 5e-05 7e-05 4.509843818346659 0.1 0.1 413 
10335312.0 414 
10335311.4 415 
10335312.4 416 
10335311.2 417 
10335313.0 418 
10335312.6 419 
10335311.8 420 
10335311.8 421 
10335312.6 422 
10335312.6 423 
10335312.0 424 
10335312.4 425 
10335311.6 426 
10335312.4 427 
10335311.6 428 
10335311.8 429 
9.202422688758815e-07 430 
10335313.0 431 
10335312.4 432 
10335311.2 433 
10335311.2 434 
10335311.2 435 
9.202140631714428e-07 436 
10335311.8 437 
10335312.2 438 
10335311.6 439 
10335311.2 440 
10335312.8 441 
10335312.4 442 
10335312.0 443 
10335311.4 444 
10335311.0 445 
10335311.2 446 
10335312.2 447 
10335311.4 448 
10335313.6 449 
10335311.6 450 
10335312.0 451 
10335312.6 452 
10335312.4 453 
10335312.2 454 
10335311.2 455 
10335311.8 456 
10335312.4 457 
10335312.2 458 
-2.226286668777466 0.0006 0.0002 0.9999919404586156 7e-06 1e-05 0.9999899544318517 9e-06 4e-05 4.51183899084727 0.06 0.06 459 
10335312.0 460 
10335312.6 461 
10335311.8 462 
10335311.2 463 
10335311.6 464 
10335311.4 465 
10335312.6 466 
10335312.0 467 
10335312.2 468 
10335311.4 469 
10335311.0 470 
10335313.2 471 
10335311.4 472 
10335312.6 473 
10335312.0 474 
10335312.2 475 
10335312.0 476 
10335312.4 477 
10335311.4 478 
10335312.4 479 
10335311.6 480 
10335311.8 481 
10335312.0 482 
10335311.8 483 
10335312.0 484 
10335311.0 485 
10335312.0 486 
10335311.8 487 
10335312.4 488 
10335312.0 489 
10335311.8 490 
10335311.2 491 
10335311.8 492 
10335312.2 493 
10335312.4 494 
10335312.6 495 
10335311.4 496 
10335311.8 497 
10335311.8 498 
10335312.4 499 
10335312.6 500 
10335312.2 501 
9.202376077155349e-07 502 
10335312.0 503 
10335313.0 504 
10335312.4 505 
10335311.6 506 
10335311.8 507 
10335311.8 508 
10335311.4 509 
9.202377100336889e-07 510 
10335312.0 511 
10335312.8 512 
10335310.8 513 
-2.226038277943929 0.003 0.0005 0.9999677270650864 3e-05 0.0003 0.9999920336405436 8e-06 7e-05 4.511608843803406 0.1 0.1 514 
10335313.2 515 
10335312.6 516 
10335312.2 517 
10335311.6 518 
10335311.2 519 
10335313.0 520 
10335311.2 521 
10335312.0 522 
10335311.4 523 
10335312.2 524 
10335311.2 525 
-2.22578958829244 0.001 0.0005 0.9999829049905141 1e-05 5e-05 0.9999762684106827 2e-05 6e-05 4.511664737065633 0.1 0.1 526 
10335310.8 527 
10335312.2 528 
10335311.2 529 
9.202430419463781e-07 530 
10335312.0 531 
10335311.6 532 
10335311.4 533 
10335312.4 534 
10335311.6 535 
10335312.2 536 
10335312.6 537 
10335311.2 538 
10335311.6 539 
10335311.4 540 
10335312.4 541 
10335311.4 542 
10335312.4 543 
10335311.6 544 
10335311.8 545 
10335312.8 546 
9.202171327160613e-07 547 
10335311.8 548 
10335310.0 549 
10335311.4 550 
10335312.6 551 
10335311.8 552 
10335311.6 553 
10335311.2 554 
10335313.0 555 
10335312.2 556 
9.202271940011997e-07 557 
10335312.2 558 
10335311.6 559 
10335311.4 560 
10335312.0 561 
9.202439287037123e-07 562 
10335313.0 563 
10335311.6 564 
10335313.0 565 
10335311.8 566 
10335313.0 567 
10335311.6 568 
10335311.6 569 
10335312.0 570 
10335311.8 571 
10335312.0 572 
10335311.4 573 
9.202296155308431e-07 574 
10335311.4 575 
10335313.0 576 
10335311.8 577 
10335312.6 578 
10335312.2 579 
10335312.4 580 
10335311.8 581 
10335312.0 582 
10335311.2 583 
10335312.8 584 
10335311.2 585 
10335311.6 586 
10335312.2 587 
10335312.2 588 
10335312.4 589 
10335311.6 590 
10335312.0 591 
-2.226165568033854 0.0009 0.0003 0.9999880733092626 1e-05 4e-05 0.9999932422240575 6e-06 2e-05 4.5115239636103315 0.1 0.1 592 
10335313.0 593 
10335311.6 594 
10335311.6 595 
9.202324349644186e-07 596 
10335311.2 597 
10335312.6 598 
10335313.0 599 
10335312.4 600 
10335311.4 601 
10335312.4 602 
10335313.0 603 
10335310.8 604 
10335311.8 605 
10335311.6 606 
10335311.6 607 
10335312.4 608 
10335312.2 609 
10335312.4 610 
9.202378691952618e-07 611 
-2.226179091135661 0.0005 0.0003 0.9999840952952703 1e-05 5e-05 0.9999888332684835 1e-05 4e-05 4.511652251879374 0.09 0.1 612 
10335311.6 613 
10335312.2 614 
10335312.4 615 
10335311.6 616 
10335313.0 617 
10335311.4 618 
10335311.2 619 
10335312.4 620 
10335311.6 621 
-2.2261785634358726 0.0009 0.0003 0.9999863368272781 1e-05 5e-05 0.9999959361553192 4e-06 1e-05 4.511934285163879 0.1 0.1 622 
10335311.8 623 
10335312.0 624 
10335311.6 625 
10335312.0 626 
10335310.6 627 
10335311.2 628 
10335313.2 629 
10335311.6 630 
10335312.2 631 
10335312.6 632 
9.20241200219607e-07 633 
10335312.8 634 
10335311.6 635 
10335312.6 636 
10335312.0 637 
10335312.6 638 
10335311.8 639 
10335313.0 640 
10335311.4 641 
10335311.4 642 
10335312.4 643 
10335311.8 644 
-2.225252793629964 0.002 0.001 0.9999010342359543 9e-05 0.0006 0.9999845933914184 1e-05 0.0001 4.5125530942281085 0.09 0.1 645 
10335312.4 646 
10335311.8 647 
10335312.8 648 
10335312.6 649 
10335312.4 650 
10335311.6 651 
10335312.0 652 
10335313.0 653 
10335312.0 654 
10335311.6 655 
10335311.0 656 
10335312.6 657 
10335312.2 658 
10335312.2 659 
10335312.2 660 
10335311.6 661 
10335313.2 662 
10335311.6 663 
10335311.8 664 
10335312.0 665 
10335311.8 666 
-2.2258947626749674 0.001 0.0006 0.9999741516510645 2e-05 6e-05 0.9999410297473271 1e-05 6e-05 4.5128896586100264 0.1 0.1 667 
10335312.2 668 
10335312.6 669 
10335310.8 670 
10335312.4 671 
10335313.2 672 
10335312.0 673 
10335313.0 674 
10335311.6 675 
10335311.6 676 
10335311.0 677 
10335312.4 678 
10335311.4 679 
-2.2261766084035237 0.001 0.0003 0.9999899439016978 9e-06 2e-05 0.999991317987442 8e-06 3e-05 4.511906641324361 0.09 0.08 680 
10335311.2 681 
10335312.0 682 
10335311.8 683 
10335312.4 684 
10335312.6 685 
10335311.6 686 
10335311.2 687 
10335311.6 688 
10335311.0 689 
10335311.8 690 
10335311.0 691 
10335311.8 692 
10335312.4 693 
10335312.4 694 
10335312.2 695 
10335312.4 696 
10335311.6 697 
10335311.6 698 
10335311.8 699 
10335310.8 700 
10335311.4 701 
9.202398814522894e-07 702 
10335313.4 703 
10335311.8 704 
10335312.4 705 
10335312.6 706 
10335313.2 707 
10335312.0 708 
10335311.8 709 
10335310.8 710 
10335312.4 711 
10335312.8 712 
10335311.0 713 
10335312.0 714 
10335312.2 715 
10335312.8 716 
10335312.2 717 
10335313.0 718 
10335311.4 719 
10335311.8 720 
10335312.4 721 
10335312.2 722 
10335312.6 723 
10335311.8 724 
10335311.4 725 
10335312.4 726 
10335311.6 727 
10335312.6 728 
10335312.0 729 
10335312.2 730 
10335311.0 731 
10335312.8 732 
10335313.0 733 
10335311.4 734 
10335312.2 735 
10335313.0 736 
10335312.6 737 
10335313.2 738 
-2.2261243597666422 0.0008 0.0003 0.9999852021535237 1e-05 4e-05 0.9999932690461477 6e-06 3e-05 4.511741409301758 0.1 0.1 739 
10335311.0 740 
10335312.8 741 
10335313.8 742 
10335313.0 743 
10335311.8 744 
10335313.0 745 
10335312.6 746 
10335312.6 747 
10335313.0 748 
10335312.6 749 
10335311.8 750 
10335311.2 751 
10335311.4 752 
10335311.2 753 
-2.2263119570414225 0.0003 0.0002 0.9999959415197373 3e-06 1e-05 0.9999961123863856 4e-06 1e-05 4.512188599904378 0.06 0.05 754 
10335311.4 755 
10335311.6 756 
10335312.8 757 
10335312.0 758 
10335312.0 759 
10335312.6 760 
10335311.4 761 
10335311.4 762 
10335312.2 763 
10335310.8 764 
10335311.6 765 
10335311.6 766 
10335312.6 767 
10335311.4 768 
10335311.4 769 
10335312.0 770 
10335311.6 771 
10335311.6 772 
10335311.2 773 
10335311.0 774 
10335312.6 775 
10335311.0 776 
10335310.4 777 
10335312.8 778 
10335312.4 779 
10335312.8 780 
10335311.8 781 
10335312.4 782 
10335312.8 783 
-2.212197640736898 0.0009 0.0003 0.999982575972875 2e-05 4e-05 0.9992338516314825 6e-06 2e-05 4.500183862050374 0.08 0.1 784 
10335313.2 785 
10335311.8 786 
10335311.6 787 
10335312.2 788 
10335311.8 789 
10335311.4 790 
10335312.6 791 
10335311.6 792 
10335312.4 793 
10335311.4 794 
10335311.4 795 
10335312.6 796 
10335311.0 797 
10335312.0 798 
10335311.6 799 
10335313.0 800 
10335311.8 801 
10335312.6 802 
10335312.6 803 
10335312.8 804 
10335313.0 805 
10335311.4 806 
10335311.6 807 
10335312.0 808 
10335312.2 809 
10335312.2 810 
10335312.2 811 
10335312.0 812 
10335310.6 813 
10335310.6 814 
10335312.6 815 
10335312.2 816 
10335312.6 817 
10335311.6 818 
10335312.4 819 
10335312.2 820 
10335311.8 821 
10335312.2 822 
10335311.0 823 
10335311.8 824 
10335310.6 825 
10335312.4 826 
10335312.4 827 
10335312.4 828 
10335312.4 829 
10335312.4 830 
10335311.6 831 
10335311.8 832 
10335312.8 833 
10335312.8 834 
10335311.8 835 
10335311.8 836 
10335312.2 837 
10335311.4 838 
10335312.0 839 
10335312.2 840 
10335311.4 841 
10335311.2 842 
10335312.4 843 
10335311.0 844 
10335313.0 845 
10335311.6 846 
10335311.8 847 
10335313.2 848 
10335311.2 849 
10335311.8 850 
10335313.0 851 
9.202211231240653e-07 852 
10335312.8 853 
10335312.4 854 
10335311.8 855 
10335312.6 856 
10335313.4 857 
10335312.0 858 
10335310.8 859 
10335311.8 860 
10335312.6 861 
10335312.4 862 
9.202291039400734e-07 863 
10335311.6 864 
10335311.8 865 
10335310.6 866 
10335310.0 867 
10335313.0 868 
10335311.2 869 
10335311.2 870 
10335312.4 871 
10335310.8 872 
10335312.6 873 
10335312.4 874 
10335312.2 875 
10335311.8 876 
10335312.2 877 
10335311.4 878 
10335311.8 879 
10335311.0 880 
10335311.8 881 
10335311.4 882 
10335312.0 883 
10335312.8 884 
10335312.4 885 
10335312.0 886 
10335312.0 887 
10335311.2 888 
10335311.8 889 
10335313.0 890 
10335312.6 891 
10335311.8 892 
10335313.2 893 
10335312.6 894 
10335312.0 895 
10335312.4 896 
10335311.0 897 
10335311.8 898 
10335311.4 899 
10335312.0 900 
10335311.2 901 
10335310.8 902 
10335311.8 903 
10335312.0 904 
10335312.0 905 
10335311.2 906 
10335312.0 907 
10335311.0 908 
10335312.6 909 
10335312.8 910 
10335312.0 911 
10335312.2 912 
10335312.8 913 
10335312.0 914 
10335312.2 915 
10335312.0 916 
10335311.2 917 
10335312.4 918 
10335311.6 919 
10335311.8 920 
10335312.0 921 
-2.2111997604370117 0.002 0.001 0.9999881454308828 1e-05 3e-05 0.9992125487327576 2e-05 5e-05 4.495645340283712 0.1 0.2 922 
10335312.0 923 
10335313.2 924 
10335312.6 925 
10335310.6 926 
10335312.0 927 
10335311.8 928 
10335312.6 929 
10335311.8 930 
10335312.2 931 
10335311.8 932 
10335311.4 933 
10335312.4 934 
10335312.2 935 
10335312.0 936 
10335312.4 937 
10335311.4 938 
10335312.2 939 
10335312.6 940 
10335311.6 941 
10335312.4 942 
10335312.4 943 
10335312.4 944 
10335311.6 945 
10335311.0 946 
10335311.8 947 
10335311.8 948 
10335311.2 949 
10335312.4 950 
-2.2262179247538247 0.0007 0.0003 0.9999909563859304 8e-06 3e-05 0.9999904209375381 9e-06 5e-05 4.512149801254273 0.09 0.08 951 
10335312.0 952 
10335312.6 953 
10335311.6 954 
10335311.6 955 
10335311.6 956 
10335311.4 957 
10335311.6 958 
10335312.2 959 
10335312.2 960 
10335311.2 961 
10335311.8 962 
10335312.2 963 
10335312.4 964 
10335311.6 965 
10335311.8 966 
10335311.6 967 
-2.2260873381296795 0.0004 0.0003 0.9999740689992904 2e-05 6e-05 0.9999959993362427 3e-06 1e-05 4.511648669242859 0.07 0.09 968 
10335312.2 969 
10335312.4 970 
10335312.4 971 
10335310.8 972 
10335312.4 973 
10335312.6 974 
10335311.0 975 
10335311.6 976 
10335312.4 977 
9.202090382132155e-07 978 
10335312.4 979 
10335313.6 980 
10335312.2 981 
10335312.0 982 
10335311.6 983 
10335310.6 984 
10335313.2 985 
10335311.4 986 
10335312.2 987 
10335312.4 988 
10335311.6 989 
10335311.2 990 
10335311.8 991 
10335311.8 992 
10335313.2 993 
10335311.8 994 
10335313.0 995 
10335311.2 996 
10335311.6 997 
10335312.8 998 
10335312.8 999 
10335311.2 1000 
10335312.2 1001 
-2.226228806177775 0.0009 0.0003 0.999990018804868 8e-06 3e-05 0.9999880776802699 1e-05 5e-05 4.511860381762187 0.1 0.1 1002 
10335312.0 1003 
10335311.6 1004 
10335310.8 1005 
10335313.0 1006 
10335312.4 1007 
10335312.8 1008 
10335312.2 1009 
10335311.4 1010 
10335311.0 1011 
10335310.6 1012 
10335312.6 1013 
10335312.6 1014 
10335311.6 1015 
10335312.6 1016 
-2.2122459189097086 0.0004 0.0002 0.999987760980924 1e-05 2e-05 0.9992327831188837 7e-06 2e-05 4.499970372517904 0.06 0.06 1017 
10335312.0 1018 
10335311.6 1019 
10335312.4 1020 
9.202122669194069e-07 1021 
-2.226149435043335 0.001 0.0003 0.9999854135513305 1e-05 5e-05 0.9999862323204677 1e-05 3e-05 4.511605809529622 0.1 0.1 1022 
10335312.6 1023 
10335311.8 1024 
10335312.2 1025 
10335313.2 1026 
10335311.8 1027 
10335311.8 1028 
10335312.6 1029 
10335313.0 1030 
10335311.8 1031 
10335311.4 1032 
-2.226212657292684 0.0009 0.0003 0.9999835805098216 1e-05 3e-05 0.9999974522988001 2e-06 1e-05 4.511836382548014 0.07 0.07 1033 
10335312.4 1034 
10335313.0 1035 
10335311.8 1036 
10335312.2 1037 
10335311.6 1038 
10335311.0 1039 
10335311.4 1040 
10335311.6 1041 
10335312.2 1042 
10335312.2 1043 
10335312.8 1044 
10335312.4 1045 
10335311.8 1046 
10335312.8 1047 
10335312.0 1048 
10335312.2 1049 
10335313.2 1050 
10335312.4 1051 
10335313.2 1052 
10335312.4 1053 
10335312.0 1054 
10335311.0 1055 
10335311.4 1056 
10335312.2 1057 
10335313.4 1058 
10335312.8 1059 
10335312.6 1060 
10335311.8 1061 
10335311.6 1062 
9.202369028571411e-07 1063 
10335311.2 1064 
10335312.8 1065 
10335311.0 1066 
10335311.8 1067 
10335313.2 1068 
10335311.2 1069 
10335311.8 1070 
10335312.0 1071 
10335312.8 1072 
10335311.6 1073 
10335311.4 1074 
10335311.2 1075 
10335313.0 1076 
10335312.6 1077 
10335311.4 1078 
10335311.4 1079 
10335311.2 1080 
10335312.4 1081 
10335311.2 1082 
10335311.6 1083 
10335311.8 1084 
10335313.4 1085 
10335311.4 1086 
10335313.2 1087 
10335312.4 1088 
10335312.0 1089 
10335311.2 1090 
10335312.6 1091 
10335312.4 1092 
10335312.2 1093 
10335312.2 1094 
10335311.2 1095 
10335312.0 1096 
10335311.6 1097 
10335311.4 1098 
10335311.4 1099 
