-2.222401418685913 0.004 0.002 0.999955068230629 2e-05 4e-05 0.999984572728475 9e-06 2e-05 4.51145845413208 0.2 0.2 40 
-2.2246170393625895 0.002 0.001 0.9999483845631282 3e-05 0.0001 0.9999872952699661 4e-06 6e-06 4.512394204139709 0.1 0.1 69 
-2.2228398927052817 0.001 0.0008 0.9999621597925822 9e-06 2e-05 0.9999649731318155 9e-06 1e-05 4.508804570833842 0.2 0.2 119 
-2.2243797620137533 0.003 0.001 0.9999829477071762 8e-06 3e-05 0.9999670815467835 2e-05 2e-05 4.511221098899841 0.1 0.1 0 
-2.220369793574015 0.004 0.003 0.999929221868515 1e-05 3e-05 0.9999360525608063 2e-05 7e-05 4.509796560605367 0.2 0.2 83 
-2.2251960531870525 4e-05 4e-05 0.9999912236134211 2e-06 1e-06 0.999992573261261 5e-07 6e-07 4.512000455856323 0.07 0.07 114 
-2.2206487369537355 0.0002 0.0002 0.9999108582735061 2e-05 2e-05 0.9999475741386413 5e-06 5e-06 4.507464957237244 0.2 0.2 57 
-2.2223334089914957 0.001 0.0009 0.9999758700529734 4e-06 5e-06 0.9998802928129832 4e-05 5e-05 4.497905042966207 0.2 0.2 115 
-2.224104280471802 0.004 0.001 0.9999857880671819 7e-06 2e-05 0.9999848637978236 8e-06 9e-06 4.510635646184285 0.1 0.2 33 
-2.223376614252726 0.0003 0.0002 0.9999796160062154 3e-06 4e-06 0.9999290531873704 2e-05 3e-05 4.505523257255554 0.2 0.2 78 
-2.222603750228882 0.009 0.003 0.9998914547761282 2e-05 0.0001 0.9999791045983633 8e-06 3e-05 4.510380071004231 0.2 0.2 99 
-2.221703182856242 0.003 0.002 0.9999799702564875 9e-06 1e-05 0.9999029437700907 4e-05 7e-05 4.504559879302978 0.2 0.2 51 
-2.223726714452108 0.002 0.0009 0.9999715956052144 9e-06 2e-05 0.9999858943621317 5e-06 5e-06 4.509049781163534 0.1 0.1 3 
-2.2215486685434978 0.002 0.001 0.9999383493264516 2e-05 3e-05 0.999829972187678 1e-05 3e-05 4.513496750195821 0.2 0.2 120 
-2.2203139305114745 0.003 0.002 0.9999616096417109 1e-05 2e-05 0.9999743892749151 4e-06 3e-06 4.50781674861908 0.3 0.3 17 
-2.222449328104655 0.0003 0.0003 0.9999518146117529 2e-06 2e-06 0.9999058202902475 1e-05 2e-05 4.501896850268046 0.2 0.2 24 
-2.2225438849131267 0.004 0.002 0.9999601350227991 1e-05 4e-05 0.9999801715215048 1e-05 2e-05 4.509570384025574 0.2 0.2 103 
-2.2200936317443847 0.005 0.003 0.9999095334609349 1e-05 2e-05 0.99972554286321 0.0001 0.0002 4.49259211063385 0.2 0.2 135 
-2.2242080688476564 0.006 0.002 0.9999802412589391 9e-06 3e-05 0.9985665065050126 1e-05 2e-05 4.528805060386658 0.2 0.2 121 
-2.220537436803182 0.001 0.001 0.9999153532584508 2e-05 3e-05 0.9999265007177989 1e-05 9e-06 4.506852784156799 0.2 0.2 52 
