-2.2254471747080484 2e-05 2e-05 0.9999939435720444 5e-07 4e-07 0.9999825362364451 7e-07 7e-07 4.51220755259196 0.05 0.05 7 
-2.2254439417521157 9e-05 8e-05 0.9999922907352448 1e-06 2e-06 0.9999838284651439 6e-06 8e-06 4.512299189567566 0.06 0.06 86 
-2.225551710128784 0.0005 0.0003 0.9999938046932221 2e-06 3e-06 0.9999863847096762 1e-05 3e-05 4.5123672723770145 0.09 0.09 99 
-2.225595099131266 0.0007 0.0004 0.9999946133295695 2e-06 3e-06 0.999986183444659 1e-05 3e-05 4.512160065968831 0.09 0.09 29 
-2.22541366259257 0.0006 0.0004 0.999991951584816 2e-06 4e-06 0.9999812799692154 9e-06 2e-05 4.512531045277913 0.09 0.09 63 
-2.225347843170166 2e-05 2e-05 0.9999921848376592 5e-07 5e-07 0.9999817750851313 8e-07 7e-07 4.5123768313725785 0.05 0.05 87 
-2.2256501706441245 0.0005 0.0003 0.9999947343269984 2e-06 3e-06 0.9999879495302836 9e-06 3e-05 4.512170697848002 0.08 0.08 74 
-2.225309823354085 2e-05 2e-05 0.9999920189380646 6e-07 5e-07 0.9999797443548838 9e-07 9e-07 4.512417171796163 0.06 0.06 40 
-2.2255934397379558 0.0005 0.0003 0.9999942920605341 2e-06 3e-06 0.9999868532021841 1e-05 3e-05 4.512342114448547 0.08 0.08 28 
-2.2254975986480714 1e-05 2e-05 0.9999942215283711 2e-07 3e-07 0.9999834916989009 7e-07 7e-07 4.5121803538004555 0.05 0.05 67 
-2.225621852874756 0.0004 0.0003 0.9999946057796478 2e-06 4e-06 0.9999877093235652 8e-06 2e-05 4.51228592077891 0.08 0.08 39 
-2.2255566692352295 0.0003 0.0003 0.9999936906496684 2e-06 4e-06 0.9999872024854024 8e-06 2e-05 4.5122417545318605 0.08 0.08 15 
-2.2255646419525146 0.0003 0.0003 0.9999936153491338 2e-06 3e-06 0.9999844696124395 9e-06 2e-05 4.512299790382385 0.08 0.08 42 
-2.2255732091267904 0.0005 0.0003 0.9999933856725692 2e-06 4e-06 0.9999872974554698 9e-06 2e-05 4.5123872486750285 0.09 0.09 10 
-2.225410614013672 2e-05 2e-05 0.9999931806325912 6e-07 5e-07 0.9999823323885599 8e-07 8e-07 4.5123114522298176 0.05 0.05 91 
-2.225359233220418 2e-05 2e-05 0.9999926161766052 5e-07 5e-07 0.999982529481252 7e-07 8e-07 4.512344557444255 0.05 0.05 82 
-2.2255778662363688 0.0004 0.0003 0.9999939970175425 2e-06 3e-06 0.9999877520402273 8e-06 2e-05 4.512382610638936 0.08 0.08 64 
-2.2255198478698732 0.0003 0.0003 0.9999925901492437 2e-06 3e-06 0.9999856885274251 9e-06 2e-05 4.5123667828241985 0.08 0.07 52 
-2.2254440943400065 0.0003 0.0003 0.9999923048416773 2e-06 4e-06 0.9999867486953735 8e-06 2e-05 4.512409192721049 0.08 0.08 77 
-2.2254668521881102 0.0003 0.0003 0.9999917193253836 2e-06 4e-06 0.9999867061773936 8e-06 2e-05 4.512464981079102 0.08 0.08 73 
