-2.2218265438079836 0.002 0.001 0.9999540191888809 2e-05 2e-05 0.9998857820034027 4e-05 6e-05 4.512380681037903 0.2 0.2 79 
-2.221267131169637 0.002 0.001 0.9999443866809209 2e-05 2e-05 0.999871031443278 7e-05 8e-05 4.512112005551656 0.2 0.2 71 
-2.223686164220174 0.002 0.001 0.9999043212334315 6e-05 6e-05 0.9999697196483612 2e-05 3e-05 4.513380239804586 0.2 0.2 48 
-2.2221368885040285 0.0005 0.0004 0.9999772449334462 5e-06 7e-06 0.9998552290598551 1e-05 2e-05 4.510716408093771 0.1 0.1 78 
-2.2200434017181396 0.004 0.002 0.9999218342701593 2e-05 3e-05 0.9998964923620224 8e-05 0.0002 4.5128266143798825 0.2 0.2 80 
-2.220590909322103 0.005 0.002 0.9999319801727931 2e-05 3e-05 0.9999024889866511 8e-05 0.0002 4.512293804486593 0.2 0.2 18 
-2.221097707748413 0.003 0.002 0.999971846540769 1e-05 2e-05 0.9998910295963287 7e-05 0.0001 4.5101051489512125 0.2 0.2 53 
-2.220799554189046 0.003 0.001 0.9999223164717357 3e-05 6e-05 0.9998738586902618 7e-05 6e-05 4.511501491864522 0.2 0.2 94 
-2.2207510693868002 0.004 0.002 0.9999551171064377 1e-05 2e-05 0.9998369948069254 0.0001 0.0003 4.510036894480387 0.1 0.1 33 
-2.2228575992584227 0.002 0.0008 0.9999583262205124 1e-05 2e-05 0.9999278903007507 4e-05 3e-05 4.513145842552185 0.2 0.2 41 
-2.221844205856323 0.002 0.001 0.9999666718641916 9e-06 1e-05 0.9999176841974259 6e-05 0.0001 4.511242283185323 0.2 0.2 70 
-2.222107146581014 0.003 0.002 0.9999611282348633 2e-05 3e-05 0.9998995778958003 8e-05 0.0002 4.5113792816797895 0.1 0.1 15 
-2.2207715193430584 0.003 0.002 0.999927593866984 4e-05 6e-05 0.9998977452516555 7e-05 0.0001 4.5109775368372595 0.2 0.2 61 
-2.2204812367757163 0.005 0.003 0.9998967095216116 7e-05 9e-05 0.9998492622375488 7e-05 0.0001 4.5110511843363446 0.2 0.2 0 
-2.221003793080648 0.004 0.002 0.9999201089143753 5e-05 0.0001 0.9999157744646072 6e-05 8e-05 4.511106004714966 0.2 0.2 49 
-2.2215068181355795 0.0007 0.0007 0.9999514430761337 1e-05 2e-05 0.9998764822880427 3e-05 5e-05 4.51231307665507 0.2 0.2 81 
-2.221707045237223 0.003 0.002 0.9999447788794835 2e-05 2e-05 0.999902418255806 7e-05 0.0002 4.512366100947062 0.2 0.2 77 
-2.221877400080363 0.002 0.001 0.9999501568078994 2e-05 3e-05 0.9999202076594035 5e-05 0.0001 4.511912557284037 0.2 0.2 45 
-2.220098237991333 0.002 0.002 0.9998576291402181 6e-05 7e-05 0.9998876329263051 6e-05 8e-05 4.5118539396921795 0.2 0.2 22 
-2.2251054795583087 0.0004 0.0003 0.9999752996365229 2e-05 0.0001 0.9999903170267741 4e-06 6e-06 4.5124717728296915 0.1 0.1 54 
