-2.2240242958068848 0.002 0.001 0.9999875523646673 4e-06 8e-06 0.9999476424853007 2e-05 3e-05 4.512119809786479 0.1 0.1 19 
-2.2242219416300455 0.0004 0.0003 0.9999705360333124 1e-06 2e-06 0.9999849675099055 8e-06 1e-05 4.51138174533844 0.1 0.1 41 
-2.2249107360839844 0.003 0.001 0.9999752348661423 4e-06 2e-05 0.999989719192187 8e-06 4e-05 4.5114226786295575 0.1 0.1 14 
-2.2245519987742104 0.004 0.001 0.9999483994642894 7e-06 1e-05 0.9999830373128256 1e-05 6e-05 4.511523303985595 0.1 0.2 24 
-2.224694496790568 0.001 0.0006 0.9999757742881775 3e-06 8e-06 0.9999870924154918 5e-06 1e-05 4.5114167849222815 0.09 0.1 53 
-2.224799966812134 0.004 0.001 0.9999615907669067 8e-06 5e-05 0.9999931095043818 5e-06 3e-05 4.51143527507782 0.2 0.1 29 
-2.224748427073161 0.004 0.001 0.999957041144371 8e-06 5e-05 0.9999937542279561 4e-06 2e-05 4.511626189549764 0.2 0.2 51 
-2.2239783795674644 0.003 0.001 0.999974256157875 2e-06 7e-06 0.9999510337909062 3e-05 5e-05 4.512559048334757 0.1 0.1 27 
-2.223433930079142 0.007 0.002 0.9999812724192937 7e-06 3e-05 0.9999380437533061 5e-05 0.0001 4.5113126627604165 0.2 0.2 46 
-2.2246307055155436 0.005 0.002 0.9999889820814133 5e-06 2e-05 0.9999580891927083 4e-05 0.0002 4.5113894669214885 0.2 0.2 58 
-2.2245563507080077 0.004 0.001 0.9999689422051112 5e-06 2e-05 0.9999766649802526 1e-05 6e-05 4.511709469159444 0.1 0.1 43 
-2.224937178293864 0.006 0.001 0.99996488849322 6e-06 2e-05 0.9999901149670283 8e-06 3e-05 4.511781152089437 0.2 0.2 77 
-2.2232878239949545 0.008 0.003 0.9999490064382554 2e-05 7e-05 0.9999730906883876 2e-05 9e-05 4.5099880393346155 0.3 0.2 10 
-2.2244551308949787 0.001 0.0009 0.9999764543771744 2e-06 3e-06 0.9999757152795792 1e-05 2e-05 4.512850397427877 0.1 0.1 16 
-2.2243362204233805 0.005 0.001 0.9999495587746302 4e-06 2e-05 0.9999553988377253 4e-05 0.0002 4.5113369607925415 0.1 0.1 55 
-2.224306335449219 0.003 0.001 0.999955014983813 5e-06 9e-06 0.9999915526310603 5e-06 1e-05 4.511886048316955 0.1 0.1 17 
-2.2250309371948243 0.004 0.001 0.9999727932612101 4e-06 1e-05 0.99998024781545 2e-05 0.0001 4.511432666778564 0.2 0.2 0 
-2.2250450706481932 0.002 0.0007 0.9999931305646896 3e-06 7e-06 0.9999921055634816 3e-06 1e-05 4.51102260907491 0.1 0.1 1 
-2.2239981524149575 0.01 0.002 0.9999461893240611 8e-06 3e-05 0.9999701909224192 3e-05 0.0002 4.509336641629537 0.2 0.2 31 
-2.225080445607503 0.006 0.001 0.9999775660037994 5e-06 3e-05 0.9999873538812002 9e-06 5e-05 4.511903200149536 0.2 0.1 3 
