-2.223228104909261 0.006 0.002 0.9999724970261256 1e-05 4e-05 0.9999595534801483 3e-05 0.0001 4.510459202130636 0.2 0.2 82 
-2.224566764831543 0.0006 0.0005 0.9999854999780655 3e-06 5e-06 0.9999803898731867 1e-05 4e-05 4.51068151473999 0.1 0.1 99 
-2.224304313659668 0.001 0.0007 0.9999495194355646 7e-06 1e-05 0.9999081073204676 2e-05 3e-05 4.512673870722453 0.1 0.1 78 
-2.224557647705078 0.0004 0.0003 0.999986665447553 3e-06 3e-06 0.9999872678518296 3e-06 1e-05 4.511044805844625 0.09 0.09 56 
-2.222101345062256 0.002 0.001 0.9999295886357625 1e-05 2e-05 0.9999486615260442 2e-05 3e-05 4.505249349276225 0.2 0.2 31 
-2.2221361637115478 0.0007 0.0005 0.9999681852261225 1e-05 1e-05 0.9999368623892466 7e-06 7e-06 4.506560193697611 0.2 0.2 97 
-2.220978469848633 0.0002 0.0002 0.9995490483442943 5e-05 5e-05 0.9984986052910487 2e-05 3e-05 4.524011408487956 0.2 0.2 77 
-2.2234143257141112 0.0004 0.0003 0.9999616368611653 3e-06 3e-06 0.9998472028970719 1e-05 1e-05 4.509245025316874 0.1 0.1 74 
-2.222403964996338 0.0003 0.0003 0.9999353341261545 1e-05 1e-05 0.9999470357100169 2e-05 2e-05 4.505258361498515 0.2 0.2 16 
-2.222622261047363 0.0005 0.0004 0.9999516427516937 1e-05 1e-05 0.9999560830990474 1e-05 1e-05 4.51108413696289 0.2 0.2 43 
-2.2237907791137697 0.002 0.0007 0.9999758988618851 9e-06 1e-05 0.9999712457259496 8e-06 1e-05 4.5106656424204505 0.1 0.1 18 
-2.2245484733581544 0.001 0.0005 0.9999737201134363 6e-06 1e-05 0.9985702808698018 2e-05 3e-05 4.528206055959066 0.1 0.1 71 
-2.225297203063965 0.0003 0.0002 0.9999907167752584 2e-06 3e-06 0.9999928788344066 4e-06 2e-05 4.512036779721578 0.09 0.09 53 
-2.223339074452718 0.002 0.002 0.9999559531609218 1e-05 2e-05 0.9985876015822093 2e-05 4e-05 4.524297164281209 0.2 0.2 8 
-2.2202525742848715 0.0003 0.0003 0.9999316513538361 1e-05 1e-05 0.9985520639022192 2e-05 2e-05 4.527253227233887 0.1 0.1 94 
-2.223483861287435 0.001 0.0008 0.9999667235215505 9e-06 1e-05 0.9999904368321101 3e-06 5e-06 4.509563026428222 0.1 0.1 85 
-2.2235991382598876 0.0003 0.0003 0.9999643202622731 7e-06 2e-05 0.9995952584346135 1e-05 2e-05 4.515351556142171 0.1 0.1 27 
-2.2224061107635498 0.0005 0.0004 0.9999571464459102 6e-06 7e-06 0.9999689147869746 8e-06 1e-05 4.507616505622864 0.1 0.1 35 
-2.2236129315694173 0.001 0.0005 0.999970406293869 9e-06 1e-05 0.9999469830592473 7e-06 1e-05 4.510478800137838 0.2 0.2 59 
-2.222946850458781 0.0008 0.0006 0.999951355457306 1e-05 1e-05 0.9999624874194463 9e-06 7e-06 4.509477200508118 0.1 0.1 1 
