-2.2221563466389975 2e-05 2e-05 0.9999363181988398 1e-06 1e-06 0.99979489783446 8e-06 8e-06 4.523216150601705 0.04 0.04 86 
-2.224213167826335 0.006 0.002 0.9999933550755183 5e-06 2e-05 0.9999779566129049 2e-05 5e-05 4.511170333226522 0.2 0.2 7 
-2.224878002802531 0.002 0.0008 0.9999909770488739 5e-06 1e-05 0.9999863388140996 9e-06 2e-05 4.511529038747152 0.2 0.2 94 
-2.22480837504069 0.0009 0.0004 0.9999842615922292 4e-06 5e-06 0.9999809034665426 7e-06 1e-05 4.511711619695028 0.1 0.1 73 
-2.2248115094502765 0.0005 0.0004 0.9999829578399658 3e-06 4e-06 0.9999876987934112 7e-06 1e-05 4.5115981912612915 0.1 0.1 133 
-2.2248966121673583 0.0001 0.0001 0.9999856623013814 8e-07 8e-07 0.9999877913792928 4e-06 5e-06 4.5115955464045205 0.1 0.1 130 
-2.2245210202534995 0.003 0.002 0.9999893037478129 8e-06 4e-05 0.9999749294916789 2e-05 9e-05 4.511172466278076 0.2 0.2 101 
-2.2250266869862876 0.001 0.0005 0.9999942640463512 4e-06 1e-05 0.9999901328484218 6e-06 9e-06 4.511662885348002 0.1 0.1 60 
-2.224755484263102 0.0005 0.0004 0.9999842403332392 3e-06 5e-06 0.999987578590711 7e-06 2e-05 4.511442500750224 0.1 0.1 146 
-2.224492883682251 0.004 0.001 0.9999895755449931 7e-06 2e-05 0.999961017370224 3e-05 5e-05 4.511344615618388 0.2 0.2 65 
-2.2247595087687175 0.001 0.0007 0.9999765775601069 5e-06 8e-06 0.9999804806709289 1e-05 2e-05 4.511367578506469 0.2 0.2 84 
-2.224992691675822 0.0009 0.0004 0.9999914610385895 4e-06 6e-06 0.9999811142683029 6e-06 1e-05 4.511694110234578 0.1 0.1 47 
-2.2249606800079347 0.0006 0.0004 0.9999949634075165 3e-06 5e-06 0.9999883286158244 6e-06 1e-05 4.511705905596415 0.1 0.1 123 
-2.224860283533732 0.004 0.001 0.9999670714139939 9e-06 3e-05 0.9999731713533402 2e-05 3e-05 4.51200611114502 0.2 0.2 114 
-2.223844725290934 0.005 0.002 0.9999792538086574 8e-06 1e-05 0.9999572515487671 3e-05 8e-05 4.510878586769104 0.2 0.2 76 
-2.2253183873494464 0.002 0.0006 0.9999941229820252 4e-06 2e-05 0.9999652117490768 3e-05 0.0001 4.511666758855184 0.2 0.2 138 
-2.2246302445729573 0.0003 0.0003 0.9999952429533004 2e-06 3e-06 0.999965792298317 1e-05 2e-05 4.511509408950806 0.1 0.1 17 
-2.2238579750061036 0.002 0.001 0.9999911401669185 5e-06 1e-05 0.9999535034100214 3e-05 9e-05 4.510832354227702 0.2 0.2 131 
-2.224871301651001 0.0006 0.0004 0.9999857880671819 3e-06 5e-06 0.9999845836559932 7e-06 1e-05 4.511514933904012 0.1 0.1 49 
-2.224997418721517 0.0001 0.0001 0.9999967354536057 9e-07 1e-06 0.9999887158473333 4e-06 6e-06 4.511610282262167 0.1 0.1 35 
