-2.2264995511372883 0.0001 6e-05 0.9999992326895396 8e-07 2e-06 0.9999987310171128 1e-06 6e-06 4.512153382301331 0.03 0.04 53 
-2.2264961020151772 0.0001 6e-05 0.9999991927544276 9e-07 3e-06 0.9999987335999807 1e-06 5e-06 4.512248942057291 0.04 0.04 23 
-2.2264990774790445 0.0001 5e-05 0.9999992430210114 9e-07 2e-06 0.9999987111488978 1e-06 5e-06 4.512133798599243 0.04 0.04 93 
-2.226498778661092 0.0002 5e-05 0.9999992499748865 9e-07 2e-06 0.9999987373749415 1e-06 5e-06 4.512213102976481 0.04 0.03 11 
-2.2264961338043214 0.0002 5e-05 0.9999991299708685 9e-07 3e-06 0.9999986735979716 1e-06 9e-06 4.512196683883667 0.03 0.03 90 
-2.226495548884074 0.0001 5e-05 0.9999992165962855 9e-07 2e-06 0.9999986143906912 2e-06 6e-06 4.512233462333679 0.04 0.04 9 
-2.226459223429362 0.0001 9e-05 0.9999992316961288 6e-07 1e-06 0.9999984880288442 1e-06 6e-06 4.512191699345906 0.03 0.03 45 
-2.22650003751119 0.0001 5e-05 0.9999992128213246 8e-07 2e-06 0.9999987673759461 1e-06 6e-06 4.512266837755839 0.04 0.03 13 
-2.2264908027648924 0.0003 6e-05 0.9999992352724075 9e-07 3e-06 0.9999984862407049 2e-06 6e-06 4.512104657491048 0.03 0.04 68 
-2.2264973322550454 0.0001 5e-05 0.9999991615613302 8e-07 2e-06 0.9999987840652466 1e-06 4e-06 4.512119145393371 0.04 0.04 28 
-2.2264955298105877 0.0002 6e-05 0.9999991838137309 9e-07 3e-06 0.9999985776344935 2e-06 7e-06 4.512273933092753 0.04 0.04 34 
-2.226463476816813 0.0001 8e-05 0.999999287923177 8e-07 2e-06 0.9999987427393595 1e-06 4e-06 4.512178378105164 0.03 0.03 73 
-2.226500701904297 0.0001 5e-05 0.999999157389005 8e-07 4e-06 0.9999987969795863 1e-06 4e-06 4.512238960266114 0.03 0.03 67 
-2.226499319076538 0.0002 5e-05 0.9999992928902308 8e-07 2e-06 0.9999987224737803 1e-06 5e-06 4.512195337613424 0.04 0.03 82 
-2.2264941533406577 0.0002 6e-05 0.9999990896383921 1e-06 2e-06 0.9999986712137858 1e-06 6e-06 4.512186716397603 0.04 0.03 92 
-2.226342856089274 0.0005 0.0002 0.9999993232885996 8e-07 3e-06 0.9999930860598882 6e-06 2e-05 4.512085541089376 0.05 0.04 55 
-2.226495615641276 0.0002 5e-05 0.9999991331497828 9e-07 3e-06 0.9999985553820928 1e-06 7e-06 4.512107526461284 0.03 0.04 19 
-2.226500123341878 0.0002 5e-05 0.9999992684523265 9e-07 2e-06 0.9999987067778905 1e-06 5e-06 4.512216914494832 0.03 0.04 20 
-2.2264996655782063 0.0001 5e-05 0.9999992261330287 8e-07 2e-06 0.9999987779060999 1e-06 5e-06 4.512214872042338 0.04 0.03 56 
-2.2265004316965737 0.0001 5e-05 0.999999241232872 9e-07 2e-06 0.9999988067150116 1e-06 4e-06 4.512155372301738 0.04 0.03 81 
