-2.2260596847534178 0.001 0.0004 0.9999955610434215 2e-06 8e-06 0.9999945690234502 4e-06 1e-05 4.512390360832215 0.07 0.07 36 
-2.2261239369710286 0.001 0.0003 0.9999969400962194 2e-06 7e-06 0.999994809627533 4e-06 1e-05 4.512419999440511 0.07 0.07 77 
-2.226040932337443 7e-06 6e-06 0.9999962957700094 4e-07 3e-07 0.9999881571531296 2e-07 3e-07 4.512407563527425 0.04 0.04 3 
-2.2260959720611573 0.001 0.0003 0.999996236761411 2e-06 6e-06 0.9999948251247406 4e-06 1e-05 4.512451462745666 0.07 0.07 62 
-2.226076755523682 0.001 0.0003 0.9999966162443161 2e-06 8e-06 0.9999942022562027 4e-06 4e-06 4.512525979677836 0.05 0.05 16 
-2.226116065979004 0.0008 0.0003 0.9999965663750966 2e-06 6e-06 0.9999951018889746 4e-06 1e-05 4.512396114667257 0.07 0.07 34 
-2.2260690212249754 6e-06 6e-06 0.9999966990947723 3e-07 3e-07 0.999988418618838 3e-07 3e-07 4.51236790339152 0.03 0.03 69 
-2.226026395161947 0.002 0.0004 0.99999571621418 2e-06 1e-05 0.9999934961398442 4e-06 1e-05 4.5125084416071575 0.07 0.07 18 
-2.2259789880116783 7e-06 7e-06 0.9999954462051391 4e-07 4e-07 0.9999866280953089 4e-07 4e-07 4.5125984843571985 0.04 0.04 73 
-2.2259789880116783 7e-06 7e-06 0.9999954462051391 4e-07 4e-07 0.9999866280953089 4e-07 4e-07 4.5125984843571985 0.04 0.04 73 
-2.2261693414052326 0.001 0.0003 0.9999971956014633 2e-06 6e-06 0.9999957805871964 4e-06 1e-05 4.512377804120382 0.07 0.08 47 
-2.2260522270202636 0.001 0.0004 0.9999958592653274 2e-06 7e-06 0.9999944686889648 4e-06 2e-05 4.512589295705159 0.09 0.09 46 
-2.2260534795125326 0.001 0.0003 0.9999960539738337 2e-06 6e-06 0.9999946133295695 4e-06 1e-05 4.5124455865224204 0.08 0.08 45 
-2.225968411763509 3e-05 3e-05 0.9999953758716583 8e-07 9e-07 0.9999846682945888 3e-06 4e-06 4.5126495981216435 0.05 0.05 93 
-2.226007696787516 0.0007 0.0002 0.9999952544768651 1e-06 1e-06 0.9999944812059403 4e-06 2e-05 4.512628455162048 0.08 0.08 74 
-2.226138312021891 0.001 0.0003 0.9999972295761108 2e-06 8e-06 0.9999953921635946 4e-06 8e-06 4.512414156595866 0.07 0.07 27 
-2.226093813578288 0.0005 0.0002 0.9999963829914729 8e-07 1e-06 0.999988129734993 4e-06 2e-05 4.5123690589269 0.07 0.07 5 
-2.2261152680714926 0.0009 0.0003 0.999996902346611 2e-06 6e-06 0.9999954080581666 3e-06 1e-05 4.512385975519816 0.07 0.07 6 
-2.2260109774271646 6e-06 6e-06 0.9999959707260132 4e-07 4e-07 0.9999906545877457 3e-07 4e-07 4.512480595906576 0.04 0.04 83 
-2.2261003971099855 0.001 0.0004 0.999995809396108 2e-06 8e-06 0.9999950840075811 4e-06 1e-05 4.512504412333171 0.07 0.07 65 
