-2.225661236445109 0.0004 0.0003 0.999995788137118 2e-06 4e-06 0.9999874953428904 7e-06 1e-05 4.512065734863281 0.08 0.08 59 
-2.2256236203511555 0.0002 0.0002 0.9999960718552271 1e-06 3e-06 0.9999867437283197 8e-06 2e-05 4.512083886464437 0.08 0.08 20 
-2.225586967468262 0.0003 0.0002 0.9999956361452739 1e-06 3e-06 0.999986295302709 8e-06 2e-05 4.512078595161438 0.09 0.09 13 
-2.2256438477834064 0.0003 0.0002 0.9999959258238474 1e-06 3e-06 0.9999866370360057 8e-06 2e-05 4.5120794900258385 0.08 0.08 68 
-2.2255290095011393 7e-05 6e-05 0.9999956530332565 9e-07 1e-06 0.9999841626485189 4e-06 5e-06 4.511978786786397 0.07 0.07 79 
-2.2256385262807212 0.0005 0.0003 0.9999954088528951 2e-06 5e-06 0.999985986550649 7e-06 2e-05 4.5121186876297 0.09 0.09 45 
-2.225805155436198 0.001 0.0004 0.9999969720840454 2e-06 3e-06 0.9999870441357295 8e-06 5e-05 4.5120835701624555 0.1 0.1 38 
-2.225554660161336 0.0003 0.0002 0.9999956033627192 2e-06 3e-06 0.9999840641021729 6e-06 1e-05 4.512035183906555 0.08 0.08 24 
-2.225697231292725 0.0008 0.0004 0.9999965711434682 2e-06 4e-06 0.9999826421340307 7e-06 3e-05 4.512376909255981 0.1 0.1 94 
-2.2256500053405763 0.0003 0.0002 0.9999958896636962 1e-06 3e-06 0.9999859658877055 7e-06 1e-05 4.512002600034078 0.08 0.08 9 
-2.2256309604644775 0.0003 0.0002 0.9999961159626642 1e-06 3e-06 0.9999857558806737 8e-06 2e-05 4.5120266151428225 0.08 0.08 8 
-2.225668570200602 0.0005 0.0003 0.9999961392084757 2e-06 4e-06 0.9999853203694026 7e-06 2e-05 4.512037712732951 0.09 0.09 18 
-2.2256756369272868 0.0004 0.0003 0.9999961622556051 2e-06 3e-06 0.9999869483709335 8e-06 2e-05 4.51199862798055 0.08 0.08 25 
-2.2256296634674073 0.0003 0.0002 0.9999959095319112 2e-06 3e-06 0.999986018538475 8e-06 2e-05 4.512091717720032 0.08 0.08 83 
-2.225656957626343 0.0003 0.0002 0.9999959045648574 1e-06 3e-06 0.9999868271748225 8e-06 2e-05 4.511987805366516 0.08 0.08 74 
-2.2256152216593423 0.0003 0.0002 0.999995374083519 1e-06 3e-06 0.9999863503376643 8e-06 2e-05 4.512068926493327 0.08 0.08 26 
-2.22563045501709 0.0003 0.0002 0.999996015628179 1e-06 3e-06 0.9999865438540777 8e-06 2e-05 4.512018445332845 0.08 0.08 76 
-2.2255524730682374 0.0002 0.0002 0.9999951040744781 1e-06 3e-06 0.999986509680748 7e-06 1e-05 4.5120025777816775 0.08 0.08 80 
-2.2256592909495034 0.0003 0.0003 0.9999961658318838 1e-06 3e-06 0.9999860254923503 9e-06 2e-05 4.512030771573385 0.08 0.08 7 
-2.2256775347391766 0.0003 0.0002 0.9999963287512461 1e-06 3e-06 0.9999870588382085 8e-06 2e-05 4.51202359199524 0.08 0.08 48 
