-2.2087906964619957 0.001 0.0007 0.99996113717556 1e-05 3e-05 0.9992120409011841 1e-05 2e-05 4.496910138130188 0.1 0.1 0 
-2.207020864486694 0.01 0.004 0.99993809958299 3e-05 0.0002 0.9991801855961482 4e-05 0.0003 4.496541364987691 0.3 0.3 4 
-2.219975512822469 0.002 0.002 0.9999058691660563 2e-05 3e-05 0.9999188286066055 1e-05 2e-05 4.510718741416931 0.2 0.2 6 
-2.2010515371958417 0.001 0.001 0.9999091819922129 1e-05 1e-05 0.9922501341501871 0.0001 0.0001 4.565785077412923 0.4 0.4 8 
-2.200670013427734 0.07 0.02 0.9998137744267782 9e-05 0.0003 0.9997820822397868 0.0001 0.0003 4.485088720321655 0.3 0.4 9 
-0.3725755039850871 0.002 0.002 0.8277126113573711 0.006 0.006 0.9648708842198054 0.002 0.002 2.503433282375336 0.3 0.3 11 
-0.37779457251230875 0.001 0.0007 0.8138976281881333 0.006 0.006 0.981935410896937 0.0008 0.001 2.3844228903452556 0.2 0.2 12 
-2.194555377960205 0.0005 0.0005 0.9999008536338806 8e-06 8e-06 0.9975580954551697 4e-05 4e-05 4.485003034273784 0.2 0.2 14 
-2.2005751768747968 0.0002 0.0002 0.9999544954299927 5e-06 5e-06 0.9991919535398484 1e-05 1e-05 4.4932952276865645 0.1 0.1 15 
-0.376762326558431 0.0001 0.0001 0.8133359595139822 9e-05 9e-05 0.984835865298907 0.002 0.002 2.3632368516921995 0.1 0.1 16 
-2.2246303749084473 0.001 0.0005 0.9999576507012049 2e-05 4e-05 0.9999917662143707 3e-06 3e-06 4.510929400126139 0.1 0.1 17 
-2.221138350168864 0.002 0.002 0.9999472620089849 2e-05 2e-05 0.9999090224504471 9e-06 2e-05 4.507542087237041 0.2 0.2 18 
-1.878361021677653 0.0002 0.0002 0.996927676598231 4e-05 5e-05 0.9997164638837178 8e-05 8e-05 4.287699373563131 0.1 0.1 21 
-2.221094535191854 0.0002 0.0002 0.9999464132388433 6e-06 6e-06 0.999906045794487 4e-06 7e-06 4.5038636525472 0.2 0.2 23 
-2.2208426825205483 0.002 0.001 0.9999090427160263 1e-05 2e-05 0.9985516560077667 3e-05 3e-05 4.526439913113912 0.2 0.2 25 
-2.2190418148040774 0.001 0.001 0.9999153731266658 1e-05 1e-05 0.999786612590154 5e-05 6e-05 4.490431318283081 0.2 0.2 28 
-2.2152414162953695 0.0009 0.0008 0.9999273194869359 1e-05 1e-05 0.998571516474088 3e-05 3e-05 4.520112643241882 0.2 0.2 32 
-0.3860032320022583 0.002 0.0009 0.8228034198284149 0.003 0.003 0.9836301994323731 0.0002 0.0002 2.427825411160787 0.2 0.2 33 
-0.37816404342651366 2e-05 2e-05 0.8137488156557083 0.0006 0.0006 0.9828958094120026 0.0006 0.0006 2.381807986100515 0.06 0.06 35 
-2.2209863249460855 0.003 0.002 0.9998951452970505 2e-05 2e-05 0.9999645553032557 2e-05 3e-05 4.508258269627889 0.2 0.2 39 
-2.2035771465301512 0.005 0.003 0.9997909146547318 3e-05 7e-05 0.9990795159339905 4e-05 0.0002 4.498689414660136 0.2 0.2 43 
-2.208826026916504 0.0004 0.0004 0.9999437125523886 8e-06 9e-06 0.998467099070549 2e-05 2e-05 4.5028625027338665 0.2 0.2 45 
-2.2140646012624106 0.0007 0.0007 0.9997939145565033 3e-05 3e-05 0.9997485266129176 6e-05 6e-05 4.491233900388082 0.2 0.2 46 
-2.2171190134684244 0.0005 0.0005 0.9998599962393443 3e-05 3e-05 0.9997764201958974 4e-05 4e-05 4.49204815864563 0.3 0.3 47 
-2.2236701329549153 0.002 0.0009 0.9999661421775818 1e-05 2e-05 0.9999263580640158 5e-06 1e-05 4.509828998247783 0.1 0.1 48 
-0.3887418508529663 0.0001 9e-05 0.8201884871721268 0.004 0.004 0.9838876209656398 0.0009 0.0009 2.417465869585673 0.1 0.1 51 
-2.190370200475057 0.006 0.004 0.9998023607333502 5e-05 6e-05 0.9986307919025421 1e-05 2e-05 4.484877795378367 0.5 0.5 52 
-2.2236528301239016 0.0001 0.0001 0.9999683558940887 3e-06 3e-06 0.9999313404162725 4e-06 4e-06 4.509261144002279 0.1 0.1 53 
-2.201753606796265 0.004 0.003 0.9999124240875245 6e-06 1e-05 0.9991730797290802 7e-06 1e-05 4.493773132960001 0.4 0.4 54 
-2.2243138853708904 0.0004 0.0003 0.9999791008234024 6e-06 6e-06 0.9998883815606435 9e-07 2e-06 4.512081578572591 0.1 0.1 55 
-2.2254095617930094 0.0002 0.0002 0.9999913666645686 1e-06 1e-06 0.9999817589918772 1e-06 3e-06 4.512002944946289 0.08 0.08 57 
-2.199030361175537 0.009 0.003 0.9998920299609502 5e-05 0.0003 0.999212987224261 1e-05 5e-05 4.491522277196248 0.3 0.3 58 
-2.218383181889852 0.003 0.002 0.9999202082554499 1e-05 2e-05 0.9997584313154221 2e-05 2e-05 4.5086904859542845 0.3 0.3 60 
-1.5803274218241374 0.004 0.002 0.9948301219940185 0.0005 0.0006 0.7947336687644323 0.0002 0.0002 2.1954331000645957 0.1 0.1 62 
-2.2177369435628256 0.0005 0.0004 0.9998623315493266 5e-05 5e-05 0.9993926260868708 9e-06 1e-05 4.516294651031494 0.2 0.2 64 
-1.8743327649434407 0.0004 0.0005 0.9968674357732137 0.0002 0.0002 0.999696830312411 0.0001 0.0001 4.271941485404969 0.2 0.2 65 
-2.200080769856771 0.0008 0.0008 0.999898745616277 4e-06 4e-06 0.999199196100235 7e-06 7e-06 4.494240196545919 0.2 0.2 68 
-2.2179293537139895 0.009 0.004 0.9998483461141586 4e-05 6e-05 0.99988915959994 1e-05 2e-05 4.512199459075927 0.2 0.2 70 
-2.2135449123382567 0.0008 0.0006 0.9999505227804184 3e-06 2e-06 0.999991592168808 4e-06 1e-05 4.505933248202006 0.1 0.1 71 
-2.222958615620931 0.002 0.001 0.9999321486552556 2e-05 2e-05 0.9985487602154414 4e-05 0.0001 4.529646932284037 0.2 0.2 72 
-0.3876786263783773 0.0005 0.0004 0.8199553863207499 0.002 0.002 0.9840261793136597 0.0008 0.0008 2.414640239079793 0.2 0.2 74 
-2.223520237604777 0.0005 0.0003 0.9999617610375087 1e-05 1e-05 0.9985591425498327 2e-05 4e-05 4.528145593007405 0.1 0.1 76 
-2.209711701075236 9e-05 9e-05 0.9999834883213043 4e-06 4e-06 0.999202176729838 7e-06 7e-06 4.498101797103882 0.1 0.1 77 
-0.38928964296976726 0.003 0.001 0.819683984319369 0.002 0.003 0.9839216663440069 0.002 0.002 2.4164722577730813 0.1 0.1 78 
-0.3878770303726196 0.002 0.001 0.820938532948494 0.01 0.01 0.9842682441075643 0.001 0.002 2.415757380326589 0.2 0.2 79 
-2.2197085730234782 0.001 0.0007 0.9998963296413421 1e-05 2e-05 0.9983910117546717 6e-05 7e-05 4.516783447265625 0.2 0.2 80 
-2.2099514865875243 0.02 0.002 0.9999349703391393 5e-05 0.0003 0.9992286233107249 4e-06 3e-05 4.499313826560974 0.05 0.05 81 
-2.219634126027425 0.003 0.002 0.9999068919817606 3e-05 3e-05 0.9999618182579676 8e-06 2e-05 4.5054026699066165 0.3 0.3 82 
-2.222987775802612 0.001 0.0006 0.9999574295679728 9e-06 1e-05 0.9999765775601069 6e-06 1e-05 4.510316282908121 0.1 0.1 83 
-2.220702896118164 0.002 0.0009 0.9999402171373367 7e-06 9e-06 0.9999617085854212 2e-05 2e-05 4.506598580678304 0.2 0.2 84 
-2.2227381165822346 0.004 0.002 0.9999159212907155 4e-05 7e-05 0.9999740844964982 1e-05 5e-05 4.510969626108805 0.1 0.2 85 
-2.1648456033070884 0.007 0.004 0.9960306698083877 0.0004 0.0005 0.9986936636765797 0.0002 0.0003 4.516636211077373 0.2 0.2 86 
-2.2009054247538247 0.001 0.0009 0.9997878468036652 2e-05 1e-05 0.9991753804683685 1e-05 1e-05 4.4992733335495 0.2 0.2 88 
-2.2032264391581218 0.001 0.001 0.9999301993846893 1e-05 8e-06 0.9992282178004582 4e-06 5e-06 4.495169539451599 0.2 0.2 89 
-2.224194129308065 0.0002 0.0002 0.999968826174736 3e-06 3e-06 0.9985813021659851 2e-05 2e-05 4.525100944836934 0.1 0.1 92 
-2.2203273296356203 0.009 0.003 0.999926458199819 3e-05 4e-05 0.9999393298228582 3e-05 5e-05 4.505352606773377 0.3 0.3 94 
-2.2138870588938393 0.005 0.002 0.9999386163552603 2e-05 4e-05 0.9998152089118958 7e-06 7e-06 4.507490522066752 0.2 0.2 96 
