-2.226500155131022 0.0002 5e-05 0.9999992438157399 8e-07 3e-06 0.999998740752538 1e-06 4e-06 4.51211476167043 0.03 0.04 0 
-2.226463368733724 0.0001 8e-05 0.9999993366003036 8e-07 1e-06 0.9999985571702321 1e-06 4e-06 4.512135780652364 0.03 0.03 1 
-2.2265025774637857 0.0001 5e-05 0.9999991923570632 9e-07 3e-06 0.9999986918767293 1e-06 6e-06 4.512150135040283 0.04 0.04 2 
-2.226497230529785 0.0001 5e-05 0.999999171892802 8e-07 3e-06 0.9999986247221628 1e-06 6e-06 4.512190988858541 0.04 0.03 3 
-2.226504332224528 0.0001 5e-05 0.9999991794427235 8e-07 5e-06 0.9999988694985708 1e-06 5e-06 4.512238380114238 0.03 0.03 4 
-2.2265029589335126 0.0002 5e-05 0.9999992368618648 9e-07 4e-06 0.9999987612167994 1e-06 7e-06 4.512125871976217 0.03 0.03 5 
-2.226467390060425 0.0001 8e-05 0.9999992199738821 6e-07 9e-07 0.9999987775087357 1e-06 4e-06 4.512214767138163 0.03 0.03 6 
-2.226501382191976 0.0002 5e-05 0.9999992853403091 8e-07 2e-06 0.9999987848599752 1e-06 4e-06 4.512114442189534 0.03 0.03 7 
-2.226504596074422 0.0002 5e-05 0.999999251961708 9e-07 3e-06 0.9999988172451655 1e-06 6e-06 4.5120868968963626 0.03 0.03 8 
-2.2265020974477134 0.0001 5e-05 0.9999992277224858 9e-07 2e-06 0.9999987282355627 1e-06 5e-06 4.512172824541728 0.03 0.04 9 
-2.2265032577514647 0.0001 5e-05 0.9999992424249649 9e-07 4e-06 0.9999988238016765 1e-06 6e-06 4.512102179527282 0.03 0.04 10 
-2.226506077448527 9e-05 5e-05 0.9999992263317108 8e-07 3e-06 0.9999989161888758 1e-06 4e-06 4.512158484458923 0.03 0.03 11 
-2.2265010420481364 0.0001 5e-05 0.9999992487827937 8e-07 3e-06 0.9999988345305125 1e-06 6e-06 4.512197284698487 0.04 0.03 12 
-2.2265028889973957 0.0002 5e-05 0.9999991828203201 8e-07 2e-06 0.999998856584231 1e-06 8e-06 4.512088314692179 0.03 0.03 13 
-2.22646385828654 0.0001 9e-05 0.9999992460012436 9e-07 2e-06 0.9999987304210662 1e-06 4e-06 4.512232063611348 0.03 0.03 14 
-2.226502552032471 0.0001 5e-05 0.9999991758664449 9e-07 3e-06 0.9999988051255544 1e-06 5e-06 4.512064598401388 0.04 0.04 15 
-2.2265033467610675 0.0001 5e-05 0.9999992054700851 8e-07 2e-06 0.9999988492329915 1e-06 4e-06 4.512169550259908 0.03 0.03 16 
-2.2265013440450034 0.0001 5e-05 0.9999992152055105 8e-07 4e-06 0.9999987391630808 1e-06 5e-06 4.512147026062012 0.04 0.04 17 
-2.2265030829111736 0.0001 5e-05 0.9999992336829503 9e-07 2e-06 0.9999987941980362 1e-06 4e-06 4.512195119857788 0.03 0.03 18 
-2.2265015125274656 0.0002 5e-05 0.9999991846084595 8e-07 3e-06 0.999998827179273 1e-06 4e-06 4.512064913113912 0.04 0.03 19 
-2.226459445953369 0.0001 9e-05 0.9999993312358856 7e-07 2e-06 0.9999984353780746 2e-06 4e-06 4.512140924135844 0.03 0.03 20 
-2.2265038045247394 0.0002 5e-05 0.9999992640813192 7e-07 2e-06 0.9999987518787384 1e-06 5e-06 4.512195704778035 0.03 0.03 21 
-2.2265018876393636 0.0001 5e-05 0.9999992056687673 9e-07 2e-06 0.9999987063805262 1e-06 7e-06 4.512156980832418 0.04 0.03 22 
-2.2265014171600344 0.0001 5e-05 0.9999992817640304 6e-07 2e-06 0.999998676776886 1e-06 5e-06 4.512138252258301 0.03 0.04 23 
-2.2264989376068116 0.0002 5e-05 0.9999992754062017 8e-07 4e-06 0.999998805920283 1e-06 5e-06 4.5122769848505655 0.05 0.03 24 
-2.226503798166911 0.0001 5e-05 0.9999992843468984 8e-07 3e-06 0.9999987632036209 1e-06 4e-06 4.512179953257243 0.03 0.03 25 
-2.2265013885498046 0.0001 5e-05 0.9999991969267528 9e-07 2e-06 0.9999987332026163 1e-06 5e-06 4.512226926485697 0.04 0.03 26 
-2.2264586289723716 0.0001 9e-05 0.9999992620944976 7e-07 2e-06 0.9999984351793925 2e-06 4e-06 4.512101462682089 0.04 0.03 27 
-2.2265021228790283 0.0001 5e-05 0.999999190568924 8e-07 4e-06 0.9999988083044687 1e-06 5e-06 4.51214898109436 0.03 0.03 28 
-2.2265028540293375 0.0001 5e-05 0.9999992857376735 7e-07 2e-06 0.9999988410870234 1e-06 3e-06 4.512094875971476 0.04 0.03 29 
-2.226501766840617 0.0002 5e-05 0.9999992646773657 9e-07 3e-06 0.9999987715482712 1e-06 5e-06 4.512189310391744 0.03 0.04 30 
-2.2264981937408446 0.0002 5e-05 0.9999992092450459 9e-07 3e-06 0.9999985559781392 1e-06 7e-06 4.512220179239909 0.04 0.04 31 
-2.226500908533732 0.0001 5e-05 0.9999992307027181 9e-07 3e-06 0.999998750090599 1e-06 5e-06 4.512138915061951 0.04 0.03 32 
-2.2264996083577473 0.0002 5e-05 0.9999992010990778 8e-07 3e-06 0.9999985839923223 1e-06 4e-06 4.512105504671733 0.03 0.04 33 
-2.2265044530232747 0.0001 5e-05 0.9999992563327154 7e-07 2e-06 0.9999988392988841 1e-06 4e-06 4.5121510759989425 0.03 0.03 34 
-2.2265001010894774 0.0002 5e-05 0.9999992277224858 9e-07 3e-06 0.9999987306197484 1e-06 5e-06 4.51212742805481 0.04 0.04 35 
-2.2265001138051352 0.0001 5e-05 0.9999991995096207 8e-07 3e-06 0.9999986265103022 1e-06 6e-06 4.512210704485575 0.04 0.03 36 
-2.2265016333262126 0.0002 5e-05 0.999999277194341 7e-07 2e-06 0.9999986610809962 1e-06 4e-06 4.512238330841065 0.04 0.04 37 
-2.2264562288920087 0.0001 9e-05 0.999999303817749 7e-07 2e-06 0.9999981109301249 2e-06 6e-06 4.512236746152242 0.04 0.04 38 
-2.226498187383016 0.0001 5e-05 0.9999991794427235 8e-07 3e-06 0.9999984753131866 1e-06 7e-06 4.512186438242594 0.04 0.03 39 
-2.2265062936147055 0.0001 5e-05 0.9999992857376735 1e-06 3e-06 0.9999988559881846 1e-06 3e-06 4.512197850545247 0.04 0.03 40 
-2.22649987856547 0.0002 5e-05 0.999999227921168 8e-07 3e-06 0.999998596906662 2e-06 7e-06 4.51217169602712 0.04 0.04 41 
-2.2264976978302 0.0001 5e-05 0.999999161362648 8e-07 3e-06 0.999998674194018 1e-06 6e-06 4.512167410850525 0.03 0.03 42 
-2.2265035247802736 0.0001 5e-05 0.9999992390473683 8e-07 3e-06 0.9999987794955572 1e-06 5e-06 4.512192169825236 0.03 0.04 43 
-2.2265043767293293 0.0001 5e-05 0.9999992311000824 9e-07 3e-06 0.999998820622762 1e-06 5e-06 4.5122217877705895 0.03 0.03 44 
-2.226451915105184 0.0001 0.0001 0.9999993139505386 7e-07 2e-06 0.9999981087446213 2e-06 8e-06 4.5121060641606645 0.04 0.04 45 
-2.2265031560262045 0.0002 5e-05 0.9999991782506307 9e-07 2e-06 0.9999987471103668 1e-06 3e-06 4.51229547659556 0.04 0.03 46 
-2.2264999516805015 0.0002 5e-05 0.9999991277853648 9e-07 4e-06 0.9999986157814662 1e-06 8e-06 4.512138145764669 0.03 0.04 47 
-2.2265013694763183 0.0001 5e-05 0.9999992481867472 8e-07 3e-06 0.9999987836678823 1e-06 5e-06 4.512102726300557 0.03 0.03 48 
-2.226505832672119 0.0001 5e-05 0.9999992354710897 9e-07 2e-06 0.9999989062547684 1e-06 4e-06 4.512052068710327 0.03 0.03 49 
-2.22650156656901 0.0002 5e-05 0.9999991703033447 8e-07 2e-06 0.9999986936648687 1e-06 7e-06 4.512195642789205 0.03 0.04 50 
-2.22650026957194 0.0002 5e-05 0.9999992179870606 8e-07 3e-06 0.9999987475077311 1e-06 4e-06 4.5121502606074015 0.04 0.04 51 
-2.2265008862813316 0.0002 5e-05 0.9999992360671361 8e-07 3e-06 0.999998743335406 1e-06 7e-06 4.5121346839269005 0.03 0.03 52 
-2.2265009307861328 0.0002 5e-05 0.9999992038806279 7e-07 2e-06 0.9999987548589706 1e-06 5e-06 4.512126893997192 0.03 0.03 53 
-2.226499493916829 0.0002 5e-05 0.9999991881847382 9e-07 4e-06 0.9999987516800563 1e-06 5e-06 4.512100845972697 0.04 0.04 54 
-2.2264967219034832 0.0002 5e-05 0.9999991981188456 8e-07 2e-06 0.9999986463785171 1e-06 5e-06 4.5120806868871055 0.03 0.04 55 
-2.2265023454030355 0.0001 5e-05 0.999999162753423 1e-06 2e-06 0.9999987292289734 1e-06 7e-06 4.512132422129313 0.03 0.03 56 
-2.226499182383219 0.0002 5e-05 0.9999991730848948 9e-07 3e-06 0.9999987177054087 1e-06 6e-06 4.512198362350464 0.03 0.03 57 
-2.226501216888428 0.0001 5e-05 0.9999992104371389 8e-07 2e-06 0.99999875664711 1e-06 5e-06 4.512163166999817 0.03 0.03 58 
-2.22650198618571 0.0002 5e-05 0.9999992460012436 9e-07 3e-06 0.9999987030029297 1e-06 4e-06 4.512097795804341 0.03 0.04 59 
-2.2265009530385336 0.0001 5e-05 0.9999992001056671 8e-07 2e-06 0.9999988041321437 1e-06 4e-06 4.512081290880839 0.04 0.04 60 
-2.2264608065287272 0.0001 9e-05 0.9999992525577546 9e-07 2e-06 0.9999985573689143 1e-06 4e-06 4.512119841575623 0.03 0.04 61 
-2.2265014171600344 0.0001 5e-05 0.9999992416302363 9e-07 2e-06 0.9999986831347147 1e-06 7e-06 4.512183704376221 0.03 0.03 62 
-2.226504872639974 0.0001 5e-05 0.9999992756048838 7e-07 2e-06 0.9999987632036209 1e-06 5e-06 4.512252643903096 0.03 0.03 63 
-2.226459690729777 0.0001 9e-05 0.9999993379910787 8e-07 1e-06 0.9999986344575882 1e-06 3e-06 4.512223774592082 0.03 0.03 64 
-2.2265029780069985 0.0001 5e-05 0.999999187986056 8e-07 2e-06 0.9999989173809687 1e-06 4e-06 4.512179913520813 0.03 0.03 65 
-2.2265013535817464 0.0002 5e-05 0.9999991842110951 9e-07 3e-06 0.9999987745285034 1e-06 5e-06 4.512214681307475 0.03 0.03 66 
-2.226500536600749 0.0001 5e-05 0.9999991989135742 8e-07 5e-06 0.9999988025426865 1e-06 4e-06 4.512212677001953 0.03 0.03 67 
-2.226501175562541 0.0002 5e-05 0.9999992400407791 8e-07 2e-06 0.9999987979729971 1e-06 7e-06 4.51213850180308 0.04 0.03 68 
-2.2264986101786297 0.0001 5e-05 0.9999992028872172 8e-07 3e-06 0.9999987188975016 1e-06 5e-06 4.512241603533427 0.03 0.04 69 
-2.226498718261719 0.0002 5e-05 0.9999991571903228 8e-07 2e-06 0.9999984802802404 2e-06 6e-06 4.512142473856608 0.03 0.03 70 
-2.2264968649546306 0.0002 5e-05 0.9999991790453593 8e-07 3e-06 0.9999985625346501 1e-06 6e-06 4.512159182230632 0.03 0.03 71 
-2.2265020847320556 0.0002 5e-05 0.9999992154041926 9e-07 2e-06 0.9999987095594406 1e-06 5e-06 4.512214514414469 0.03 0.03 72 
-2.2265018622080484 0.0001 5e-05 0.999999247789383 9e-07 2e-06 0.9999987322092057 1e-06 5e-06 4.512111140886943 0.03 0.03 73 
-2.2264982159932454 0.0002 5e-05 0.9999991293748219 9e-07 4e-06 0.9999986350536346 1e-06 6e-06 4.512237466176351 0.03 0.04 74 
-2.2265063508351646 9e-05 4e-05 0.9999992024898529 9e-07 3e-06 0.9999988398949305 1e-06 6e-06 4.512172907193502 0.04 0.03 75 
-2.2264997482299806 0.0001 5e-05 0.9999992177883784 8e-07 3e-06 0.9999987661838532 1e-06 5e-06 4.512326245307922 0.03 0.03 76 
-2.2265016905466717 0.0001 5e-05 0.9999991724888484 8e-07 3e-06 0.9999988041321437 1e-06 5e-06 4.512158295313517 0.04 0.03 77 
-2.2265029176076254 0.0001 5e-05 0.9999992366631826 9e-07 2e-06 0.9999988585710525 1e-06 4e-06 4.512247989972432 0.04 0.03 78 
-2.2264996433258055 0.0001 5e-05 0.9999992593129476 7e-07 4e-06 0.9999986147880554 1e-06 5e-06 4.512217313448588 0.04 0.03 79 
-2.2265027491251628 0.0001 5e-05 0.9999992163976034 9e-07 3e-06 0.9999987216790517 1e-06 4e-06 4.512185031572978 0.04 0.03 80 
-2.226500225067139 0.0001 5e-05 0.9999992307027181 8e-07 2e-06 0.9999987802902858 1e-06 4e-06 4.512175216674804 0.03 0.03 81 
-2.226504700978597 0.0001 5e-05 0.9999992277224858 9e-07 3e-06 0.9999987838665644 1e-06 5e-06 4.51220543384552 0.04 0.03 82 
-2.2265025043487547 0.0001 5e-05 0.9999992048740387 8e-07 2e-06 0.9999987389643987 1e-06 6e-06 4.512198247909546 0.03 0.03 83 
-2.22650226910909 0.0001 5e-05 0.9999991955359777 9e-07 3e-06 0.9999988172451655 1e-06 4e-06 4.512130023638408 0.03 0.04 84 
-2.2264992650349935 0.0002 6e-05 0.9999991657336553 8e-07 5e-06 0.9999985537926356 1e-06 7e-06 4.512345403035482 0.04 0.04 85 
-2.226503267288208 0.0001 5e-05 0.999999257326126 9e-07 2e-06 0.999998816649119 1e-06 4e-06 4.512132202784221 0.03 0.04 86 
-2.226507641474406 0.0002 5e-05 0.9999992362658183 9e-07 3e-06 0.9999989279111227 1e-06 5e-06 4.512144131660461 0.03 0.03 87 
-2.226500225067139 0.0002 5e-05 0.9999992609024048 1e-06 3e-06 0.9999988114833832 1e-06 8e-06 4.5122688150405885 0.03 0.03 88 
-2.22650045077006 0.0002 5e-05 0.9999992587169011 9e-07 2e-06 0.9999986094236374 1e-06 7e-06 4.512147385279338 0.04 0.04 89 
-2.2264981365203855 0.0002 5e-05 0.9999991422891616 1e-06 3e-06 0.999998558362325 2e-06 8e-06 4.512157559394836 0.03 0.03 90 
-2.2265028603871664 0.0002 5e-05 0.9999991593758265 7e-07 3e-06 0.9999987204869588 1e-06 5e-06 4.512213478088379 0.03 0.03 91 
-2.2264978663126627 0.0002 5e-05 0.9999992289145787 9e-07 2e-06 0.9999984870354335 2e-06 1e-05 4.512216747601827 0.03 0.03 92 
-2.226499115626017 0.0002 5e-05 0.9999991780519486 8e-07 3e-06 0.9999986217419307 1e-06 5e-06 4.512159039179484 0.03 0.03 93 
-2.226500094731649 0.0002 5e-05 0.9999991675217946 8e-07 3e-06 0.9999987067778905 1e-06 5e-06 4.512119024594625 0.03 0.03 94 
-2.226499443054199 0.0002 5e-05 0.9999991623560588 8e-07 5e-06 0.9999987111488978 1e-06 5e-06 4.512143584887187 0.03 0.03 95 
-2.2265033117930093 0.0001 5e-05 0.9999992328882218 8e-07 2e-06 0.9999988895654678 1e-06 5e-06 4.512107249895732 0.04 0.03 96 
-2.2265024026234945 0.0001 5e-05 0.9999991643428803 1e-06 3e-06 0.9999987848599752 1e-06 4e-06 4.512129219373067 0.03 0.03 97 
-2.2265036646525065 0.0001 5e-05 0.9999992644786835 7e-07 2e-06 0.9999988317489624 1e-06 6e-06 4.512169078191121 0.03 0.03 98 
-2.2265029112497965 0.0002 5e-05 0.9999992450078329 9e-07 2e-06 0.9999988172451655 1e-06 6e-06 4.512133793830872 0.03 0.04 99 
