-2.2256845887502035 0.0002 0.0001 0.9999964237213135 1e-06 2e-06 0.9999871887763341 6e-06 1e-05 4.512090091705322 0.07 0.07 0 
-2.2254318745930988 0.0003 0.0001 0.9999943125247955 2e-06 4e-06 0.9999857834974925 5e-06 6e-06 4.512241673469544 0.08 0.08 1 
-2.225630601247152 0.0002 0.0001 0.9999957857529322 1e-06 2e-06 0.9999859511852265 6e-06 1e-05 4.512073570887248 0.08 0.08 2 
-2.225650151570638 0.0002 0.0002 0.9999959743022919 1e-06 3e-06 0.9999876608451207 5e-06 8e-06 4.512049702008565 0.07 0.07 3 
-2.2256271425882974 0.0002 0.0001 0.9999960231781005 1e-06 2e-06 0.9999865730603535 6e-06 1e-05 4.512093396186828 0.08 0.08 4 
-2.2255728530883787 0.0003 0.0001 0.9999955131610234 2e-06 4e-06 0.9999859621127446 4e-06 6e-06 4.512215711275736 0.07 0.07 5 
-2.225651518503825 0.0002 0.0002 0.9999960227807363 1e-06 2e-06 0.9999862990776698 6e-06 1e-05 4.5120325962702434 0.08 0.08 6 
-2.2256637159983317 0.0002 0.0001 0.9999960380792617 1e-06 2e-06 0.9999877399206162 5e-06 9e-06 4.512039465904236 0.07 0.07 7 
-2.2255827363332115 0.0002 0.0001 0.9999955264727275 1e-06 2e-06 0.9999862863620123 6e-06 1e-05 4.512083134651184 0.08 0.08 8 
-2.225590403874715 0.0002 0.0002 0.999995358188947 1e-06 3e-06 0.9999871611595154 6e-06 1e-05 4.512116538683573 0.08 0.08 9 
-2.2255974610646567 0.0002 0.0001 0.9999957247575124 1e-06 2e-06 0.999987323085467 6e-06 1e-05 4.511861203511556 0.08 0.08 10 
-2.225469331741333 0.0003 0.0001 0.9999947639306387 2e-06 4e-06 0.9999854334195455 4e-06 6e-06 4.512186686197917 0.08 0.08 11 
-2.2255917898813884 0.0002 0.0002 0.9999953353404999 2e-06 3e-06 0.9999865412712097 6e-06 1e-05 4.5120177793502805 0.08 0.08 12 
-2.2256649780273436 0.0002 0.0002 0.9999964096148809 1e-06 2e-06 0.9999852561950684 7e-06 1e-05 4.512041821479797 0.08 0.08 13 
-2.2255828126271564 0.0002 0.0001 0.9999955163399379 1e-06 2e-06 0.9999861180782318 6e-06 1e-05 4.51192490418752 0.08 0.08 14 
-2.2256567255655924 0.0004 0.0003 0.9999956154823303 2e-06 4e-06 0.9999870777130127 7e-06 1e-05 4.511996647516886 0.08 0.08 15 
-2.2255808607737224 0.0002 0.0001 0.9999950454632441 1e-06 2e-06 0.9999869779745738 5e-06 6e-06 4.51227490901947 0.07 0.07 16 
-2.2256405321757 0.0002 0.0002 0.9999961066246033 1e-06 2e-06 0.9999866116046906 6e-06 1e-05 4.51212219397227 0.08 0.08 17 
-2.225523338317871 0.0002 0.0001 0.9999952371915182 1e-06 3e-06 0.999985093275706 4e-06 6e-06 4.512158880233764 0.07 0.07 18 
-2.2256293869018555 0.0002 0.0001 0.9999958026409149 1e-06 2e-06 0.9999871186415354 6e-06 1e-05 4.5120984681447345 0.08 0.08 19 
-2.2256176694234213 0.0002 0.0001 0.9999956232309342 1e-06 2e-06 0.9999867328008016 6e-06 1e-05 4.512070792516073 0.08 0.08 20 
-2.2255816014607746 0.0001 9e-05 0.9999959548314412 1e-06 2e-06 0.9999820894002914 4e-06 6e-06 4.511959519386291 0.07 0.07 21 
-2.2256042416890462 0.0002 0.0002 0.999995493888855 1e-06 3e-06 0.9999875066677729 6e-06 9e-06 4.5120909865697225 0.07 0.07 22 
-2.225512768427531 0.0002 0.0001 0.9999952679872512 1e-06 3e-06 0.9999847690264384 4e-06 5e-06 4.512145846684774 0.07 0.07 23 
-2.2255754566192625 0.0001 0.0001 0.999995238383611 1e-06 2e-06 0.9999865641196569 5e-06 8e-06 4.512138239542643 0.08 0.08 24 
-2.225461057027181 0.0002 0.0001 0.9999949248631795 1e-06 3e-06 0.9999845423301061 5e-06 6e-06 4.512134437561035 0.08 0.08 25 
-2.2256326484680176 0.0002 0.0001 0.9999955461422603 1e-06 2e-06 0.999987152616183 6e-06 1e-05 4.512095549901327 0.08 0.08 26 
-2.2256046803792318 0.0003 0.0001 0.9999954624970754 1e-06 2e-06 0.9999885416030884 5e-06 1e-05 4.511858323415121 0.08 0.08 27 
-2.2255849552154543 0.0002 0.0001 0.9999956365426381 1e-06 2e-06 0.999984082976977 6e-06 9e-06 4.512123483022054 0.07 0.07 28 
-2.225643059412638 0.0002 0.0002 0.9999957575400671 1e-06 2e-06 0.9999867270390193 6e-06 9e-06 4.512128882408142 0.07 0.07 29 
-2.2256124655405682 0.0002 0.0001 0.9999957595268886 1e-06 2e-06 0.9999860119819641 5e-06 9e-06 4.512026306788127 0.07 0.07 30 
-2.2254708862304686 4e-05 4e-05 0.999995176990827 7e-07 1e-06 0.9999829983711243 2e-06 3e-06 4.512044483820597 0.07 0.07 31 
-2.225603313446045 0.0002 0.0001 0.9999953885873158 1e-06 2e-06 0.999985206524531 5e-06 9e-06 4.51217317422231 0.07 0.07 32 
-2.2256132984161376 0.0001 0.0001 0.9999951273202896 1e-06 2e-06 0.9999862883488337 6e-06 1e-05 4.512145325342814 0.07 0.07 33 
-2.225595525105794 0.0001 0.0001 0.9999957323074341 1e-06 2e-06 0.999985826810201 6e-06 1e-05 4.5120897245407106 0.08 0.08 34 
-2.22564227104187 0.0002 0.0002 0.9999959075450897 2e-06 3e-06 0.9999858383337656 6e-06 1e-05 4.512141259511312 0.08 0.08 35 
-2.2256322129567465 0.0002 0.0002 0.9999955070018768 1e-06 2e-06 0.9999865315357844 6e-06 1e-05 4.512102282842 0.07 0.07 36 
-2.225583251317342 0.0002 0.0001 0.9999955262740453 1e-06 2e-06 0.9999864341815313 6e-06 1e-05 4.512066980997721 0.08 0.08 37 
-2.225637667973836 0.0002 0.0002 0.999995504617691 1e-06 2e-06 0.9999846915404002 8e-06 1e-05 4.5120516761144005 0.08 0.08 38 
-2.2254909070332847 0.0002 0.0001 0.9999952387809753 1e-06 3e-06 0.9999847964445749 5e-06 6e-06 4.51206026395162 0.07 0.07 39 
-2.2256397596995035 0.0003 0.0002 0.99999602496624 1e-06 3e-06 0.9999876240889232 6e-06 1e-05 4.512125557263692 0.08 0.08 40 
-2.225619977315267 0.0002 0.0001 0.9999955691893896 1e-06 2e-06 0.9999865130583445 5e-06 9e-06 4.512092892328898 0.08 0.08 41 
-2.225557362238566 0.0001 0.0001 0.9999955898523331 1e-06 2e-06 0.9999855937560399 6e-06 1e-05 4.51207804997762 0.08 0.08 42 
-2.225648358662923 0.0002 0.0001 0.9999960591395696 1e-06 2e-06 0.9999859211842219 5e-06 8e-06 4.512057995796203 0.07 0.07 43 
-2.225594787597656 0.0001 0.0001 0.999996325969696 1e-06 2e-06 0.9999846484263738 5e-06 6e-06 4.512060523033142 0.06 0.06 44 
-2.22550620396932 0.0003 0.0001 0.9999950158596039 2e-06 4e-06 0.9999851387739181 4e-06 6e-06 4.512199420928955 0.08 0.08 45 
-2.2256362215677896 0.0002 0.0001 0.9999960869550705 1e-06 2e-06 0.9999857350190481 6e-06 1e-05 4.51204494158427 0.08 0.08 46 
-2.2254795392354327 0.0001 8e-05 0.9999950659275055 1e-06 2e-06 0.9999841084082921 4e-06 5e-06 4.51207542737325 0.07 0.07 47 
-2.2256118392944337 0.0006 0.0003 0.9999955515066783 2e-06 3e-06 0.9999865939219793 8e-06 3e-05 4.512060208320618 0.09 0.09 48 
-2.225489584604899 0.0003 0.0001 0.999994544784228 2e-06 4e-06 0.9999850922822953 4e-06 7e-06 4.512237114906311 0.08 0.08 49 
-2.2255991649627687 0.0003 0.0002 0.9999955209096273 2e-06 3e-06 0.9999853601058324 8e-06 1e-05 4.5123397397995 0.09 0.09 50 
-2.2256096108754475 0.0002 0.0001 0.9999959365526835 1e-06 2e-06 0.9999859722455343 7e-06 1e-05 4.511995902061463 0.08 0.08 51 
-2.225751193364461 0.0003 0.0002 0.9999968504905701 2e-06 3e-06 0.9999801709254583 5e-06 1e-05 4.51219645023346 0.08 0.08 52 
-2.2255997180938722 0.0003 0.0002 0.9999956301848094 2e-06 3e-06 0.999987658460935 5e-06 8e-06 4.512079873085022 0.08 0.08 53 
-2.2254893016815185 0.0002 0.0001 0.9999947792291641 1e-06 3e-06 0.9999817355473837 5e-06 6e-06 4.512232313156128 0.07 0.07 54 
-2.2255032094319662 0.0001 9e-05 0.9999953234195709 1e-06 2e-06 0.9999812338749567 4e-06 5e-06 4.512065850893657 0.08 0.08 55 
-2.2255302969614665 0.0002 0.0002 0.9999949659903844 2e-06 2e-06 0.9999836264053981 7e-06 1e-05 4.512119158109029 0.09 0.09 56 
-2.2255569903055825 0.0002 0.0001 0.9999953232208888 1e-06 3e-06 0.9999861707290013 6e-06 1e-05 4.512086884180705 0.08 0.08 57 
-2.225628801981608 0.0002 0.0001 0.9999959931770961 1e-06 2e-06 0.999985231757164 6e-06 1e-05 4.512135543823242 0.08 0.08 58 
-2.225744489034017 0.0003 0.0002 0.9999964845180511 2e-06 3e-06 0.9999881126483281 7e-06 1e-05 4.51208877881368 0.07 0.07 59 
-2.2256333955128986 0.0002 0.0001 0.9999953989187876 1e-06 2e-06 0.9999868162473042 5e-06 7e-06 4.512017518679301 0.07 0.07 60 
-2.2255903180440266 0.0002 0.0002 0.9999954529603322 1e-06 2e-06 0.9999864947795868 6e-06 9e-06 4.512108681996663 0.08 0.08 61 
-2.22558469136556 0.0002 0.0001 0.9999955018361409 1e-06 2e-06 0.999986696044604 6e-06 1e-05 4.512080116271973 0.07 0.07 62 
-2.2256179269154868 0.0002 0.0001 0.9999957704544067 1e-06 3e-06 0.9999865317344665 6e-06 1e-05 4.512109847068786 0.08 0.08 63 
-2.2255864556630454 0.0001 0.0001 0.9999953059355418 1e-06 2e-06 0.9999867725372314 6e-06 9e-06 4.5121134742101034 0.07 0.07 64 
-2.2254835891723634 0.0001 0.0001 0.9999946757157644 1e-06 2e-06 0.9999846182266872 6e-06 1e-05 4.512126916249593 0.08 0.08 65 
-2.2255239868164063 0.0001 9e-05 0.9999953691164652 1e-06 2e-06 0.9999818841616313 3e-06 5e-06 4.512048190434774 0.07 0.07 66 
-2.2255333264668784 0.0004 0.0002 0.9999950079123179 2e-06 4e-06 0.9999874975283941 6e-06 8e-06 4.512029358545939 0.08 0.07 67 
-2.2254993216196697 0.0001 9e-05 0.9999951622883478 1e-06 2e-06 0.9999818676710128 5e-06 5e-06 4.512066135406494 0.07 0.07 68 
-2.2256019083658853 0.0002 0.0001 0.9999953512350718 1e-06 2e-06 0.9999861180782318 5e-06 9e-06 4.512118204434713 0.08 0.08 69 
-2.2254829565684 2e-05 2e-05 0.9999952640136083 3e-07 3e-07 0.9999812793731689 6e-07 8e-07 4.511983985900879 0.06 0.06 70 
-2.2256082693735757 0.0002 0.0002 0.9999958288669586 1e-06 2e-06 0.9999847998221715 6e-06 1e-05 4.512137079238892 0.08 0.08 71 
-2.2255319341023765 0.0002 0.0001 0.9999949554602305 1e-06 2e-06 0.9999861071507136 6e-06 9e-06 4.511995557149251 0.08 0.08 72 
-2.225560375849406 0.0002 0.0002 0.9999952256679535 1e-06 2e-06 0.999983839392662 7e-06 1e-05 4.512150716781616 0.08 0.08 73 
-2.225556805928548 0.0003 0.0002 0.9999952173233032 1e-06 3e-06 0.9999841765562694 6e-06 9e-06 4.512079836527507 0.08 0.08 74 
-2.2255346393585205 0.0002 0.0001 0.999995679060618 1e-06 3e-06 0.9999842705329259 3e-06 5e-06 4.512007932662964 0.07 0.07 75 
-2.225605640411377 0.0002 0.0001 0.9999962759017944 1e-06 3e-06 0.9999849468469619 5e-06 7e-06 4.512029790878296 0.07 0.07 76 
-2.225652958552043 0.0002 0.0002 0.999995970527331 1e-06 2e-06 0.9999872267246246 6e-06 9e-06 4.5121351957321165 0.07 0.07 77 
-2.2256126181284586 0.0002 0.0001 0.999995774825414 1e-06 2e-06 0.999985491236051 5e-06 8e-06 4.512037307421366 0.07 0.07 78 
-2.2255084832509358 0.0005 0.0003 0.9999950887759527 2e-06 3e-06 0.9999848330020904 1e-05 3e-05 4.512098045349121 0.09 0.09 79 
-2.2256213855743407 0.0002 0.0001 0.999995981057485 1e-06 2e-06 0.9999861071507136 6e-06 1e-05 4.512037744522095 0.08 0.08 80 
-2.225622994105021 0.0002 0.0001 0.999995814760526 1e-06 2e-06 0.9999860527118047 6e-06 1e-05 4.512168885866801 0.08 0.08 81 
-2.2256389300028485 0.0002 0.0001 0.9999960718552271 1e-06 2e-06 0.9999866336584091 5e-06 9e-06 4.512096468607584 0.07 0.07 82 
-2.2255558808644613 0.0001 0.0001 0.9999953995148341 1e-06 2e-06 0.9999865645170212 6e-06 1e-05 4.512041487693787 0.08 0.08 83 
-2.225621821085612 0.0001 8e-05 0.9999950742721557 1e-06 2e-06 0.9999888116121292 4e-06 6e-06 4.512168210347493 0.06 0.06 84 
-2.2255702940622966 7e-05 6e-05 0.9999958888689677 1e-06 1e-06 0.9999837297201156 3e-06 5e-06 4.511983884175619 0.06 0.06 85 
-2.2256158034006757 0.0002 0.0001 0.999995843966802 1e-06 2e-06 0.9999864280223847 6e-06 1e-05 4.512126762072246 0.08 0.08 86 
-2.2256056690216064 0.0002 0.0001 0.9999959057569504 1e-06 2e-06 0.9999863189458847 6e-06 1e-05 4.512060228983561 0.08 0.08 87 
-2.2256839752197264 0.0002 0.0001 0.999995829463005 1e-06 2e-06 0.9999873006343841 5e-06 7e-06 4.512081079483032 0.07 0.06 88 
-2.2256386534372967 0.0002 0.0001 0.9999961858987808 1e-06 2e-06 0.9999867471059164 6e-06 1e-05 4.511872150103251 0.08 0.08 89 
-2.2255745124816895 0.0002 0.0001 0.9999958298603694 1e-06 3e-06 0.9999852883815765 5e-06 6e-06 4.512076215744019 0.07 0.07 90 
-2.225495694478353 0.0002 0.0001 0.9999950637420019 2e-06 3e-06 0.9999849595626196 4e-06 5e-06 4.5121601231892905 0.07 0.07 91 
-2.2255895805358885 0.0002 0.0001 0.9999955381949742 1e-06 2e-06 0.9999856932957967 6e-06 1e-05 4.512036566734314 0.08 0.08 92 
-2.225636568069458 0.0002 0.0001 0.9999958803256352 1e-06 2e-06 0.999986958305041 5e-06 9e-06 4.512119649251302 0.07 0.07 93 
-2.2255872631073 0.0002 0.0001 0.9999956729014715 1e-06 2e-06 0.9999858508507411 6e-06 8e-06 4.512005325953166 0.07 0.07 94 
-2.2255284214019775 2e-05 2e-05 0.999995893239975 5e-07 4e-07 0.9999824380874633 6e-07 6e-07 4.511948145230611 0.05 0.05 95 
-2.2256316630045574 0.0002 0.0002 0.99999575873216 1e-06 2e-06 0.9999867077668508 6e-06 9e-06 4.512144392331441 0.08 0.08 96 
-2.2255970287322997 0.0002 0.0002 0.999995577732722 2e-06 3e-06 0.9999862796068192 6e-06 1e-05 4.512189167340597 0.08 0.08 97 
-2.2255549812316895 0.0002 0.0002 0.9999947730700175 1e-06 2e-06 0.9999856762091319 8e-06 2e-05 4.5120967594782515 0.08 0.07 98 
-2.225576032002767 0.0004 0.0003 0.9999947843949 2e-06 3e-06 0.9999875921010971 7e-06 9e-06 4.512158414522807 0.08 0.08 99 
