-1.5031297302246094 0.8 0.2 0.988004119793574 0.006 0.01 0.8324203784267108 0.1 0.5 4.768687206109365 7.0 2.0 0 
-2.224687592188517 0.0008 0.0006 0.9999880301952362 9e-06 1e-05 0.9999749851226807 2e-05 2e-05 4.511221987406413 0.08 0.07 1 
-1.5183600823084513 0.5 0.2 0.9712693969408671 0.03 0.07 0.7999143518010775 0.1 0.6 4.885785314242045 5.0 3.0 2 
-1.7762521171569825 0.07 0.06 0.9949781924486161 0.0009 0.002 0.9840332688887914 0.004 0.004 4.33335990746816 2.0 2.0 3 
-1.5121144930521646 0.5 0.2 0.9882059792677561 0.006 0.02 0.7881737307707468 0.1 0.5 5.214718984762827 9.0 3.0 4 
-2.224714069366455 0.0007 0.0005 0.9999908002217611 7e-06 8e-06 0.9999723456303279 2e-05 3e-05 4.511120313008626 0.08 0.08 5 
-2.2245199139912923 0.0009 0.0007 0.9999864929914475 1e-05 1e-05 0.9999747669696808 2e-05 2e-05 4.511509725252787 0.08 0.08 6 
-1.5227479712168375 0.5 0.2 0.9866713575522105 0.01 0.03 0.7390067506829897 0.2 0.5 5.460312297344208 7.0 3.0 7 
-2.224656915664673 0.0007 0.0006 0.9999874480565389 8e-06 9e-06 0.9999750530719758 2e-05 2e-05 4.511053306261698 0.08 0.08 8 
-2.224764356613159 0.0003 0.0003 0.9999792456626893 7e-06 7e-06 0.9999578817685445 3e-05 5e-05 4.513780584335327 0.08 0.08 9 
-1.3793512789408366 0.9 0.3 0.9784204995632172 0.02 0.03 0.6229526941726605 0.3 0.5 7.0018331487973535 10.0 4.0 10 
-2.224552049636841 0.0009 0.0007 0.9999841495354971 9e-06 1e-05 0.9999770510196686 2e-05 2e-05 4.511375301678975 0.08 0.08 11 
-2.2243156401316324 0.001 0.0009 0.9999815410375595 1e-05 2e-05 0.9999751001596451 2e-05 2e-05 4.509830320676167 0.09 0.08 12 
-2.1411677424112954 0.002 0.002 0.9995988208055496 8e-05 8e-05 0.9997529170910517 3e-05 3e-05 4.463749817212423 0.1 0.1 13 
-2.223826519648234 0.004 0.002 0.999989180167516 4e-06 1e-05 0.999875497619311 0.0001 0.0002 4.511541061401367 0.1 0.1 14 
-1.4568940766652425 0.6 0.2 0.9808993615706761 0.02 0.05 0.7478115396698316 0.2 0.6 5.418873130480448 7.0 3.0 15 
-1.706281598409017 0.005 0.005 0.9931680780649185 0.002 0.002 0.960171078244845 0.002 0.002 4.282053270339966 1.0 1.0 16 
-2.2245904445648192 0.001 0.0008 0.9999808782339096 1e-05 1e-05 0.9999762723843256 2e-05 2e-05 4.511678290367127 0.08 0.07 17 
-2.2250276819864907 0.0005 0.0004 0.9999911318222682 4e-06 6e-06 0.9999745412667592 2e-05 3e-05 4.511371415456136 0.09 0.09 18 
-1.5193582089742024 0.1 0.08 0.9869632116953532 0.004 0.005 0.9125959849357606 0.02 0.03 4.224416880607605 1.0 1.0 19 
-2.2246029504140217 0.0009 0.0007 0.9999855403105418 1e-05 1e-05 0.9999749612808227 2e-05 2e-05 4.51182022412618 0.08 0.08 20 
-1.5127416674296061 0.2 0.1 0.9889541747172673 0.003 0.003 0.770720731317997 0.1 0.3 5.022654579480489 5.0 2.0 21 
-2.2246144580841065 0.001 0.0007 0.9999880431095759 8e-06 1e-05 0.9999778517087301 2e-05 2e-05 4.511663454373678 0.08 0.08 22 
-2.2251473903656005 0.001 0.0007 0.9999893095095952 6e-06 1e-05 0.9999832540750504 1e-05 2e-05 4.511901383399963 0.08 0.08 23 
-2.0616099135080974 0.01 0.01 0.9995136241118113 1e-05 1e-05 0.9939609650770823 5e-05 5e-05 4.3549698448181156 0.2 0.2 24 
-1.6791203498840332 0.06 0.04 0.992004086971283 0.004 0.005 0.9649500093857447 0.02 0.02 4.2939901304245 2.0 2.0 25 
-1.2308278942108155 0.1 0.2 0.9726753707726796 0.01 0.007 0.4956975283225377 0.2 0.2 7.817958834966023 4.0 3.0 26 
-1.3825509230295816 0.3 0.2 0.9790582319100698 0.01 0.02 0.8560184774796168 0.08 0.08 4.412237524986267 0.9 0.9 27 
-2.2236533705393473 0.002 0.001 0.9999576699733734 1e-05 1e-05 0.9999651696284612 3e-05 4e-05 4.51416188398997 0.1 0.1 28 
-2.1336877822875975 0.003 0.003 0.9995192154248556 0.0001 0.0001 0.9997872143983841 6e-05 6e-05 4.454469359715779 0.1 0.1 29 
-2.2246058559417725 0.001 0.0008 0.9999859255552291 1e-05 1e-05 0.999979074994723 1e-05 2e-05 4.5120339632034305 0.07 0.07 30 
-1.7410592746734619 0.01 0.01 0.9935830001036327 0.003 0.003 0.972253809372584 0.0008 0.0009 4.25127481619517 1.0 1.0 31 
-2.086087770462036 0.01 0.01 0.9996450213591258 4e-06 4e-06 0.9949807031949361 0.0001 0.0001 4.381201259295145 0.2 0.2 32 
-1.5275971094767253 0.8 0.2 0.9886780669291814 0.006 0.01 0.814741367896398 0.1 0.5 4.904327090581258 7.0 2.0 33 
-1.5768509387969971 0.1 0.09 0.9890689158439636 0.007 0.01 0.8189102238416672 0.09 0.2 4.75692585070928 2.0 2.0 34 
-2.224522008895874 0.0009 0.0007 0.9999874196449916 9e-06 1e-05 0.9999750709533691 2e-05 2e-05 4.511259954770406 0.09 0.09 35 
-1.663255599339803 0.02 0.03 0.9926731115579606 0.002 0.002 0.94920035024484 0.005 0.005 4.291775702635447 1.0 1.0 36 
-1.3938873942693075 0.6 0.2 0.9666361812750498 0.03 0.1 0.6493308341006437 0.3 0.5 6.598280359903971 9.0 4.0 37 
-1.5011234283447266 0.5 0.2 0.9865793859958649 0.01 0.02 0.6657642138997714 0.2 0.4 6.228598570823669 7.0 3.0 38 
-2.224690818786621 0.0007 0.0006 0.9999858093261719 8e-06 9e-06 0.9999657527605692 2e-05 2e-05 4.510625491142273 0.07 0.07 39 
-2.224637718200684 0.0008 0.0006 0.9999855492512385 9e-06 1e-05 0.9999704939126969 2e-05 3e-05 4.511949656804402 0.08 0.08 40 
-2.224771343866984 0.0007 0.0005 0.9999898848930995 8e-06 9e-06 0.9999724421898524 2e-05 3e-05 4.510744740168254 0.08 0.08 41 
-2.2246590201059977 0.0009 0.0007 0.9999872543414434 1e-05 1e-05 0.9999773583809535 2e-05 2e-05 4.511434071858724 0.08 0.08 42 
-1.5081726137797038 0.8 0.2 0.9864976362387339 0.01 0.03 0.7360439962645372 0.2 0.6 5.595982870260874 7.0 3.0 43 
-2.2248444811503094 0.0006 0.0005 0.9999866102139155 5e-06 6e-06 0.9999726053078969 2e-05 2e-05 4.511553379694621 0.08 0.09 44 
-2.2244543107350667 0.0004 0.0004 0.9999882038434347 5e-06 7e-06 0.999947670896848 4e-05 6e-05 4.511662913958232 0.1 0.1 45 
-2.225088586807251 0.0009 0.0008 0.9999900915225347 3e-06 6e-06 0.9999798699220022 2e-05 3e-05 4.511181944211324 0.09 0.09 46 
-2.2254243882497153 1e-05 8e-06 0.9999923553069433 4e-07 3e-07 0.9999722095330557 9e-07 1e-06 4.512754735946655 0.06 0.06 47 
-1.8332483832041422 0.04 0.02 0.9964717076222102 0.001 0.001 0.9846351766586303 0.002 0.003 4.290767401059469 1.0 1.0 48 
-1.7938583819071452 0.1 0.04 0.99451220591863 0.002 0.002 0.9609637588262558 0.01 0.04 4.3389210406939185 2.0 2.0 49 
-1.4914601548512776 0.5 0.2 0.9770903331041336 0.02 0.05 0.7292179012795289 0.2 0.6 5.404821669260661 8.0 3.0 50 
-2.225355723698934 0.0004 0.0002 0.9999825688203176 4e-06 9e-06 0.9999838709831238 4e-06 6e-06 4.512132816314697 0.07 0.07 51 
-1.5152988020579021 0.6 0.2 0.9874579139550527 0.009 0.03 0.7683227127790451 0.2 0.5 5.221140196323395 7.0 3.0 52 
-1.731552038192749 0.005 0.005 0.9936628075440724 0.001 0.001 0.9675374601284663 0.004 0.003 4.291058181921641 1.0 1.0 53 
-2.224716930389404 0.0007 0.0006 0.9999793487787246 5e-06 8e-06 0.9999774122238159 2e-05 2e-05 4.514077761967977 0.09 0.08 54 
-2.2245309098561603 0.0008 0.0007 0.999958756963412 9e-06 1e-05 0.9999883991479873 6e-06 9e-06 4.5149465147654215 0.05 0.05 55 
-2.224430545171102 0.0009 0.0007 0.9999865889549255 1e-05 1e-05 0.9999719254175822 2e-05 2e-05 4.511065138181051 0.1 0.09 56 
-2.2247523721059164 0.0007 0.0005 0.9999905870358149 7e-06 8e-06 0.9999755011002223 2e-05 2e-05 4.511223904291788 0.07 0.07 57 
-1.5237970193227133 0.7 0.2 0.9882518114646276 0.008 0.02 0.8015585071841875 0.1 0.5 4.982389593919118 6.0 2.0 58 
-2.2246657276153563 0.002 0.001 0.9999883457024892 9e-06 2e-05 0.9999855762720108 9e-06 1e-05 4.511477313041687 0.1 0.1 59 
-1.5131852912902832 0.6 0.2 0.9847774042685826 0.01 0.03 0.7322683081527551 0.2 0.5 5.604177645842234 6.0 3.0 60 
-1.310016269683838 0.3 0.2 0.9744735080003738 0.02 0.02 0.8896390620867412 0.05 0.03 4.186886122226715 1.0 1.0 61 
-1.550129582087199 0.5 0.2 0.9887612324953079 0.007 0.01 0.7776236895720164 0.2 0.4 5.094873157342275 4.0 3.0 62 
-1.5178272406260171 0.7 0.2 0.9877123059829076 0.009 0.03 0.7684951487183571 0.2 0.5 5.240677625338236 9.0 3.0 63 
-1.6366880639394124 0.2 0.07 0.99090081234773 0.002 0.003 0.9499612182378769 0.03 0.09 4.3815528416633605 3.0 2.0 64 
-2.224785928726196 0.0009 0.0008 0.9999849836031596 8e-06 1e-05 0.9999837382634481 6e-06 9e-06 4.512981511751811 0.07 0.07 65 
-2.178904536565145 0.003 0.003 0.9996653159459432 5e-05 5e-05 0.9979861734310785 2e-05 3e-05 4.472106813589732 0.6 0.7 66 
-2.224611889521281 0.001 0.0008 0.9999865128596623 1e-05 1e-05 0.9999801975488662 1e-05 2e-05 4.511744333902995 0.07 0.07 67 
-1.5417046038309734 0.7 0.2 0.9881561601161957 0.01 0.02 0.7105084978540739 0.2 0.4 5.798433838685353 6.0 4.0 68 
-1.5022588380177815 0.7 0.2 0.9876915643612544 0.008 0.01 0.7802916439870994 0.1 0.5 5.173862459659577 6.0 3.0 69 
-2.2247630532582603 0.0009 0.0007 0.9999856819709142 9e-06 1e-05 0.9999825819333394 1e-05 1e-05 4.512016223271687 0.07 0.07 70 
-2.2244664732615154 0.001 0.0008 0.9999862114588419 1e-05 1e-05 0.9999759479363759 2e-05 2e-05 4.511041375796 0.09 0.09 71 
-1.3823077583312988 1.0 0.3 0.9781802036364873 0.02 0.06 0.838656230866909 0.1 0.5 4.604138065973918 5.0 2.0 72 
-1.5141121768951415 0.7 0.2 0.9876512386401495 0.008 0.02 0.7830106461048126 0.2 0.6 5.214444081783295 7.0 3.0 73 
-1.5354545307159424 0.6 0.2 0.9878765525420506 0.01 0.02 0.7979289185007413 0.1 0.5 5.065331483681996 6.0 2.0 74 
-2.2215053049723306 6e-05 6e-05 0.999940956234932 2e-06 2e-06 0.9999455761909485 1e-06 1e-06 4.5153876352310185 0.02 0.02 75 
-2.2249148909250893 0.002 0.001 0.9999934111038844 2e-06 5e-06 0.9999540493885676 4e-05 7e-05 4.512681867281596 0.1 0.1 76 
-1.4909586334228515 0.5 0.2 0.981182270248731 0.02 0.04 0.6097275921702385 0.3 0.4 6.903142025470734 9.0 4.0 77 
-2.224653132756551 0.0009 0.0007 0.9999836315711339 9e-06 1e-05 0.999975937406222 2e-05 2e-05 4.5117991065979 0.07 0.07 78 
-1.4261058362325032 0.6 0.4 0.9817993847529093 0.01 0.03 0.8870536935329437 0.1 0.4 4.541236780087153 6.0 3.0 79 
-2.224716609319051 0.0009 0.0007 0.9999863417943319 1e-05 1e-05 0.9999782476822535 2e-05 2e-05 4.511611728668213 0.07 0.07 80 
-1.4734849898020426 0.9 0.2 0.9849260346094767 0.01 0.03 0.681343260705471 0.3 0.4 6.056540302435557 7.0 3.0 81 
-2.200463123321533 0.001 0.0006 0.9998956996202469 9e-06 2e-05 0.9997274061044057 6e-06 1e-05 4.493192394574483 0.07 0.07 82 
-1.4748336124420165 0.6 0.2 0.9841830738385519 0.01 0.03 0.7212311975161234 0.2 0.4 5.585345292886098 8.0 3.0 83 
-2.2253893597920738 0.001 0.0007 0.9999890277783076 7e-06 1e-05 0.9999856299161911 9e-06 2e-05 4.511877037684123 0.08 0.08 84 
-2.1484991836547853 0.01 0.01 0.999310342669487 4e-05 9e-05 0.9976545532544454 0.0006 0.001 4.4986088148752845 0.4 0.3 85 
-1.2682335408528647 1.0 0.3 0.9758183030287425 0.02 0.03 0.8206805170079072 0.1 0.6 5.009704759518305 10.0 4.0 86 
-2.2241346073150634 0.002 0.001 0.9999865825970967 1e-05 2e-05 0.999976642926534 1e-05 3e-05 4.510930352210998 0.1 0.1 87 
-2.225070473353068 0.0008 0.0006 0.9999885958433151 8e-06 9e-06 0.9999848494927088 9e-06 1e-05 4.511825207074483 0.07 0.07 88 
-1.5167402521769207 0.8 0.2 0.9882726564009985 0.007 0.01 0.8418877558906873 0.1 0.5 4.808841077486674 6.0 2.0 89 
-2.2250182183583576 0.001 0.0007 0.9999873707691829 6e-06 1e-05 0.9999861898024877 4e-06 6e-06 4.511830856005351 0.08 0.08 90 
-2.224446102778117 0.0009 0.0007 0.9999857856829961 9e-06 1e-05 0.9999721042315165 2e-05 2e-05 4.511019441286723 0.09 0.09 91 
-2.2249076048533123 0.001 0.0009 0.9999895127614339 8e-06 1e-05 0.9999871152639389 5e-06 7e-06 4.511475431124369 0.08 0.08 92 
-1.6471171156565347 0.007 0.008 0.9922074633836746 0.004 0.004 0.919836283326149 0.01 0.02 4.515337092876434 2.0 2.0 93 
-1.8142812760670979 0.1 0.08 0.9959686948855718 0.002 0.003 0.9811264892419179 0.009 0.02 4.424543042182922 3.0 2.0 94 
-1.6373547331492107 0.05 0.04 0.9919189190864564 0.0006 0.0008 0.8654522007703781 0.05 0.07 4.567575572331746 0.7 0.8 95 
-1.6536474450429282 0.3 0.08 0.993297655582428 0.003 0.004 0.9341715013980866 0.04 0.1 4.597707649072011 4.0 2.0 96 
-2.225305512746175 0.0004 0.0004 0.9999930097659429 2e-06 3e-06 0.9999719180663427 2e-05 3e-05 4.511307050387065 0.07 0.07 97 
-1.5504412396748861 0.6 0.2 0.9889196381966273 0.008 0.02 0.7474598495165506 0.2 0.4 5.519300614198049 8.0 3.0 98 
-1.5463728173573812 0.6 0.2 0.9857173164685568 0.01 0.03 0.6865290371080239 0.2 0.6 5.951942595640818 6.0 3.0 99 
