-2.225159381230672 0.001 0.0004 0.9999890853961309 2e-06 6e-06 0.9999905465046565 5e-06 5e-05 4.511651604970297 0.1 0.1 25 
-2.2252036126454673 0.002 0.0006 0.9999923491477967 3e-06 9e-06 0.9999909597635269 7e-06 0.0001 4.5116157706578575 0.1 0.1 96 
-2.2242208766937255 0.003 0.001 0.9999253052473068 2e-05 3e-05 0.9999771896998088 2e-05 8e-05 4.513349506060282 0.2 0.2 38 
-2.2245211696624754 0.005 0.002 0.9999719176689784 9e-06 3e-05 0.999973798195521 2e-05 0.0001 4.511388009389242 0.2 0.2 122 
-2.224140780766805 0.005 0.002 0.999880337715149 9e-06 2e-05 0.9999771336714427 2e-05 8e-05 4.514678142865499 0.2 0.2 112 
-2.2238144779205324 0.005 0.002 0.9999693673849106 1e-05 4e-05 0.9999775725603104 2e-05 0.0001 4.5115760326385494 0.2 0.2 8 
-2.223292741775513 0.006 0.002 0.9997482389211655 1e-05 6e-05 0.9999597467978796 3e-05 0.0002 4.517308707237244 0.2 0.2 46 
-2.2251652654012046 0.005 0.0008 0.9999629342556 8e-06 5e-05 0.9999823331832886 1e-05 0.0001 4.512259600957234 0.2 0.2 52 
-2.2249140453338625 0.005 0.001 0.9999724880854288 9e-06 4e-05 0.9999902592102686 9e-06 5e-05 4.5120285781224565 0.2 0.2 141 
-2.224798110326131 0.0009 0.0005 0.9999842061599096 2e-06 3e-06 0.9999849790334702 7e-06 3e-05 4.51161588827769 0.1 0.1 98 
-2.224683895111084 0.002 0.0007 0.9999631307522456 4e-06 1e-05 0.9999819511175155 1e-05 6e-05 4.511600648562114 0.2 0.2 39 
-2.224940268198649 0.008 0.001 0.9999698021014531 8e-06 5e-05 0.9999669251839319 3e-05 0.0002 4.511473828951518 0.2 0.2 71 
-2.224912306467692 0.001 0.0006 0.9999778379996618 2e-06 9e-06 0.9999890114863713 7e-06 3e-05 4.511660499572754 0.1 0.1 41 
-2.224854377110799 0.006 0.001 0.9999626354376475 6e-06 3e-05 0.9999834664662679 1e-05 8e-05 4.5115336449941 0.2 0.2 134 
-2.2237902069091797 0.005 0.002 0.999899357954661 1e-05 2e-05 0.9999642656246821 3e-05 0.0002 4.514543463389079 0.2 0.2 69 
-2.2250232601165774 0.001 0.0005 0.9999851413567861 3e-06 9e-06 0.9999898664156596 7e-06 5e-05 4.511821374893189 0.1 0.2 113 
-2.2249297173817952 0.003 0.001 0.9999916233619054 3e-06 1e-05 0.9999889977773031 1e-05 3e-05 4.511653342247009 0.2 0.2 92 
-2.2247662989298504 0.006 0.002 0.9999566757678986 7e-06 2e-05 0.9999846418698629 1e-05 9e-05 4.512712469100952 0.2 0.2 9 
-2.2249838638305666 0.002 0.001 0.9999834642807642 5e-06 2e-05 0.9999859893321991 1e-05 8e-05 4.511668381690979 0.1 0.2 47 
-2.225092960993449 0.009 0.001 0.9999901630481084 7e-06 4e-05 0.9999785836537679 1e-05 0.0002 4.511672827402751 0.2 0.2 79 
