-2.2241353098551433 0.007 0.002 0.9999921435117721 7e-06 3e-05 0.9999854383865993 1e-05 7e-05 4.510773636500041 0.2 0.2 18 
-2.2240616607666017 0.008 0.002 0.9999914622306824 8e-06 3e-05 0.9999812384446461 1e-05 8e-05 4.511135538419087 0.2 0.2 29 
-2.2240424791971845 0.009 0.002 0.9999900501966477 8e-06 4e-05 0.9999799591302871 1e-05 8e-05 4.510833853085836 0.2 0.2 82 
-2.224116144180298 0.008 0.002 0.9999796688556671 8e-06 3e-05 0.9999865482250849 1e-05 0.0001 4.510653827985128 0.2 0.2 75 
-2.2240274937947593 0.006 0.002 0.9999906947215398 8e-06 3e-05 0.9999845717350642 1e-05 7e-05 4.510851966540018 0.2 0.2 55 
-2.2241595872243245 0.006 0.002 0.9999913114309311 7e-06 4e-05 0.9999862052996953 1e-05 0.0001 4.5113379716873165 0.2 0.2 60 
-2.224104353586833 0.006 0.002 0.9999803362290064 7e-06 3e-05 0.9999855228265127 1e-05 0.0001 4.511147246360779 0.2 0.2 6 
-2.224042542775472 0.009 0.002 0.9999907157818476 8e-06 3e-05 0.9999849247932434 1e-05 7e-05 4.5112375577290855 0.2 0.2 51 
-2.224132719039917 0.008 0.002 0.9999922374884288 7e-06 4e-05 0.9999853718280792 1e-05 0.0001 4.511612116495768 0.2 0.2 49 
-2.224071127573649 0.007 0.002 0.9999907819430033 8e-06 3e-05 0.9999852879842123 1e-05 7e-05 4.510791049003601 0.2 0.2 19 
-2.2241227595011392 0.007 0.002 0.9999795252084732 7e-06 3e-05 0.999985010822614 1e-05 0.0001 4.510700073242187 0.2 0.2 15 
-2.224075969060262 0.007 0.002 0.9999919837713241 7e-06 3e-05 0.999981362024943 1e-05 0.0001 4.510643776257833 0.2 0.2 99 
-2.2240625127156575 0.007 0.002 0.9999884565671285 8e-06 2e-05 0.9999850509564082 1e-05 9e-05 4.511059800783793 0.2 0.2 38 
-2.2239676411946614 0.007 0.002 0.9999792438745498 8e-06 2e-05 0.9999845908085505 1e-05 7e-05 4.511148002942403 0.2 0.2 1 
-2.2240534114837645 0.008 0.002 0.9999908961852392 8e-06 4e-05 0.999981968998909 1e-05 0.0001 4.510687909126282 0.2 0.2 8 
-2.2241733074188232 0.006 0.002 0.9999925220012664 6e-06 3e-05 0.9999861856301625 1e-05 9e-05 4.510583685239156 0.2 0.2 33 
-2.223913615544637 0.007 0.002 0.9999741468826929 8e-06 2e-05 0.9999837460120519 1e-05 0.0001 4.511330444018046 0.2 0.2 39 
-2.2239990997314454 0.008 0.002 0.9999905119339625 8e-06 3e-05 0.9999848618110021 1e-05 0.0001 4.511092371940613 0.2 0.2 54 
-2.224107036590576 0.008 0.002 0.9999922982851664 7e-06 2e-05 0.9999849092960358 1e-05 0.0001 4.511106648445129 0.2 0.2 58 
-2.2240833981831867 0.006 0.002 0.9999909720818202 8e-06 2e-05 0.9999856142203013 1e-05 7e-05 4.510969476699829 0.2 0.2 34 
