-2.225839796066284 0.0005 0.0004 0.9999876060088475 8e-06 2e-05 0.9999958993991216 3e-06 7e-06 4.512186566988627 0.1 0.1 78 
-2.225860532124837 0.0009 0.0004 0.9999882566928864 9e-06 2e-05 0.9999962741136551 3e-06 7e-06 4.512079326311747 0.1 0.1 37 
-2.225816373825073 0.0006 0.0003 0.9999885865052541 8e-06 1e-05 0.9999960468212763 3e-06 7e-06 4.512116263707479 0.09 0.09 22 
-2.2258054987589517 0.0005 0.0004 0.9999867937962215 9e-06 2e-05 0.99999589463075 3e-06 5e-06 4.512075926462809 0.09 0.1 11 
-2.2258406575520833 0.0005 0.0004 0.9999877524375915 8e-06 2e-05 0.9999957112471263 4e-06 6e-06 4.512159064610799 0.1 0.1 92 
-2.2258776505788167 0.0005 0.0003 0.9999882054328918 8e-06 2e-05 0.9999963160355886 3e-06 4e-06 4.512210419972738 0.09 0.1 72 
-2.22585088411967 0.0005 0.0004 0.9999877327680587 9e-06 2e-05 0.9999957976738612 3e-06 4e-06 4.51221596399943 0.09 0.09 56 
-2.225800215403239 0.0006 0.0004 0.9999872255325317 9e-06 1e-05 0.9999958131710688 4e-06 9e-06 4.512296606699626 0.09 0.09 87 
-2.225820452372233 0.0006 0.0004 0.9999875674645106 9e-06 2e-05 0.9999959880113601 3e-06 7e-06 4.512329616546631 0.1 0.1 52 
-2.225803953806559 0.0009 0.0004 0.9999860801299413 1e-05 2e-05 0.9999956889947256 3e-06 9e-06 4.512322278022766 0.1 0.1 36 
-2.2258349164326985 0.0006 0.0004 0.9999907032648723 6e-06 9e-06 0.9999958038330078 4e-06 7e-06 4.512151544888814 0.1 0.1 43 
-2.2257957013448078 0.0006 0.0004 0.9999869604905446 9e-06 2e-05 0.9999957541624706 4e-06 5e-06 4.512188307444254 0.1 0.1 76 
-2.2258446343739826 0.0006 0.0003 0.9999902313947677 7e-06 7e-06 0.9999961300690969 3e-06 5e-06 4.512196111679077 0.1 0.1 81 
-2.225849806467692 0.0008 0.0004 0.9999887639284134 9e-06 2e-05 0.9999961537122727 3e-06 1e-05 4.511933105786642 0.1 0.1 9 
-2.225805597305298 0.0005 0.0004 0.9999871251980463 9e-06 2e-05 0.9999957668781281 3e-06 6e-06 4.5121822849909465 0.1 0.1 93 
-2.225841970443726 0.001 0.0004 0.9999865194161733 1e-05 2e-05 0.9999957420428593 4e-06 1e-05 4.512134370803833 0.1 0.1 38 
-2.2258488019307454 0.0005 0.0004 0.9999880937735239 9e-06 2e-05 0.999996120929718 3e-06 5e-06 4.512145330111186 0.1 0.1 10 
-2.2258364168802895 0.0006 0.0004 0.9999907179673513 6e-06 1e-05 0.9999960360924403 3e-06 6e-06 4.512232999801636 0.1 0.1 19 
-2.2257163937886557 0.0006 0.0004 0.9999856821695964 1e-05 2e-05 0.9999955302476883 4e-06 1e-05 4.512227493921916 0.1 0.1 58 
-2.225830421447754 0.0007 0.0004 0.9999874792496364 1e-05 2e-05 0.9999959919850031 4e-06 1e-05 4.512150041262308 0.1 0.1 68 
