-2.224822177886963 0.004 0.001 0.9999850219488144 9e-06 2e-05 0.9999675023555755 2e-05 3e-05 4.511332093874613 0.09 0.09 48 
-2.225991217295329 8e-05 5e-05 0.9999919881423315 1e-06 2e-06 0.9999954799811045 1e-06 1e-06 4.512437000274658 0.07 0.07 71 
-2.226373074849447 0.0001 4e-05 0.9999962409337362 7e-07 6e-07 0.9999975017706553 6e-07 9e-07 4.512393352190654 0.05 0.05 147 
-2.2263042736053467 5e-05 4e-05 0.9999938740332921 1e-06 2e-06 0.9999977842966715 1e-06 9e-07 4.512477679252624 0.06 0.06 85 
-2.225496587753296 0.0009 0.0005 0.999982947309812 9e-06 1e-05 0.9999850656588872 5e-06 2e-05 4.512329246203104 0.1 0.1 97 
-2.224021148681641 0.004 0.002 0.9999866364399592 6e-06 1e-05 0.9999420495827993 5e-05 0.0001 4.511018257141114 0.1 0.2 40 
-2.225244067509969 0.001 0.0007 0.9999927514791489 3e-06 8e-06 0.9999852784474691 1e-05 3e-05 4.5117589489618934 0.07 0.08 143 
-2.2262864526112875 5e-05 4e-05 0.9999946560462316 9e-07 1e-06 0.9999978025754293 1e-06 8e-07 4.512444877624512 0.06 0.06 117 
-2.226069304148356 0.001 0.0003 0.9999927190939585 5e-06 1e-05 0.9999931865930557 6e-06 3e-05 4.512344158490499 0.1 0.1 70 
-2.224992488225301 0.002 0.0007 0.9999360583225886 5e-05 0.0003 0.9999933701753616 2e-06 9e-06 4.513393039703369 0.2 0.2 148 
-2.2246416409810386 0.002 0.0009 0.9999909190336863 4e-06 1e-05 0.9999435873826344 5e-05 0.0002 4.51142571926117 0.07 0.07 101 
-2.224558833440145 0.001 0.0007 0.9999901262919108 6e-06 1e-05 0.9999483289321264 4e-05 0.0001 4.5112854035695396 0.08 0.08 75 
-2.2248503144582115 0.002 0.0009 0.9999923566977184 4e-06 8e-06 0.999979820450147 2e-05 8e-05 4.511772804260254 0.09 0.09 41 
-2.2262444432576496 5e-05 4e-05 0.9999956452846527 1e-06 1e-06 0.9999968550602595 2e-06 3e-06 4.512494530677795 0.06 0.06 32 
-2.226192331314087 1e-05 1e-05 0.9999946105480194 9e-07 1e-06 0.9999986451864242 3e-07 3e-07 4.5125896231333416 0.07 0.07 72 
-2.226074705123901 0.0001 5e-05 0.9999874204397201 2e-06 2e-06 0.9999970243374506 1e-06 6e-07 4.51283492565155 0.08 0.08 26 
-2.225057992935181 0.001 0.0008 0.9999918415149053 4e-06 7e-06 0.9999879759550094 1e-05 3e-05 4.511796108881632 0.07 0.07 73 
-2.2260999711354574 0.0002 8e-05 0.9999956874052683 2e-06 2e-06 0.9999983423948288 4e-07 4e-07 4.512543460528056 0.08 0.08 87 
-2.2254220771789552 0.001 0.0006 0.9999916070699691 4e-06 8e-06 0.9999868849913279 1e-05 3e-05 4.512032305399577 0.08 0.08 44 
-2.224996296564738 0.002 0.0009 0.9999916978677114 3e-06 7e-06 0.9999762491385142 2e-05 7e-05 4.511823239326477 0.08 0.09 58 
