-2.22303586324056 0.0004 0.0002 0.9999656842152278 6e-06 6e-06 0.9999702058235804 1e-05 2e-05 4.510255862871806 0.1 0.1 5 
-2.2220686721801757 0.0008 0.0005 0.9999557385842005 2e-05 2e-05 0.9999952850739161 2e-06 4e-06 4.508824555079142 0.1 0.1 6 
-2.2226227728525796 0.005 0.002 0.9999705141782761 1e-05 2e-05 0.9999590861797333 1e-05 2e-05 4.50927486260732 0.1 0.1 7 
-2.2220188744862877 0.02 0.004 0.9999803233146668 2e-05 0.0001 0.9999587466319402 3e-05 4e-05 4.509974136352539 0.1 0.2 10 
-2.2229755846659343 0.002 0.0009 0.9999729899565378 9e-06 2e-05 0.9999922219912211 4e-06 1e-05 4.510042756398519 0.09 0.1 11 
-2.212659994761149 0.001 0.001 0.9999273395538331 8e-06 8e-06 0.9994451405604681 0.0002 0.0002 4.462109258969625 0.3 0.3 13 
-2.2236215400695802 0.002 0.001 0.9999824343125026 8e-06 3e-05 0.9999952260653178 3e-06 6e-06 4.511076532999675 0.1 0.1 15 
-2.2240863355000813 0.005 0.002 0.9999760367472966 2e-05 7e-05 0.9999689128001531 3e-05 0.0001 4.510461241404215 0.1 0.1 16 
-2.223159996668498 0.001 0.001 0.9999784380197525 8e-06 2e-05 0.9999497842788696 8e-06 9e-06 4.508302089373271 0.1 0.1 17 
-2.2121424198150637 0.003 0.002 0.9999759580691655 6e-06 9e-06 0.9991994023323059 0.0002 0.0002 4.454913341204326 0.3 0.3 19 
-2.221645269393921 0.003 0.002 0.9999695291121801 2e-05 6e-05 0.9999696761369705 5e-06 8e-06 4.507840852737427 0.1 0.1 20 
-2.2134292221069334 0.002 0.002 0.9998882206281027 2e-05 2e-05 0.9994805643955866 0.0002 0.0002 4.466035922368367 0.3 0.3 21 
-2.223321170806885 0.006 0.002 0.9999678482611974 2e-05 8e-05 0.9999959560235342 3e-06 1e-05 4.509957005182902 0.2 0.2 23 
-2.2218259302775065 0.003 0.001 0.9999746151765188 1e-05 6e-05 0.9999652882417043 3e-05 8e-05 4.509781713485718 0.1 0.1 24 
-2.2236712741851807 0.007 0.002 0.9999710547924042 2e-05 0.0001 0.9999790473779042 1e-05 3e-05 4.510573905309041 0.2 0.2 25 
-2.224511683781942 0.0006 0.0004 0.9999873598416646 3e-06 4e-06 0.9999621133009593 9e-06 1e-05 4.50842167854309 0.1 0.1 29 
-2.208545716603597 0.003 0.001 0.9999701048930486 1e-05 2e-05 0.9978016730149587 3e-05 3e-05 4.5141593392690025 0.2 0.2 36 
-2.22333057085673 0.002 0.001 0.999979252020518 8e-06 2e-05 0.9999716208378474 8e-06 1e-05 4.5089617983500165 0.1 0.1 39 
-2.221914240519206 0.01 0.003 0.9999681878089904 2e-05 4e-05 0.9999494765202205 3e-05 0.0002 4.508280329704284 0.2 0.2 40 
-2.2094529724121093 0.002 0.003 0.9999302631616592 3e-05 4e-05 0.9999290535847346 1e-05 1e-05 4.485718653996785 0.4 0.4 42 
-2.2227354272206625 0.001 0.001 0.9999720033009847 1e-05 2e-05 0.9999691750605901 2e-05 3e-05 4.508494710922241 0.1 0.1 44 
-2.2238488451639813 0.0005 0.0004 0.9999704253673554 7e-06 9e-06 0.9985710533459982 1e-05 2e-05 4.526554204622904 0.1 0.1 45 
-2.2224379793802895 0.002 0.0009 0.9999810798962911 8e-06 2e-05 0.9999578475952149 1e-05 2e-05 4.50945150534312 0.09 0.09 46 
-2.2217449855804445 0.004 0.002 0.9999726523955663 8e-06 1e-05 0.9999479113022486 1e-05 2e-05 4.505500796635945 0.2 0.2 49 
-2.2230549589792887 0.0007 0.0005 0.9999841054280599 6e-06 9e-06 0.9999678363402684 2e-05 3e-05 4.509986522992452 0.07 0.07 50 
-2.2230299377441405 0.004 0.002 0.9999765561024347 1e-05 6e-05 0.9999720879395803 2e-05 5e-05 4.5102222522099815 0.1 0.1 51 
-2.222918872833252 0.005 0.002 0.9999483503897985 3e-05 0.0001 0.9999962826569875 2e-06 4e-06 4.510762338638306 0.1 0.2 55 
-2.225033874511719 0.0002 0.0002 0.9999933250745138 2e-06 3e-06 0.9999836242198944 7e-06 1e-05 4.511418658892314 0.07 0.07 58 
-2.2228832721710203 0.01 0.003 0.999969707330068 2e-05 9e-05 0.9999953987201055 3e-06 2e-05 4.509539620081584 0.2 0.2 59 
-2.224190689722697 0.001 0.0008 0.9999864230553309 5e-06 1e-05 0.9999922919273376 5e-06 2e-05 4.51140862941742 0.1 0.1 60 
-2.2221659564971925 0.002 0.001 0.9999774253368378 9e-06 3e-05 0.9999561260143915 1e-05 3e-05 4.50670833269755 0.1 0.1 61 
-2.223362089792887 0.006 0.002 0.9999803143739701 1e-05 4e-05 0.9985662535826365 7e-06 1e-05 4.527225697835286 0.1 0.1 64 
-2.2235773849487304 0.003 0.002 0.9999776073296864 8e-06 9e-05 0.9999942644437154 4e-06 7e-06 4.510422666867574 0.2 0.1 65 
-2.2201140054066975 0.003 0.002 0.9999828493595123 8e-06 2e-05 0.9998295249541601 8e-05 0.0001 4.497600073814392 0.2 0.2 70 
-2.2235012340545652 0.003 0.002 0.9999774154027303 1e-05 5e-05 0.9999759105841318 2e-05 9e-05 4.51035970211029 0.2 0.1 71 
-2.224170382817586 0.0005 0.0004 0.999986942410469 3e-06 4e-06 0.9998793625831603 1e-05 2e-05 4.511519236564636 0.1 0.1 77 
-2.2239819876352946 0.004 0.001 0.9999583627780279 2e-05 6e-05 0.9999928387006124 5e-06 1e-05 4.512471559842427 0.2 0.2 78 
-2.223830006917318 0.003 0.0009 0.9999874289830526 6e-06 2e-05 0.9999980290730794 8e-07 1e-06 4.5105654954910275 0.1 0.1 82 
-2.218961140314738 0.006 0.003 0.9998454831043879 0.0001 0.0003 0.9999940031766892 4e-06 2e-05 4.510037735303243 0.2 0.2 87 
-2.2227319494883218 0.0007 0.0005 0.9999715703725814 5e-06 8e-06 0.9985561788082122 1e-05 7e-06 4.526036157608032 0.09 0.09 88 
-2.217464637756348 0.001 0.0009 0.9999701323111853 6e-06 7e-06 0.9982993636528651 7e-05 7e-05 4.485945375760396 0.2 0.2 90 
-2.2050803311665854 0.004 0.002 0.9999256507555644 1e-05 3e-05 0.9978997091452281 0.0003 0.0003 4.4424415270487465 0.3 0.3 92 
-2.2240890884399414 0.002 0.001 0.9999825513362884 9e-06 5e-05 0.9999895371993383 7e-06 1e-05 4.510664865175883 0.1 0.1 95 
-2.221891015370687 0.0009 0.0008 0.9999712155262629 1e-05 2e-05 0.9999975969394048 2e-06 4e-06 4.509223038355509 0.1 0.1 97 
