-2.221348441441854 0.01 0.004 0.9999519546826681 2e-05 0.0001 0.999858642021815 0.0001 0.0004 4.512011696497599 0.2 0.2 0 
-2.2207868925730385 0.01 0.004 0.9999285221099854 4e-05 0.0002 0.9998976308107376 8e-05 0.0003 4.512706764539083 0.3 0.3 1 
9.202172691402666e-07 2 
673.329541015625 3 
9.202838214150688e-07 4 
2745.09677734375 5 
-2.2192851384480794 0.008 0.004 0.9999020346005758 5e-05 8e-05 0.9998293735583623 9e-05 0.0003 4.512939335505168 0.3 0.3 6 
-2.2192991956075034 0.01 0.003 0.9998525814215342 6e-05 0.0001 0.9997836528221766 5e-05 9e-05 4.518502303759257 0.3 0.3 7 
823.0532470703125 8 
882.561083984375 9 
-2.222295265197754 0.009 0.003 0.9999050118525823 5e-05 0.0002 0.9999036930004755 5e-05 0.0002 4.512890367507935 0.3 0.3 10 
-2.216924638748169 0.007 0.004 0.9998062709967296 8e-05 0.0003 0.9997374173005422 0.0001 0.0002 4.516247965494792 0.3 0.3 11 
-2.21570086479187 0.02 0.006 0.999834518233935 7e-05 0.0002 0.9998324612776438 0.0001 0.0003 4.512256542841594 0.4 0.4 12 
0.4026180267333984 13 
-2.205604829788208 0.04 0.02 0.9997081343332926 0.0002 0.0004 0.99898921251297 0.0005 0.003 4.514776988824209 0.8 0.7 14 
-2.1750260162353516 0.01 0.01 0.999611065586408 4e-05 3e-05 0.9996824989716212 7e-05 0.0002 4.485721753438313 0.1 0.1 15 
-2.2145478439331057 0.006 0.002 0.9999350847800573 1e-05 2e-05 0.9998738636573156 7e-05 0.0003 4.509412643114726 0.2 0.2 16 
701.5018188476563 17 
-2.220226519902547 0.005 0.002 0.9999331416686376 2e-05 5e-05 0.9997116567691168 6e-05 0.0001 4.513600810368856 0.2 0.2 18 
9.204045568367291e-07 19 
-2.223837636311849 0.003 0.002 0.999944340189298 3e-05 4e-05 0.9999617719650269 1e-05 1e-05 4.514234981536865 0.2 0.2 20 
-2.220929266611735 0.01 0.004 0.9999320673942566 3e-05 0.0001 0.9997430537144343 0.0002 0.0004 4.512186516125997 0.2 0.2 21 
-2.218393414815267 0.006 0.004 0.9998896884918212 4e-05 5e-05 0.9998735471566518 9e-05 0.0002 4.511587208112081 0.2 0.2 22 
4040.17294921875 23 
3097.26103515625 24 
-2.219274705251058 0.01 0.005 0.9999090882142385 5e-05 0.0001 0.9998750384648641 7e-05 0.0002 4.511298712094625 0.3 0.3 25 
-2.2185302607218422 0.03 0.005 0.9998696319262187 6e-05 0.0003 0.9998511795202891 9e-05 0.0005 4.513382444381714 0.5 0.5 26 
-2.217356872558594 0.009 0.005 0.9999001948038737 4e-05 0.0001 0.9998407789071401 0.0001 0.0004 4.5101314051946 0.4 0.4 27 
1625.4335205078125 28 
1019.5868774414063 29 
-2.223088960647583 0.008 0.002 0.9999482593933742 2e-05 4e-05 0.9999164990584055 7e-05 0.0002 4.514281737009684 0.3 0.3 30 
9.299806606577477e-07 31 
-2.2091540845235187 0.01 0.006 0.9998982510964076 3e-05 6e-05 0.9995531541109085 0.0001 0.0003 4.506450913747152 0.4 0.4 32 
922.8890625 33 
378.0267028808594 34 
9.203790000356093e-07 35 
-2.217031195958455 0.0008 0.0007 0.9999379442135493 1e-05 1e-05 0.9995481342077255 8e-05 0.0001 4.51014396349589 0.2 0.2 36 
603.007763671875 37 
797.5042602539063 38 
-2.212411371866862 0.02 0.009 0.9998379252354304 7e-05 0.0001 0.999736915230751 0.0002 0.0007 4.508459661801656 0.4 0.5 39 
-2.2183884366353355 0.02 0.006 0.9998446422815322 5e-05 0.0001 0.9997774102290471 0.0001 0.0004 4.508341573079427 0.4 0.4 40 
-2.215205815633138 0.005 0.003 0.9998938030004502 3e-05 5e-05 0.9996299437681834 8e-05 0.0002 4.511721485455831 0.4 0.4 41 
1029.4489501953126 42 
-2.214990962346395 0.003 0.002 0.9998480528593063 4e-05 5e-05 0.9997864170869192 5e-05 5e-05 4.513820888201396 0.2 0.2 43 
9.203208151120634e-07 44 
-2.2204346656799316 0.01 0.005 0.9999222342173258 5e-05 0.0002 0.9998374340931574 9e-05 0.0003 4.511082509358724 0.3 0.3 45 
9.203285685543961e-07 46 
-2.2119638919830322 0.01 0.004 0.9998826485872269 4e-05 9e-05 0.9998190196355184 9e-05 0.0005 4.50756027062734 0.4 0.4 47 
-2.220780709584554 0.01 0.004 0.999912731051445 5e-05 0.0002 0.9998887000481288 8e-05 0.0002 4.511794184048971 0.3 0.3 48 
1312.2745361328125 49 
756.65078125 50 
-2.1905928389231364 0.04 0.01 0.9996427659193675 0.0001 0.0003 0.9976556632916133 0.0009 0.003 4.511033345858256 0.6 0.5 51 
-2.2212446530659995 0.0003 0.0003 0.9999502903223038 1e-05 1e-05 0.9998978823423386 9e-06 9e-06 4.512922921180725 0.1 0.1 52 
9.197642384606297e-07 53 
9.205885135088465e-07 54 
9.221520485880319e-07 55 
9.202700994137559e-07 56 
-2.219980837504069 0.001 0.0009 0.9999436527490616 1e-05 1e-05 0.9999272821346918 2e-05 4e-05 4.511522167523702 0.1 0.1 57 
-2.2050085322062176 0.06 0.02 0.9998485404253006 9e-05 0.0004 0.9996539298693339 0.0001 0.0007 4.505639636516571 0.8 0.8 58 
-2.2196140543619793 0.0004 0.0004 0.9999388714631399 1e-05 1e-05 0.9998637163639068 1e-05 1e-05 4.5123564211527505 0.1 0.1 59 
9.203406420965621e-07 60 
-2.2223172251383465 0.006 0.002 0.9999013272921244 6e-05 0.0003 0.999867774049441 3e-05 8e-05 4.51293816725413 0.3 0.3 61 
9.199210353472154e-07 62 
-2.2192566998799643 0.007 0.005 0.9998793574174245 4e-05 0.0001 0.9997908341884613 0.0001 0.0002 4.51607700030009 0.3 0.3 63 
1002.2290161132812 64 
-2.218428913752238 0.008 0.003 0.9999109466870626 3e-05 5e-05 0.9997117465734482 7e-05 0.0002 4.511740202903748 0.2 0.2 65 
-1.4160768032073974 0.01 0.005 0.9824416490395864 0.002 0.002 0.9878187872966131 0.0005 0.0006 3.9836114064852395 0.4 0.4 66 
375.42302856445315 67 
9.199483656630037e-07 68 
-2.2169917488098143 0.004 0.002 0.9998957528670629 3e-05 4e-05 0.9998005338509878 5e-05 9e-05 4.511244870821635 0.2 0.2 69 
-2.220298064549764 0.001 0.001 0.9999241516987483 2e-05 2e-05 0.9998519460360209 5e-05 8e-05 4.513309189478556 0.2 0.2 70 
-2.2226809946695965 0.008 0.003 0.9999442263444265 3e-05 0.0001 0.9999345260858535 6e-05 0.0003 4.511949345270793 0.2 0.2 71 
-2.211804978052775 0.008 0.004 0.999907624721527 4e-05 0.0001 0.9998613574107488 0.0001 0.0005 4.50842314084371 0.3 0.3 72 
-2.215433136622111 0.01 0.005 0.9999185502529144 3e-05 8e-05 0.9997666190067928 8e-05 0.0002 4.508408444722494 0.3 0.3 73 
449.808740234375 74 
9.205381843457872e-07 75 
588.4470703125 76 
-2.2203701814015706 0.01 0.004 0.9998926800489426 8e-05 0.0002 0.9999115530649821 7e-05 0.0003 4.511677826245625 0.3 0.3 77 
-2.104192409515381 0.008 0.005 0.9991744317611059 6e-05 0.0001 0.9935763561725617 0.0004 0.0007 4.465948316256205 0.1 0.1 78 
804.6287231445312 79 
9.200953854815452e-07 80 
373.01455078125 81 
-2.2217144266764324 0.004 0.003 0.9999265416463217 4e-05 9e-05 0.9998872965574265 6e-05 0.0001 4.511545023918152 0.2 0.2 82 
9.231977287527115e-07 83 
9.207572702507604e-07 84 
-2.2202175013224283 0.01 0.004 0.9998715786139171 8e-05 0.0002 0.9998311334848404 9e-05 0.0005 4.513164795239766 0.4 0.4 85 
9.203737704410741e-07 86 
9.199596888720407e-07 87 
-2.218406451543172 0.005 0.004 0.9999097812175751 4e-05 8e-05 0.9998301213979721 8e-05 0.0002 4.51053742090861 0.3 0.3 88 
-2.2145170720418292 0.0008 0.0008 0.9998625461260477 2e-05 2e-05 0.9996283370256424 2e-05 2e-05 4.512112754185995 0.2 0.2 89 
-2.221949396133423 0.008 0.003 0.9999445656935374 3e-05 6e-05 0.9999046343564987 8e-05 0.0002 4.512192810376485 0.2 0.2 90 
-2.2234584776560467 0.002 0.001 0.9999524732430776 2e-05 3e-05 0.9999237634738286 1e-05 3e-05 4.514950094223022 0.2 0.2 91 
-2.223004477818807 0.01 0.003 0.99996508816878 1e-05 6e-05 0.9999274482329686 7e-05 0.0002 4.513217833836873 0.2 0.2 92 
9.245362321053108e-07 93 
-2.217777786254883 0.02 0.006 0.9998765236139298 6e-05 0.0002 0.9999023582537969 3e-05 0.0001 4.512283728917439 0.4 0.4 94 
9.205268838741176e-07 95 
128220.28125 96 
-2.221593205134074 0.009 0.003 0.9999274482329686 3e-05 8e-05 0.9999355137348175 4e-05 0.0002 4.512192486127217 0.3 0.3 97 
489.7969909667969 98 
-2.221351703008016 0.008 0.004 0.9999333707491557 3e-05 0.0001 0.9998101385434469 6e-05 0.0002 4.51229949315389 0.3 0.3 99 
-2.2139302635192872 0.01 0.006 0.9997014143069585 0.0002 0.0004 0.9997048642237981 0.0002 0.0007 4.512324913342794 0.3 0.3 100 
-2.218940750757853 0.005 0.004 0.9999022022883097 4e-05 7e-05 0.9998177514473597 0.0001 0.0003 4.513342049916585 0.3 0.2 101 
-2.2186117045084637 0.02 0.004 0.999919723669688 4e-05 0.0003 0.9998395937681198 0.0001 0.001 4.511115824381511 0.4 0.3 102 
-2.220648454030355 0.002 0.002 0.9999176122744878 4e-05 0.0001 0.9999035290877024 5e-05 5e-05 4.510976284344991 0.3 0.3 103 
-2.213651383717855 0.03 0.007 0.9997936614354451 9e-05 0.0002 0.9997754796346029 0.0001 0.0003 4.515319306055705 0.4 0.4 104 
1984.0110595703125 105 
-2.2119744269053143 0.03 0.009 0.9997373032569885 0.0001 0.0007 0.9997762632369995 7e-05 0.0002 4.514716030756633 0.5 0.5 106 
-2.2191932805379233 0.0005 0.0004 0.9999161648750305 2e-05 2e-05 0.9998152214288711 3e-05 3e-05 4.512369286219279 0.2 0.2 107 
9.200887006954872e-07 108 
-2.215722812016805 0.02 0.006 0.9998520523309707 8e-05 0.0002 0.9997295439243317 0.0002 0.0008 4.5099791224797565 0.3 0.4 109 
406.58123779296875 110 
-2.2227549839019773 0.007 0.002 0.999934511979421 3e-05 0.0001 0.9998946775992711 3e-05 5e-05 4.5120998541514075 0.3 0.3 111 
1003.7835693359375 112 
515.0004577636719 113 
9.200742624670965e-07 114 
-2.215365165074666 0.003 0.002 0.9998759984970093 3e-05 4e-05 0.9996515903870264 0.0001 0.0002 4.512344660758973 0.2 0.2 115 
-2.2213954544067382 0.004 0.002 0.9999451261758804 2e-05 2e-05 0.999841068983078 4e-05 8e-05 4.510645853678385 0.2 0.2 116 
-2.2070364888509113 0.04 0.01 0.9999212159713109 6e-05 0.0002 0.9988548968235652 0.0009 0.002 4.506451261043549 0.7 0.6 117 
3532.87138671875 118 
762.6116943359375 119 
9.206632284985972e-07 120 
1729.36533203125 121 
9.212537179337233e-07 122 
-2.1875681336720785 0.002 0.002 0.9992972511053085 7e-05 0.0001 0.9973697378238042 0.0002 0.0004 4.534066365559895 0.07 0.07 123 
-2.2112661584218345 0.02 0.005 0.999885924855868 5e-05 0.0002 0.9998792856931686 8e-05 0.0004 4.50692581653595 0.4 0.4 124 
9.202420869769412e-07 125 
-2.2189822006225586 0.004 0.003 0.9998839835325877 4e-05 6e-05 0.999837820927302 6e-05 0.0002 4.5129333623250325 0.3 0.3 126 
-2.219450534184774 0.009 0.004 0.999952083826065 2e-05 4e-05 0.9997681272029877 0.0001 0.0004 4.509336644808451 0.4 0.4 127 
563.8344604492188 128 
1457.857373046875 129 
1126.165625 130 
-2.2048762798309327 0.04 0.01 0.9996543520689011 0.0002 0.0004 0.9985982489585876 0.0003 0.001 4.5075099023183185 0.5 0.5 131 
9.200268550557666e-07 132 
9.22903757327731e-07 133 
-2.219447692235311 0.005 0.003 0.9999120326836904 3e-05 6e-05 0.9998613210519155 8e-05 0.0002 4.512585423787435 0.3 0.3 134 
1608.1218994140625 135 
-2.2130619144439696 0.02 0.007 0.9999283027648925 2e-05 3e-05 0.9995007356007893 0.0003 0.0006 4.507474389076233 0.4 0.4 136 
-2.2186179606119794 0.007 0.004 0.9999581267436345 1e-05 2e-05 0.9997036427259445 0.0002 0.0003 4.509866248766581 0.3 0.4 137 
9.204719162880792e-07 138 
9.204427783515712e-07 139 
364.9527526855469 140 
917.0732543945312 141 
-2.2227251211802166 0.006 0.002 0.9999630349874497 2e-05 2e-05 0.9999196628729502 6e-05 0.0003 4.511993109385172 0.2 0.2 142 
-2.2209718132019045 0.01 0.004 0.9999349613984426 3e-05 7e-05 0.999898295601209 6e-05 0.0002 4.510690213839213 0.3 0.3 143 
1460.623828125 144 
-2.209077002207438 0.002 0.002 0.9999249162276586 2e-05 3e-05 0.9994532330830892 0.0001 0.0002 4.505077010790507 0.3 0.3 145 
-2.2146773306528726 0.007 0.004 0.9998684348662694 3e-05 6e-05 0.9997815438111624 8e-05 0.0002 4.512644403775533 0.3 0.3 146 
672.063525390625 147 
-2.2191512807210287 0.005 0.003 0.9998380782206854 4e-05 7e-05 0.9997030854225158 8e-05 0.0001 4.518710136413574 0.3 0.3 148 
-2.214950892130534 0.0008 0.0007 0.9998545960585277 3e-05 3e-05 0.9996287804841996 2e-05 2e-05 4.515015099843343 0.2 0.2 149 
