-2.2258036231994627 0.0002 0.0002 0.9999967529376348 3e-06 3e-06 0.9999905540545782 6e-06 7e-06 4.511879359881084 0.05 0.05 0 
-2.225733111699422 0.0002 0.0002 0.9999948968489965 3e-06 3e-06 0.9999903879563014 6e-06 7e-06 4.511855529149373 0.06 0.06 1 
-2.2258334350585938 0.0002 0.0002 0.9999965117375056 2e-06 3e-06 0.9999908415476481 6e-06 6e-06 4.511693975130717 0.05 0.05 2 
-2.225857334136963 0.0002 0.0002 0.9999964036544164 3e-06 3e-06 0.999991971651713 5e-06 6e-06 4.511871417363484 0.04 0.04 3 
-2.22574888865153 0.0002 0.0001 0.9999949485063553 3e-06 3e-06 0.9999874403079351 8e-06 9e-06 4.511586356163025 0.06 0.06 4 
-2.2257642046610515 0.0003 0.0002 0.9999955399831136 3e-06 3e-06 0.9999913879235586 5e-06 6e-06 4.511623832384745 0.05 0.05 5 
-2.2257967631022137 0.0002 0.0002 0.9999958056211472 3e-06 3e-06 0.9999909867842992 6e-06 6e-06 4.511877551078796 0.05 0.05 6 
-2.2257395585378013 0.0003 0.0002 0.9999954454104105 3e-06 3e-06 0.9999916283289592 5e-06 5e-06 4.511816012064616 0.05 0.05 7 
-2.2258427715301514 0.0002 0.0002 0.9999962081511815 3e-06 3e-06 0.999991258184115 6e-06 6e-06 4.511693720817566 0.05 0.05 8 
-2.2257093652089437 0.0003 0.0002 0.9999941980838776 3e-06 3e-06 0.9999901652336121 6e-06 6e-06 4.511462399164835 0.05 0.05 9 
-2.225920731226603 7e-05 6e-05 0.9999962538480759 2e-06 2e-06 0.9999820464849472 1e-05 1e-05 4.511839739481608 0.06 0.06 10 
-2.225529890060425 0.0003 0.0003 0.9999915480613708 4e-06 4e-06 0.999986913005511 7e-06 8e-06 4.511823371251424 0.07 0.07 11 
-2.225723393758138 0.0002 0.0001 0.9999943619966507 2e-06 2e-06 0.9999869924783706 8e-06 9e-06 4.511763434410096 0.06 0.06 12 
-2.2259376144409178 8e-05 7e-05 0.9999971234798432 2e-06 2e-06 0.9999854532877605 1e-05 1e-05 4.5117991240819295 0.06 0.06 13 
-2.2258364073435466 0.0002 0.0002 0.9999948889017105 3e-06 3e-06 0.999991328517596 6e-06 6e-06 4.511785217920939 0.05 0.05 14 
-2.2259551811218263 0.0001 0.0001 0.9999961278835933 2e-06 2e-06 0.9999868559837342 1e-05 1e-05 4.511748286883036 0.06 0.05 15 
-2.225699030558268 0.0003 0.0002 0.9999945229291916 3e-06 4e-06 0.9999903829892477 6e-06 6e-06 4.51160413424174 0.06 0.06 16 
-2.2261414527893066 0.0005 0.0003 0.9999973831574122 1e-06 1e-06 0.9999887851874033 7e-06 2e-05 4.511901337305705 0.07 0.07 17 
-2.225864953994751 0.0002 0.0002 0.9999953854084015 3e-06 3e-06 0.9999916609128316 6e-06 7e-06 4.511862341562907 0.06 0.06 18 
-2.2258546415964764 7e-05 8e-05 0.9999970310926437 2e-06 2e-06 0.999982681274414 9e-06 1e-05 4.511818772951762 0.06 0.06 19 
-2.225879669189453 0.0002 0.0001 0.9999966629346212 2e-06 2e-06 0.9999887857834499 7e-06 7e-06 4.5115867535273235 0.06 0.05 20 
-2.2258335622151693 0.0002 0.0002 0.9999963553746541 3e-06 3e-06 0.9999917628367742 5e-06 6e-06 4.511785701115926 0.05 0.05 21 
-2.22592892964681 6e-05 6e-05 0.9999964662392934 2e-06 2e-06 0.99998295267423 1e-05 1e-05 4.511582961082459 0.06 0.06 22 
-2.2258135668436685 0.0002 0.0002 0.9999954257408777 3e-06 3e-06 0.9999907187620799 6e-06 6e-06 4.511844511032105 0.05 0.05 23 
-2.225749470392863 0.0001 0.0001 0.9999921844402949 3e-06 3e-06 0.9999838294585546 1e-05 1e-05 4.511637616157532 0.06 0.06 24 
-2.2257765420277913 0.0002 0.0002 0.9999964799483617 3e-06 3e-06 0.9999910350640615 6e-06 7e-06 4.511883346239726 0.05 0.05 25 
-2.225833476384481 0.0002 0.0002 0.9999945869048437 3e-06 3e-06 0.999990535179774 6e-06 6e-06 4.5117702992757165 0.05 0.05 26 
-2.2256752173105876 0.0001 8e-05 0.999994172056516 2e-06 2e-06 0.9999844670295716 9e-06 1e-05 4.511610492070516 0.06 0.06 27 
-2.2257291952768963 0.0003 0.0002 0.9999945018688837 3e-06 3e-06 0.999990711013476 6e-06 6e-06 4.511548741658529 0.06 0.06 28 
-2.225914691289266 0.0001 0.0001 0.9999964779615402 2e-06 1e-06 0.9999916005134583 6e-06 7e-06 4.511806502342224 0.06 0.06 29 
-2.225876604715983 0.0002 0.0001 0.9999959496657054 3e-06 3e-06 0.9999882386128107 9e-06 1e-05 4.511670004526774 0.05 0.05 30 
-2.225823729832967 0.0002 0.0002 0.9999931919574737 3e-06 3e-06 0.9999906655152638 6e-06 6e-06 4.511579777399699 0.05 0.05 31 
-2.2258367919921875 0.0001 0.0001 0.999996120929718 3e-06 3e-06 0.9999866084257761 8e-06 9e-06 4.511801857948303 0.06 0.06 32 
-2.225899925231934 9e-05 0.0001 0.9999977856874466 1e-06 2e-06 0.9999804415305455 1e-05 1e-05 4.511958026885987 0.06 0.06 33 
-2.2257242520650227 0.0003 0.0003 0.9999949636061987 3e-06 4e-06 0.9999911026159922 6e-06 6e-06 4.511581597328186 0.06 0.06 34 
-2.2260384146372476 0.0002 0.0001 0.9999972631533941 1e-06 1e-06 0.9999845429261526 1e-05 1e-05 4.512182993888855 0.05 0.05 35 
-2.2257971731821695 9e-05 0.0001 0.9999963464339574 2e-06 2e-06 0.9999825398127238 1e-05 1e-05 4.511624468167623 0.06 0.06 36 
-2.2258029492696125 0.0001 8e-05 0.9999957758188248 3e-06 3e-06 0.9999787000815074 1e-05 1e-05 4.5117623217900595 0.06 0.06 37 
-2.225679111480713 0.0002 0.0002 0.9999930451313654 3e-06 3e-06 0.9999886359771093 7e-06 7e-06 4.51171173731486 0.06 0.06 38 
-2.2257808176676432 0.0003 0.0002 0.9999957595268886 3e-06 4e-06 0.9999919309218724 5e-06 5e-06 4.511806828180949 0.05 0.05 39 
-2.2257717641194663 0.0002 0.0002 0.9999957702557246 3e-06 3e-06 0.9999900631109874 6e-06 7e-06 4.511784462928772 0.05 0.05 40 
-2.2258580684661866 0.0002 0.0002 0.999996670683225 2e-06 3e-06 0.9999913771947225 6e-06 6e-06 4.511842665672302 0.04 0.04 41 
-2.2260362911224365 9e-05 7e-05 0.9999959262212118 2e-06 2e-06 0.9999901495377223 7e-06 9e-06 4.512073763211569 0.06 0.06 42 
-2.225776891708374 0.0002 0.0002 0.999995593627294 3e-06 3e-06 0.9999907145897547 6e-06 6e-06 4.511786691347758 0.05 0.05 43 
-1.8046327908833821 0.2 0.06 0.9953339234987895 0.003 0.01 0.9564414777358373 0.02 0.09 4.390675984223684 3.0 1.0 44 
-2.225827744801839 0.0002 0.0002 0.999996404449145 3e-06 3e-06 0.9999904588858286 6e-06 6e-06 4.511679390271505 0.06 0.06 45 
-2.225822693506877 0.0002 0.0002 0.9999958338340124 3e-06 3e-06 0.9999911050001781 6e-06 6e-06 4.511800138155619 0.05 0.05 46 
-2.225741910934448 7e-05 0.0001 0.9999951044718425 2e-06 2e-06 0.9999738166729609 1e-05 1e-05 4.511646704673767 0.06 0.06 47 
-2.225783596038818 0.0003 0.0002 0.9999960001309712 3e-06 3e-06 0.9999910688400269 6e-06 6e-06 4.511769199371338 0.06 0.06 48 
-2.22577623685201 0.0002 0.0002 0.9999958966175715 3e-06 3e-06 0.9999910670518876 6e-06 6e-06 4.511742437680562 0.05 0.05 49 
-2.225869410832723 0.0002 0.0002 0.999996662735939 3e-06 3e-06 0.9999909569819768 6e-06 6e-06 4.511738495826721 0.05 0.05 50 
-2.2258619912465414 0.0002 0.0002 0.9999965041875839 3e-06 3e-06 0.9999906835953395 6e-06 6e-06 4.511806356112162 0.05 0.05 51 
-2.225610237121582 0.0004 0.0003 0.9999921319882075 4e-06 4e-06 0.9999907414118449 5e-06 6e-06 4.511489095687867 0.05 0.05 52 
-2.2257812277475995 0.0002 0.0002 0.9999961139758428 2e-06 2e-06 0.999992446899414 4e-06 5e-06 4.51180510520935 0.06 0.06 53 
-2.226144914627075 6e-05 7e-05 0.9999966744581859 1e-06 1e-06 0.9999905830621719 7e-06 7e-06 4.512078062693278 0.05 0.05 54 
-2.2257651138305663 0.0002 0.0002 0.9999953263998032 3e-06 3e-06 0.9999902574221293 6e-06 6e-06 4.511603285471598 0.05 0.05 55 
-2.225798406600952 0.0002 0.0002 0.9999959800640742 3e-06 3e-06 0.9999904731909434 6e-06 6e-06 4.511675629615784 0.05 0.05 56 
-2.225743287404378 0.0001 0.0001 0.9999953764677048 2e-06 2e-06 0.9999876264731089 8e-06 8e-06 4.5115869983037316 0.06 0.06 57 
-2.225645087560018 0.0003 0.0003 0.9999939223130544 3e-06 4e-06 0.9999890228112539 7e-06 7e-06 4.511859143575032 0.06 0.06 58 
-2.2259529368082682 0.0002 0.0002 0.999997139175733 1e-06 1e-06 0.999984423716863 1e-05 2e-05 4.51177375793457 0.07 0.07 59 
-2.2257678286234537 0.0002 0.0002 0.9999950895706813 2e-06 2e-06 0.999983278910319 1e-05 1e-05 4.511657608350118 0.07 0.07 60 
-2.225789025624593 0.0002 0.0002 0.9999962999423345 3e-06 3e-06 0.9999909456570943 6e-06 6e-06 4.511919759114583 0.05 0.05 61 
-2.225729513168335 0.0003 0.0002 0.9999952350060145 3e-06 3e-06 0.9999907034635543 6e-06 6e-06 4.511731716791789 0.06 0.06 62 
-2.225757427215576 0.0003 0.0002 0.9999956246217092 3e-06 4e-06 0.9999912349383037 6e-06 6e-06 4.511805342038472 0.06 0.05 63 
-2.225749216079712 0.0003 0.0002 0.9999957752227783 3e-06 3e-06 0.9999905071655909 6e-06 6e-06 4.511854933102925 0.05 0.05 64 
-2.225904541015625 0.0002 0.0001 0.9999973628918329 2e-06 2e-06 0.9999901018540065 6e-06 7e-06 4.511872304280599 0.05 0.05 65 
-2.2261437702178957 8e-05 9e-05 0.9999973984559377 2e-06 1e-06 0.999989973505338 7e-06 8e-06 4.512203771273295 0.05 0.05 66 
-2.2258351707458495 0.0002 0.0002 0.9999955534934998 2e-06 3e-06 0.9999911016225815 6e-06 6e-06 4.511799092292786 0.05 0.05 67 
-2.225752738316854 0.0003 0.0002 0.999994649887085 3e-06 3e-06 0.9999904964367549 6e-06 6e-06 4.51166693687439 0.05 0.05 68 
-2.2259266153971353 6e-05 7e-05 0.9999959349632264 2e-06 2e-06 0.9999832898378372 1e-05 1e-05 4.511770955721537 0.06 0.06 69 
-2.225621779759725 0.0003 0.0003 0.9999910255273183 6e-06 8e-06 0.999989972114563 6e-06 7e-06 4.511026584307353 0.06 0.06 70 
-2.2258102893829346 0.0002 0.0002 0.9999961308638254 3e-06 3e-06 0.9999914133548736 6e-06 6e-06 4.511810145378113 0.05 0.05 71 
-2.2258374945322674 0.0002 0.0002 0.9999966273705164 3e-06 3e-06 0.9999914648135503 6e-06 6e-06 4.511896848678589 0.05 0.05 72 
-2.2261527442932127 0.0002 0.0002 0.9999944082895915 2e-06 2e-06 0.9999929871161779 5e-06 7e-06 4.511992451349895 0.06 0.06 73 
-2.2258618291219077 0.0002 0.0001 0.9999966661135355 2e-06 3e-06 0.9999897734324137 7e-06 7e-06 4.511895429293315 0.05 0.05 74 
-2.225791610081991 0.0001 8e-05 0.9999964727958044 2e-06 2e-06 0.9999880886077881 7e-06 8e-06 4.51159469127655 0.06 0.06 75 
-2.225789124170939 0.0002 0.0002 0.9999952807029089 3e-06 3e-06 0.9999898574749628 7e-06 7e-06 4.51161020119985 0.05 0.05 76 
-2.225838845570882 0.0002 0.0002 0.9999964203437169 3e-06 3e-06 0.9999920948346456 5e-06 5e-06 4.511843074162801 0.05 0.05 77 
-2.2257024097442626 0.0003 0.0002 0.999994414250056 3e-06 3e-06 0.9999893126885097 6e-06 7e-06 4.511506107648214 0.06 0.05 78 
-2.2258942540486655 0.0001 0.0001 0.9999952789147695 2e-06 2e-06 0.9999878410498301 8e-06 9e-06 4.511505409876506 0.05 0.05 79 
-2.2258117135365802 0.0002 0.0002 0.9999959770838419 3e-06 3e-06 0.999990905324618 6e-06 6e-06 4.511528833707174 0.05 0.05 80 
-2.2256954511006675 0.0003 0.0003 0.9999936163425446 3e-06 3e-06 0.9999902719259262 6e-06 6e-06 4.511929697990418 0.05 0.05 81 
-2.225656369527181 0.0003 0.0003 0.9999939694007238 4e-06 4e-06 0.9999901696046194 6e-06 6e-06 4.511632957458496 0.06 0.06 82 
-2.225839001337687 0.0002 0.0002 0.9999961400032044 3e-06 3e-06 0.9999911501010259 6e-06 6e-06 4.511758567492167 0.05 0.05 83 
-2.2259628105163576 0.0003 0.0003 0.9999974415699641 8e-07 1e-06 0.9999822860956192 2e-05 2e-05 4.511859426498413 0.06 0.06 84 
-2.2257577546437584 0.0003 0.0002 0.9999948475758235 3e-06 3e-06 0.9999920294682185 5e-06 5e-06 4.511595389048258 0.05 0.05 85 
-2.225792843500773 0.0002 0.0002 0.9999962423245112 3e-06 3e-06 0.9999902254343033 6e-06 7e-06 4.511711942354838 0.05 0.05 86 
-2.2260147031148274 0.0001 0.0001 0.9999977946281433 2e-06 2e-06 0.9999853758017222 1e-05 1e-05 4.511892759005229 0.06 0.06 87 
-2.2258211676279704 7e-05 7e-05 0.9999968492984772 2e-06 2e-06 0.9999855045477549 8e-06 9e-06 4.51185884475708 0.06 0.06 88 
-2.2257903830210366 0.0003 0.0002 0.9999951950709025 3e-06 3e-06 0.9999916539589564 5e-06 6e-06 4.5120158195495605 0.05 0.05 89 
-2.2258518759409585 0.0002 0.0002 0.9999963798125585 3e-06 3e-06 0.9999911077817281 6e-06 6e-06 4.511851325035095 0.05 0.05 90 
-2.2258528900146484 0.0002 0.0002 0.9999966398874919 2e-06 3e-06 0.9999908383687337 6e-06 7e-06 4.511785327593485 0.05 0.05 91 
-2.225768283208211 0.0003 0.0002 0.9999960664908091 3e-06 3e-06 0.9999922873576482 5e-06 5e-06 4.51190123240153 0.05 0.05 92 
-2.226006081899007 0.0002 0.0002 0.999996331135432 3e-06 3e-06 0.9999925754467647 6e-06 6e-06 4.512036333084106 0.05 0.05 93 
-2.2258513100941975 0.0002 0.0002 0.9999951223532358 3e-06 3e-06 0.9999910589059194 6e-06 6e-06 4.511770957310994 0.05 0.05 94 
-2.225861005783081 0.0002 0.0002 0.9999959129095077 3e-06 3e-06 0.9999911512931188 6e-06 6e-06 4.5117811663945515 0.05 0.05 95 
-2.225815251668294 0.0003 0.0002 0.9999970928827921 2e-06 3e-06 0.9999928267796835 4e-06 5e-06 4.51172699769338 0.05 0.05 96 
-2.225986747741699 0.0001 0.0001 0.9999968034029006 2e-06 2e-06 0.9999846295515696 1e-05 1e-05 4.511830671628316 0.06 0.06 97 
-2.2262723032633462 0.0002 0.0002 0.9999984041849772 7e-07 7e-07 0.9999933950106303 5e-06 8e-06 4.512262479464213 0.05 0.05 98 
-2.2259207248687742 0.0002 0.0001 0.9999954599142075 1e-06 1e-06 0.9999895572662354 3e-06 4e-06 4.511965076128642 0.04 0.04 99 
