-2.225111379623413 0.002 0.001 0.999977035522461 5e-06 2e-05 0.9999860394001007 1e-05 2e-05 4.511948579152425 0.1 0.1 0 
-2.2250631713867186 0.003 0.001 0.9999783488114675 5e-06 2e-05 0.9999831908941269 1e-05 5e-05 4.511942769686381 0.2 0.2 1 
-2.225121564865112 0.002 0.001 0.9999777774016062 5e-06 2e-05 0.9999850952625274 1e-05 2e-05 4.512054355939229 0.1 0.1 2 
-2.224622484842936 0.002 0.0008 0.9999727072318395 5e-06 2e-05 0.9999719087282817 2e-05 2e-05 4.512130438486735 0.1 0.1 3 
-2.225135850906372 0.002 0.001 0.9999785004059474 5e-06 2e-05 0.9999839945634206 1e-05 3e-05 4.511694970130921 0.1 0.1 4 
-2.2248929437001546 0.003 0.001 0.9999722429116567 6e-06 2e-05 0.9999827728668849 1e-05 2e-05 4.5123194265365605 0.1 0.1 5 
-2.225130802790324 0.002 0.0009 0.9999779691298802 5e-06 2e-05 0.9999844264984131 1e-05 3e-05 4.512139601707458 0.1 0.1 6 
-2.2251112270355224 0.002 0.0009 0.9999768875042597 5e-06 2e-05 0.9999844147761663 1e-05 2e-05 4.512370959917704 0.1 0.1 7 
-2.225149841308594 0.002 0.0009 0.9999775391817093 4e-06 2e-05 0.999985993305842 1e-05 2e-05 4.511997399330139 0.1 0.1 8 
-2.2251207447052 0.002 0.001 0.9999772785107295 5e-06 2e-05 0.9999856068690618 1e-05 2e-05 4.512001016934713 0.1 0.1 9 
-2.2250993124643963 0.002 0.001 0.999978361527125 5e-06 2e-05 0.9999841839075089 1e-05 3e-05 4.512163794835408 0.1 0.1 10 
-2.2251395988464355 0.002 0.0009 0.999978259007136 5e-06 2e-05 0.9999857656160991 1e-05 2e-05 4.512026631037394 0.1 0.1 11 
-2.2251468658447267 0.002 0.001 0.9999781954288482 5e-06 2e-05 0.9999860058228175 1e-05 2e-05 4.512027978897095 0.1 0.1 12 
-2.225107084910075 0.002 0.0009 0.9999763415257136 5e-06 2e-05 0.9999857211112976 1e-05 2e-05 4.512153712908427 0.1 0.1 13 
-2.2251182142893473 0.002 0.001 0.9999776353438695 5e-06 2e-05 0.9999862871567409 1e-05 2e-05 4.511908531188965 0.1 0.1 14 
-2.225059725443522 0.002 0.001 0.9999753626187643 5e-06 2e-05 0.9999840386708577 1e-05 2e-05 4.512178591092428 0.1 0.1 15 
-2.2250388622283936 0.002 0.001 0.9999741888046265 5e-06 2e-05 0.9999842568238576 1e-05 2e-05 4.51240893681844 0.1 0.1 16 
-2.2251021003723146 0.002 0.001 0.99997611840566 5e-06 2e-05 0.9999852216243744 1e-05 2e-05 4.512178552945455 0.1 0.1 17 
-2.2251576073964436 0.002 0.0009 0.9999779544274012 5e-06 2e-05 0.9999867131312689 1e-05 2e-05 4.511969221433004 0.1 0.1 18 
-2.225132745107015 0.002 0.001 0.9999771445989609 5e-06 2e-05 0.9999859370787938 1e-05 2e-05 4.511979289054871 0.1 0.1 19 
-2.22481676419576 0.003 0.001 0.999973916610082 6e-06 2e-05 0.9999810733397801 1e-05 4e-05 4.51246039390564 0.1 0.1 20 
-2.224947312672933 0.002 0.001 0.999973694284757 6e-06 1e-05 0.9999818090597788 1e-05 4e-05 4.512368591626485 0.2 0.2 21 
-2.2250617504119874 0.003 0.001 0.9999752932786942 5e-06 2e-05 0.9999842846393585 1e-05 2e-05 4.512394820849101 0.1 0.1 22 
-2.225119161605835 0.002 0.0009 0.9999778616428375 5e-06 2e-05 0.9999861206610997 1e-05 2e-05 4.512095162073771 0.1 0.1 23 
-2.225125487645467 0.002 0.0009 0.9999769371747971 5e-06 2e-05 0.9999851534763972 1e-05 2e-05 4.5122021929423015 0.1 0.1 24 
-2.225162467956543 0.002 0.0009 0.9999781519174575 5e-06 2e-05 0.9999862039089202 1e-05 3e-05 4.511875754992167 0.1 0.1 25 
-2.225084676742554 0.002 0.001 0.9999767154455185 5e-06 2e-05 0.9999839182694753 1e-05 3e-05 4.512218874295552 0.1 0.1 26 
-2.2251618989308675 0.002 0.0009 0.9999773440758387 5e-06 2e-05 0.9999862168232599 1e-05 2e-05 4.512066138585409 0.1 0.1 27 
-2.2251093673706053 0.002 0.0009 0.9999773865938186 5e-06 2e-05 0.9999858448902766 1e-05 3e-05 4.512167921066284 0.1 0.1 28 
-2.225074189503988 0.003 0.001 0.9999786478281021 5e-06 2e-05 0.999983364144961 1e-05 7e-05 4.511805740992228 0.2 0.2 29 
-2.2252034950256347 0.002 0.0009 0.9999776222308476 5e-06 1e-05 0.9999865633249283 1e-05 2e-05 4.512180385589599 0.1 0.1 30 
-2.225181214014689 0.002 0.0009 0.9999788115421931 4e-06 2e-05 0.9999850092331568 1e-05 3e-05 4.511812060674032 0.1 0.1 31 
-2.224670524597168 0.003 0.001 0.9999698984622956 6e-06 2e-05 0.9999814675251643 1e-05 4e-05 4.512822388013204 0.1 0.1 32 
-2.225002072652181 0.004 0.001 0.9999745450417201 6e-06 3e-05 0.9999848614136378 1e-05 2e-05 4.512012122472127 0.1 0.1 33 
-2.224815362294515 0.003 0.001 0.9999719180663427 6e-06 2e-05 0.9999801828463872 1e-05 4e-05 4.512602256139119 0.1 0.1 34 
-2.2251533190409343 0.002 0.0009 0.999977762500445 5e-06 2e-05 0.9999856026967366 1e-05 2e-05 4.511994477907817 0.1 0.1 35 
-2.2251166534423827 0.002 0.0009 0.9999765835205714 5e-06 2e-05 0.9999843545754751 1e-05 3e-05 4.512224367459615 0.1 0.1 36 
-2.225052652359009 0.002 0.001 0.9999753165245057 5e-06 2e-05 0.9999843655029933 1e-05 2e-05 4.512354534467061 0.1 0.1 37 
-2.2251256338755288 0.002 0.001 0.9999787334601085 5e-06 2e-05 0.9999853626887003 1e-05 3e-05 4.51203063805898 0.1 0.1 38 
-2.225125099817912 0.002 0.001 0.9999775658051173 5e-06 2e-05 0.999986163576444 1e-05 2e-05 4.511981091499329 0.1 0.1 39 
-2.2251386642456055 0.002 0.001 0.9999784878889719 5e-06 2e-05 0.9999843202034633 1e-05 3e-05 4.511703817049662 0.1 0.1 40 
-2.2251007715861 0.002 0.0009 0.9999764380852382 5e-06 2e-05 0.9999853893121083 1e-05 2e-05 4.5121742486953735 0.1 0.1 41 
-2.224985891977946 0.002 0.001 0.9999754244089126 5e-06 2e-05 0.9999837509791056 1e-05 3e-05 4.512108090718587 0.1 0.1 42 
-2.2250711727142334 0.002 0.001 0.9999751019477844 5e-06 2e-05 0.999985410173734 1e-05 2e-05 4.51227054754893 0.1 0.1 43 
-2.2250252691904704 0.003 0.001 0.9999756530920665 5e-06 2e-05 0.9999834887186686 1e-05 4e-05 4.512255043983459 0.1 0.1 44 
-2.2250946521759034 0.002 0.001 0.9999763784805934 5e-06 2e-05 0.9999850392341614 1e-05 2e-05 4.512120725313823 0.1 0.1 45 
-2.225082162221273 0.002 0.001 0.9999765533208848 5e-06 2e-05 0.9999847857157389 1e-05 3e-05 4.512174135843913 0.1 0.1 46 
-2.2251124064127605 0.002 0.0009 0.9999771720170975 5e-06 2e-05 0.9999847420056661 1e-05 2e-05 4.51211587746938 0.1 0.1 47 
-2.2250228404998778 0.002 0.001 0.9999757170677185 5e-06 2e-05 0.9999840998649597 1e-05 3e-05 4.5123267682393395 0.1 0.1 48 
-2.225119253794352 0.002 0.001 0.9999784262975057 5e-06 2e-05 0.9999855190515519 1e-05 2e-05 4.511855219205221 0.1 0.1 49 
-2.225114116668701 0.002 0.001 0.9999782236417135 5e-06 2e-05 0.9999854721625646 1e-05 2e-05 4.512009468078613 0.1 0.1 50 
-2.2251194127400717 0.002 0.001 0.9999766614039739 5e-06 2e-05 0.9999859780073166 1e-05 2e-05 4.5120372343063355 0.1 0.1 51 
-2.225041694641113 0.002 0.001 0.999978652993838 5e-06 1e-05 0.9999821319182713 1e-05 4e-05 4.511903290748596 0.2 0.2 52 
-2.2250724124908445 0.002 0.001 0.9999772087732951 5e-06 2e-05 0.999984695315361 1e-05 3e-05 4.512161399523417 0.1 0.1 53 
-2.225050999323527 0.004 0.001 0.9999741951624552 6e-06 3e-05 0.9999857894579569 1e-05 3e-05 4.511691252390544 0.2 0.2 54 
-2.2251794815063475 0.002 0.0009 0.9999787511428198 4e-06 2e-05 0.9999862972895305 1e-05 2e-05 4.511918428738912 0.1 0.1 55 
-2.2251255830128986 0.004 0.001 0.9999775425593058 6e-06 3e-05 0.9999853738149007 1e-05 3e-05 4.512114837964376 0.1 0.1 56 
-2.2251043764750165 0.003 0.001 0.9999771360556284 5e-06 2e-05 0.9999862281481425 1e-05 2e-05 4.511976037025452 0.1 0.1 57 
-2.2250954659779865 0.002 0.001 0.999977240562439 5e-06 2e-05 0.9999854111671448 1e-05 2e-05 4.512056008974711 0.1 0.1 58 
-2.2251791318257648 0.002 0.0009 0.9999788075685501 4e-06 2e-05 0.9999846607446671 1e-05 3e-05 4.511980352401733 0.1 0.1 59 
-2.2251375007629393 0.002 0.0009 0.999977343082428 5e-06 2e-05 0.9999850809574127 1e-05 2e-05 4.512011734644572 0.1 0.1 60 
-2.224862944285075 0.003 0.001 0.9999732085069021 6e-06 2e-05 0.9999809640645981 1e-05 5e-05 4.5121735699971515 0.1 0.1 61 
-2.2250755564371745 0.002 0.001 0.999976421991984 5e-06 2e-05 0.9999853366613388 1e-05 2e-05 4.512209202448527 0.1 0.1 62 
-2.225144688288371 0.002 0.001 0.999977420369784 5e-06 2e-05 0.9999855720996856 1e-05 2e-05 4.51224910736084 0.1 0.1 63 
-2.2251600297292073 0.002 0.0009 0.9999781962235769 5e-06 2e-05 0.9999855413039526 1e-05 3e-05 4.511853146553039 0.1 0.1 64 
-2.2250340429941815 0.002 0.001 0.9999752753973007 5e-06 2e-05 0.9999846190214157 1e-05 2e-05 4.512332317034404 0.1 0.1 65 
-2.22507212638855 0.002 0.001 0.999975900053978 6e-06 1e-05 0.9999847863117853 1e-05 3e-05 4.512048899332682 0.1 0.1 66 
-2.2250848611195884 0.002 0.001 0.9999764682849248 5e-06 2e-05 0.9999844912687937 1e-05 3e-05 4.512181113560994 0.1 0.1 67 
-2.2250466378529867 0.002 0.001 0.9999760955572128 5e-06 2e-05 0.9999835312366485 1e-05 3e-05 4.5123102029164635 0.2 0.1 68 
-2.2248882738749187 0.002 0.001 0.9999728216727575 6e-06 2e-05 0.9999823677539825 1e-05 3e-05 4.512472497622172 0.1 0.1 69 
-2.2250518131256105 0.002 0.001 0.9999751975138982 6e-06 1e-05 0.9999847175677617 1e-05 4e-05 4.512016386985779 0.2 0.2 70 
-2.2251638158162437 0.002 0.0009 0.9999786009391148 5e-06 2e-05 0.9999861443042755 1e-05 3e-05 4.5121427202224735 0.1 0.1 71 
-2.224922612508138 0.003 0.001 0.999972291191419 7e-06 2e-05 0.9999833705027898 1e-05 3e-05 4.512157716751099 0.2 0.1 72 
-2.225148464838664 0.002 0.0009 0.9999783305327098 5e-06 2e-05 0.999985949198405 1e-05 2e-05 4.511916689872741 0.1 0.1 73 
-2.225106360117594 0.003 0.001 0.999975616534551 5e-06 2e-05 0.9999857352177302 1e-05 2e-05 4.512280836105346 0.1 0.1 74 
-2.2251140308380126 0.002 0.0009 0.9999777811765671 5e-06 2e-05 0.9999855828285217 1e-05 2e-05 4.511911991437276 0.1 0.1 75 
-2.2251292928059896 0.002 0.0009 0.9999779262145361 5e-06 2e-05 0.9999854628245036 1e-05 3e-05 4.5118820826212565 0.1 0.1 76 
-2.225168368021647 0.002 0.0009 0.9999778896570206 5e-06 2e-05 0.9999861719210943 1e-05 2e-05 4.511967101097107 0.1 0.1 77 
-2.2251069100697833 0.002 0.001 0.9999768620729447 5e-06 2e-05 0.999985601902008 1e-05 2e-05 4.512257412274678 0.1 0.1 78 
-2.2251082134246825 0.002 0.001 0.9999776752789815 5e-06 2e-05 0.9999843500057857 1e-05 3e-05 4.512180242538452 0.1 0.1 79 
-2.225140256881714 0.002 0.0009 0.9999786718686422 5e-06 2e-05 0.9999853060642878 1e-05 3e-05 4.511849349339803 0.1 0.1 80 
-2.2250347741444907 0.002 0.001 0.9999753745396932 5e-06 2e-05 0.9999831316868464 1e-05 3e-05 4.511986548105876 0.1 0.1 81 
-2.2250067392985025 0.003 0.001 0.999974702000618 6e-06 2e-05 0.9999847499529521 1e-05 2e-05 4.512186571756999 0.1 0.1 82 
-2.2249417718251547 0.002 0.0009 0.9999788888295491 5e-06 1e-05 0.9999787118037542 2e-05 3e-05 4.512062215805054 0.1 0.1 83 
-2.2251397864023845 0.002 0.0009 0.9999783432483673 5e-06 2e-05 0.999985601902008 1e-05 3e-05 4.51200697739919 0.1 0.1 84 
-2.2249342568715416 0.002 0.0009 0.9999759844938914 6e-06 1e-05 0.9999825112024943 1e-05 3e-05 4.512150278091431 0.1 0.1 85 
-2.2249810314178466 0.002 0.0009 0.9999753514925639 5e-06 1e-05 0.9999812457958858 2e-05 4e-05 4.512031534512838 0.1 0.1 86 
-2.225162661870321 0.002 0.0009 0.999978684981664 5e-06 2e-05 0.9999861665566763 1e-05 3e-05 4.511995402971904 0.1 0.1 87 
-2.225052890777588 0.002 0.001 0.9999756610393524 5e-06 2e-05 0.9999854805072149 1e-05 2e-05 4.511936319669088 0.1 0.1 88 
-2.224902261098226 0.003 0.001 0.9999747101465861 6e-06 2e-05 0.9999847038586934 1e-05 3e-05 4.51219429175059 0.1 0.1 89 
-2.2248426882425942 0.003 0.001 0.9999707831939062 6e-06 2e-05 0.9999816658099493 1e-05 4e-05 4.5126355934143065 0.1 0.1 90 
-2.225172185897827 0.002 0.0009 0.9999785099426906 5e-06 2e-05 0.9999861121177673 1e-05 2e-05 4.512007865905762 0.1 0.1 91 
-2.225129493077596 0.002 0.001 0.9999763800700505 5e-06 2e-05 0.999986026485761 1e-05 2e-05 4.51227284749349 0.1 0.1 92 
-2.225047206878662 0.002 0.001 0.9999753216902415 5e-06 2e-05 0.9999851063887278 1e-05 2e-05 4.512203095753987 0.1 0.1 93 
-2.2251649538675946 0.003 0.001 0.9999785506725312 5e-06 2e-05 0.9999865273634593 1e-05 2e-05 4.511785238583883 0.1 0.1 94 
-2.225221096674601 0.002 0.0009 0.9999791244665782 4e-06 2e-05 0.9999866511424382 1e-05 2e-05 4.511941456794739 0.1 0.1 95 
-2.225134490331014 0.002 0.0009 0.9999779987335206 5e-06 2e-05 0.9999859084685644 1e-05 2e-05 4.5120266834894815 0.1 0.1 96 
-2.2251585992177327 0.002 0.0009 0.9999785898129145 5e-06 2e-05 0.9999856132268906 1e-05 3e-05 4.511973091761271 0.1 0.1 97 
-2.2249746704101563 0.004 0.001 0.9999750504891077 6e-06 3e-05 0.9999825638532639 1e-05 2e-05 4.511909783681234 0.2 0.1 98 
-2.225119218826294 0.002 0.0009 0.9999770764509837 5e-06 2e-05 0.9999845782915752 1e-05 3e-05 4.512131287256877 0.1 0.1 99 
