-2.190778964360555 0.08 0.01 0.9997388698657353 5e-05 0.0003 0.9992283950249354 1e-05 2e-05 4.4925417757034305 0.1 0.09 12 
-2.2102222061157226 0.005 0.002 0.9999778294563293 7e-06 2e-05 0.9991871829827627 2e-05 7e-05 4.491354746818542 0.2 0.2 13 
-0.3787431780497233 0.0009 0.0003 0.8136656860510508 0.002 0.003 0.9828878057003021 0.0006 0.0008 2.3826409125328065 0.06 0.07 14 
-2.202778755823771 0.004 0.001 0.9999682090679805 6e-06 4e-05 0.999211518963178 5e-06 2e-05 4.491864964167277 0.1 0.1 16 
-2.1495878823598225 0.002 0.001 0.9995458046595256 4e-05 7e-05 0.9992104510466258 1e-05 3e-05 4.454737405776978 0.1 0.1 17 
-0.39064436117808027 0.0003 0.0002 0.8207008937994639 0.0006 0.0009 0.984004123210907 0.0005 0.0006 2.4210166811943052 0.06 0.06 18 
-0.38821481227874755 0.002 0.0004 0.8300131291151047 0.006 0.004 0.9845148402452469 0.001 0.001 2.4596217115720114 0.05 0.04 20 
-0.3900915765762329 0.0001 0.0001 0.8217350578308106 0.0004 0.0003 0.9839960608879725 0.0005 0.0005 2.4257327270507814 0.07 0.07 23 
-2.2246914354960126 0.005 0.001 0.9999577689170838 5e-06 2e-05 0.9999943306048711 5e-06 2e-05 4.511939369837443 0.1 0.1 24 
-0.37849472045898436 5e-05 4e-05 0.8143923717737198 0.001 0.001 0.9829559779167175 0.0004 0.0004 2.384671601454417 0.05 0.05 25 
-2.2244174480438232 0.01 0.001 0.9999695380528768 4e-06 3e-05 0.9999610064427058 3e-05 0.0001 4.509490111668905 0.1 0.1 26 
-0.36544146060943605 0.002 0.0004 0.8518722172578176 0.004 0.005 0.9838987414042155 0.0006 0.0006 2.5601730791727704 0.08 0.08 30 
-2.2245415846506753 0.005 0.002 0.9999638829628626 4e-06 1e-05 0.9999773367245992 2e-05 0.0001 4.5114613040288285 0.2 0.2 32 
-2.210756613413493 0.002 0.001 0.9999485337734222 8e-06 1e-05 0.9992327427864075 6e-06 2e-05 4.500204245249431 0.09 0.09 33 
-2.2171966234842935 0.003 0.0008 0.9983515179157257 3e-05 6e-05 0.9999721189339955 8e-06 0.0001 4.541763676007589 0.1 0.1 34 
-2.2026178805033365 0.0006 0.0005 0.999943846265475 1e-05 2e-05 0.9992309768994649 4e-06 4e-06 4.4940542888641355 0.08 0.08 36 
-2.224264554977417 0.003 0.001 0.9998739926020305 4e-06 2e-05 0.9999743300676346 1e-05 4e-05 4.510355935096741 0.1 0.1 40 
-2.224883295694987 0.003 0.001 0.9999913922945658 6e-06 4e-05 0.999987344344457 1e-05 7e-05 4.511035788853963 0.2 0.2 41 
-2.2112069670359293 0.003 0.0009 0.9999874198436737 5e-06 1e-05 0.9992352751890818 4e-06 1e-05 4.498825620015462 0.1 0.1 43 
-2.223623514175415 0.003 0.001 0.9998680744568507 5e-06 1e-05 0.9999914677937826 4e-06 1e-05 4.5120775524775185 0.1 0.1 48 
-2.2245733483632404 0.005 0.002 0.9999675341447194 9e-06 8e-05 0.9999817077318828 6e-06 1e-05 4.508527054786682 0.1 0.1 49 
-2.225227394104004 0.004 0.001 0.9999793553352356 4e-06 1e-05 0.9999911804993947 4e-06 2e-05 4.51148916721344 0.2 0.2 50 
-2.2107715956370035 0.01 0.002 0.9999870326121648 8e-06 0.0001 0.9992220425605773 7e-06 5e-05 4.497796638806661 0.2 0.2 51 
-2.2244388834635416 0.004 0.001 0.9999602417151133 7e-06 8e-05 0.999884252945582 1e-05 5e-05 4.497305000623067 0.1 0.1 52 
-2.2158780479431153 0.003 0.0009 0.9998755550384522 5e-06 1e-05 0.999985693693161 8e-06 9e-05 4.5092410453160605 0.1 0.1 53 
-0.3779147322972616 0.0009 0.0006 0.8133548917373021 0.002 0.002 0.982779844601949 0.0008 0.0009 2.379874730904897 0.08 0.08 55 
-2.221786330540975 0.06 0.002 0.9995206342140833 2e-05 4e-05 0.9999802962938944 5e-06 3e-05 4.519306406974793 0.2 0.1 56 
-2.2109202416737874 0.003 0.001 0.9999778264760971 6e-06 2e-05 0.999220670859019 1e-05 3e-05 4.498766671816508 0.1 0.1 58 
-2.214048449198405 0.006 0.003 0.9983609728018443 2e-05 6e-05 0.9989103402694066 7e-05 8e-05 4.44074294090271 0.07 0.07 59 
-2.223752288818359 0.02 0.003 0.9999461130301157 2e-05 0.0002 0.9999886711438497 1e-05 8e-05 4.510875442822774 0.2 0.2 61 
-0.38884575684865313 0.001 0.0002 0.8261544539531072 0.002 0.002 0.9840162581205368 0.0005 0.0007 2.442759522596995 0.05 0.05 62 
-0.3838239892323812 0.001 0.0005 0.8336069283882777 0.002 0.002 0.9840237446626028 0.0009 0.001 2.4734231996536256 0.08 0.09 63 
-2.224043779373169 0.02 0.002 0.9999768267075221 7e-06 5e-05 0.9999712504943212 3e-05 0.001 4.510468422571818 0.2 0.2 64 
-2.2241381390889488 0.006 0.001 0.9999026223023733 6e-06 2e-05 0.9999808265765509 5e-06 5e-05 4.511728027661642 0.1 0.1 65 
-2.2070104471842447 0.004 0.002 0.9998432195186615 5e-06 2e-05 0.999970530072848 8e-06 9e-05 4.4923560412724814 0.2 0.2 66 
-2.216942227681478 0.002 0.0007 0.9998696428537369 4e-06 1e-05 0.9999716391166051 7e-06 2e-05 4.507949495315552 0.09 0.09 67 
-2.221560560862223 0.002 0.001 0.999451110959053 1e-05 2e-05 0.9999754563967387 5e-06 1e-05 4.519480779965718 0.1 0.1 69 
-2.223917016983032 0.003 0.001 0.999909806450208 5e-06 2e-05 0.9999908101558685 3e-06 5e-05 4.512486942609152 0.1 0.1 70 
-2.22450408299764 0.002 0.0009 0.9999546255668005 4e-06 8e-06 0.9999902677536011 4e-06 1e-05 4.511714291572571 0.1 0.1 71 
-2.224123290379842 0.003 0.001 0.9998616844415664 8e-06 2e-05 0.9999965397516887 3e-06 1e-05 4.514148971239726 0.1 0.1 72 
-2.2244614028930663 0.006 0.0009 0.999945186773936 4e-06 6e-06 0.9999854948123296 5e-06 0.0002 4.512261748313904 0.1 0.1 73 
-0.37192177136739096 0.001 0.0005 0.8102485889196396 0.0009 0.001 0.9830358107884725 0.001 0.001 2.3518896333376564 0.1 0.1 75 
-2.2241202131907145 0.004 0.001 0.9997583574056625 8e-06 2e-05 0.9999901413917541 3e-06 5e-06 4.517873924573262 0.1 0.1 77 
-2.205823621749878 0.003 0.0007 0.9996819772322972 9e-06 2e-05 0.9992267479499181 2e-06 2e-06 4.500934826532999 0.1 0.1 79 
-2.216548802057902 0.006 0.002 0.9998946195840835 6e-06 2e-05 0.9999801550308863 1e-05 7e-05 4.50892323811849 0.2 0.2 80 
-2.2232450834910074 0.003 0.0009 0.9995274444421133 1e-05 3e-05 0.9999935233592987 5e-06 2e-05 4.522589004834493 0.1 0.1 81 
-2.2165935675303143 0.01 0.0009 0.9999534732103348 4e-06 1e-05 0.9999726972977321 6e-06 0.0004 4.506642802556356 0.1 0.1 83 
-1.9740428892771402 0.006 0.002 0.9973998041947683 0.0002 0.0005 0.998941581249237 0.0001 0.0002 4.316365817387899 0.2 0.2 84 
-2.2111439037323 0.005 0.001 0.9999472520748774 7e-06 7e-05 0.9992353276411692 4e-06 2e-05 4.500363303820293 0.2 0.2 85 
-2.2168245188395184 0.01 0.002 0.9999576169252395 8e-06 6e-05 0.9999872722228368 1e-05 4e-05 4.506854003270467 0.1 0.1 86 
-2.2026491069793703 0.005 0.002 0.9999258613586426 1e-05 3e-05 0.9992259740829468 5e-06 2e-05 4.494875648816427 0.2 0.2 87 
-0.38725318272908527 0.0003 0.0001 0.829542726278305 0.002 0.001 0.9839895788828532 0.0006 0.0006 2.4557856790224712 0.04 0.04 88 
-2.2043797047932943 0.002 0.001 0.9971394964059194 3e-05 6e-05 0.9999740974108378 6e-06 3e-05 4.558915289243062 0.1 0.1 89 
-2.224622621536255 0.001 0.0008 0.9999536184469858 7e-06 1e-05 0.9999921905994416 2e-06 4e-06 4.511706921259562 0.1 0.1 90 
-2.22454958597819 0.002 0.0008 0.9998009008169174 7e-06 1e-05 0.9999928102890651 5e-06 0.0001 4.517295015652975 0.1 0.1 91 
-2.2239943663279216 0.005 0.001 0.9997554727395376 9e-06 4e-05 0.9999937860171 6e-06 4e-05 4.51777161916097 0.1 0.2 92 
-0.38626561005910237 0.0002 0.0001 0.8292641760905584 0.0004 0.0005 0.983982950647672 0.0004 0.0005 2.4568341382344565 0.06 0.06 94 
-2.223647486368815 0.006 0.002 0.9999796857436498 7e-06 3e-05 0.9999850676457087 6e-06 0.0001 4.511362452507019 0.2 0.2 96 
-2.224768514633179 0.001 0.0008 0.9999056126674016 4e-06 6e-06 0.999995789329211 3e-06 5e-06 4.513639399210612 0.09 0.09 97 
-2.155069872538249 0.0002 0.0002 0.9996232179800669 2e-05 2e-05 0.999174860517184 2e-05 3e-05 4.45904531955719 0.09 0.09 98 
-0.3845803689956665 0.0002 0.0001 0.8340312202771505 0.001 0.001 0.9840305707852046 0.0005 0.0007 2.4749299550056456 0.05 0.05 99 
