-2.225318702061971 0.0007 0.0004 0.9999911483128866 2e-06 5e-06 0.9999908071756363 7e-06 2e-05 4.511931325594584 0.06 0.07 9 
-2.2262889766693115 6e-05 4e-05 0.9999916265408199 9e-07 1e-06 0.9999981474876404 6e-07 7e-07 4.5124085950851445 0.07 0.07 52 
-2.2262294642130533 0.0005 0.0002 0.999995037317276 8e-07 1e-06 0.9999980948368709 4e-07 6e-07 4.512211229006449 0.05 0.05 81 
-2.2262635040283203 5e-05 5e-05 0.999997815489769 4e-07 4e-07 0.999998648762703 4e-07 3e-07 4.512171451250712 0.04 0.04 80 
-2.2262154165903727 0.001 0.0002 0.9999950393040975 1e-06 2e-06 0.9999982541799546 4e-07 1e-06 4.512194803555807 0.05 0.05 73 
-2.2262672106424968 0.002 0.0002 0.9999915293852488 2e-06 3e-06 0.9999971572558085 5e-07 2e-06 4.512457102139791 0.05 0.05 70 
-2.2261971124013265 0.006 0.0002 0.9999904439846674 4e-06 6e-06 0.9999983288844426 7e-07 2e-06 4.512446304957072 0.06 0.07 37 
-2.22613055229187 0.0002 0.0002 0.9999856797854105 7e-06 1e-05 0.9999965423345566 3e-06 3e-06 4.512442075411479 0.08 0.07 8 
-2.2261815134684246 0.0003 0.0002 0.9999974513053894 2e-06 1e-05 0.9999976275364558 2e-06 5e-06 4.511993637084961 0.06 0.07 44 
-2.2262684535980224 4e-05 4e-05 0.9999953156709671 3e-07 4e-07 0.999998063047727 3e-07 3e-07 4.512300114631653 0.04 0.04 56 
-2.226213471094767 0.0004 0.0002 0.9999986165761947 1e-06 2e-06 0.999997374812762 2e-06 1e-05 4.512262867291768 0.06 0.06 63 
-2.22467248916626 0.003 0.001 0.9999913793802261 5e-06 1e-05 0.9999822105964025 2e-05 0.0001 4.511449693044026 0.08 0.07 1 
-2.2253774801890054 0.001 0.0006 0.999986745317777 8e-06 1e-05 0.9999907386302948 7e-06 1e-05 4.5121240774790445 0.1 0.1 41 
-2.226310447057088 0.0009 0.0001 0.9999949795007705 1e-06 2e-06 0.9999979211886724 6e-07 2e-06 4.512375659942627 0.05 0.05 30 
-2.2262923908233643 0.0005 0.0002 0.9999953881899516 9e-07 2e-06 0.9999980918566386 5e-07 9e-07 4.51226393699646 0.04 0.04 47 
-2.2262657833099366 5e-05 5e-05 0.9999970058600108 3e-07 3e-07 0.9999982297420502 2e-07 3e-07 4.512236941655477 0.04 0.04 62 
-2.2257026926676433 9e-05 0.0001 0.9999769280354182 4e-06 4e-06 0.9999966456492742 7e-07 7e-07 4.5128176323572795 0.1 0.1 27 
-2.2261382738749185 0.0002 0.0002 0.9999956623713175 2e-06 2e-06 0.9999978399276733 1e-06 2e-06 4.512169952392578 0.07 0.07 87 
-2.2261818281809487 0.0003 0.0002 0.9999974322319031 2e-06 7e-06 0.9999976525704066 2e-06 6e-06 4.51204354763031 0.06 0.06 21 
-2.2257025973002116 0.0008 0.0004 0.9999914065996806 5e-06 1e-05 0.999974564909935 2e-05 5e-05 4.511943159103393 0.1 0.1 54 
