-2.2244116242726646 0.0003 0.0001 0.9999692585070928 5e-06 1e-05 0.9999238856633504 7e-06 7e-06 4.511303464571635 0.06 0.06 0 
-2.2254410807291665 0.0003 0.0002 0.9999931659301122 3e-06 3e-06 0.9999779742956162 1e-05 1e-05 4.5116933123270675 0.07 0.07 1 
-2.2246601295471193 0.0008 0.0006 0.9999894787867863 8e-06 9e-06 0.9999769395589828 2e-05 2e-05 4.510855193138123 0.07 0.07 2 
-2.224549026489258 0.0006 0.0006 0.9999885209401449 8e-06 9e-06 0.999971504410108 2e-05 2e-05 4.5109626452128095 0.08 0.08 3 
-2.2243657048543293 0.0007 0.0006 0.999988185564677 7e-06 9e-06 0.9999683338403702 2e-05 3e-05 4.510799256960551 0.09 0.09 4 
-1.518256146113078 0.4 0.1 0.9840692359209061 0.01 0.03 0.6582641169428826 0.2 0.4 6.246147607167562 8.0 3.0 5 
-2.136307977040609 0.005 0.005 0.9996889032920202 0.0001 0.0001 0.9965943547089895 0.0005 0.0005 4.473651212851206 1.0 1.0 6 
-2.22445042292277 0.0009 0.0007 0.9999860012531281 1e-05 1e-05 0.999974340001742 2e-05 2e-05 4.511087559064229 0.08 0.08 7 
-2.2245387649536132 0.0007 0.0006 0.9999881505966186 9e-06 1e-05 0.9999727203448614 2e-05 2e-05 4.51077292919159 0.09 0.09 8 
-1.488360939025879 0.6 0.2 0.9879893092314402 0.006 0.01 0.8312641832232476 0.1 0.6 4.907823620637258 9.0 3.0 9 
-2.224789342880249 0.0007 0.0005 0.9999905908107758 8e-06 9e-06 0.9999728457132975 2e-05 2e-05 4.510829421679179 0.08 0.07 10 
-2.2247443421681723 0.0006 0.0005 0.9999908874432246 7e-06 8e-06 0.9999709727366766 2e-05 3e-05 4.511158108711243 0.08 0.08 11 
-2.2245414225260416 0.0009 0.0007 0.9999873985846838 1e-05 1e-05 0.9999743837118149 2e-05 2e-05 4.511071885426839 0.09 0.09 12 
-2.043318033218384 0.005 0.005 0.9982485204935074 0.001 0.001 0.995120929479599 0.0001 0.0001 4.414260147412618 0.6 0.6 13 
-2.224466260274251 0.0007 0.0006 0.9999853835503261 1e-05 1e-05 0.9999697146813075 2e-05 3e-05 4.511054722468058 0.1 0.09 14 
-1.8739004548390705 0.2 0.07 0.9973382683595021 0.0007 0.001 0.9838697185118993 0.005 0.02 4.372921663920085 3.0 2.0 15 
-2.2247835318247478 0.001 0.0009 0.9999888817469279 9e-06 1e-05 0.9999861655632655 8e-06 1e-05 4.5111245965957645 0.08 0.08 16 
-2.2245629342397053 0.0009 0.0007 0.9999855955441793 1e-05 1e-05 0.9999762576818466 2e-05 2e-05 4.510807197888692 0.08 0.07 17 
-1.8468540795644124 0.3 0.08 0.9968351731697719 0.001 0.003 0.980478146870931 0.007 0.04 4.377788915634155 3.0 2.0 18 
-2.224958683649699 0.0008 0.0006 0.9999895507097244 7e-06 8e-06 0.9999784900744756 1e-05 1e-05 4.511074263254802 0.08 0.08 19 
-2.222953780492147 0.004 0.003 0.9999489227930705 2e-05 2e-05 0.9998371597131094 0.0002 0.0003 4.517252577145895 0.1 0.1 20 
-2.2244472630818684 0.0008 0.0007 0.9999855691194535 1e-05 1e-05 0.9999723490079244 2e-05 2e-05 4.511112325986226 0.09 0.09 21 
-1.4431008783976238 0.06 0.08 0.9844995258251826 0.005 0.006 0.9121011676390965 0.04 0.04 4.162040423552195 1.0 1.0 22 
-2.225643399556478 0.002 0.0007 0.9999938084681829 5e-06 2e-05 0.999977938135465 1e-05 6e-05 4.511665244102478 0.1 0.1 23 
-2.2246508344014484 0.0008 0.0007 0.9999900950988134 8e-06 9e-06 0.9999755265315374 2e-05 2e-05 4.511050443649292 0.08 0.08 24 
-2.2246838061014813 0.0008 0.0006 0.9999891740083694 1e-05 1e-05 0.9999742541710536 2e-05 2e-05 4.511141951878866 0.08 0.08 25 
-2.224803368250529 0.0005 0.0006 0.9999743107954661 5e-06 3e-06 0.9999628762404124 3e-05 3e-05 4.515562442143758 0.09 0.09 26 
-2.2245240656534833 0.0009 0.0008 0.9999870433410009 1e-05 1e-05 0.9999770853916804 1e-05 2e-05 4.511291977564494 0.08 0.08 27 
-2.22458748181661 0.0008 0.0007 0.999988937775294 9e-06 1e-05 0.9999741230408351 2e-05 2e-05 4.511240542729696 0.08 0.08 28 
-1.6810730934143066 0.1 0.09 0.9926667489608129 0.004 0.005 0.9602414141098659 0.03 0.08 4.441659986575445 3.0 3.0 29 
-1.5234399731953938 0.7 0.2 0.9883943392833074 0.008 0.02 0.8141397284468015 0.1 0.4 4.873561811447144 5.0 2.0 30 
-2.2248802439371747 0.001 0.0008 0.9999900857607523 8e-06 1e-05 0.9999852844079336 9e-06 1e-05 4.51116657892863 0.08 0.08 31 
-2.2247857443491617 0.0007 0.0006 0.9999899353583653 9e-06 1e-05 0.9999743340412776 2e-05 2e-05 4.511191914876302 0.07 0.07 32 
-2.2245148754119874 0.0009 0.0008 0.9999873471260071 8e-06 1e-05 0.9999770969152451 2e-05 2e-05 4.511156029701233 0.07 0.07 33 
-2.225100959142049 0.001 0.0007 0.9999911447366079 4e-06 9e-06 0.9999821911255519 1e-05 3e-05 4.511495844523112 0.09 0.09 34 
-1.8061298338572185 0.1 0.04 0.9960864714781443 0.001 0.003 0.9729722748200099 0.005 0.01 4.330047719478607 2.0 2.0 35 
-2.224662888844808 0.0008 0.0006 0.9999880063533783 1e-05 1e-05 0.9999737936258316 2e-05 2e-05 4.510954871177673 0.08 0.08 36 
-2.224683354695638 0.0007 0.0006 0.9999895127614339 8e-06 1e-05 0.999973827401797 2e-05 2e-05 4.511055377324422 0.08 0.08 37 
-1.6442524751027425 0.1 0.07 0.9913277838627498 0.002 0.002 0.9708355685075124 0.01 0.02 4.3180338152249655 3.0 2.0 38 
-2.2248700873057046 0.0009 0.0007 0.9999910934766134 6e-06 8e-06 0.9999866390228271 9e-06 1e-05 4.511515522003174 0.07 0.07 39 
-1.6340924326578776 0.1 0.07 0.9913118286927541 0.003 0.003 0.9575480939944585 0.02 0.05 4.35984614610672 3.0 2.0 40 
-2.224640884399414 0.001 0.0008 0.9999880315860112 9e-06 1e-05 0.9999770335356395 1e-05 2e-05 4.511063060760498 0.08 0.08 41 
-2.2244386450449625 0.0007 0.0007 0.99998719394207 9e-06 1e-05 0.9999704178174337 2e-05 2e-05 4.511054822603861 0.1 0.09 42 
-2.2245636336008707 0.0006 0.0006 0.9999894150098165 8e-06 1e-05 0.9999718721707662 2e-05 3e-05 4.510860654513041 0.08 0.08 43 
-2.224650249481201 0.0008 0.0007 0.9999890857934952 8e-06 9e-06 0.9999736760059993 2e-05 2e-05 4.510928153991699 0.08 0.08 44 
-1.5150721263885498 0.6 0.2 0.9872599585851034 0.009 0.02 0.7727717329065005 0.2 0.4 5.193432680765787 6.0 3.0 45 
-1.42450257619222 0.4 0.1 0.9834867632389068 0.01 0.03 0.898608711163203 0.05 0.2 4.254346894423167 4.0 2.0 46 
-1.5330514653523764 0.6 0.2 0.9874831420183182 0.01 0.02 0.7238669871290525 0.2 0.4 5.7300956916809085 7.0 3.0 47 
-2.2247323290507 0.0007 0.0006 0.9999898952245713 8e-06 1e-05 0.9999736344814301 2e-05 2e-05 4.511233857472738 0.08 0.08 48 
-1.515404348373413 0.7 0.2 0.9876911628246308 0.009 0.02 0.7371440277993679 0.2 0.5 5.624820280869802 10.0 3.0 49 
-1.7098696486155192 0.03 0.02 0.993193158308665 0.004 0.008 0.9661176987489064 0.01 0.02 4.284103415807088 2.0 1.0 50 
-2.2251521746317544 0.001 0.0005 0.9999924550453821 3e-06 6e-06 0.9999868673086166 1e-05 2e-05 4.511457505226136 0.06 0.06 51 
-1.5313779099782308 0.8 0.2 0.9876026691993077 0.01 0.03 0.7810169072449207 0.2 0.6 5.186644161542256 8.0 3.0 52 
-1.4863183943430582 0.5 0.2 0.9857228171825408 0.01 0.02 0.7668081880609194 0.2 0.5 5.167569642861684 5.0 3.0 53 
-2.161649777094523 0.002 0.002 0.999719468553861 0.0001 0.0001 0.9976776166756948 0.0004 0.0004 4.486007339159648 0.4 0.4 54 
-2.225155210494995 0.0006 0.0004 0.9999913223584493 5e-06 5e-06 0.9999816151460011 9e-06 9e-06 4.511521790822347 0.05 0.05 55 
-2.2244933795928956 0.0009 0.0008 0.9999859774112702 1e-05 1e-05 0.9999748359123866 2e-05 2e-05 4.511197684605916 0.08 0.08 56 
-2.224500815073649 0.0007 0.0006 0.9999890275796255 9e-06 1e-05 0.999972642660141 2e-05 2e-05 4.510813096364339 0.09 0.09 57 
-2.0991856320699056 0.006 0.005 0.9992932818333308 0.0003 0.0003 0.9990749420722326 0.0002 0.0003 4.431839814186096 0.3 0.3 58 
-2.224649648666382 0.0007 0.0006 0.9999876588582992 9e-06 1e-05 0.9999727869033813 2e-05 2e-05 4.511134225527446 0.08 0.08 59 
-1.914614381790161 0.2 0.06 0.9977007589737574 0.0009 0.001 0.9884345841407776 0.003 0.01 4.38569172223409 3.0 2.0 60 
-2.224178908665975 0.0007 0.0006 0.9999818565448125 1e-05 1e-05 0.9999575277169546 3e-05 4e-05 4.511754280726115 0.1 0.1 61 
-2.2247687848409017 0.001 0.0007 0.9999946820735931 3e-06 4e-06 0.9999406133095423 5e-05 0.0001 4.5109298086166385 0.08 0.1 62 
-2.224684155782064 0.0007 0.0006 0.9999882398049037 1e-05 1e-05 0.9999721391995748 2e-05 2e-05 4.51079030195872 0.08 0.08 63 
-2.224334446589152 0.0008 0.0008 0.9999857809146245 1e-05 1e-05 0.999970677892367 2e-05 2e-05 4.510945911407471 0.1 0.1 64 
-1.9271644973754882 0.02 0.02 0.9977379540602366 0.0006 0.0007 0.9917117230097453 0.002 0.002 4.356302826404572 1.0 1.0 65 
-2.224739084243774 0.0007 0.0006 0.9999893762667974 8e-06 9e-06 0.9999735462665558 2e-05 2e-05 4.510978765487671 0.07 0.07 66 
-1.5092839209238689 0.6 0.2 0.9846045355002085 0.01 0.04 0.7653077019254366 0.2 0.5 5.302056560516357 8.0 3.0 67 
-2.224605859120687 0.0008 0.0007 0.9999894460042318 9e-06 1e-05 0.999974760611852 2e-05 2e-05 4.511168165206909 0.08 0.08 68 
-2.224692036310832 0.0008 0.0007 0.9999893512328466 9e-06 1e-05 0.9999749845266342 2e-05 2e-05 4.5110458167394 0.08 0.07 69 
-2.2253355248769124 0.001 0.0008 0.999991633494695 4e-06 4e-06 0.9999819461504619 2e-05 3e-05 4.511758227348327 0.1 0.1 70 
-2.2235556507110594 0.002 0.002 0.9999394482374191 7e-06 9e-06 0.9998707302411397 0.0001 0.0001 4.520843048095703 0.1 0.1 71 
-2.225715052286784 0.0009 0.0005 0.9999934742848079 4e-06 9e-06 0.9999835660060247 9e-06 1e-05 4.511485366821289 0.09 0.09 72 
-1.6208074760437012 0.1 0.05 0.9904268550872802 0.005 0.01 0.9295945986111959 0.02 0.09 4.2711892215410865 2.0 2.0 73 
-2.224479535420736 0.0006 0.0004 0.9999873781204224 8e-06 9e-06 0.999966023961703 2e-05 3e-05 4.511112599372864 0.1 0.09 74 
-2.2247104104359945 0.001 0.0009 0.999987779657046 1e-05 1e-05 0.9999837458133698 9e-06 1e-05 4.511443192164103 0.09 0.08 75 
-2.155218687057495 0.06 0.04 0.9998527193069457 4e-05 7e-05 0.9985335995753606 0.0004 0.0006 4.499386365413666 1.0 1.0 76 
-2.224546244939168 0.0008 0.0007 0.9999878799915314 1e-05 1e-05 0.9999743262926738 2e-05 2e-05 4.510880311330159 0.08 0.08 77 
-2.224388113021851 0.0007 0.0006 0.9999876461426417 8e-06 9e-06 0.999969358642896 2e-05 2e-05 4.510982282956442 0.1 0.09 78 
-2.2252262528737385 0.0009 0.0006 0.99999531686306 2e-06 3e-06 0.9999849861860275 9e-06 3e-05 4.511577704747518 0.1 0.1 79 
-2.2244484519958494 0.0008 0.0007 0.9999881521860758 7e-06 8e-06 0.9999514319499334 2e-05 1e-05 4.510929856300354 0.07 0.07 80 
-1.4916645590464275 0.5 0.2 0.9848237999280294 0.01 0.03 0.705877901117007 0.2 0.4 5.832567954063416 9.0 4.0 81 
-1.5598150316874186 0.3 0.2 0.9890977382659912 0.008 0.03 0.9049676603078842 0.07 0.3 4.6165696843465165 4.0 3.0 82 
-2.225303627649943 0.0004 0.0004 0.9999931981166204 3e-06 2e-06 0.9999764384826024 2e-05 2e-05 4.51154844601949 0.08 0.08 83 
-2.2245207691192626 0.0007 0.0006 0.9999876773357391 9e-06 1e-05 0.9999705755710602 2e-05 3e-05 4.51090964158376 0.09 0.09 84 
-1.5496485837300618 0.7 0.1 0.9864731216430664 0.01 0.04 0.72897961328427 0.2 0.5 5.4144173057874045 8.0 3.0 85 
-2.224753904342651 0.0008 0.0007 0.9999886757135391 9e-06 1e-05 0.9999720746278763 2e-05 4e-05 4.511202936172485 0.07 0.07 86 
-2.2245615418752034 0.0007 0.0006 0.9999877140919368 8e-06 9e-06 0.9999713261922201 2e-05 2e-05 4.510831025441488 0.08 0.08 87 
-1.4837249533335368 0.6 0.2 0.9838122518857321 0.01 0.04 0.6668556079268455 0.3 0.5 6.5353781803449 10.0 4.0 88 
-2.224650036493937 0.0008 0.0007 0.9999882942438125 9e-06 1e-05 0.9999750250577927 2e-05 2e-05 4.511059459050497 0.08 0.08 89 
-1.936776704788208 0.1 0.05 0.9980283667643864 0.0005 0.0008 0.9916996002197266 0.002 0.002 4.369162650903066 2.0 2.0 90 
-2.224777847925822 0.001 0.0008 0.9999902212619781 7e-06 9e-06 0.9999855309724808 9e-06 1e-05 4.511192995707194 0.07 0.07 91 
-2.2252628231048583 0.0006 0.0004 0.9999949433406194 3e-06 5e-06 0.9999872118234634 7e-06 8e-06 4.511498463948568 0.06 0.06 92 
-2.2253207842508953 0.0006 0.0005 0.9999942688147226 5e-06 5e-06 0.9999886490901311 6e-06 7e-06 4.511625900268554 0.08 0.08 93 
-2.225104150772095 0.002 0.0009 0.9999899764855703 8e-06 1e-05 0.9999897491931915 6e-06 8e-06 4.511574103037517 0.08 0.08 94 
-2.2247657489776613 0.0007 0.0006 0.999989616672198 8e-06 9e-06 0.9999791451295217 2e-05 2e-05 4.511410749753316 0.08 0.08 95 
-2.2251107184092205 0.001 0.0006 0.9999913829565048 5e-06 8e-06 0.9999824394782384 1e-05 2e-05 4.511229254404704 0.09 0.09 96 
-1.5152327378590902 0.5 0.2 0.9842632542053859 0.01 0.03 0.7916657980283102 0.1 0.5 4.94783806403478 7.0 3.0 97 
-1.546950044631958 1.0 0.2 0.988928668498993 0.007 0.02 0.9331387883424759 0.06 0.4 4.588956806659699 8.0 3.0 98 
-2.224613380432129 0.0009 0.0008 0.9999876687924067 1e-05 1e-05 0.9999787433942159 1e-05 2e-05 4.51125688234965 0.08 0.08 99 
-2.225234568913778 0.001 0.0006 0.9999915293852488 5e-06 9e-06 0.9999849301576614 1e-05 2e-05 4.511450573603312 0.08 0.08 100 
-2.224639523824056 0.0007 0.0006 0.9999887015422185 9e-06 1e-05 0.9999718091885249 2e-05 2e-05 4.511274043718974 0.08 0.08 101 
-1.7012396017710367 0.03 0.03 0.9930443787574768 0.003 0.004 0.9563069240252177 0.02 0.03 4.360382901032765 2.0 2.0 102 
-2.225348949432373 0.0007 0.0006 0.9999926614761353 3e-06 4e-06 0.9999838372071584 1e-05 2e-05 4.511851404507955 0.08 0.08 103 
-1.8246278476715088 0.2 0.08 0.9965422757466634 0.001 0.002 0.9763019140561422 0.01 0.07 4.401430085897446 3.0 2.0 104 
-2.225216798782349 0.002 0.0008 0.9999903905391693 7e-06 2e-05 0.9999886592229207 8e-06 1e-05 4.51137921333313 0.07 0.09 105 
-2.2237686570485433 0.001 0.0007 0.9999680058161418 2e-05 4e-05 0.9999486676851909 3e-05 3e-05 4.511154205004374 0.1 0.1 106 
-2.225502659479777 0.0009 0.0006 0.9999955856800079 2e-06 2e-06 0.9999749900897345 2e-05 3e-05 4.512216440836588 0.07 0.07 107 
-2.2245776748657224 0.0008 0.0007 0.9999883272250494 1e-05 1e-05 0.9999743562936783 2e-05 2e-05 4.510911575953165 0.08 0.08 108 
-1.629929215113322 0.1 0.07 0.9917142707109451 0.006 0.009 0.9122559507687886 0.03 0.1 4.377785816987355 3.0 2.0 109 
-2.2246177864074705 0.0009 0.0008 0.9999883941809337 9e-06 1e-05 0.9999750294287999 1e-05 1e-05 4.511137053171794 0.07 0.07 110 
-2.2244356155395506 0.001 0.0008 0.9999873256683349 1e-05 1e-05 0.9999745988845825 2e-05 2e-05 4.511009863217672 0.09 0.09 111 
-1.5208266226450602 0.7 0.2 0.9876953015724818 0.009 0.02 0.7617945182323456 0.2 0.4 5.309638011455536 7.0 3.0 112 
-2.2243381690979005 0.0007 0.0006 0.9999861029783884 9e-06 8e-06 0.9999652149279913 2e-05 2e-05 4.511147303581238 0.1 0.1 113 
-1.5334059937795004 0.5 0.1 0.988703995347023 0.008 0.02 0.8359908813238144 0.09 0.3 4.704897161324819 4.0 2.0 114 
-2.224340492884318 0.0008 0.0007 0.9999870049953461 9e-06 1e-05 0.9999692531426748 2e-05 2e-05 4.510863327980042 0.1 0.1 115 
-1.5232373873392742 0.6 0.2 0.9875791003306706 0.009 0.03 0.7751936109860739 0.2 0.5 5.156682701905568 7.0 3.0 116 
-1.4793429629007975 0.5 0.2 0.9725392174720764 0.03 0.08 0.6938396767278512 0.2 0.6 5.868269616365433 10.0 4.0 117 
-2.224289277394613 0.001 0.0009 0.9999846408764521 1e-05 1e-05 0.9999680916468302 2e-05 2e-05 4.511087878545125 0.09 0.09 118 
-2.2244922987620037 0.001 0.0008 0.9999858689308166 1e-05 1e-05 0.9999756056070328 2e-05 2e-05 4.510762310028076 0.08 0.08 119 
-2.2253601868947346 0.001 0.0006 0.9999948195616404 3e-06 3e-06 0.9999752908945083 2e-05 5e-05 4.5118249289194745 0.1 0.1 120 
-2.063366209665934 0.02 0.02 0.9995399369796117 3e-05 4e-05 0.994075910449028 0.0002 0.0003 4.356852029164632 0.2 0.2 121 
-2.2246959336598713 0.0007 0.0006 0.9999885346492131 9e-06 1e-05 0.9999729744593302 2e-05 2e-05 4.510952749252319 0.08 0.08 122 
-2.2245212427775063 0.0007 0.0006 0.9999873469273249 9e-06 1e-05 0.9999718191226323 2e-05 2e-05 4.511007068951924 0.09 0.09 123 
-2.2247411886850994 0.0009 0.0008 0.999989048242569 9e-06 1e-05 0.9999818712472915 1e-05 1e-05 4.511390608151753 0.07 0.07 124 
-2.2246890385945637 0.001 0.0008 0.9999894920984904 8e-06 1e-05 0.9999833889802296 1e-05 1e-05 4.511160804430644 0.08 0.08 125 
-2.2252968883514406 0.0007 0.0006 0.9999923715988795 4e-06 4e-06 0.9999838586648305 1e-05 2e-05 4.511478902498881 0.09 0.09 126 
-1.5814549795786539 0.3 0.2 0.9915698639551799 0.004 0.006 0.885064582824707 0.1 0.3 4.827422737677892 5.0 3.0 127 
-2.1533888657887776 0.004 0.004 0.9997705994049708 5e-05 5e-05 0.9978706415494283 0.0005 0.0004 4.472824990749359 0.9 0.9 128 
-2.0696068445841473 0.01 0.009 0.9993389370044072 0.0002 0.0003 0.9961731386184692 0.0003 0.0003 4.414376673698425 0.6 0.5 129 
-1.8402074559529622 0.03 0.02 0.9960626782973607 0.002 0.004 0.9801202384630839 0.008 0.01 4.352340500354767 2.0 2.0 130 
-1.5413454357783 0.8 0.2 0.9824411110083262 0.02 0.05 0.7309214427570502 0.2 0.5 5.528189287980397 8.0 4.0 131 
-1.544283053080241 0.8 0.2 0.9880614483356476 0.008 0.02 0.7416130998730659 0.2 0.4 5.446568748950958 5.0 3.0 132 
-2.2244124889373778 0.0009 0.0007 0.9999773021539052 1e-05 2e-05 0.9999692581097285 2e-05 3e-05 4.510811769167582 0.09 0.08 133 
-1.6687032381693523 0.2 0.08 0.9925790947675704 0.003 0.005 0.960227259794871 0.02 0.06 4.360984333356222 3.0 2.0 134 
-2.2247549597422283 0.001 0.0008 0.9999896248181661 8e-06 1e-05 0.9999842210610708 1e-05 1e-05 4.511354877154033 0.08 0.08 135 
-2.2244706598917645 0.0009 0.0007 0.9999886327981948 9e-06 1e-05 0.9999735639492671 2e-05 2e-05 4.511191889444987 0.09 0.08 136 
-1.541084664662679 0.7 0.2 0.9890791000922521 0.007 0.01 0.8049766954779625 0.1 0.6 4.990125928719839 6.0 3.0 137 
-2.2244903945922854 0.0009 0.0008 0.9999856632947922 1e-05 1e-05 0.9999735655387243 2e-05 2e-05 4.511150177319845 0.08 0.08 138 
-1.5139060592651368 0.7 0.2 0.9870585125684738 0.01 0.03 0.7682057360808054 0.2 0.4 5.26656753619512 8.0 3.0 139 
-2.2246787039438884 0.0008 0.0007 0.9999890651305516 9e-06 1e-05 0.9999752366542816 2e-05 2e-05 4.511065513292948 0.08 0.08 140 
-2.2245803705851235 0.0008 0.0007 0.9999874111016591 1e-05 1e-05 0.9999741516510645 2e-05 2e-05 4.511220451990764 0.09 0.09 141 
-1.4885622151692708 0.3 0.2 0.9864774936437607 0.01 0.02 0.7907247231403987 0.1 0.3 4.9143460766474405 3.0 2.0 142 
-1.6247553030649822 0.2 0.08 0.9910625429948171 0.003 0.004 0.9721167383591334 0.01 0.05 4.279076932271321 3.0 2.0 143 
-2.2246311314900717 0.0009 0.0007 0.999988332192103 1e-05 1e-05 0.999976392587026 2e-05 2e-05 4.511029982566834 0.07 0.07 144 
-1.4700847721099854 0.1 0.08 0.9840442075332005 0.007 0.009 0.8907913702726364 0.05 0.2 4.351477807362874 2.0 1.0 145 
-2.2247088241577146 0.0006 0.0005 0.9999887192249298 9e-06 1e-05 0.9999716945489248 2e-05 3e-05 4.5107333342234295 0.08 0.08 146 
-1.3936038049062094 0.3 0.2 0.9814256459474564 0.01 0.02 0.8286957971254985 0.1 0.2 4.56852550983429 0.6 1.0 147 
-1.5225634543100992 0.6 0.2 0.9882123937209447 0.007 0.02 0.8146394396821658 0.1 0.4 4.889400240580241 5.0 2.0 148 
-2.2247277164459227 0.0006 0.0004 0.9999900809923807 6e-06 7e-06 0.9999741770823797 1e-05 1e-05 4.511254029273987 0.08 0.08 149 
