-2.22399941444397 0.001 0.0009 0.9999645328521729 4e-06 5e-06 0.9999851723512013 6e-06 2e-05 4.5117777744928995 0.1 0.1 82 
-2.223721046447754 0.003 0.002 0.9998984134197235 7e-06 2e-05 0.9999820009867351 1e-05 9e-05 4.511864156723022 0.2 0.2 44 
-2.2218252563476564 0.004 0.002 0.999917689760526 9e-06 2e-05 0.9999813743432363 1e-05 3e-05 4.509771483739217 0.1 0.1 76 
-2.2238049793243406 0.001 0.001 0.9999696713685989 5e-06 7e-06 0.9999840788046519 7e-06 2e-05 4.511241183280945 0.1 0.1 86 
-2.2237388706207275 0.002 0.001 0.9999181348085403 6e-06 9e-06 0.9999842302004496 1e-05 4e-05 4.512486227353414 0.1 0.1 54 
-2.223655595779419 0.005 0.002 0.9999181375900904 1e-05 3e-05 0.9999799066781998 2e-05 0.0001 4.5121402152379355 0.2 0.2 55 
-2.222081003189087 0.004 0.002 0.9999213884274165 9e-06 2e-05 0.9999819395939509 1e-05 3e-05 4.5101192061106365 0.1 0.1 15 
-2.224624563852946 0.008 0.002 0.9999753624200821 1e-05 0.0001 0.9999848039944966 1e-05 7e-05 4.5112414582570395 0.2 0.2 20 
-2.2216634368896484 0.004 0.002 0.9999064668019613 9e-06 2e-05 0.9999808114767075 1e-05 3e-05 4.509954799016317 0.1 0.1 37 
-2.2229563426971435 0.009 0.002 0.9998408828179042 1e-05 0.0001 0.999977854291598 2e-05 7e-05 4.514114651679993 0.2 0.2 49 
-2.224417870839437 0.004 0.001 0.9999459375937779 7e-06 1e-05 0.9999835449457168 1e-05 5e-05 4.512702930768331 0.1 0.1 67 
-2.2218367067972817 0.004 0.002 0.9999176597595215 9e-06 2e-05 0.999981548388799 1e-05 3e-05 4.509845352172851 0.1 0.1 6 
-2.2223642285664877 0.002 0.001 0.9999364326397578 7e-06 1e-05 0.9999829250574112 8e-06 2e-05 4.510016845067342 0.1 0.1 41 
-2.224313859939575 0.002 0.001 0.9999480410416921 6e-06 6e-06 0.9999855212370554 8e-06 3e-05 4.512618834177653 0.1 0.1 32 
-2.22203982035319 0.004 0.002 0.9999195611476899 9e-06 2e-05 0.9999818998575211 1e-05 3e-05 4.510093530019124 0.1 0.1 13 
-2.2236309623718262 0.002 0.001 0.9999699672063191 6e-06 1e-05 0.9999842532475789 7e-06 2e-05 4.511117560068766 0.1 0.1 35 
-2.224588114420573 0.003 0.001 0.9999495575825373 7e-06 2e-05 0.9999816411733627 8e-06 2e-05 4.512789557774862 0.09 0.09 26 
-2.2212005201975504 0.009 0.002 0.9999061550696691 1e-05 9e-05 0.9999792532126108 2e-05 7e-05 4.509016249974569 0.2 0.2 60 
-2.2239887936909994 0.002 0.001 0.999861911535263 6e-06 9e-06 0.9999819622437159 1e-05 3e-05 4.51495867729187 0.1 0.1 93 
-2.2239192867279054 0.002 0.001 0.9999679863452912 5e-06 8e-06 0.9999854705731074 6e-06 2e-05 4.511358946164449 0.1 0.1 45 
