-2.225575329462687 0.0002 0.0002 0.9999954561392467 1e-06 3e-06 0.9999836573998133 7e-06 1e-05 4.512015452384949 0.07 0.07 43 
-2.2256215031941733 0.0003 0.0002 0.9999952065944672 1e-06 3e-06 0.9999876773357391 7e-06 1e-05 4.512158563931783 0.08 0.08 1 
-2.225578597386678 0.0003 0.0002 0.999995176990827 1e-06 3e-06 0.9999865303436916 8e-06 2e-05 4.512189992268881 0.08 0.08 136 
-2.225530916849772 0.0004 0.0003 0.9999944686889648 2e-06 4e-06 0.9999856424331665 8e-06 1e-05 4.512246913909912 0.08 0.08 73 
-2.225546906789144 0.0002 0.0002 0.9999949030081431 1e-06 2e-06 0.9999840327103933 6e-06 1e-05 4.512022833824158 0.07 0.07 54 
-2.2256288623809812 0.0003 0.0002 0.9999962490797043 1e-06 3e-06 0.9999838091929754 9e-06 2e-05 4.512052551905314 0.07 0.07 104 
-2.2255261452992756 0.0002 0.0001 0.9999951958656311 1e-06 2e-06 0.9999838838974635 6e-06 1e-05 4.512101122538248 0.07 0.07 83 
-2.225675360361735 0.0005 0.0003 0.9999959862232208 2e-06 3e-06 0.9999848957856496 9e-06 2e-05 4.511997429529826 0.09 0.09 99 
-2.2255813535054525 0.0003 0.0002 0.999995708266894 2e-06 3e-06 0.9999839824438095 6e-06 1e-05 4.512017024358114 0.07 0.07 131 
-2.225685469309489 0.0003 0.0002 0.9999961149692536 1e-06 3e-06 0.9999879930416743 7e-06 2e-05 4.51208423614502 0.08 0.08 121 
-2.2256655820210773 0.0003 0.0002 0.9999956981341044 2e-06 2e-06 0.9999878311157226 8e-06 2e-05 4.512133949597676 0.08 0.08 45 
-2.225534922281901 0.0003 0.0002 0.9999939582745234 2e-06 3e-06 0.9999866346518199 7e-06 1e-05 4.512116543451945 0.08 0.08 56 
-2.2255030918121337 0.0007 0.0004 0.9999948378403981 2e-06 5e-06 0.9999863990147908 1e-05 3e-05 4.512116524378459 0.1 0.1 14 
-2.2256604544321696 0.0004 0.0003 0.9999959129095077 2e-06 4e-06 0.9999870365858078 8e-06 2e-05 4.511977928479513 0.09 0.09 123 
-2.225561615626017 0.0003 0.0002 0.9999945110082626 2e-06 3e-06 0.9999869545300801 8e-06 1e-05 4.512111679712931 0.08 0.08 0 
-2.2257615534464517 0.0005 0.0003 0.9999965280294418 1e-06 3e-06 0.999988598227501 8e-06 2e-05 4.512089335123698 0.08 0.08 98 
-2.225653378168742 0.0003 0.0002 0.9999961690107981 1e-06 3e-06 0.9999873459339141 8e-06 2e-05 4.512016150156657 0.08 0.08 48 
-2.2255067284901937 3e-05 3e-05 0.9999949787060419 6e-07 6e-07 0.9999830873807272 3e-06 4e-06 4.512060852050781 0.06 0.06 91 
-2.2255451520284018 0.0002 0.0002 0.9999945018688837 1e-06 3e-06 0.9999867963790894 8e-06 2e-05 4.512130611737569 0.08 0.08 9 
-2.225616703033447 0.0004 0.0002 0.9999962492783865 2e-06 4e-06 0.9999841247002283 7e-06 2e-05 4.5120112403233845 0.08 0.08 68 
