-0.28929176648457844 1e-06 1e-06 0.7686182375748952 4e-05 4e-05 0.9935959661006928 5e-05 5e-05 1.8779433925946554 0.007 0.007 3 
-2.225094741185506 0.003 0.001 0.9999877776702245 4e-06 1e-05 0.9999849192301432 1e-05 6e-05 4.51149661064148 0.2 0.2 4 
-2.2240226745605467 0.008 0.002 0.9999253525336583 8e-06 2e-05 0.9999827132622401 2e-05 7e-05 4.510962681770325 0.3 0.3 7 
-2.2218020407358807 0.02 0.003 0.9999555162588756 1e-05 7e-05 0.9958107020457586 0.0001 0.0002 4.5657927004496255 0.3 0.3 11 
-2.2119627825419106 0.03 0.01 0.999928316672643 4e-05 0.0001 0.99995736181736 3e-05 6e-05 4.505107547442118 0.2 0.2 13 
-0.2970923598607381 1e-06 1e-06 0.7685955721139908 4e-05 4e-05 0.993604391614596 5e-05 5e-05 1.8854417316118877 0.009 0.009 15 
-0.3907444175084432 0.0005 0.0003 0.8196092742681503 0.0002 0.0002 0.9839570810397466 0.0007 0.0008 2.419037942091624 0.08 0.08 17 
-0.3695160849889119 2e-06 2e-06 0.8169770948092143 5e-05 5e-05 0.9945893104871114 5e-05 5e-05 2.168530837694804 0.01 0.01 20 
-2.2229981009165445 0.005 0.002 0.9999567776918411 5e-06 1e-05 0.9999837811787923 1e-05 2e-05 4.5129739220937095 0.2 0.2 24 
-2.2103912671407064 0.008 0.002 0.9999567627906799 6e-06 2e-05 0.9992112040519714 2e-05 0.0001 4.498109863599141 0.3 0.3 25 
-0.35511806964874265 1e-06 1e-06 0.8047946612040202 2e-05 2e-05 0.9935491104920705 2e-05 2e-05 2.090544380346934 0.007 0.007 26 
-2.223444547653198 0.003 0.001 0.9999300438165665 8e-06 1e-05 0.9999900903304418 8e-06 6e-05 4.51175895690918 0.2 0.2 28 
-2.201528476079305 0.02 0.006 0.9999577420949936 2e-05 0.0001 0.9987854218482971 0.0001 0.0007 4.49340107123057 0.4 0.4 29 
-0.043025116920471194 0.002 0.002 0.933277574578921 0.001 0.001 0.994551108678182 2e-05 2e-05 2.6810602442423503 0.06 0.06 30 
-2.223586819966634 0.01 0.002 0.9999486380815505 2e-05 0.0002 0.9999728745222092 2e-05 6e-05 4.511008014678955 0.2 0.3 31 
-2.2238484732309978 0.002 0.001 0.9999672967195511 2e-06 3e-06 0.9999715514977773 9e-06 9e-06 4.510417764981588 0.2 0.2 35 
-0.39086657683054604 0.002 0.0005 0.8192821455001831 0.003 0.002 0.9839784129460653 0.0006 0.0007 2.418207620779673 0.2 0.1 36 
-0.39088459332784015 0.0005 0.0003 0.8196245765686035 0.002 0.002 0.984000071088473 0.0005 0.0006 2.4188487180074056 0.06 0.06 41 
-2.2231707127888996 0.003 0.001 0.9999446713924408 4e-06 6e-06 0.9999523852268855 3e-05 5e-05 4.511684619585673 0.1 0.1 46 
-2.2107688077290852 0.0006 0.0004 0.9999837696552276 2e-06 6e-06 0.9992044826348623 9e-06 1e-05 4.499019384384155 0.1 0.1 47 
-2.2234557819366456 0.002 0.0009 0.9999406850337982 5e-06 7e-06 0.9999852170546849 6e-06 1e-05 4.512353509267172 0.1 0.1 49 
-2.222955099741618 0.006 0.003 0.9999304169416428 2e-05 5e-05 0.9999875628948212 1e-05 4e-05 4.512416516939799 0.2 0.2 51 
-0.3907492526372274 0.0008 0.0004 0.8191727300484976 0.001 0.001 0.984020004272461 0.0007 0.0007 2.4170456512769065 0.1 0.1 52 
-1.8975072415669758 6e-06 5e-06 0.9940729741255442 1e-05 1e-05 0.9985372428099314 1e-06 1e-06 4.260419960021973 0.01 0.01 54 
-2.2244728565216065 0.002 0.0006 0.9999664811293284 2e-06 1e-05 0.9999790692329407 9e-06 2e-05 4.511024583180745 0.1 0.1 56 
-1.8393497689565024 4e-06 3e-06 0.9878138514359792 7e-06 7e-06 0.9954528973499934 2e-06 2e-06 4.309668354988098 0.02 0.02 57 
-2.224802548090617 0.002 0.0009 0.9999940999348959 3e-06 6e-06 0.9999849518140157 8e-06 1e-05 4.511114390691121 0.1 0.1 59 
-0.39054653962453206 0.0002 0.0001 0.8199326415856679 0.004 0.004 0.9840244841575623 0.0005 0.0006 2.4193580039342244 0.08 0.08 61 
-2.205088898340861 0.08 0.02 0.9998042466243108 0.0002 0.0008 0.9999415419499079 4e-05 0.0001 4.49032399892807 0.9 1.0 62 
-2.2238224156697592 0.008 0.002 0.9999474843343099 6e-06 3e-05 0.999963458776474 3e-05 7e-05 4.512252535820007 0.1 0.1 63 
-0.3907553688685099 0.0004 0.0002 0.8196063935756683 0.0003 0.0003 0.9796816629171371 0.0007 0.0007 2.433654185136159 0.06 0.07 65 
-0.3611973222096761 2e-06 2e-06 0.8261550935109456 4e-05 4e-05 0.9937927494446437 1e-05 1e-05 2.1861051376660665 0.01 0.01 66 
-0.3910588455200195 0.0009 0.0002 0.8197406723101934 0.003 0.003 0.9839986044168473 0.002 0.002 2.419146521091461 0.1 0.1 68 
-2.223959410985311 0.005 0.002 0.9999503409862518 5e-06 3e-05 0.9999627349774043 2e-05 0.0002 4.511029122670491 0.2 0.2 69 
-2.210680290857951 0.005 0.002 0.9999340816338858 3e-05 7e-05 0.999195436835289 2e-05 6e-05 4.499323094685872 0.1 0.2 71 
-0.369508539835612 0.03 0.007 0.8094197833538055 0.01 0.01 0.9830861246585846 0.001 0.0007 2.347531215349833 0.6 0.7 72 
-2.2107865683237713 0.0002 0.0002 0.9999905922015508 2e-06 2e-06 0.9991897034645081 1e-05 3e-05 4.49859039624532 0.1 0.1 73 
-2.2097779814402263 0.0004 0.0004 0.9999502631028493 6e-06 8e-06 0.9992068880796432 9e-06 1e-05 4.498816491762797 0.1 0.1 77 
-0.3621818478902181 2e-06 2e-06 0.8110035212834676 3e-05 3e-05 0.9830378095308939 2e-05 2e-05 2.3243158491452536 0.01 0.01 79 
-2.210803565979004 0.001 0.001 0.9999624745051066 1e-05 2e-05 0.9992155025402705 1e-05 2e-05 4.498790516853332 0.2 0.2 81 
-2.208170509338379 0.01 0.004 0.9999619479974111 2e-05 4e-05 0.9992106725772222 3e-05 9e-05 4.4982382758458455 0.2 0.2 84 
-2.2085683345794678 0.005 0.003 0.9999375202258428 2e-05 5e-05 0.9991925152142843 3e-05 7e-05 4.497815845807393 0.2 0.2 86 
-2.2247673956553142 0.003 0.001 0.9999526367584864 4e-06 1e-05 0.999952278137207 4e-06 6e-06 4.510456153551737 0.2 0.2 87 
-0.3654278882344564 1e-06 2e-06 0.8095458378394444 3e-05 3e-05 0.9943300157785415 5e-05 5e-05 2.1210203695297243 0.01 0.01 89 
-2.217585261662801 0.005 0.005 0.9996221460898718 5e-05 6e-05 0.9999726130565008 2e-05 7e-05 4.518983225822449 0.2 0.2 90 
-0.3906181144714356 0.002 0.0006 0.8195143415530523 0.001 0.002 0.9797382571299871 0.001 0.001 2.432967883745829 0.1 0.1 91 
-2.221760778427124 0.02 0.004 0.9998047222693761 2e-05 6e-05 0.9999825555086136 1e-05 6e-05 4.51082240263621 0.3 0.3 96 
-0.4369943428039551 6e-06 6e-06 0.848404200275739 2e-05 2e-05 0.9951365770896275 3e-06 2e-06 5.9620022281010945 0.02 0.02 97 
-2.22273912747701 0.003 0.002 0.999940546353658 8e-06 2e-05 0.9999286756912867 5e-05 0.0001 4.510896768569946 0.2 0.2 98 
