-2.225954828262329 2e-05 2e-05 0.9999869920810064 2e-06 2e-06 0.9999967485666275 1e-06 2e-06 4.512938017845154 0.08 0.08 65 
-2.2248020712534586 0.003 0.001 0.9999856275320053 7e-06 9e-06 0.9999490869045258 2e-05 4e-05 4.511845876375834 0.1 0.1 78 
-2.2246358744303385 0.003 0.001 0.9999846009413401 7e-06 2e-05 0.9999495138724644 4e-05 7e-05 4.511452086766561 0.1 0.1 84 
-2.2254046122233073 0.003 0.0008 0.999989306529363 7e-06 2e-05 0.9999693671862284 2e-05 0.0001 4.511848443349202 0.1 0.1 73 
-2.224967918395996 0.003 0.001 0.9999892918268839 5e-06 1e-05 0.9999629046519597 3e-05 9e-05 4.512146436373393 0.1 0.1 41 
-2.224530356725057 0.006 0.001 0.9999788210789362 1e-05 3e-05 0.9999522676070531 4e-05 0.0002 4.512438065210978 0.2 0.2 21 
-2.222994887034098 0.004 0.002 0.9999820123116175 7e-06 1e-05 0.9999111880858739 6e-05 0.0002 4.51043337504069 0.2 0.2 61 
-2.224709078470866 0.001 0.0008 0.9999830603599549 1e-05 3e-05 0.9999589411417643 2e-05 7e-05 4.511770952542623 0.09 0.09 24 
-2.2248100312550863 0.001 0.0008 0.9999894773960114 5e-06 1e-05 0.9999512497584025 4e-05 0.0001 4.511759694417318 0.07 0.08 35 
-2.2239828395843504 0.002 0.001 0.99996819794178 2e-05 3e-05 0.9999440920352936 4e-05 8e-05 4.513052282333374 0.2 0.2 66 
-2.2245535469055175 0.002 0.001 0.9999771547317505 1e-05 2e-05 0.9999559503793717 3e-05 8e-05 4.511936184565227 0.2 0.2 57 
-2.2230278491973876 0.006 0.002 0.9999445589383443 3e-05 0.0001 0.9999473502238592 5e-05 0.0002 4.512249218622843 0.2 0.2 5 
-2.2261311340332033 4e-05 3e-05 0.999993101755778 1e-06 1e-06 0.9999967410167059 9e-07 7e-07 4.51270628452301 0.06 0.06 97 
-2.2250523376464844 0.002 0.0007 0.9999876254796982 5e-06 8e-06 0.999968609213829 1e-05 3e-05 4.51198832988739 0.1 0.1 55 
-2.2244723669687905 0.003 0.001 0.9999833498398463 8e-06 3e-05 0.999939314921697 4e-05 9e-05 4.511817768414815 0.1 0.1 76 
-2.2237308502197264 0.003 0.002 0.9999454593658448 2e-05 7e-05 0.999946828087171 5e-05 0.0002 4.5129187933603925 0.2 0.2 93 
-2.225034023920695 0.002 0.0009 0.99999145368735 5e-06 1e-05 0.9999644615252813 3e-05 8e-05 4.511586912473043 0.1 0.1 43 
-2.224946190516154 0.003 0.0008 0.9999797972043355 1e-05 1e-05 0.9999601177374522 2e-05 0.0001 4.512325053215027 0.2 0.2 8 
-2.2242122491200766 0.005 0.002 0.9999785486857097 1e-05 3e-05 0.9999470361073812 4e-05 0.0002 4.512281837463379 0.2 0.2 4 
-2.224238373438517 7e-05 7e-05 0.9999859901269277 2e-06 2e-06 0.9999363658825556 4e-06 4e-06 4.511373155911763 0.06 0.06 33 
