-2.22455073424748 0.0007 0.0007 0.9999878779053688 1e-05 1e-05 0.9999724483915737 2e-05 2e-05 4.51097320829119 0.08 0.08 13 
-2.224274516105652 0.002 0.0008 0.999990319779941 4e-06 1e-05 0.99995248402868 1e-05 2e-05 4.511742188249316 0.1 0.1 2 
-1.5218141760144914 0.8 0.2 0.9859587924821036 0.01 0.04 0.8032811975904873 0.1 0.5 5.010576687540326 7.0 3.0 37 
-2.2241643054144724 0.0005 0.0006 0.9999868365270751 8e-06 8e-06 0.9999635115265846 3e-05 3e-05 4.5107804298400875 0.1 0.1 20 
-2.224900313786098 0.0009 0.0008 0.9999923237732479 5e-06 7e-06 0.9999827787280082 6e-06 1e-05 4.511362441948482 0.1 0.09 42 
-2.2243708542415073 0.0007 0.0006 0.999986342234271 8e-06 9e-06 0.9999671970094953 2e-05 2e-05 4.510588201454707 0.09 0.08 32 
-1.5216940675462995 0.2 0.1 0.9883065068296024 0.007 0.009 0.8054612484361444 0.1 0.3 4.915039068460464 4.0 3.0 1 
-2.224216049058097 0.0008 0.0008 0.9999853372573853 1e-05 1e-05 0.9999695028577532 2e-05 2e-05 4.510911468097142 0.1 0.1 6 
-2.2243288448878697 0.0007 0.0007 0.9999865280730383 9e-06 1e-05 0.99996968294893 2e-05 2e-05 4.510815124852317 0.1 0.09 43 
-2.224857793535505 0.001 0.0009 0.9999903725726264 8e-06 9e-06 0.9999870055488178 6e-06 6e-06 4.511153442519052 0.08 0.07 36 
-2.2241264377321515 0.0006 0.0006 0.9999859232987677 9e-06 9e-06 0.9999641724995204 3e-05 3e-05 4.511199981825692 0.1 0.1 21 
-2.224596279008048 0.0008 0.0007 0.999987692279475 1e-05 1e-05 0.9999738763485636 2e-05 2e-05 4.510982928957258 0.08 0.08 11 
-2.2246471779687065 0.0007 0.0006 0.9999899983406066 8e-06 1e-05 0.9999716115849359 2e-05 2e-05 4.511242049080985 0.08 0.08 3 
-1.717166873386928 0.2 0.07 0.9932454581771578 0.003 0.009 0.9560753475342478 0.02 0.09 4.356943196909768 3.0 2.0 26 
-2.2246350492749896 0.0008 0.0007 0.9999905716095652 8e-06 8e-06 0.9999738367540496 2e-05 2e-05 4.510716084071568 0.08 0.08 19 
-2.223528289794922 0.0006 0.0005 0.9999834384237017 1e-05 1e-05 0.9999242878385952 5e-05 6e-05 4.512338657038552 0.1 0.1 25 
-2.224207179886954 0.0006 0.0006 0.9999855199030467 8e-06 7e-06 0.9999618121555873 3e-05 3e-05 4.510532178197589 0.1 0.09 15 
-2.2245311839239936 0.0007 0.0007 0.9999864218490464 9e-06 1e-05 0.9999714983361108 2e-05 2e-05 4.510916926179614 0.08 0.07 4 
-1.5280630077634538 0.2 0.1 0.9885563101087298 0.006 0.009 0.8430982376847949 0.09 0.2 4.6919571587017606 4.0 2.0 44 
-2.224650304658072 0.0005 0.0005 0.9999893324715751 8e-06 9e-06 0.9999700226954051 2e-05 2e-05 4.511096235683986 0.08 0.08 31 
-2.2254249674933297 0.0004 0.0003 0.9999929506863866 4e-06 4e-06 0.9999872873936381 6e-06 1e-05 4.5117515070097785 0.07 0.07 16 
-2.2246655668531146 0.0006 0.0006 0.9999891063996724 8e-06 9e-06 0.9999720045498439 2e-05 2e-05 4.510787808895111 0.08 0.07 38 
-1.4560924632208687 1.0 0.2 0.9848808209810939 0.01 0.03 0.7411457510931151 0.2 0.4 5.523336276837758 8.0 3.0 10 
-1.5197562251772199 0.2 0.1 0.9880415714212827 0.008 0.01 0.8069283396005631 0.1 0.2 4.882382642371314 3.0 2.0 29 
-2.224456548690796 0.0007 0.0007 0.9999861276575497 1e-05 1e-05 0.9999705161367144 2e-05 2e-05 4.511202953542981 0.09 0.09 5 
-2.2235537324632917 0.002 0.002 0.9999614277056286 7e-06 4e-06 0.9998669509376799 0.0001 0.0001 4.5178128412791665 0.1 0.1 30 
-1.5475026028496879 0.4 0.1 0.9891215469155993 0.007 0.02 0.8329518971698625 0.1 0.5 4.814958347593035 5.0 2.0 7 
-2.2240635429109847 0.001 0.001 0.9999822173799787 1e-05 1e-05 0.9999680044395584 2e-05 2e-05 4.510788600785392 0.1 0.1 33 
-2.225293047087533 0.0004 0.0004 0.9999909658517157 6e-06 5e-06 0.999983700471265 8e-06 1e-05 4.511868871961322 0.07 0.07 35 
-2.2244998965944562 0.0007 0.0007 0.999987972847053 9e-06 9e-06 0.9999733286244529 2e-05 2e-05 4.511187815666199 0.08 0.07 18 
-2.2242755583354406 0.0008 0.0007 0.9999862368617739 9e-06 1e-05 0.9999689757823944 2e-05 2e-05 4.510455528327397 0.1 0.1 9 
-2.2241518020629885 0.0007 0.0007 0.9999816145215715 1e-05 1e-05 0.9999668425747327 2e-05 2e-05 4.510494252613612 0.1 0.1 12 
-2.224603172710964 0.0008 0.0007 0.9999882538403784 1e-05 1e-05 0.9999734637992722 2e-05 2e-05 4.510984448024205 0.08 0.08 41 
-2.224230831010001 0.001 0.001 0.9999827063509397 1e-05 1e-05 0.9999765134283475 1e-05 2e-05 4.511127977711814 0.1 0.1 14 
-2.2244855540139334 0.0006 0.0006 0.9999852925539017 9e-06 9e-06 0.999968184530735 2e-05 2e-05 4.5104983534131735 0.09 0.09 39 
-2.2243988956723895 0.0008 0.0007 0.9999869593552181 9e-06 9e-06 0.999971501316343 2e-05 2e-05 4.5107704724584305 0.09 0.08 28 
-2.224681009565081 0.0007 0.0007 0.9999912029930523 7e-06 8e-06 0.9999717627252851 2e-05 2e-05 4.511042158944266 0.08 0.08 17 
-2.2249168395996093 0.0006 0.0005 0.9999901611890112 8e-06 9e-06 0.9999814174004964 1e-05 1e-05 4.511575073855264 0.08 0.08 8 
