-2.2246593202863423 0.0006 0.0006 0.9999888092279434 1e-05 1e-05 0.9999715768865176 2e-05 2e-05 4.511181955678122 0.08 0.08 6 
-2.2249739340373447 0.0004 0.0005 0.9999939901488167 5e-06 6e-06 0.9999525002070836 4e-05 5e-05 4.510640490055084 0.06 0.07 3 
-2.2244464124952046 0.0006 0.0006 0.9999876509819712 8e-06 9e-06 0.9999694719910621 2e-05 2e-05 4.510859348092761 0.09 0.09 25 
-2.2233898128782 0.0008 0.0008 0.999980865418911 9e-06 9e-06 0.9999511878405298 3e-05 3e-05 4.510609831128802 0.1 0.1 13 
-2.2242931400026595 0.0007 0.0008 0.9999828872936113 1e-05 1e-05 0.9999693859900747 2e-05 2e-05 4.510816378252847 0.1 0.1 28 
-2.225369736126491 0.0004 0.0004 0.9999928172145571 2e-06 2e-06 0.9999736664550645 1e-05 2e-05 4.511686214378902 0.07 0.07 30 
-2.2243415662220545 0.0008 0.0007 0.9999859209571565 9e-06 1e-05 0.9999690839222499 2e-05 2e-05 4.511056893212455 0.1 0.09 16 
-1.997224429675511 0.007 0.005 0.9977675770010267 0.001 0.001 0.9920372307300568 8e-05 0.0001 4.392402312585285 0.6 0.6 34 
-2.2243731021881104 0.0007 0.0007 0.9999866204602378 9e-06 1e-05 0.9999693612967219 2e-05 2e-05 4.511064841066088 0.09 0.09 21 
-2.2246049642562866 0.0007 0.0006 0.9999883477176938 1e-05 1e-05 0.99997119307518 2e-05 2e-05 4.510893821716309 0.08 0.08 35 
-2.224439777646746 0.0007 0.0007 0.9999863797000477 1e-05 1e-05 0.9999705099633762 2e-05 2e-05 4.511022133486612 0.09 0.09 41 
-2.224569995062692 0.0006 0.0006 0.9999872435416494 9e-06 1e-05 0.9999698119504111 2e-05 2e-05 4.510695041928972 0.09 0.08 26 
-1.5093570164271763 0.7 0.2 0.9840201307620321 0.01 0.03 0.8061245514878205 0.1 0.3 4.9120362503188 7.0 3.0 2 
-1.5230761289596557 0.2 0.1 0.9882846006325313 0.007 0.009 0.797391556416239 0.1 0.3 4.959528251205172 4.0 2.0 7 
-2.2245416811534335 0.0007 0.0007 0.999987267596381 1e-05 1e-05 0.9999719487769263 2e-05 2e-05 4.5107712609427315 0.08 0.08 31 
-2.2245031663349697 0.0009 0.0008 0.999990109034947 8e-06 1e-05 0.9999731753553663 2e-05 2e-05 4.511072484084538 0.08 0.07 40 
-2.2243826798030306 0.0008 0.0008 0.9999868922999927 1e-05 1e-05 0.9999734129224505 2e-05 2e-05 4.510843304225377 0.09 0.08 11 
-2.224670938083104 0.0006 0.0006 0.9999888268964631 1e-05 1e-05 0.9999709606170655 2e-05 2e-05 4.511051714420319 0.08 0.08 33 
-2.224559303692409 0.0005 0.0005 0.9999910793134145 6e-06 6e-06 0.9999705851078033 2e-05 2e-05 4.5106172255107335 0.09 0.09 17 
-2.224630985941206 0.0007 0.0006 0.9999887994357518 9e-06 1e-05 0.9999723668609347 2e-05 2e-05 4.510837156432015 0.08 0.08 32 
-1.6448378324508668 0.3 0.1 0.9919532922761781 0.004 0.008 0.9013573433671679 0.05 0.2 4.486848972524915 4.0 2.0 43 
-2.224647889818464 0.0006 0.0006 0.9999892009156091 9e-06 1e-05 0.9999718866177968 2e-05 2e-05 4.510694231305804 0.08 0.08 8 
-2.2245411940983364 0.0007 0.0007 0.9999860897660255 1e-05 1e-05 0.9999713303787368 2e-05 2e-05 4.511081223828452 0.09 0.09 42 
-2.2243084396634782 0.0008 0.0008 0.9999866494110652 1e-05 1e-05 0.9999702930450439 2e-05 2e-05 4.51089049577713 0.09 0.09 1 
-2.2243054185594833 0.0007 0.0007 0.9999854400753975 9e-06 1e-05 0.9999684567962374 2e-05 2e-05 4.510718097005571 0.1 0.1 37 
-2.2244549580982755 0.0007 0.0006 0.999986819922924 9e-06 9e-06 0.9999687107545989 2e-05 2e-05 4.510744110175541 0.09 0.09 29 
-2.224307015963963 0.0007 0.0007 0.9999867609569004 9e-06 1e-05 0.9999687282102449 2e-05 2e-05 4.510896573747908 0.1 0.1 24 
-2.161515099661691 0.003 0.003 0.9996627990688597 0.0001 0.0001 0.9976445315139634 0.0004 0.0005 4.486034265586308 0.4 0.4 19 
-1.552591930116926 0.08 0.07 0.9887207925319672 0.005 0.004 0.9088808175708566 0.03 0.06 4.352815020084381 2.0 2.0 44 
-2.2243069069726125 0.0007 0.0007 0.9999849921890668 9e-06 9e-06 0.9999682434967586 2e-05 2e-05 4.510728394985199 0.1 0.1 5 
-1.4943919488361903 0.7 0.2 0.985028926389558 0.01 0.04 0.6949098733919007 0.2 0.5 5.985183026960918 10.0 3.0 38 
-2.2240942546299527 0.0008 0.0008 0.9999841291989598 1e-05 1e-05 0.9999666401318141 2e-05 2e-05 4.510751335961478 0.09 0.1 12 
-2.2236209733145578 0.0008 0.0007 0.9999832636543683 8e-06 9e-06 0.9999550148844719 2e-05 3e-05 4.510510052953448 0.1 0.1 9 
-1.8788277557918003 0.1 0.06 0.997370776959828 0.0007 0.001 0.9865835232394082 0.003 0.005 4.346938622849328 2.0 2.0 23 
-2.13879531111036 0.2 0.06 0.9998184408460344 8e-05 0.0003 0.9981555231979915 0.0008 0.003 4.490616309642792 2.0 2.0 20 
-2.2253939628601076 0.0005 0.0003 0.9999920602355684 4e-06 3e-06 0.9999836574707712 7e-06 1e-05 4.511396927492959 0.08 0.08 14 
-2.2245015246527537 0.0007 0.0007 0.999986232817173 1e-05 1e-05 0.9999705133693558 2e-05 2e-05 4.511298089368003 0.08 0.08 27 
-2.2246413503374374 0.0008 0.0007 0.9999884183917727 1e-05 1e-05 0.9999747093234743 2e-05 2e-05 4.510725767271859 0.07 0.07 4 
-2.224543023109436 0.0007 0.0006 0.9999861074345452 1e-05 1e-05 0.9999719824109758 2e-05 2e-05 4.511235022544861 0.09 0.09 18 
-2.2246235370635987 0.0006 0.0006 0.9999888566987855 1e-05 1e-05 0.9999702570693834 2e-05 2e-05 4.5109077078955515 0.08 0.08 36 
-2.2245933396475657 0.0007 0.0007 0.9999886033790452 9e-06 1e-05 0.9999720107231821 2e-05 2e-05 4.510867416858673 0.08 0.08 10 
-2.22437276159014 0.0005 0.0005 0.9999868686710085 8e-06 9e-06 0.9999658401523318 2e-05 3e-05 4.511043279511588 0.1 0.09 15 
-2.224486630303519 0.0007 0.0007 0.9999885618686676 9e-06 1e-05 0.9999709650874138 2e-05 2e-05 4.510813421862466 0.09 0.09 22 
-2.224494889804295 0.0008 0.0008 0.999984884262085 1e-05 1e-05 0.9999738082289695 2e-05 2e-05 4.5112419213567465 0.08 0.08 39 
