-2.2242441586085726 0.0009 0.0009 0.9999813164983476 1e-05 1e-05 0.9999727911182812 2e-05 2e-05 4.510758256912231 0.1 0.09 38 
-2.2244287593024117 0.001 0.0007 0.9999873182603292 4e-06 6e-06 0.9999761949692454 2e-05 3e-05 4.51144345658166 0.1 0.1 5 
-1.931275691304888 0.3 0.2 0.9979539813739913 0.001 0.001 0.985491098676409 0.007 0.02 4.3275515471185955 2.0 2.0 13 
-2.224229989733015 0.001 0.001 0.9999757602810859 1e-05 1e-05 0.9999736813562257 2e-05 2e-05 4.512129616737366 0.09 0.08 7 
-2.2240033899034772 0.0008 0.0008 0.9999804381813322 1e-05 1e-05 0.9999640247651509 2e-05 2e-05 4.510266416413444 0.1 0.1 9 
-2.2237891469682967 0.003 0.002 0.9999251633882522 1e-05 2e-05 0.9999550510730062 1e-05 2e-05 4.515638128348759 0.1 0.1 19 
-2.2244159630366735 0.0008 0.0007 0.9999876684376172 9e-06 1e-05 0.9999728807381221 2e-05 2e-05 4.5109314220292225 0.09 0.09 35 
-2.224361116545541 0.0005 0.0005 0.9999836217079844 7e-06 8e-06 0.9999591235603605 2e-05 2e-05 4.510680893489293 0.09 0.09 15 
-1.712727999687195 0.2 0.08 0.992873868559088 0.002 0.007 0.965490343102387 0.01 0.08 4.3073210035051614 3.0 2.0 17 
-2.2243784427642823 0.0006 0.0006 0.9999842554330826 1e-05 1e-05 0.9999709442257881 2e-05 2e-05 4.511187924657549 0.1 0.1 8 
-2.2244595766067503 0.0006 0.0005 0.9999863458531243 8e-06 8e-06 0.9999683233244079 2e-05 2e-05 4.511081322601863 0.09 0.09 3 
-2.224312032972063 0.0005 0.0005 0.9999865276472909 7e-06 8e-06 0.9999645531177521 2e-05 3e-05 4.511053488935743 0.1 0.1 6 
-2.2235168184552876 0.004 0.002 0.999954286643437 2e-05 3e-05 0.9999638595751353 2e-05 4e-05 4.514489250523703 0.2 0.2 22 
-1.567689391544887 2.0 0.2 0.987779150903225 0.009 0.01 0.8767049623387201 0.1 0.5 4.850794388566698 10.0 3.0 31 
-2.2239321844918387 0.001 0.001 0.9999812347548348 7e-06 7e-06 0.9999473544103759 3e-05 4e-05 4.511494517326355 0.1 0.1 44 
-2.0711115394319806 0.07 0.02 0.9995546653866768 6e-05 7e-05 0.9943953401276043 0.0007 0.003 4.36615355014801 0.4 0.4 4 
-1.5599834374019077 1.0 0.1 0.9884442972285407 0.009 0.02 0.9168167923177991 0.04 0.2 4.334712665421622 5.0 2.0 20 
-2.2237286806106566 0.006 0.002 0.9999570190906525 1e-05 1e-05 0.999951336639268 2e-05 0.0001 4.513912287780217 0.2 0.3 16 
-2.22431332724435 0.0006 0.0006 0.999983682164124 9e-06 1e-05 0.9999675303697586 2e-05 3e-05 4.510706274850028 0.1 0.1 1 
-2.2244255644934516 0.0007 0.0007 0.9999812477401324 1e-05 1e-05 0.9999707368867737 2e-05 2e-05 4.511883102144513 0.09 0.09 14 
-2.2238452570778984 0.002 0.002 0.9999799951910973 6e-06 5e-06 0.9999360133494649 5e-05 7e-05 4.513884350231716 0.2 0.2 26 
-2.2240097284317017 0.001 0.001 0.999966551576342 2e-05 2e-05 0.9999743353043283 1e-05 1e-05 4.5125294174466815 0.1 0.1 11 
-2.2244310583387104 0.0007 0.0007 0.9999861278704234 1e-05 1e-05 0.9999728622181075 2e-05 2e-05 4.511611063139779 0.09 0.09 36 
-2.2241457326071603 0.0007 0.0006 0.9999797659260886 1e-05 1e-05 0.999962275155953 3e-05 3e-05 4.5125799587794715 0.1 0.1 24 
-2.224610686302185 0.0005 0.0006 0.9999896847776004 4e-06 4e-06 0.9999733243669783 1e-05 2e-05 4.5115262338093345 0.1 0.1 12 
