-2.225097932134356 0.0004 0.0003 0.9999923367585455 4e-06 4e-06 0.9999769732356072 1e-05 1e-05 4.51161915404456 0.08 0.08 33 
-1.5437732526234218 0.3 0.1 0.9893337068813187 0.005 0.009 0.844734782406262 0.09 0.3 4.69073543718883 4.0 2.0 41 
-2.224161386489868 0.0006 0.0006 0.9999830963356154 9e-06 9e-06 0.9999625495501927 2e-05 3e-05 4.510771703720093 0.09 0.09 35 
-2.224792408943176 0.0008 0.0007 0.9999900992427554 7e-06 7e-06 0.9999811651451247 1e-05 1e-05 4.511745962074825 0.08 0.08 43 
-1.6183760711124966 0.7 0.1 0.9904927030205727 0.007 0.03 0.8758487684386117 0.08 0.3 4.626718138796942 3.0 1.0 18 
-2.2243262359074185 0.0007 0.0006 0.9999880588480404 7e-06 8e-06 0.9999665775469371 2e-05 3e-05 4.510698681218283 0.09 0.09 13 
-2.2227290732519966 0.001 0.001 0.99993554183415 1e-05 2e-05 0.9999271469456809 3e-05 3e-05 4.508778628281185 0.1 0.1 8 
-2.2246286392211916 0.0006 0.0006 0.9999893716403416 9e-06 1e-05 0.9999709346464702 2e-05 2e-05 4.511348945753915 0.07 0.07 17 
-2.2244640588760376 0.0007 0.0006 0.999986107647419 8e-06 1e-05 0.9999699620263917 2e-05 2e-05 4.510746572698865 0.09 0.08 37 
-2.2246694666998725 0.0006 0.0006 0.9999899598104613 9e-06 1e-05 0.999970430135727 2e-05 3e-05 4.510590633324214 0.08 0.08 16 
-2.224641752243042 0.0006 0.0006 0.9999891964452607 9e-06 1e-05 0.9999715594308717 2e-05 2e-05 4.511138566902706 0.08 0.08 3 
-2.2253769908632552 0.0007 0.0005 0.9999880324516978 6e-06 7e-06 0.9999838792851993 7e-06 9e-06 4.510844496318272 0.07 0.07 6 
-1.5906742470605033 0.05 0.06 0.9854319010462079 0.01 0.01 0.9747534511344773 0.001 0.0007 4.136989569664001 1.0 1.0 40 
-2.2246956041881014 0.0006 0.0006 0.9999908328056335 7e-06 8e-06 0.9999730267695018 2e-05 2e-05 4.511037800993238 0.08 0.07 30 
-2.020815634727478 0.1 0.1 0.9981583733643804 0.001 0.002 0.9987179458141326 0.0004 0.0004 4.392141569512231 0.4 0.4 2 
-2.067204867090498 0.06 0.02 0.9995500896658216 9e-05 4e-05 0.9942536920309066 0.0007 0.002 4.363159182241985 0.4 0.4 9 
-2.2246496609279087 0.0007 0.0007 0.999989886369024 9e-06 1e-05 0.9999711785997664 2e-05 2e-05 4.510987213679722 0.08 0.08 10 
-2.224551180430821 0.0006 0.0006 0.9999888771346637 9e-06 1e-05 0.9999696542109762 2e-05 3e-05 4.510564892632621 0.09 0.08 45 
-2.2249931131090435 0.0008 0.0007 0.9999900264399392 7e-06 8e-06 0.9999859381999289 9e-06 8e-06 4.511667547907148 0.07 0.07 12 
-2.2234805038997103 0.0009 0.0008 0.999981210912977 9e-06 9e-06 0.9999533023153032 2e-05 3e-05 4.510935187339783 0.1 0.1 42 
-2.2243687186922347 0.0007 0.0007 0.9999881052545139 8e-06 9e-06 0.9999663512621607 2e-05 2e-05 4.511080639702933 0.08 0.08 20 
-1.9831218923841203 0.09 0.07 0.9986090144940785 0.0005 0.0008 0.9867593637534551 0.002 0.003 4.402351625476565 2.0 1.0 11 
-2.2244278635297503 0.0009 0.0008 0.9999868448291506 1e-05 1e-05 0.9999739419136728 2e-05 2e-05 4.510535556929452 0.09 0.08 5 
-1.4455007689339774 0.7 0.1 0.9847777232527732 0.01 0.02 0.8982676471982683 0.05 0.3 4.259310649974005 6.0 2.0 36 
-2.224682457106454 0.0007 0.0006 0.9999892204999924 9e-06 1e-05 0.9999736040830612 2e-05 2e-05 4.511322712898254 0.07 0.07 28 
-1.910022303036281 0.08 0.05 0.9976658782788685 0.0007 0.001 0.9903311603835651 0.002 0.003 4.351794187511716 2.0 2.0 4 
-2.22463116305215 0.0007 0.0006 0.9999894767999649 8e-06 9e-06 0.9999719970992633 2e-05 2e-05 4.5111895101411 0.08 0.07 7 
-2.224178682054792 0.001 0.0009 0.9999848142266273 1e-05 1e-05 0.9999697274395398 2e-05 2e-05 4.510604492255619 0.09 0.09 15 
-2.223691003663199 0.0009 0.0007 0.9999816975423268 8e-06 9e-06 0.9999565024461065 2e-05 2e-05 4.510413816996983 0.1 0.1 29 
-1.6923582860401698 0.2 0.09 0.9921154269150325 0.003 0.007 0.9661527386733464 0.02 0.07 4.320326959235327 2.0 2.0 21 
-2.2245935235704692 0.0006 0.0006 0.9999885248286383 9e-06 1e-05 0.9999707449759756 2e-05 2e-05 4.51118073122842 0.08 0.08 27 
-2.225115714754377 0.0005 0.0004 0.9999909632972308 6e-06 6e-06 0.9999801625098501 1e-05 1e-05 4.511536191190992 0.08 0.08 38 
-2.2253076893942696 0.0009 0.0006 0.9999893231051309 7e-06 9e-06 0.99998405618327 6e-06 9e-06 4.511305163587843 0.08 0.08 19 
-2.031163614136832 0.03 0.02 0.9993459116135325 2e-05 6e-05 0.9929478949734143 0.0002 0.0007 4.323714534725462 0.3 0.3 1 
-2.2245530809674943 0.0008 0.0008 0.9999880609767777 1e-05 1e-05 0.9999751056943621 2e-05 2e-05 4.511137303284237 0.07 0.07 44 
-2.224560376576015 0.0008 0.0007 0.9999875890357154 9e-06 1e-05 0.999972631250109 2e-05 2e-05 4.511128301279886 0.08 0.08 14 
-2.224699548312596 0.0006 0.0006 0.9999907881021499 8e-06 9e-06 0.9999715323959079 2e-05 2e-05 4.510939019066947 0.07 0.07 26 
