-2.226487487157186 0.0002 6e-05 0.9999991331497828 1e-06 2e-06 0.9999985158443451 1e-06 8e-06 4.512153183619182 0.05 0.04 0 
-2.2264935302734377 0.0001 6e-05 0.9999992044766745 9e-07 3e-06 0.9999987063805262 1e-06 5e-06 4.512207274436951 0.03 0.04 1 
-2.226479762395223 0.0003 6e-05 0.9999991542100907 8e-07 2e-06 0.9999984927972158 1e-06 7e-06 4.512120356559754 0.04 0.05 2 
-2.2264908281962077 0.0002 6e-05 0.999999085466067 9e-07 2e-06 0.9999986227353413 1e-06 8e-06 4.512189502716065 0.05 0.04 3 
-2.226479638417562 0.0003 7e-05 0.9999992165962855 9e-07 2e-06 0.9999984405438105 2e-06 8e-06 4.5121977074941 0.04 0.04 4 
-2.2264904022216796 0.0002 6e-05 0.9999991279840469 1e-06 2e-06 0.9999986402193706 1e-06 5e-06 4.512170039812724 0.04 0.04 5 
-2.226482381820679 0.0002 7e-05 0.9999991661310196 8e-07 4e-06 0.9999984933932622 1e-06 8e-06 4.512109376589457 0.05 0.04 6 
-2.2264920902252197 0.0001 6e-05 0.9999992074569066 9e-07 3e-06 0.9999986525376637 1e-06 7e-06 4.512212038040161 0.03 0.03 7 
-2.2264839108784993 0.0002 6e-05 0.9999991383155187 1e-06 2e-06 0.9999984467029571 1e-06 9e-06 4.512104517618815 0.03 0.05 8 
-2.2264861392974855 0.0002 6e-05 0.9999991087118785 9e-07 3e-06 0.9999984520673751 1e-06 6e-06 4.512085016568502 0.04 0.05 9 
-2.226499455769857 0.0002 5e-05 0.999999216000239 9e-07 2e-06 0.9999988188346227 1e-06 6e-06 4.512085386912028 0.04 0.03 10 
-2.2264839363098146 0.0002 6e-05 0.9999991212288538 1e-06 4e-06 0.999998494386673 2e-06 1e-05 4.512165699005127 0.05 0.05 11 
-2.2264879322052002 0.0002 6e-05 0.9999992537498474 9e-07 2e-06 0.9999985798199972 1e-06 6e-06 4.512265768051147 0.04 0.03 12 
-2.2264866892496746 0.0002 6e-05 0.9999991313616434 8e-07 2e-06 0.9999985132614772 1e-06 6e-06 4.512258423169454 0.03 0.04 13 
-2.226487153371175 0.0002 6e-05 0.9999992201725642 8e-07 3e-06 0.9999987194935481 1e-06 5e-06 4.512148276964823 0.04 0.04 14 
-2.2264891783396403 0.0003 6e-05 0.9999991691112519 1e-06 3e-06 0.999998467763265 1e-06 8e-06 4.5121289857228595 0.03 0.04 15 
-2.226485185623169 0.0002 6e-05 0.9999992575248082 9e-07 2e-06 0.9999983920653661 2e-06 5e-06 4.512156459490458 0.05 0.04 16 
-2.226488078435262 0.0001 6e-05 0.9999990791082383 9e-07 3e-06 0.9999985494216284 1e-06 7e-06 4.512320365905762 0.04 0.04 17 
-2.2264784367879233 0.0002 7e-05 0.9999991494417191 1e-06 2e-06 0.9999982086817424 2e-06 6e-06 4.5121847899754846 0.04 0.04 18 
-2.2263333415985107 0.0009 0.0002 0.99999924659729 9e-07 3e-06 0.9999925708770752 7e-06 4e-05 4.512132217089335 0.05 0.05 19 
-2.2264853382110594 0.0002 6e-05 0.999999122818311 9e-07 3e-06 0.9999985345204672 1e-06 6e-06 4.512156499226888 0.04 0.04 20 
-2.226483484903971 0.0002 6e-05 0.9999991605679194 1e-06 2e-06 0.9999983352422714 2e-06 8e-06 4.5122409915924075 0.04 0.04 21 
-2.2264890766143797 0.0002 6e-05 0.9999992710351944 1e-06 2e-06 0.9999985855817795 1e-06 6e-06 4.512192145983378 0.04 0.04 22 
-2.2263368002573647 0.0008 0.0002 0.9999991458654404 1e-06 4e-06 0.9999924882253011 7e-06 5e-05 4.5119585609436035 0.05 0.06 23 
-2.226488768259684 0.0001 6e-05 0.9999991629521052 1e-06 3e-06 0.999998575647672 2e-06 7e-06 4.5121525891621905 0.03 0.04 24 
-2.2264941215515135 0.0002 6e-05 0.9999992068608602 9e-07 3e-06 0.9999986710151036 1e-06 5e-06 4.512217693328857 0.04 0.03 25 
-2.226493107477824 0.0002 6e-05 0.9999992275238037 9e-07 3e-06 0.999998709956805 1e-06 4e-06 4.512228167851766 0.04 0.03 26 
-2.226486186981201 0.0002 6e-05 0.9999992243448893 8e-07 3e-06 0.9999984945853552 1e-06 6e-06 4.512142596244812 0.04 0.04 27 
-2.2264786179860434 0.0002 6e-05 0.9999990540742875 8e-07 2e-06 0.9999979694684347 2e-06 7e-06 4.512238624890645 0.04 0.04 28 
-2.2264595890045165 0.0001 0.0001 0.9999992287158966 8e-07 2e-06 0.9999987798929214 1e-06 4e-06 4.512208938598633 0.03 0.03 29 
-2.2264818731943765 0.0001 7e-05 0.9999989624818166 9e-07 2e-06 0.9999984355767568 2e-06 7e-06 4.512217129071553 0.04 0.04 30 
-2.226493377685547 0.0002 6e-05 0.9999992998441061 8e-07 3e-06 0.999998680750529 1e-06 6e-06 4.512167201042176 0.03 0.03 31 
-2.226483716964722 0.0002 7e-05 0.9999991591771443 1e-06 3e-06 0.9999985180298487 1e-06 7e-06 4.512098469734192 0.04 0.04 32 
-2.226338046391805 0.0008 0.0002 0.9999992893139521 8e-07 4e-06 0.9999931395053864 6e-06 3e-05 4.512144923210144 0.05 0.05 33 
-2.226485188802083 0.0003 6e-05 0.9999992227554322 8e-07 2e-06 0.9999985361099243 1e-06 6e-06 4.51214874903361 0.04 0.05 34 
-2.226485694249471 0.0002 6e-05 0.9999992348750433 9e-07 2e-06 0.9999984472990036 2e-06 6e-06 4.512239066759745 0.04 0.04 35 
-2.226332883834839 0.0009 0.0002 0.9999993536869685 8e-07 3e-06 0.9999927483002344 7e-06 2e-05 4.51214687983195 0.05 0.05 36 
-2.2264853954315185 0.0003 6e-05 0.9999991836150487 8e-07 2e-06 0.9999985152482986 1e-06 7e-06 4.512211573918661 0.04 0.03 37 
-2.226484670639038 0.0001 7e-05 0.9999990353981654 1e-06 2e-06 0.9999984969695409 2e-06 7e-06 4.5121508900324505 0.03 0.04 38 
-2.2264892037709556 0.0002 6e-05 0.9999992223580678 9e-07 3e-06 0.9999986032644907 1e-06 7e-06 4.5121785863240556 0.04 0.04 39 
-2.2264650217692057 0.0001 6e-05 0.99999913195769 9e-07 2e-06 0.9999976380666097 1e-06 8e-06 4.512054166793823 0.03 0.04 40 
-2.2264843559265137 0.0001 6e-05 0.9999990673859914 9e-07 2e-06 0.9999984474976857 1e-06 7e-06 4.5122313372294105 0.04 0.03 41 
-2.226485087076823 0.0002 7e-05 0.9999992414315542 8e-07 3e-06 0.9999985277652741 1e-06 6e-06 4.512150115966797 0.04 0.04 42 
-2.226485080718994 0.0002 7e-05 0.9999992537498474 7e-07 2e-06 0.999998526374499 1e-06 6e-06 4.512178004582723 0.04 0.04 43 
-2.226487658818563 0.0002 6e-05 0.9999991335471471 1e-06 3e-06 0.9999985599517822 1e-06 9e-06 4.51216180006663 0.04 0.04 44 
-2.2264845848083494 0.0001 6e-05 0.9999991103013357 1e-06 2e-06 0.9999984842538834 1e-06 6e-06 4.511989399592082 0.04 0.04 45 
-2.226457878748576 0.0001 9e-05 0.9999992092450459 8e-07 1e-06 0.999998524983724 1e-06 4e-06 4.512251577377319 0.02 0.03 46 
-2.226481761932373 0.0001 7e-05 0.9999991057316462 9e-07 3e-06 0.9999982939163844 2e-06 7e-06 4.512059853871663 0.03 0.05 47 
-2.2264904244740804 0.0002 6e-05 0.9999992235501607 9e-07 2e-06 0.9999986950556438 1e-06 6e-06 4.512153970400492 0.04 0.04 48 
-2.2264920330047606 0.0001 6e-05 0.99999915599823 1e-06 3e-06 0.9999985100825628 1e-06 6e-06 4.5122378571828206 0.03 0.03 49 
-2.2264904912312824 0.0002 6e-05 0.9999992404381434 8e-07 2e-06 0.9999985619386037 1e-06 5e-06 4.512155470848083 0.03 0.04 50 
-2.2264888032277423 0.0003 6e-05 0.9999992551406225 9e-07 2e-06 0.9999986376365025 1e-06 8e-06 4.512210998535156 0.04 0.04 51 
-2.2264884503682456 0.0001 6e-05 0.9999992213646571 9e-07 3e-06 0.999998610218366 1e-06 7e-06 4.512299941380818 0.04 0.03 52 
-2.2264591153462727 0.0001 9e-05 0.9999992607037226 9e-07 1e-06 0.9999986722071965 1e-06 4e-06 4.512196723620097 0.03 0.03 53 
-2.226334883371989 0.0007 0.0002 0.9999991852045059 9e-07 3e-06 0.999993049899737 6e-06 3e-05 4.511951996485393 0.04 0.06 54 
-2.2264899826049804 0.0002 6e-05 0.9999992128213246 9e-07 2e-06 0.9999985647201538 1e-06 8e-06 4.51209880510966 0.04 0.04 55 
-2.2264839680989583 0.0002 6e-05 0.9999991222222646 8e-07 2e-06 0.9999985647201538 1e-06 5e-06 4.5121175543467205 0.04 0.04 56 
-2.2264834753672282 0.0002 6e-05 0.9999991196393967 9e-07 2e-06 0.9999984000126521 2e-06 1e-05 4.512266585032145 0.04 0.04 57 
-2.2264952945709227 0.0001 5e-05 0.9999990812937418 9e-07 2e-06 0.9999987286329269 1e-06 5e-06 4.512159663836162 0.03 0.04 58 
-2.2264853541056313 0.0001 6e-05 0.9999991782506307 9e-07 2e-06 0.9999984288215638 1e-06 7e-06 4.512232265472412 0.04 0.04 59 
-2.2264902718861896 0.0002 6e-05 0.9999991597731909 1e-06 2e-06 0.9999986080328623 1e-06 1e-05 4.512209820747375 0.04 0.03 60 
-2.226493485768636 0.0001 5e-05 0.9999992092450459 9e-07 2e-06 0.9999986668427785 1e-06 6e-06 4.512138357162476 0.04 0.04 61 
-2.226494290033976 0.0002 5e-05 0.9999991655349731 8e-07 2e-06 0.9999986205498378 1e-06 6e-06 4.512154041926066 0.04 0.03 62 
-2.2264898109436033 0.0002 5e-05 0.999999136130015 8e-07 2e-06 0.9999986024697621 1e-06 6e-06 4.512129068374634 0.03 0.04 63 
-2.2264899730682375 0.0002 5e-05 0.9999992374579112 9e-07 3e-06 0.9999983658393224 2e-06 6e-06 4.51220249970754 0.04 0.03 64 
-2.2264900461832684 0.0002 6e-05 0.9999991460641225 1e-06 5e-06 0.9999986271063487 1e-06 6e-06 4.512178233464559 0.04 0.04 65 
-2.2264928944905598 0.0002 6e-05 0.9999991945425669 8e-07 4e-06 0.99999871412913 1e-06 7e-06 4.512154763539632 0.04 0.03 66 
-2.2264885807037356 0.0002 6e-05 0.9999991277853648 9e-07 2e-06 0.9999986034631729 1e-06 7e-06 4.512197494506836 0.04 0.05 67 
-2.2264904657999676 0.0001 6e-05 0.9999992275238037 7e-07 3e-06 0.9999985496203104 1e-06 7e-06 4.51223774433136 0.04 0.04 68 
-2.226491101582845 0.0002 6e-05 0.9999992614984512 9e-07 2e-06 0.9999985804160436 1e-06 5e-06 4.512126639684041 0.04 0.04 69 
-2.2264945538838705 0.0002 6e-05 0.9999993360042572 8e-07 2e-06 0.9999986737966537 1e-06 7e-06 4.512089029947917 0.04 0.03 70 
-2.226487477620443 0.0002 6e-05 0.9999992454051971 8e-07 2e-06 0.9999986070394516 1e-06 8e-06 4.512109219233195 0.04 0.04 71 
-2.2264804395039874 0.0002 7e-05 0.9999990888436635 1e-06 2e-06 0.9999984703461329 2e-06 9e-06 4.512181021372477 0.03 0.05 72 
-2.226490716934204 0.0002 6e-05 0.9999991798400879 8e-07 2e-06 0.9999985408782959 1e-06 8e-06 4.5122619104385375 0.04 0.04 73 
-2.2264840666453045 0.0003 7e-05 0.9999992783864339 1e-06 2e-06 0.9999984369675319 2e-06 8e-06 4.512087213198344 0.04 0.05 74 
-2.226485261917114 0.0002 6e-05 0.9999990485111873 1e-06 2e-06 0.9999984574317932 1e-06 7e-06 4.51227367401123 0.04 0.04 75 
-2.226347993214925 0.0007 0.0002 0.9999993113676707 8e-07 3e-06 0.9999929654598236 7e-06 4e-05 4.512107707659403 0.05 0.04 76 
-2.226487363179525 0.0002 6e-05 0.9999992020924886 9e-07 3e-06 0.9999985798199972 1e-06 6e-06 4.512138334910075 0.04 0.04 77 
-2.2263416544596355 0.0008 0.0002 0.9999992167949676 8e-07 4e-06 0.9999922009309133 8e-06 3e-05 4.5120177793502805 0.06 0.05 78 
-2.226493724187215 0.0001 5e-05 0.9999991611639658 1e-06 2e-06 0.9999986547231674 1e-06 3e-06 4.512211100260417 0.03 0.03 79 
-2.2264902432759603 0.0002 6e-05 0.9999991997083029 8e-07 3e-06 0.9999985877672831 2e-06 7e-06 4.5121763292948405 0.04 0.04 80 
-2.2264887364705404 0.0002 6e-05 0.9999991202354431 1e-06 3e-06 0.9999986002842586 1e-06 8e-06 4.512151290575663 0.04 0.03 81 
-2.226489238739014 0.0002 6e-05 0.9999992257356644 7e-07 2e-06 0.9999986733992895 1e-06 5e-06 4.512229340871175 0.04 0.04 82 
-2.2264830176035564 0.0001 6e-05 0.999999212026596 9e-07 2e-06 0.9999984206755956 2e-06 7e-06 4.512184216181438 0.04 0.04 83 
-2.226486368179321 0.0002 6e-05 0.9999991164604822 1e-06 3e-06 0.9999984689553578 2e-06 7e-06 4.512171885172526 0.04 0.04 84 
-2.2264894580841066 0.0002 6e-05 0.999999162753423 1e-06 2e-06 0.9999986451864242 1e-06 7e-06 4.512118374506633 0.04 0.04 85 
-2.2264894231160484 0.0002 6e-05 0.9999991937478383 9e-07 3e-06 0.9999985172351201 1e-06 8e-06 4.512054357528687 0.04 0.03 86 
-2.226484800974528 0.0004 6e-05 0.9999991710980733 8e-07 2e-06 0.9999984196821848 1e-06 8e-06 4.512087149620056 0.04 0.04 87 
-2.2264879449208577 0.0002 6e-05 0.9999992907047272 8e-07 3e-06 0.9999985404809316 1e-06 7e-06 4.512209208806356 0.03 0.03 88 
-2.2264862219492594 0.0003 6e-05 0.9999991176525752 9e-07 4e-06 0.9999984856446584 1e-06 1e-05 4.512120184898376 0.04 0.04 89 
-2.226492255528768 0.0001 6e-05 0.999999182621638 8e-07 2e-06 0.999998534321785 1e-06 9e-06 4.512244372367859 0.04 0.03 90 
-2.226493288675944 0.0001 6e-05 0.999999217391014 9e-07 2e-06 0.9999987161159516 1e-06 6e-06 4.512096780141195 0.03 0.04 91 
-2.2264898427327475 0.0002 6e-05 0.9999991528193156 1e-06 4e-06 0.9999986213445663 1e-06 5e-06 4.512087752024333 0.03 0.04 92 
-2.2264903736114503 0.0002 6e-05 0.9999991859992345 8e-07 2e-06 0.9999986290931702 1e-06 8e-06 4.512218592961629 0.04 0.04 93 
-2.2264896392822267 0.0002 6e-05 0.9999991659323374 1e-06 3e-06 0.9999986382325491 1e-06 6e-06 4.512203294436137 0.04 0.03 94 
-2.22648575146993 0.0002 6e-05 0.9999991943438847 8e-07 3e-06 0.9999984920024871 1e-06 9e-06 4.512062621116638 0.04 0.04 95 
-2.2264918899536132 0.0002 6e-05 0.999999020298322 1e-06 2e-06 0.9999986998240153 1e-06 4e-06 4.512205710411072 0.04 0.04 96 
-2.2264901065826415 0.0002 6e-05 0.9999990620215734 9e-07 3e-06 0.9999987093607584 1e-06 5e-06 4.512196712493896 0.03 0.03 97 
-2.22648401260376 0.0002 6e-05 0.9999991432825724 1e-06 2e-06 0.9999983445803324 2e-06 1e-05 4.512198923428853 0.04 0.04 98 
-2.22648442586263 0.0003 7e-05 0.9999990608294805 9e-07 3e-06 0.9999984498818716 2e-06 1e-05 4.512202412287394 0.04 0.05 99 
-2.226493237813314 0.0001 6e-05 0.9999992148081461 9e-07 2e-06 0.9999987248579661 1e-06 5e-06 4.512108586629232 0.04 0.04 100 
-2.2264914321899414 0.0002 6e-05 0.9999991802374522 9e-07 2e-06 0.999998619556427 1e-06 5e-06 4.512058037122091 0.03 0.04 101 
-2.2264870993296304 0.0002 6e-05 0.9999991810321808 9e-07 2e-06 0.9999986463785171 1e-06 1e-05 4.5120039669672645 0.03 0.04 102 
-2.226486043930054 0.0002 6e-05 0.999999197324117 9e-07 3e-06 0.9999985055128733 1e-06 7e-06 4.512162210146586 0.04 0.04 103 
-2.2264914989471434 0.0002 6e-05 0.9999992440144221 9e-07 2e-06 0.9999986952543258 1e-06 4e-06 4.512104387283325 0.03 0.04 104 
-2.2264892705281576 0.0002 6e-05 0.9999991669257482 8e-07 2e-06 0.9999985225995381 1e-06 7e-06 4.512161021232605 0.03 0.03 105 
-2.2264888604482014 0.0002 6e-05 0.9999992074569066 9e-07 5e-06 0.9999987000226974 1e-06 9e-06 4.5121592458089195 0.05 0.04 106 
-2.226487035751343 0.0002 6e-05 0.9999991097052892 1e-06 2e-06 0.9999983801444372 2e-06 6e-06 4.512181269327799 0.04 0.05 107 
-2.226489534378052 0.0002 6e-05 0.9999991035461426 9e-07 5e-06 0.9999986189603806 2e-06 7e-06 4.512280300458272 0.04 0.03 108 
-2.226489741007487 0.0002 6e-05 0.9999990983804067 1e-06 2e-06 0.9999986732006073 1e-06 8e-06 4.512218065261841 0.04 0.03 109 
-2.2264824867248536 0.0003 7e-05 0.9999991482496262 9e-07 3e-06 0.9999983304738999 1e-06 1e-05 4.512173137664795 0.04 0.04 110 
-2.226490551630656 0.0002 6e-05 0.9999992203712463 8e-07 2e-06 0.9999985917409261 2e-06 7e-06 4.512161417007446 0.04 0.04 111 
-2.2264920330047606 0.0002 6e-05 0.9999991003672282 8e-07 2e-06 0.9999986640612284 1e-06 9e-06 4.51232923189799 0.04 0.03 112 
-2.2264867719014485 0.0002 6e-05 0.9999992338816325 9e-07 3e-06 0.9999985283613205 1e-06 8e-06 4.512239828109741 0.04 0.04 113 
-2.2264910570780434 0.0001 6e-05 0.9999992152055105 9e-07 2e-06 0.9999986330668131 1e-06 5e-06 4.5121828524271645 0.03 0.04 114 
-2.2264854749043783 0.0001 6e-05 0.9999990785121917 9e-07 2e-06 0.9999985229969025 1e-06 7e-06 4.512248358726501 0.04 0.04 115 
-2.22649614016215 0.0001 6e-05 0.9999991021553676 9e-07 2e-06 0.9999987429380417 1e-06 4e-06 4.512313817342123 0.03 0.04 116 
-2.226487970352173 0.0002 6e-05 0.9999991659323374 8e-07 3e-06 0.9999984774986903 1e-06 7e-06 4.512160951296488 0.04 0.04 117 
-2.2264913431803386 0.0002 6e-05 0.9999991740783055 8e-07 2e-06 0.9999985883633296 1e-06 7e-06 4.512277681032817 0.04 0.03 118 
-2.2264837582906085 0.0003 6e-05 0.9999991969267528 8e-07 2e-06 0.9999983765681585 2e-06 1e-05 4.512358897527059 0.04 0.03 119 
-2.2264780553181964 0.0002 7e-05 0.9999991508324941 8e-07 3e-06 0.9999982571601868 2e-06 7e-06 4.51210608959198 0.04 0.04 120 
-2.2264975261688233 0.0002 5e-05 0.9999992138147354 8e-07 3e-06 0.9999987481037775 1e-06 5e-06 4.512234910329183 0.04 0.03 121 
-2.2264901860555013 0.0002 6e-05 0.999999257127444 9e-07 2e-06 0.9999984510739645 1e-06 7e-06 4.512211977640788 0.04 0.04 122 
-2.226492617925008 0.0002 6e-05 0.9999992301066717 9e-07 2e-06 0.9999985839923223 1e-06 5e-06 4.512088645299276 0.03 0.04 123 
-2.226493864059448 0.0002 6e-05 0.9999991391102473 9e-07 3e-06 0.9999987188975016 1e-06 8e-06 4.512154162724813 0.03 0.03 124 
-2.226490462621053 0.0002 6e-05 0.9999991391102473 1e-06 2e-06 0.9999986243247986 1e-06 7e-06 4.512226007779439 0.03 0.03 125 
-2.226490767796834 0.0002 6e-05 0.9999991852045059 9e-07 3e-06 0.9999986737966537 1e-06 8e-06 4.5121427949269615 0.04 0.05 126 
-2.2263365268707274 0.0008 0.0002 0.9999992406368255 9e-07 5e-06 0.9999930069843928 6e-06 4e-05 4.512015175819397 0.05 0.06 127 
-2.226484457651774 0.0003 6e-05 0.9999991252024969 9e-07 3e-06 0.9999986014763514 1e-06 7e-06 4.512156558036804 0.04 0.04 128 
-2.226340519587199 0.0008 0.0002 0.999999326467514 7e-07 3e-06 0.9999926046530405 7e-06 4e-05 4.5120636161168415 0.04 0.05 129 
-2.226493377685547 0.0001 6e-05 0.9999991375207901 9e-07 3e-06 0.9999986694256464 1e-06 6e-06 4.5121964200337725 0.04 0.04 130 
-2.2264817174275717 0.0002 6e-05 0.999999218583107 9e-07 3e-06 0.999998413125674 1e-06 6e-06 4.512186973889669 0.04 0.04 131 
-2.2264895629882813 0.0001 6e-05 0.9999991418917974 9e-07 3e-06 0.9999986537297567 1e-06 7e-06 4.512171389261882 0.04 0.04 132 
-2.226484924952189 0.0002 6e-05 0.9999992271264394 8e-07 2e-06 0.9999985325336457 1e-06 6e-06 4.512261997858683 0.04 0.04 133 
-2.226482311884562 0.0002 7e-05 0.9999990675846736 8e-07 2e-06 0.9999982970952987 2e-06 1e-05 4.512262617746989 0.04 0.04 134 
-2.226484769185384 0.0002 6e-05 0.999999177455902 9e-07 3e-06 0.9999984045823415 1e-06 6e-06 4.512169632911682 0.04 0.04 135 
-2.226489028930664 0.0002 6e-05 0.9999990538756053 9e-07 5e-06 0.9999985828002294 1e-06 5e-06 4.512318975130717 0.03 0.04 136 
-2.2264926465352377 0.0002 6e-05 0.9999991943438847 9e-07 2e-06 0.9999986712137858 1e-06 7e-06 4.512185378074646 0.04 0.03 137 
-2.226483999888102 0.0002 6e-05 0.999999223947525 8e-07 2e-06 0.9999984457095464 1e-06 5e-06 4.512259573936462 0.04 0.04 138 
-2.226490993499756 0.0002 5e-05 0.9999991548061371 8e-07 2e-06 0.9999987010161082 1e-06 9e-06 4.512146755854289 0.03 0.03 139 
-2.226478157043457 0.0003 7e-05 0.9999990232785543 1e-06 4e-06 0.9999983221292496 1e-06 1e-05 4.51214644908905 0.04 0.05 140 
-2.2264931869506834 0.0002 6e-05 0.9999991951386134 9e-07 3e-06 0.9999985986948013 1e-06 5e-06 4.512126123110454 0.04 0.03 141 
-2.2263268756866457 0.001 0.0002 0.9999992203712463 7e-07 3e-06 0.999992247223854 7e-06 3e-05 4.512075745264689 0.06 0.06 142 
-2.2264929389953614 0.0002 6e-05 0.9999991504351298 8e-07 3e-06 0.9999986529350281 1e-06 6e-06 4.512189841270446 0.03 0.04 143 
-2.226482776006063 0.0002 7e-05 0.9999991891781489 9e-07 3e-06 0.9999985180298487 1e-06 1e-05 4.51216845035553 0.03 0.04 144 
-2.226338841120402 0.0008 0.0002 0.9999992956717809 8e-07 3e-06 0.9999928416808447 6e-06 4e-05 4.512094759941101 0.04 0.05 145 
-2.226489718755086 0.0002 6e-05 0.9999991589784623 1e-06 4e-06 0.9999986145893732 1e-06 5e-06 4.512261226971944 0.03 0.03 146 
-2.226486167907715 0.0002 6e-05 0.9999991293748219 9e-07 4e-06 0.999998704791069 1e-06 4e-06 4.51221076965332 0.04 0.04 147 
-2.2264831002553302 0.0003 6e-05 0.9999991881847382 8e-07 2e-06 0.9999983978271484 1e-06 7e-06 4.51226553440094 0.06 0.04 148 
-2.2264848136901856 0.0003 6e-05 0.9999991915623347 9e-07 3e-06 0.9999985524018605 1e-06 6e-06 4.512110597292582 0.04 0.05 149 
