-2.221807975769043 0.002 0.001 0.9999679797887802 1e-05 3e-05 0.9999907227357229 3e-06 5e-06 4.508349749247233 0.1 0.1 118 
-2.223485631942749 0.001 0.001 0.9999761307239532 1e-05 1e-05 0.9999741033713023 5e-06 9e-06 4.5117801554997765 0.1 0.1 15 
-2.2233749453226723 0.0004 0.0004 0.999980865518252 4e-06 6e-06 0.9999680876731872 2e-05 4e-05 4.511225914955139 0.1 0.1 74 
-2.221454970041911 0.0007 0.0007 0.999952514966329 1e-05 1e-05 0.9999529922008514 2e-05 2e-05 4.503613123893738 0.2 0.2 34 
-2.224243574142456 0.003 0.0009 0.9999791687726974 9e-06 3e-05 0.999989146788915 5e-06 1e-05 4.511235125859579 0.1 0.1 145 
-2.2226123142242433 0.0006 0.0006 0.9999496638774872 9e-06 1e-05 0.9998975366353988 3e-05 3e-05 4.50305490175883 0.2 0.2 38 
-2.2233565362294514 0.0007 0.0004 0.9999531298875809 1e-05 2e-05 0.9999151104688644 1e-05 1e-05 4.508188192049662 0.2 0.2 5 
-2.2242875512441 0.001 0.0005 0.9999735047419865 7e-06 2e-05 0.9999923759698868 4e-06 4e-06 4.510668040911357 0.1 0.1 136 
-2.2243485196431476 0.002 0.001 0.9999840591351191 8e-06 1e-05 0.9999830754597981 9e-06 2e-05 4.510885372161865 0.1 0.1 93 
-2.2231494331359865 0.004 0.002 0.9999349395434062 3e-05 0.0001 0.9999890305598577 7e-06 1e-05 4.511337374051412 0.2 0.2 120 
-2.2238302199045816 0.002 0.001 0.9999877991278966 6e-06 2e-05 0.9999679499864578 2e-05 4e-05 4.510091536839803 0.1 0.1 49 
-2.2222446378072105 0.0002 0.0002 0.9999641138315201 4e-06 4e-06 0.9999621939659119 2e-06 2e-06 4.508480195999145 0.1 0.1 77 
-2.221952838897705 0.002 0.001 0.9999559644858043 1e-05 2e-05 0.9985708073774974 4e-05 5e-05 4.5198830175399785 0.2 0.2 91 
-2.2228969160715737 0.004 0.002 0.9999706854422887 1e-05 4e-05 0.9999818557500839 6e-06 8e-06 4.509589015642802 0.1 0.1 92 
-2.2230475044250486 0.0008 0.0006 0.9999714207649231 4e-06 8e-06 0.9999745827913284 8e-06 1e-05 4.508778688112895 0.1 0.1 17 
-2.2236324405670165 0.001 0.001 0.9999719552199046 6e-06 7e-06 0.9999624023834864 2e-05 5e-05 4.510441451072693 0.2 0.2 97 
-2.222103106180827 0.002 0.001 0.9999580891927083 9e-06 2e-05 0.9999603402614593 8e-06 1e-05 4.509401364326477 0.1 0.1 31 
-2.222062101364136 0.001 0.001 0.9999677139520645 1e-05 2e-05 0.9999527118603388 2e-05 4e-05 4.509467938741048 0.2 0.2 87 
-2.2220248222351073 0.002 0.001 0.9999669055143993 1e-05 2e-05 0.9999569092194239 1e-05 2e-05 4.5082356643676755 0.1 0.1 35 
-2.222711277008057 0.002 0.001 0.9999675941467285 8e-06 1e-05 0.9985300060113271 5e-05 7e-05 4.523171564737956 0.2 0.2 36 
