192.33814697265626 0 
9.203220315612271e-07 1 
9.205617288898793e-07 2 
145.0155792236328 3 
-2.224398883183797 0.0006 0.0005 0.9999768976370493 9e-06 8e-06 0.9999667986234029 2e-05 5e-05 4.51079213142395 0.1 0.1 4 
-2.221991736094157 0.008 0.003 0.9999516640106837 3e-05 0.0001 0.9999970026810964 2e-06 5e-06 4.510343492825826 0.2 0.2 5 
-2.223835325241089 0.01 0.003 0.9999774730205536 2e-05 9e-05 0.999996903538704 3e-06 9e-06 4.511261952718099 0.2 0.2 6 
9.203032959703706e-07 7 
-2.2234746042887368 0.004 0.001 0.9999830267826716 1e-05 4e-05 0.9999703568220139 1e-05 2e-05 4.5099523687362675 0.1 0.1 8 
9.202478054248786e-07 9 
449.23662109375 10 
-2.219163605372111 0.003 0.002 0.9999140810966491 3e-05 4e-05 0.9999560449520747 2e-05 2e-05 4.508453424771627 0.2 0.2 11 
515.3623291015625 12 
155.54561462402344 13 
566.4089599609375 14 
-2.2245273208618164 0.005 0.002 0.999987377723058 7e-06 3e-05 0.9999937319755554 4e-06 2e-05 4.511257645289104 0.2 0.2 15 
9.20593129194458e-07 16 
200.12623596191406 17 
506.8788330078125 18 
9.205508717968768e-07 19 
1385.681982421875 20 
102.46514739990235 21 
-2.220052735010783 0.005 0.002 0.9999846442540486 6e-06 1e-05 0.9996607728799184 0.0001 0.0002 4.479369017283122 0.2 0.2 22 
9.205961305269739e-07 23 
98.25259246826172 24 
540.0497802734375 25 
234.38565979003906 26 
-2.223544267018636 0.006 0.002 0.9999764720598857 2e-05 5e-05 0.9999841950337092 1e-05 3e-05 4.510024194717407 0.2 0.2 27 
-2.223623711268107 0.004 0.002 0.9999720601240794 1e-05 8e-05 0.9999686249097188 2e-05 8e-05 4.509969522158305 0.2 0.2 28 
-2.2218777306874595 0.002 0.001 0.9999660956859588 1e-05 2e-05 0.9999659053484599 2e-05 2e-05 4.509586400985718 0.1 0.1 29 
9.205212904817018e-07 30 
9.205397077494127e-07 31 
9.202059914059646e-07 32 
9.203435638482915e-07 33 
-2.224454673131307 0.002 0.0009 0.9999900315205256 7e-06 1e-05 0.9985502103964488 2e-05 5e-05 4.527031548817953 0.1 0.1 34 
9.205244396071066e-07 35 
568.1579223632813 36 
-2.2216623465220136 0.002 0.001 0.9999613296985627 1e-05 2e-05 0.998576658765475 3e-05 3e-05 4.522101987202962 0.2 0.2 37 
9.2055760205767e-07 38 
-2.186682227452596 0.0007 0.0007 0.9990701822439829 7e-05 7e-05 0.9989849023024241 4e-05 4e-05 4.515825579961141 0.2 0.2 39 
9.205814421875402e-07 40 
593.726416015625 41 
140.43771362304688 42 
-2.225102745691935 0.002 0.0009 0.999991140961647 4e-06 1e-05 0.9999925988912582 4e-06 9e-06 4.511098244984945 0.1 0.1 43 
323.5648559570312 44 
9.205971650771971e-07 45 
9.206561912833422e-07 46 
157.5731964111328 47 
9.205404126078065e-07 48 
335.7041076660156 49 
9.203381068800808e-07 50 
-2.223843568166097 0.007 0.002 0.9999826814730962 1e-05 5e-05 0.999971817334493 2e-05 9e-05 4.509859369595845 0.2 0.2 51 
-2.2212296867370607 0.004 0.002 0.9999685360987981 1e-05 3e-05 0.9998382971684138 7e-05 6e-05 4.498376372655232 0.3 0.3 52 
-2.220726989110311 0.009 0.003 0.9999805577596028 1e-05 1e-05 0.9998244384924571 8e-05 0.0002 4.496389695803324 0.3 0.3 53 
-2.222607126235962 0.002 0.001 0.9999662897984187 1e-05 2e-05 0.9999641013145447 2e-05 2e-05 4.509749021530151 0.2 0.2 54 
9.205526225741778e-07 55 
-2.217457456588745 0.02 0.006 0.9998892388741175 7e-05 0.0004 0.9999177980422974 7e-05 0.0002 4.510036164919535 0.5 0.4 56 
1361.63154296875 57 
-2.220350125630697 0.005 0.002 0.9999785874287287 1e-05 6e-05 0.9998737271626791 6e-05 6e-05 4.497092502911886 0.2 0.2 58 
9.205975175063941e-07 59 
149.1188537597656 60 
-2.218048038482666 0.003 0.002 0.9999541624387105 6e-06 2e-05 0.999535726706187 0.0002 0.0002 4.472763107617696 0.2 0.2 61 
289.2389221191406 62 
9.205273840962036e-07 63 
-2.224699811935425 0.004 0.001 0.9999892677863439 6e-06 2e-05 0.999983997742335 1e-05 8e-05 4.511246183713277 0.2 0.2 64 
9.20542038329586e-07 65 
9.206530876326724e-07 66 
9.205193350680929e-07 67 
-2.2243467394510903 0.002 0.001 0.999988431930542 7e-06 2e-05 0.999976662794749 1e-05 2e-05 4.510954353014628 0.1 0.1 68 
263.73634643554686 69 
748.7359497070313 70 
9.204830803355435e-07 71 
-2.224493948618571 0.003 0.001 0.9999826373656591 1e-05 8e-05 0.9999831350644429 1e-05 3e-05 4.510661557515462 0.2 0.2 72 
559.4958984375 73 
-2.2241239484151203 0.002 0.001 0.9999841143687566 1e-05 2e-05 0.9999904714028041 7e-06 2e-05 4.510977252324422 0.2 0.2 74 
-2.2240996106465656 0.001 0.0009 0.9999856621026992 6e-06 1e-05 0.999943140745163 5e-05 0.0001 4.5109161980946855 0.09 0.09 75 
9.206566232933255e-07 76 
-2.2242723814646403 0.003 0.001 0.9999888026714325 7e-06 2e-05 0.9999874746799469 8e-06 3e-05 4.510733019510905 0.1 0.1 77 
9.206235858982837e-07 78 
9.20516185942688e-07 79 
-2.223255478541056 0.002 0.001 0.9999829369783402 8e-06 2e-05 0.9999710694948832 1e-05 3e-05 4.509924909273783 0.1 0.1 80 
-2.2236747487386066 0.002 0.001 0.9999859680732092 7e-06 9e-06 0.9999844284852346 4e-06 7e-06 4.510565938949585 0.1 0.1 81 
0.10632375180721283 82 
330.0229797363281 83 
9.204911975757568e-07 84 
780.4263305664062 85 
-2.222170839309692 0.006 0.003 0.9999256465832392 5e-05 0.0003 0.9999763051668803 2e-05 7e-05 4.510185499191284 0.3 0.3 86 
-2.2237389087677 0.002 0.0008 0.9999859563509623 5e-06 2e-05 0.9999664062261582 1e-05 9e-06 4.509463887214661 0.1 0.1 87 
9.206618301504931e-07 88 
-2.2248274930318197 0.001 0.0005 0.9999898574749628 3e-06 8e-06 0.9999982549746831 6e-07 1e-06 4.511804477373759 0.08 0.08 89 
388.3589782714844 90 
-2.22355593363444 0.003 0.001 0.999988497098287 6e-06 1e-05 0.9999614342053731 1e-05 4e-05 4.51025068918864 0.1 0.1 91 
9.205793958244612e-07 92 
-2.215818640391032 0.003 0.002 0.999908517797788 3e-05 7e-05 0.999830896059672 6e-05 7e-05 4.483407227198283 0.2 0.2 93 
269.451171875 94 
-2.2249462604522705 0.002 0.0008 0.9999913436174392 4e-06 8e-06 0.9999967873096466 2e-06 4e-06 4.511300449371338 0.1 0.1 95 
295.37822265625 96 
289.2631591796875 97 
783.3650024414062 98 
380.44121704101565 99 
-2.225168091456095 0.003 0.001 0.9999932585159937 4e-06 2e-05 0.9999285729726156 2e-05 6e-05 4.511958767573039 0.1 0.1 100 
9.203518175127101e-07 101 
9.20289699024579e-07 102 
-2.224833917617798 0.002 0.001 0.9999889453252157 6e-06 2e-05 0.9999783809979756 2e-05 5e-05 4.511281274159749 0.1 0.1 103 
403.9064880371094 104 
229.42767028808595 105 
9.205716651194962e-07 106 
569.6315673828125 107 
-2.223190336227417 0.005 0.002 0.9999802953004837 1e-05 4e-05 0.9999659009774526 2e-05 3e-05 4.508971393903097 0.2 0.2 108 
465.6543701171875 109 
370.8960693359375 110 
630.2098266601563 111 
512.9111450195312 112 
9.205573178405757e-07 113 
373.1041015625 114 
648.0894653320313 115 
-2.2254488404591877 0.002 0.0008 0.9999749300877253 2e-05 5e-05 0.9999964209397634 1e-06 4e-06 4.511928571065267 0.06 0.06 116 
9.20564389161882e-07 117 
616.9825073242188 118 
-2.224618962605794 0.002 0.001 0.999987870256106 8e-06 2e-05 0.9999719087282817 1e-05 2e-05 4.508617103894552 0.1 0.1 119 
504.1411865234375 120 
-2.2238121891021727 0.006 0.002 0.9999870828787486 7e-06 3e-05 0.9999641956885655 2e-05 3e-05 4.509714504877726 0.1 0.2 121 
748.1702270507812 122 
9.206014510709792e-07 123 
576.0474487304688 124 
9.206279401041684e-07 125 
-2.2231274286905927 0.004 0.002 0.9999777321020762 2e-05 7e-05 0.9999836031595866 9e-06 2e-05 4.5096903975804645 0.07 0.08 126 
9.201698276228854e-07 127 
9.198598490911536e-07 128 
-2.2216597588857017 0.009 0.003 0.9999042719602584 6e-05 0.0001 0.9999861665566763 1e-05 6e-05 4.511835465431213 0.2 0.2 129 
264.4712768554688 130 
182.29034423828125 131 
9.205291689795559e-07 132 
1090.1523681640624 133 
9.206245294990367e-07 134 
-2.2228612804412844 0.002 0.0009 0.9999783915281296 7e-06 1e-05 0.9999530931313833 4e-06 8e-06 4.508080865542094 0.1 0.1 135 
9.206277127304929e-07 136 
-2.224200442632039 0.007 0.002 0.9999867204825084 1e-05 5e-05 0.9999758803844452 2e-05 7e-05 4.511290458043416 0.2 0.2 137 
400.2801208496094 138 
9.205576134263538e-07 139 
9.20617731026141e-07 140 
-2.2240396404266356 0.009 0.002 0.9999835964043935 1e-05 5e-05 0.9999790753920873 2e-05 6e-05 4.510508483250936 0.2 0.2 141 
9.206816912410431e-07 142 
1024.239501953125 143 
-2.2247567335764566 0.0009 0.0008 0.9999905302127202 4e-06 6e-06 0.9999979937076569 5e-07 1e-06 4.5112539561589555 0.1 0.1 144 
-2.2238733609517416 0.003 0.001 0.9999840851624807 8e-06 2e-05 0.9999782959620158 1e-05 1e-05 4.510329311688741 0.1 0.2 145 
9.205841365655943e-07 146 
9.206216304846748e-07 147 
9.200202612191788e-07 148 
485.04815673828125 149 
