-2.216621160507202 0.04 0.008 0.9997106889883677 7e-05 0.0002 0.9999697830279668 8e-06 3e-05 4.535686662991842 0.1 0.1 2 
-1.9808159669240315 0.1 0.1 0.9797292816638946 0.004 0.004 0.9959087431430816 0.002 0.003 4.795239935715993 1.0 0.9 4 
-1.6850094572703043 0.06 0.03 0.9951881819963455 0.0005 0.0004 0.9729282997051875 0.002 0.003 4.130655341148376 0.4 0.4 8 
-2.213104270299276 0.01 0.006 0.9993447887897492 0.0001 0.0001 0.9993267405033112 0.0002 0.0009 4.540890572865804 0.2 0.2 10 
-2.2257042280832926 0.002 0.0006 0.9999904002745946 6e-06 3e-05 0.9999774241447449 1e-05 5e-05 4.511234018007914 0.1 0.1 16 
-1.8789890225728352 0.9 0.2 0.9940399146080017 0.004 0.01 0.977421614130338 0.02 0.1 4.6699781958262125 2.0 2.0 17 
-2.0220642280578613 0.09 0.1 0.9849819296598434 0.003 0.003 0.9969272651274999 0.002 0.002 4.762284768422445 0.8 0.7 18 
-1.2787645292282104 0.4 0.1 0.97342786749204 0.02 0.07 0.9548653191328049 0.007 0.02 3.844474136829376 2.0 2.0 21 
-2.225715478261312 0.001 0.0006 0.9999567397435506 2e-05 2e-05 0.9999880921840668 5e-06 1e-05 4.5135821342468265 0.1 0.1 22 
-2.1780763181050617 0.05 0.02 0.9955850738286972 0.004 0.004 0.9987557349602382 0.001 0.003 4.636528841654459 0.4 0.3 24 
-1.1574133491516114 0.04 0.02 0.9695585884650548 0.008 0.01 0.9462289172410965 0.005 0.02 3.7406003340085348 0.6 0.6 29 
-2.2257903957366945 0.002 0.0005 0.9999916142225266 5e-06 2e-05 0.9999802253643671 9e-06 2e-05 4.512021137873332 0.1 0.1 30 
-2.222093079884847 0.01 0.004 0.9999060028791428 4e-05 0.0001 0.9999129486083984 3e-05 9e-05 4.517699778874715 0.4 0.3 34 
-2.1874724197387696 0.02 0.02 0.99860300719738 9e-05 0.0001 0.9985582502683004 0.0006 0.0009 4.541152345339457 0.3 0.3 37 
-1.6606225776672363 0.05 0.05 0.9883812512954077 0.0005 0.0007 0.9699418193101883 0.001 0.001 4.748180173238119 0.5 0.5 38 
-2.226017090479533 0.0007 0.0003 0.9999939574797948 2e-06 7e-06 0.9999890810251236 6e-06 3e-05 4.512026354471843 0.1 0.09 41 
-1.3126938438415527 0.2 0.1 0.9713183561960856 0.02 0.02 0.9402346863349279 0.02 0.05 4.065954664945602 3.0 2.0 45 
-1.9400748570760091 0.2 0.2 0.9821497136354447 0.003 0.002 0.9954406493902206 0.001 0.002 4.787535318533579 1.0 0.9 50 
-2.074469798405965 0.09 0.08 0.9808527845144271 0.002 0.004 0.9995577009518941 0.0002 0.0005 4.899837808609009 0.2 0.2 51 
-2.2240445550282795 0.005 0.002 0.9998591401179632 0.0001 0.0002 0.9999542431036631 3e-05 5e-05 4.515124807357788 0.2 0.2 53 
-0.37995235443115233 0.02 0.01 0.9107348879178365 0.0008 0.001 0.9638104883829752 0.001 0.0009 5.836277057329814 0.03 0.04 54 
-0.851512409845988 3e-05 3e-05 0.929640217423439 7e-06 7e-06 0.9535966950654984 2e-05 2e-05 4.573094717661539 0.002 0.002 56 
-2.11220175743103 0.05 0.05 0.9913014797369639 0.001 0.0007 0.9979122759898503 0.0004 0.0008 4.667305653889974 0.6 0.6 59 
-2.1713558069864907 0.1 0.05 0.9970707887411118 0.002 0.002 0.9996349066495895 0.0003 0.0006 4.543203293482462 0.09 0.1 60 
-2.2254770310719807 0.004 0.0008 0.9999489579598109 3e-05 0.0001 0.9999588920672735 3e-05 9e-05 4.510362435976664 0.1 0.1 65 
-1.4644648265838622 0.001 0.001 0.9844516692558924 0.0002 0.0002 0.9957284541924795 9e-06 9e-06 4.550071495374044 0.005 0.004 66 
-2.221119384765625 0.02 0.005 0.9999475828806559 3e-05 0.0001 0.9999026268720627 4e-05 0.0002 4.50568331082662 0.3 0.3 68 
-2.1678374417622885 0.07 0.03 0.9980061854918798 0.0006 0.001 0.9988110973437627 0.0005 0.002 4.585445402463277 0.8 0.8 69 
-0.9701909637451172 0.0006 0.0003 0.9045493328571319 0.001 0.002 0.9900221109390259 4e-05 6e-05 5.533757991790772 0.02 0.01 72 
-1.3666491190592447 0.1 0.08 0.8660419795910518 0.005 0.005 0.9391620385646821 0.01 0.01 3.8195461932818096 0.3 0.3 76 
-2.1831993611653644 0.04 0.02 0.9989196956157684 0.0002 0.0005 0.9992701494693756 0.0003 0.001 4.517092150052388 0.6 0.5 77 
-2.1014297644297284 0.06 0.04 0.9847093041737874 0.0003 0.0002 0.9977599167823792 0.0005 0.0007 4.884527017275492 0.4 0.2 78 
-2.207079496383667 0.01 0.01 0.9993739012877146 0.0001 9e-05 0.9997903054952622 9e-05 0.0001 4.5295063018798825 0.2 0.2 80 
-1.2433830897013347 0.3 0.1 0.9329263762633005 0.004 0.007 0.968956040541331 0.004 0.005 5.702344450950623 0.8 0.8 82 
-0.895897143681844 0.8 0.1 0.9692012864351273 0.002 0.005 0.886045317252477 0.03 0.03 5.352097617785136 2.0 1.0 83 
-2.1727263514200845 0.02 0.01 0.9973832976818084 0.0006 0.0006 0.9987550828854243 0.0004 0.0004 4.566509062449137 0.5 0.5 85 
-1.8137602837880453 0.1 0.1 0.9689043792088826 0.004 0.004 0.99456847012043 0.005 0.006 4.893896121978759 0.8 0.8 86 
-2.2198982652028403 0.006 0.005 0.999851100842158 2e-05 3e-05 0.9999469663699468 5e-05 0.0001 4.522494932810465 0.09 0.09 88 
-1.2657846864064535 0.2 0.2 0.9596320503950119 0.01 0.009 0.9922013811270396 0.0008 0.002 5.018061315218608 0.2 0.4 90 
-0.2995051829020182 0.007 0.007 0.882189065416654 0.002 0.002 0.9781104532877604 0.0002 0.0002 5.968683732350668 0.04 0.04 93 
-1.3722224966684977 0.3 0.2 0.9819710204998652 0.002 0.002 0.970767633120219 0.004 0.006 5.168224530220032 1.0 1.0 95 
-2.225818608601888 0.003 0.0005 0.9999911038080851 5e-06 2e-05 0.9999811639388402 1e-05 3e-05 4.511837848027548 0.1 0.1 96 
-2.213995199203491 0.004 0.002 0.999494501153628 2e-05 5e-05 0.9996414945522945 4e-05 6e-05 4.521650004386902 0.04 0.04 99 
