-2.2250023396809895 0.0006 0.0005 0.9999897227684656 6e-06 7e-06 0.999983012676239 1e-05 1e-05 4.511456009546916 0.08 0.08 21 
-2.2244626013437907 0.0007 0.0006 0.9999876479307811 9e-06 1e-05 0.9999700069427491 2e-05 3e-05 4.510844966570536 0.09 0.09 94 
-2.2247297890981037 0.001 0.0008 0.999988384048144 8e-06 1e-05 0.9999798383315405 1e-05 1e-05 4.511217176119486 0.08 0.08 42 
-2.2245507589975992 0.0008 0.0007 0.9999897503852844 7e-06 8e-06 0.9999750022093455 2e-05 2e-05 4.5114166482289635 0.07 0.07 70 
-2.2245861784617107 0.0009 0.0008 0.9999875611066819 1e-05 1e-05 0.9999754391113918 2e-05 2e-05 4.511141530672709 0.09 0.08 6 
-2.225301068623861 0.0003 0.0003 0.9999930969874065 3e-06 3e-06 0.9999797874689103 9e-06 2e-05 4.511750823656718 0.08 0.08 53 
-2.224964043299357 0.0007 0.0006 0.9999924310048421 5e-06 6e-06 0.9999826347827911 9e-06 1e-05 4.511275332768758 0.07 0.07 40 
-2.224661979675293 0.0004 0.0002 0.9999934677282969 5e-06 7e-06 0.9999647808074951 3e-05 3e-05 4.511317089398702 0.1 0.09 23 
-2.2251988315582274 0.0006 0.0006 0.9999938402573267 3e-06 5e-06 0.9999877657492956 5e-06 9e-06 4.511710549990336 0.08 0.08 93 
-2.22441180229187 0.0009 0.0008 0.9999878998597463 9e-06 1e-05 0.9999747518698374 2e-05 2e-05 4.510877695083618 0.09 0.09 83 
-2.225333375930786 0.001 0.0005 0.9999926251173019 5e-06 7e-06 0.9999830053249995 1e-05 3e-05 4.511660327911377 0.09 0.09 78 
-2.2249339962005616 0.0006 0.0005 0.9999913223584493 7e-06 9e-06 0.9999673056602478 2e-05 3e-05 4.511310725212097 0.08 0.08 38 
-2.2251164054870607 0.0004 0.0003 0.9999917578697205 4e-06 4e-06 0.9999736871321996 2e-05 2e-05 4.511514212290446 0.07 0.07 64 
-2.2247459856669107 0.0008 0.0006 0.9999888114134471 8e-06 9e-06 0.9999790531396866 1e-05 2e-05 4.511046430269877 0.08 0.08 14 
-2.2246311473846436 0.0009 0.0007 0.9999889179070791 9e-06 1e-05 0.9999762092034022 2e-05 2e-05 4.51103278319041 0.08 0.08 54 
-2.2247451241811116 0.0007 0.0006 0.9999904602766037 7e-06 8e-06 0.9999747405449549 2e-05 2e-05 4.511445089975993 0.07 0.07 62 
-2.225302801132202 0.0004 0.0002 0.9999927367766698 4e-06 4e-06 0.9999825233221054 1e-05 1e-05 4.511642684936524 0.07 0.07 31 
-2.2247394371032714 0.0008 0.0006 0.9999893132845561 7e-06 9e-06 0.9999778870741526 1e-05 2e-05 4.511115455627442 0.08 0.08 82 
-2.223411782582601 0.0001 0.0001 0.9999810926119487 2e-06 3e-06 0.9999347855647405 6e-06 6e-06 4.511040436426798 0.1 0.1 4 
-2.224580618540446 0.0008 0.0007 0.9999825008710226 9e-06 1e-05 0.9999740034341812 2e-05 2e-05 4.510586921374003 0.07 0.07 86 
