-2.2263869794209796 0.0002 0.0001 0.9999989835421245 1e-06 6e-06 0.9999966009457906 2e-06 1e-05 4.512122104962667 0.04 0.04 0 
-2.2263916810353597 0.0004 0.0001 0.9999986664454142 1e-06 3e-06 0.9999965371688208 2e-06 1e-05 4.512183245023092 0.04 0.04 1 
-2.226309076944987 0.0007 0.0002 0.9999989851315816 9e-07 3e-06 0.9999927834669748 6e-06 2e-05 4.512236080169678 0.06 0.06 2 
-2.226390431722005 0.0006 0.0001 0.9999988466501236 1e-06 3e-06 0.9999966176350912 2e-06 8e-06 4.512164185841878 0.05 0.04 3 
-2.2263934485117596 0.0005 0.0002 0.9999987399578094 1e-06 3e-06 0.9999972532192866 2e-06 8e-06 4.5121164258321125 0.04 0.04 4 
-2.2263782533009846 0.0002 0.0001 0.9999986863136292 1e-06 5e-06 0.9999962405363718 3e-06 1e-05 4.512065294583638 0.04 0.05 5 
-2.226405210494995 0.0004 0.0001 0.9999984931945801 1e-06 5e-06 0.9999973793824514 2e-06 7e-06 4.512091898918152 0.05 0.05 6 
-2.2263706302642823 0.0005 0.0001 0.9999986189603806 1e-06 5e-06 0.9999962157011032 3e-06 9e-06 4.5121786578496295 0.05 0.05 7 
-2.226393372217814 0.0008 0.0001 0.9999988406896592 1e-06 3e-06 0.9999971125523249 2e-06 8e-06 4.5121338097254435 0.04 0.04 8 
-2.226321096420288 0.0009 0.0002 0.9999989608923594 9e-07 3e-06 0.9999938786029816 6e-06 3e-05 4.5119525861740115 0.05 0.06 9 
-2.226416362126668 0.0004 0.0001 0.9999987991650899 1e-06 3e-06 0.9999976642926534 2e-06 9e-06 4.5121856180826825 0.06 0.05 10 
-2.2263718191782633 0.0004 0.0001 0.9999987016121547 1e-06 5e-06 0.9999963456392288 3e-06 9e-06 4.512173864046733 0.04 0.04 11 
-2.2263934326171877 0.0005 0.0002 0.9999986658493678 1e-06 5e-06 0.999997251033783 3e-06 9e-06 4.512208811442057 0.05 0.05 12 
-2.226380983988444 0.0005 0.0001 0.9999988148609797 1e-06 4e-06 0.9999963309367498 3e-06 8e-06 4.512095308303833 0.04 0.04 13 
-2.2263060188293458 0.001 0.0002 0.9999988937377929 1e-06 4e-06 0.9999926257133483 7e-06 5e-05 4.512161650657654 0.05 0.06 14 
-2.2263860193888347 0.0005 0.0002 0.9999987494945526 1e-06 5e-06 0.9999969017505645 3e-06 1e-05 4.512188817660014 0.05 0.05 15 
-2.22631685256958 0.0007 0.0002 0.9999989424149195 1e-06 3e-06 0.999994001587232 6e-06 3e-05 4.511977825164795 0.05 0.05 16 
-2.226395591100057 0.0005 0.0001 0.9999986435969671 1e-06 4e-06 0.9999971602360408 3e-06 6e-06 4.512201331456502 0.04 0.04 17 
-2.226375141143799 0.0007 0.0001 0.9999986380338669 1e-06 8e-06 0.9999964028596878 2e-06 8e-06 4.512071258227031 0.06 0.04 18 
-2.2264134724934896 0.0003 0.0001 0.9999987053871154 1e-06 3e-06 0.9999976480007171 2e-06 8e-06 4.512193633715312 0.04 0.05 19 
-2.2263964430491128 0.0005 0.0001 0.9999987902243932 1e-06 4e-06 0.9999969605604807 3e-06 2e-05 4.511915651957194 0.04 0.05 20 
-2.2263845284779866 0.0005 0.0001 0.9999987771113713 1e-06 4e-06 0.9999965049823125 2e-06 9e-06 4.512140638033549 0.04 0.04 21 
-2.226318244934082 0.0007 0.0002 0.9999989666541418 9e-07 3e-06 0.9999940812587738 6e-06 2e-05 4.512268654505411 0.05 0.05 22 
-2.2263758087158205 0.0004 0.0001 0.9999987367788951 1e-06 4e-06 0.9999964435895284 2e-06 9e-06 4.5120943101247155 0.05 0.05 23 
-2.2263310718536378 0.0006 0.0002 0.9999987169106801 1e-06 4e-06 0.9999942634503046 5e-06 4e-05 4.512305337587993 0.06 0.05 24 
-2.226388387680054 0.0004 0.0001 0.999998849829038 1e-06 4e-06 0.9999966049194335 2e-06 1e-05 4.512177600860595 0.05 0.05 25 
-2.2263199043273927 0.0009 0.0002 0.9999988893667857 1e-06 3e-06 0.9999942906697591 6e-06 3e-05 4.512167738278706 0.05 0.05 26 
-2.226379852294922 0.0006 0.0001 0.9999986813465754 1e-06 4e-06 0.9999963094790777 2e-06 1e-05 4.512069449424744 0.04 0.04 27 
-2.226399351755778 0.0006 0.0001 0.9999987252553304 1e-06 4e-06 0.9999973843495051 2e-06 6e-06 4.51200312614441 0.05 0.05 28 
-2.2263898944854734 0.0005 0.0001 0.999998730023702 1e-06 5e-06 0.9999969947338104 3e-06 1e-05 4.5120558214187625 0.05 0.06 29 
-2.226395324071248 0.0003 0.0001 0.9999988236029943 1e-06 3e-06 0.9999971097707748 3e-06 1e-05 4.512036770184835 0.05 0.05 30 
-2.2264000034332274 0.0003 0.0001 0.9999989106257756 1e-06 3e-06 0.9999972647428512 2e-06 7e-06 4.512083566983541 0.05 0.05 31 
-2.2264125537872315 0.0002 0.0001 0.9999989046653112 1e-06 3e-06 0.9999978224436442 2e-06 8e-06 4.512169715563457 0.04 0.04 32 
-2.2263947931925454 0.0004 0.0001 0.999998479882876 1e-06 6e-06 0.9999970626831055 3e-06 2e-05 4.512285528182983 0.05 0.06 33 
-2.2263828818003337 0.0003 0.0001 0.9999987794955572 1e-06 4e-06 0.9999962884187699 3e-06 9e-06 4.512175650596618 0.04 0.05 34 
-2.226309134165446 0.0006 0.0002 0.9999989028771719 9e-07 3e-06 0.9999927401542663 7e-06 3e-05 4.512188838322957 0.06 0.05 35 
-2.2264001496632893 0.0004 0.0001 0.9999987874428431 1e-06 5e-06 0.9999972863992055 2e-06 7e-06 4.512270038922628 0.05 0.05 36 
-2.226391706466675 0.0004 0.0002 0.9999987288316091 1e-06 6e-06 0.9999967273076376 3e-06 1e-05 4.512317649523417 0.05 0.05 37 
-2.226386388142904 0.0003 0.0001 0.9999986801544826 1e-06 2e-06 0.9999965771039327 2e-06 1e-05 4.512192823092143 0.04 0.05 38 
-2.22638321240743 0.0003 0.0001 0.9999987653891246 1e-06 4e-06 0.9999964580933253 3e-06 1e-05 4.512191737492879 0.04 0.04 39 
-2.2263990084330243 0.0002 0.0001 0.9999987838665644 1e-06 5e-06 0.9999971010287603 2e-06 9e-06 4.512191816965739 0.05 0.05 40 
-2.226390533447266 0.0005 0.0002 0.9999987463156382 1e-06 4e-06 0.9999970563252767 3e-06 8e-06 4.512129193941752 0.05 0.06 41 
-2.226400655110677 0.0005 0.0001 0.9999988748629888 9e-07 2e-06 0.9999973213672638 2e-06 8e-06 4.512053702672323 0.05 0.05 42 
-2.226356391906738 0.0004 0.0002 0.9999985245863596 1e-06 5e-06 0.9999952642122905 5e-06 1e-05 4.512228293418884 0.05 0.05 43 
-2.226397876739502 0.0004 0.0001 0.9999987477064133 1e-06 5e-06 0.9999972615639369 2e-06 9e-06 4.512114707628886 0.05 0.05 44 
-2.2264242299397785 0.0005 0.0001 0.9999989338715871 9e-07 3e-06 0.9999977687994639 2e-06 6e-06 4.512031586964925 0.04 0.04 45 
-2.2264174048105874 0.0004 0.0001 0.9999988436698913 9e-07 3e-06 0.9999976146221161 2e-06 9e-06 4.512228978474935 0.04 0.05 46 
-2.2264089425404867 0.0004 0.0001 0.9999988071123759 1e-06 3e-06 0.9999973837534587 2e-06 8e-06 4.512217631340027 0.05 0.05 47 
-2.226319278081258 0.0007 0.0002 0.9999987067778905 9e-07 3e-06 0.9999936733643214 6e-06 4e-05 4.512063970565796 0.05 0.06 48 
-2.226396830876668 0.0003 0.0001 0.9999986863136292 1e-06 5e-06 0.9999972560008367 3e-06 8e-06 4.512226910591125 0.04 0.04 49 
-2.2263856442769367 0.0005 0.0001 0.9999987075726191 1e-06 3e-06 0.9999965353806813 2e-06 8e-06 4.51205195903778 0.05 0.05 50 
-2.226407076517741 0.0005 0.0001 0.9999987345933914 1e-06 3e-06 0.9999974602460862 2e-06 7e-06 4.5121888240178425 0.05 0.05 51 
-2.2263661162058512 0.0007 0.0001 0.9999985686937968 1e-06 9e-06 0.9999959013859431 2e-06 1e-05 4.512120521863301 0.04 0.05 52 
-2.2263929653167724 0.0004 0.0001 0.9999988031387329 1e-06 3e-06 0.9999970368544261 3e-06 2e-05 4.512316311200459 0.06 0.05 53 
-2.2263742955525716 0.0002 0.0001 0.99999878068765 1e-06 5e-06 0.9999961642424265 2e-06 7e-06 4.511998952229818 0.04 0.04 54 
-2.2263835112253827 0.0003 0.0001 0.9999987681706747 1e-06 4e-06 0.9999966065088908 2e-06 7e-06 4.512179565429688 0.05 0.04 55 
-2.2264022986094156 0.0003 0.0001 0.9999986273050309 1e-06 3e-06 0.9999973307053248 2e-06 1e-05 4.512192837397257 0.05 0.05 56 
-2.226445395151774 0.0003 0.0001 0.9999989771842956 1e-06 3e-06 0.9999980843067169 2e-06 8e-06 4.512137268384298 0.05 0.05 57 
-2.2264356231689453 0.0003 0.0001 0.9999989165862402 1e-06 2e-06 0.9999977835019429 2e-06 8e-06 4.5122703997294105 0.05 0.04 58 
-2.2263950443267824 0.0004 0.0001 0.9999987349907558 1e-06 3e-06 0.999997279047966 2e-06 8e-06 4.51219613234202 0.04 0.04 59 
-2.2263913186391195 0.0006 0.0002 0.9999988935391109 1e-06 7e-06 0.9999970742066702 3e-06 1e-05 4.512259976069132 0.05 0.04 60 
-2.226423447926839 0.0003 0.0001 0.9999989720185598 1e-06 3e-06 0.9999977322419484 2e-06 5e-06 4.512069751421611 0.04 0.04 61 
-2.226381025314331 0.0004 0.0001 0.9999988438685735 1e-06 6e-06 0.9999965157111486 3e-06 7e-06 4.511956203778585 0.04 0.05 62 
-2.226397050221761 0.0004 0.0001 0.999998786052068 1e-06 4e-06 0.999997296333313 2e-06 1e-05 4.512222647666931 0.05 0.05 63 
-2.226434834798177 0.0003 0.0001 0.9999987163146337 1e-06 4e-06 0.9999979269504548 2e-06 8e-06 4.512201906840007 0.05 0.05 64 
-2.2263147004445396 0.0007 0.0002 0.9999988436698913 1e-06 4e-06 0.9999940367539724 6e-06 4e-05 4.512166322072347 0.05 0.06 65 
-2.2263932418823242 0.0005 0.0001 0.9999987240632375 1e-06 3e-06 0.9999971850713094 3e-06 9e-06 4.51228555838267 0.04 0.04 66 
-2.226252498626709 0.001 0.0002 0.9999987137317657 1e-06 6e-06 0.9999914542833964 6e-06 6e-05 4.512011419932048 0.06 0.06 67 
-2.226420497894287 0.0004 0.0001 0.9999988931417465 1e-06 5e-06 0.999997887412707 2e-06 7e-06 4.512086175282796 0.05 0.05 68 
-2.2264264074961346 0.0003 0.0001 0.9999987979729971 9e-07 3e-06 0.9999978480736414 2e-06 8e-06 4.512266047795614 0.05 0.05 69 
-2.2263941287994387 0.0004 0.0001 0.9999984786907832 1e-06 6e-06 0.9999966861804327 3e-06 9e-06 4.512205103238424 0.05 0.07 70 
-2.22641783396403 0.0006 0.0001 0.9999989972511927 9e-07 3e-06 0.9999976859490076 2e-06 6e-06 4.512076722780863 0.05 0.05 71 
-2.2262570826212564 0.0005 0.0002 0.9999985963106155 1e-06 5e-06 0.9999918528397878 5e-06 3e-05 4.512079010009765 0.05 0.04 72 
-2.2261775016784666 0.0003 0.0003 0.9999980028470358 1e-06 2e-06 0.9999895413716634 6e-06 1e-05 4.512086226145427 0.07 0.05 73 
-2.2263794072469074 0.0005 0.0001 0.999998595515887 1e-06 7e-06 0.9999960639079412 2e-06 8e-06 4.5123386462529504 0.05 0.04 74 
-2.226410338083903 0.0003 0.0001 0.9999989624818166 9e-07 3e-06 0.9999976036945979 2e-06 9e-06 4.512312936782837 0.06 0.04 75 
-2.226388422648112 0.0004 0.0002 0.9999987870454788 1e-06 3e-06 0.9999971030155818 3e-06 1e-05 4.51216057618459 0.07 0.06 76 
-2.2263962173461915 0.0005 0.0001 0.9999986970424652 1e-06 6e-06 0.9999970346689224 2e-06 1e-05 4.512241298357646 0.04 0.05 77 
-2.2263939348856607 0.0004 0.0001 0.9999988218148549 1e-06 3e-06 0.9999969979127248 3e-06 9e-06 4.512224734624227 0.05 0.05 78 
-2.2263864135742186 0.0003 0.0001 0.9999987785021464 1e-06 4e-06 0.9999965427319208 2e-06 1e-05 4.512167925834656 0.05 0.05 79 
-2.2263779226938882 0.0007 0.0001 0.9999987449248632 1e-06 5e-06 0.9999962323904037 3e-06 1e-05 4.511963815689087 0.04 0.05 80 
-2.226402079264323 0.0004 0.0001 0.9999987538655599 1e-06 6e-06 0.9999973311026891 2e-06 1e-05 4.5120932499567665 0.05 0.05 81 
-2.226426820755005 0.0002 0.0001 0.9999987276395162 9e-07 4e-06 0.9999978858232498 2e-06 6e-06 4.5122674385706585 0.05 0.05 82 
-2.226397155125936 0.0005 0.0001 0.9999987055857976 1e-06 3e-06 0.9999973436196645 2e-06 8e-06 4.512268751462301 0.04 0.05 83 
-2.226369167963664 0.0005 0.0001 0.9999987119436264 1e-06 4e-06 0.9999961692094803 2e-06 7e-06 4.5121456845601395 0.04 0.04 84 
-2.2263759104410807 0.0005 0.0001 0.9999987002213796 1e-06 4e-06 0.9999962017933528 2e-06 7e-06 4.512120041847229 0.04 0.04 85 
-2.2263069566090903 0.0009 0.0002 0.9999988345305125 9e-07 6e-06 0.9999929525454839 6e-06 5e-05 4.512217556635539 0.05 0.05 86 
-2.2263752746582033 0.0007 0.0001 0.9999985317389171 1e-06 7e-06 0.9999964127937953 3e-06 1e-05 4.5120313898722335 0.04 0.04 87 
-2.2263952096303306 0.0005 0.0001 0.9999988633394241 1e-06 4e-06 0.9999966633319854 2e-06 7e-06 4.512225885391235 0.04 0.05 88 
-2.2263787937164308 0.0004 0.0001 0.9999986275037129 1e-06 6e-06 0.999996385773023 3e-06 2e-05 4.512134113311768 0.05 0.04 89 
-2.226400136947632 0.0005 0.0001 0.9999988361199696 9e-07 4e-06 0.9999972907702128 2e-06 9e-06 4.512077212333679 0.05 0.04 90 
-2.2263025760650637 0.001 0.0002 0.9999989275137583 1e-06 6e-06 0.9999928462505341 7e-06 4e-05 4.512051488558451 0.07 0.06 91 
-2.2263003476460774 0.0009 0.0002 0.9999988307555516 1e-06 5e-06 0.9999924017985662 7e-06 3e-05 4.5122061395645146 0.06 0.06 92 
-2.2263170305887856 0.0005 0.0002 0.9999987492958705 1e-06 3e-06 0.999993968407313 6e-06 2e-05 4.5119997533162435 0.06 0.05 93 
-2.2263198947906493 0.0009 0.0002 0.9999987588326136 1e-06 4e-06 0.9999943993488948 5e-06 2e-05 4.512178734143575 0.05 0.05 94 
-2.2263975207010906 0.0005 0.0001 0.9999985800186793 1e-06 5e-06 0.9999970851341883 3e-06 9e-06 4.5121629508336385 0.05 0.05 95 
-2.2264067268371583 0.0004 0.0001 0.9999987490971883 1e-06 3e-06 0.9999974219004313 2e-06 2e-05 4.512124361991883 0.05 0.06 96 
-2.226321938832601 0.0007 0.0002 0.9999988963206609 9e-07 3e-06 0.9999938287337621 6e-06 2e-05 4.512343891461691 0.06 0.05 97 
-2.226390323638916 0.0004 0.0002 0.9999987057844798 1e-06 5e-06 0.9999970132112503 3e-06 1e-05 4.512053848902385 0.04 0.06 98 
-2.226308358510335 0.0007 0.0002 0.9999989235401153 9e-07 3e-06 0.9999927884340286 7e-06 4e-05 4.512108686765035 0.05 0.06 99 
