-2.225814520517985 0.0005 0.0004 0.999987408121427 9e-06 2e-05 0.9999960132439931 3e-06 5e-06 4.512269121805827 0.1 0.1 0 
-2.225813105901082 0.0006 0.0004 0.9999903432528178 6e-06 9e-06 0.9999958966175715 4e-06 7e-06 4.512185950279235 0.1 0.1 1 
-2.2257980060577394 0.001 0.0005 0.9999874176581701 9e-06 2e-05 0.9999960142374039 3e-06 1e-05 4.512148532867432 0.1 0.1 2 
-2.2258324337005617 0.0007 0.0004 0.9999863588809967 1e-05 1e-05 0.9999959325790405 3e-06 1e-05 4.512124485969544 0.1 0.1 3 
-2.2257789675394695 0.0005 0.0004 0.9999863733847936 9e-06 3e-05 0.9999959365526835 3e-06 5e-06 4.512240222295126 0.1 0.1 4 
-2.2258413314819334 0.0006 0.0004 0.9999901570876439 7e-06 1e-05 0.9999961203336716 3e-06 6e-06 4.512265939712524 0.1 0.1 5 
-2.22585155804952 0.0006 0.0003 0.999990604519844 6e-06 7e-06 0.9999962657690048 3e-06 5e-06 4.512264000574747 0.1 0.1 6 
-2.225875619252523 0.0007 0.0003 0.99998777170976 9e-06 2e-05 0.9999964139858881 3e-06 5e-06 4.512097214063009 0.1 0.1 7 
-2.225849806467692 0.0008 0.0004 0.9999887639284134 9e-06 2e-05 0.9999961537122727 3e-06 1e-05 4.511933105786642 0.1 0.1 9 
-2.2258488019307454 0.0005 0.0004 0.9999880937735239 9e-06 2e-05 0.999996120929718 3e-06 5e-06 4.512145330111186 0.1 0.1 10 
-2.2258054987589517 0.0005 0.0004 0.9999867937962215 9e-06 2e-05 0.99999589463075 3e-06 5e-06 4.512075926462809 0.09 0.1 11 
-2.225792948404948 0.0006 0.0004 0.9999865134557088 1e-05 2e-05 0.9999962097406387 3e-06 8e-06 4.51204150835673 0.1 0.1 12 
-2.2258379713694256 0.0006 0.0004 0.9999880693356196 9e-06 1e-05 0.9999960102637608 4e-06 7e-06 4.512170022328695 0.09 0.09 13 
-2.225812479654948 0.0005 0.0003 0.9999884579579036 8e-06 2e-05 0.9999961678187053 3e-06 5e-06 4.5122305059432986 0.1 0.1 14 
-2.2258437283833823 0.0006 0.0004 0.9999880828460057 9e-06 2e-05 0.999996210138003 3e-06 7e-06 4.512283999125163 0.1 0.1 15 
-2.2257513014475503 0.0005 0.0003 0.9999864439169566 1e-05 1e-05 0.9999956180651982 4e-06 9e-06 4.512205721537272 0.1 0.1 18 
-2.2258364168802895 0.0006 0.0004 0.9999907179673513 6e-06 1e-05 0.9999960360924403 3e-06 6e-06 4.512232999801636 0.1 0.1 19 
-2.225840514500936 0.0005 0.0003 0.99998739361763 9e-06 2e-05 0.9999960643053055 3e-06 6e-06 4.512165492375692 0.09 0.09 20 
-2.225864051183065 0.0005 0.0003 0.9999889693657558 8e-06 2e-05 0.9999962389469147 3e-06 4e-06 4.512215852737427 0.1 0.1 21 
-2.225816373825073 0.0006 0.0003 0.9999885865052541 8e-06 1e-05 0.9999960468212763 3e-06 7e-06 4.512116263707479 0.09 0.09 22 
-2.2258360958099366 0.0008 0.0004 0.9999876308441162 9e-06 2e-05 0.9999961014588674 3e-06 1e-05 4.512386752764384 0.1 0.1 23 
-2.2258733717600503 0.0007 0.0003 0.9999873973925908 9e-06 2e-05 0.9999964447816213 3e-06 5e-06 4.512151206334432 0.1 0.1 24 
-2.2258357429504394 0.0007 0.0004 0.9999876407782237 9e-06 2e-05 0.9999963303407033 3e-06 9e-06 4.512374081611633 0.1 0.1 25 
-2.2258161036173503 0.0005 0.0003 0.999987641175588 8e-06 2e-05 0.9999960404634476 3e-06 5e-06 4.5122722752888995 0.1 0.1 26 
-2.2258317852020264 0.0005 0.0004 0.9999879054228464 8e-06 2e-05 0.9999962002038956 3e-06 5e-06 4.512158346176148 0.1 0.1 27 
-2.225849625269572 0.0006 0.0003 0.999988352060318 8e-06 2e-05 0.999996275305748 3e-06 4e-06 4.512195051511129 0.1 0.1 28 
-2.2258086585998536 0.0007 0.0004 0.9999891263246536 8e-06 2e-05 0.999995869199435 4e-06 9e-06 4.5120140743255615 0.1 0.1 29 
-2.2258467864990235 0.0006 0.0004 0.9999908612171808 6e-06 1e-05 0.9999958753585816 4e-06 6e-06 4.512258191108703 0.1 0.1 30 
-2.225839335123698 0.0004 0.0003 0.9999872887134552 9e-06 2e-05 0.9999958022435507 3e-06 5e-06 4.512273157437642 0.09 0.09 31 
-2.2258518091837565 0.0007 0.0004 0.9999907658497492 6e-06 1e-05 0.9999959756930669 3e-06 6e-06 4.512167399724325 0.1 0.1 32 
-2.225875523885091 0.0005 0.0003 0.9999894354740778 7e-06 1e-05 0.9999963331222534 3e-06 4e-06 4.512180960973104 0.1 0.1 33 
-2.2258255004882814 0.0005 0.0003 0.9999883546431859 8e-06 1e-05 0.9999962170918782 3e-06 8e-06 4.512179867426554 0.09 0.09 34 
-2.225834099451701 0.0006 0.0004 0.9999906376997629 7e-06 9e-06 0.9999961203336716 3e-06 5e-06 4.512118293444316 0.1 0.1 35 
-2.225803953806559 0.0009 0.0004 0.9999860801299413 1e-05 2e-05 0.9999956889947256 3e-06 9e-06 4.512322278022766 0.1 0.1 36 
-2.225860532124837 0.0009 0.0004 0.9999882566928864 9e-06 2e-05 0.9999962741136551 3e-06 7e-06 4.512079326311747 0.1 0.1 37 
-2.225841970443726 0.001 0.0004 0.9999865194161733 1e-05 2e-05 0.9999957420428593 4e-06 1e-05 4.512134370803833 0.1 0.1 38 
-2.2258305899302164 0.0007 0.0004 0.9999904284874598 7e-06 1e-05 0.9999957543611526 4e-06 7e-06 4.512178486188253 0.1 0.1 40 
-2.2257192007700604 0.0004 0.0003 0.9999857566754023 7e-06 1e-05 0.9999960674842199 3e-06 6e-06 4.512104298273722 0.09 0.09 41 
-2.225806703567505 0.0006 0.0004 0.9999898533026378 7e-06 8e-06 0.9999959766864777 4e-06 6e-06 4.512253556251526 0.1 0.1 42 
-2.2258349164326985 0.0006 0.0004 0.9999907032648723 6e-06 9e-06 0.9999958038330078 4e-06 7e-06 4.512151544888814 0.1 0.1 43 
-2.2258174832661948 0.0005 0.0004 0.9999877381324768 9e-06 2e-05 0.9999960613250732 3e-06 5e-06 4.512082039515177 0.1 0.1 44 
-2.225826587677002 0.0006 0.0004 0.9999872251351675 1e-05 2e-05 0.9999961880842845 3e-06 7e-06 4.512291399637858 0.1 0.1 45 
-2.225826307932536 0.0005 0.0003 0.9999875414371491 9e-06 2e-05 0.999996020992597 3e-06 5e-06 4.5122024504343665 0.1 0.1 46 
-2.225767059326172 0.0006 0.0003 0.9999855842192967 8e-06 1e-05 0.9999964274962743 3e-06 7e-06 4.512030490239462 0.1 0.1 47 
-2.225754451751709 0.0005 0.0004 0.999985818862915 9e-06 2e-05 0.9999956252177556 3e-06 7e-06 4.512227201461792 0.1 0.1 48 
-2.2257745615641276 0.0007 0.0004 0.9999866632620493 1e-05 3e-05 0.9999958757559458 4e-06 8e-06 4.512039214769999 0.1 0.1 49 
-2.225899543762207 0.0004 0.0003 0.9999890168507893 8e-06 2e-05 0.9999964221318562 3e-06 4e-06 4.512143082618714 0.09 0.09 51 
-2.225820452372233 0.0006 0.0004 0.9999875674645106 9e-06 2e-05 0.9999959880113601 3e-06 7e-06 4.512329616546631 0.1 0.1 52 
-2.2258330821990966 0.0007 0.0004 0.9999870260556539 1e-05 2e-05 0.9999963357051214 3e-06 1e-05 4.512216685612996 0.1 0.1 53 
-2.225844717025757 0.0006 0.0003 0.9999900368849436 7e-06 9e-06 0.99999627272288 3e-06 5e-06 4.512200773557027 0.1 0.1 54 
-2.225776096979777 0.0006 0.0004 0.9999861226479212 1e-05 2e-05 0.9999955815076828 4e-06 1e-05 4.512463151613871 0.1 0.1 55 
-2.22585088411967 0.0005 0.0004 0.9999877327680587 9e-06 2e-05 0.9999957976738612 3e-06 4e-06 4.51221596399943 0.09 0.09 56 
-2.2257163937886557 0.0006 0.0004 0.9999856821695964 1e-05 2e-05 0.9999955302476883 4e-06 1e-05 4.512227493921916 0.1 0.1 58 
-2.225832052230835 0.0008 0.0003 0.9999898984034856 7e-06 3e-05 0.9999961467583974 3e-06 6e-06 4.51217346350352 0.1 0.1 59 
-2.225786984761556 0.0006 0.0004 0.9999858609835307 1e-05 1e-05 0.9999955795208613 4e-06 1e-05 4.512296048800151 0.1 0.1 60 
-2.2258318996429445 0.0007 0.0003 0.9999898421764374 7e-06 8e-06 0.9999963017304738 3e-06 5e-06 4.512206819852193 0.1 0.1 61 
-2.225890220006307 0.0007 0.0003 0.9999877858161926 1e-05 1e-05 0.9999961924552917 3e-06 7e-06 4.512065698305766 0.08 0.08 62 
-2.2258456420898436 0.0006 0.0003 0.9999877532323201 9e-06 2e-05 0.9999961562951406 3e-06 5e-06 4.512123449643453 0.1 0.1 65 
-2.225831626256307 0.0007 0.0004 0.9999872865279515 1e-05 2e-05 0.9999960551659266 4e-06 8e-06 4.512093782424927 0.1 0.1 66 
-2.2257961368560792 0.0007 0.0004 0.9999882243076961 9e-06 2e-05 0.9999959667523702 4e-06 8e-06 4.512330056826274 0.1 0.1 67 
-2.225830421447754 0.0007 0.0004 0.9999874792496364 1e-05 2e-05 0.9999959919850031 4e-06 1e-05 4.512150041262308 0.1 0.1 68 
-2.225829855600993 0.0005 0.0004 0.9999872757991155 9e-06 2e-05 0.9999957287311554 3e-06 5e-06 4.512290423711141 0.09 0.09 69 
-2.2257787068684896 0.0008 0.0004 0.9999885014692942 8e-06 2e-05 0.999995950460434 4e-06 8e-06 4.512153113683064 0.1 0.1 70 
-2.2258179982503257 0.0005 0.0003 0.9999885108073553 8e-06 1e-05 0.9999960299332936 3e-06 5e-06 4.512213535308838 0.1 0.1 71 
-2.2258776505788167 0.0005 0.0003 0.9999882054328918 8e-06 2e-05 0.9999963160355886 3e-06 4e-06 4.512210419972738 0.09 0.1 72 
-2.2258052190144855 0.0004 0.0004 0.9999862658977509 1e-05 2e-05 0.9999955880641938 3e-06 6e-06 4.512237011591593 0.09 0.09 73 
-2.225869779586792 0.0005 0.0003 0.9999909526109696 6e-06 7e-06 0.9999964048465093 3e-06 5e-06 4.512171688079834 0.1 0.1 75 
-2.2257957013448078 0.0006 0.0004 0.9999869604905446 9e-06 2e-05 0.9999957541624706 4e-06 5e-06 4.512188307444254 0.1 0.1 76 
-2.225838788350423 0.0005 0.0003 0.999987157980601 8e-06 2e-05 0.9999954297145208 4e-06 7e-06 4.512286202112834 0.1 0.1 77 
-2.225839796066284 0.0005 0.0004 0.9999876060088475 8e-06 2e-05 0.9999958993991216 3e-06 7e-06 4.512186566988627 0.1 0.1 78 
-2.2257880719502765 0.0007 0.0004 0.9999873441457748 9e-06 2e-05 0.9999957390626272 4e-06 8e-06 4.511946398417155 0.1 0.1 79 
-2.2258397738138833 0.0005 0.0004 0.999990420738856 6e-06 8e-06 0.9999958501259486 3e-06 6e-06 4.512083396911621 0.1 0.1 80 
-2.2258446343739826 0.0006 0.0003 0.9999902313947677 7e-06 7e-06 0.9999961300690969 3e-06 5e-06 4.512196111679077 0.1 0.1 81 
-2.2258597564697267 0.0007 0.0004 0.9999887754519781 9e-06 2e-05 0.9999962969621022 3e-06 6e-06 4.512244332631429 0.1 0.1 82 
-2.225831209818522 0.0004 0.0003 0.999990177154541 7e-06 7e-06 0.9999962359666824 3e-06 6e-06 4.512140409151713 0.1 0.1 84 
-2.225838810602824 0.0006 0.0003 0.9999903512001037 7e-06 7e-06 0.9999962576230367 3e-06 6e-06 4.512222239176432 0.1 0.1 85 
-2.2258089510599772 0.0006 0.0003 0.9999855522314708 1e-05 1e-05 0.9999960839748383 3e-06 8e-06 4.5121226358413695 0.09 0.09 86 
-2.225800215403239 0.0006 0.0004 0.9999872255325317 9e-06 1e-05 0.9999958131710688 4e-06 9e-06 4.512296606699626 0.09 0.09 87 
-2.2257936890920003 0.0007 0.0004 0.9999866400162379 1e-05 3e-05 0.9999957823753357 3e-06 1e-05 4.512297657330831 0.1 0.1 88 
-2.2258666197458905 0.0004 0.0003 0.9999869167804718 9e-06 2e-05 0.9999960076808929 3e-06 5e-06 4.512196567853292 0.09 0.09 89 
-2.2258141072591147 0.0007 0.0004 0.9999884432554245 9e-06 2e-05 0.9999958954254786 3e-06 7e-06 4.512270347277323 0.1 0.1 90 
-2.22588441212972 0.0005 0.0003 0.9999902657667796 7e-06 8e-06 0.9999963774283727 3e-06 5e-06 4.512218273480733 0.1 0.1 91 
-2.2258406575520833 0.0005 0.0004 0.9999877524375915 8e-06 2e-05 0.9999957112471263 4e-06 6e-06 4.512159064610799 0.1 0.1 92 
-2.225805597305298 0.0005 0.0004 0.9999871251980463 9e-06 2e-05 0.9999957668781281 3e-06 6e-06 4.5121822849909465 0.1 0.1 93 
-2.2258704630533854 0.0004 0.0003 0.9999896842241287 7e-06 9e-06 0.9999963603417079 3e-06 5e-06 4.512244232495626 0.1 0.09 95 
-2.22583028793335 0.0005 0.0004 0.9999872193733851 9e-06 2e-05 0.9999962427218755 3e-06 4e-06 4.512248957951863 0.1 0.1 96 
-2.2258267148335773 0.0008 0.0004 0.9999907209475836 6e-06 1e-05 0.999995905359586 3e-06 7e-06 4.512131511370341 0.1 0.1 97 
-2.2258546257019045 0.0005 0.0003 0.9999904988209406 6e-06 8e-06 0.9999958149592082 4e-06 6e-06 4.512258712450663 0.1 0.1 98 
-2.22578844388326 0.0007 0.0004 0.9999860596656799 1e-05 2e-05 0.999996372461319 3e-06 9e-06 4.512185754776001 0.1 0.1 99 
