-2.22582999865214 0.0002 0.0001 0.9999959923823675 2e-06 2e-06 0.999988029996554 7e-06 8e-06 4.511711173057556 0.05 0.05 0 
-2.225842269261678 0.0002 0.0001 0.9999958437681198 2e-06 3e-06 0.9999889353911082 7e-06 8e-06 4.511796911557515 0.06 0.05 1 
-2.225734205245972 0.0003 0.0002 0.9999945062398911 3e-06 3e-06 0.9999907547235489 5e-06 6e-06 4.5117361386617025 0.05 0.05 2 
-2.2257777086893715 0.0003 0.0002 0.9999940160910289 3e-06 3e-06 0.9999906543890635 6e-06 7e-06 4.511926822662353 0.05 0.05 3 
-2.2257960987091066 0.0002 0.0002 0.999995680252711 3e-06 3e-06 0.9999910436073939 5e-06 6e-06 4.511752432187398 0.05 0.04 4 
-2.225868190129598 0.0002 0.0002 0.999996753136317 2e-06 3e-06 0.9999912256002426 6e-06 6e-06 4.511882146199544 0.05 0.05 5 
-2.2255239423116047 0.0004 0.0003 0.9999899254242579 4e-06 4e-06 0.9999880313873291 5e-06 5e-06 4.511481809616089 0.05 0.05 6 
-1.85045729637146 0.2 0.05 0.9966136350234349 0.001 0.004 0.9162191472450892 0.05 0.2 4.6326909057299295 3.0 1.0 7 
-2.225970754623413 7e-05 8e-05 0.9999970563252767 2e-06 2e-06 0.9999847710132599 1e-05 1e-05 4.511867356300354 0.05 0.05 8 
-1.6411636066436768 0.2 0.1 0.9917964712778727 0.006 0.01 0.7873198735713959 0.1 0.3 5.137905803521474 4.0 3.0 9 
-1.9015546735127766 0.4 0.08 0.9973177675406139 0.002 0.01 0.9631620246171951 0.02 0.2 4.4454381744066875 3.0 2.0 10 
-2.226005350748698 0.0001 0.0001 0.9999973450104396 2e-06 2e-06 0.9999858411153157 1e-05 1e-05 4.511889491081238 0.05 0.05 11 
-2.225808032353719 0.0003 0.0002 0.9999959756930669 3e-06 3e-06 0.9999906462430954 5e-06 5e-06 4.511955372492472 0.05 0.05 12 
-2.2258252080281578 0.0006 0.0004 0.9999937043587367 1e-06 2e-06 0.9999707969029744 9e-06 2e-05 4.512204454739888 0.07 0.07 13 
-2.2258609676361085 0.0001 0.0001 0.9999957803885142 3e-06 3e-06 0.9999853259325028 1e-05 1e-05 4.5120279423395795 0.06 0.06 14 
-2.2258623472849526 0.0007 0.0004 0.9999947758515676 3e-06 7e-06 0.9999955914417903 2e-06 4e-06 4.512092378934224 0.06 0.06 15 
-2.2258196385701496 0.0002 0.0002 0.9999963545799255 2e-06 3e-06 0.9999910974502564 6e-06 6e-06 4.511715121269226 0.05 0.05 16 
-2.2257092825571694 0.0003 0.0003 0.9999957086642584 3e-06 4e-06 0.9999920839071273 5e-06 5e-06 4.511692191759745 0.05 0.05 17 
-2.2258272234598797 0.0002 0.0002 0.9999964980284373 3e-06 3e-06 0.9999913436174392 6e-06 6e-06 4.511671474774679 0.05 0.05 18 
-2.2259317684173583 4e-05 3e-05 0.9999970551331838 2e-06 2e-06 0.9999832010269165 1e-05 1e-05 4.5120477851231895 0.06 0.06 19 
-2.2257934983571372 0.0003 0.0002 0.9999962178866069 3e-06 3e-06 0.9999921979506811 5e-06 5e-06 4.511897250811259 0.05 0.05 20 
-2.225996348063151 0.0001 0.0001 0.9999967739979426 2e-06 2e-06 0.9999857185284297 1e-05 1e-05 4.512102429072062 0.05 0.05 21 
-2.225721909205119 0.0003 0.0003 0.9999947849909464 3e-06 4e-06 0.9999912573893865 5e-06 5e-06 4.511688359578451 0.05 0.05 22 
-2.2259770584106446 0.0003 0.0003 0.99999684770902 9e-07 1e-06 0.999985034664472 1e-05 1e-05 4.51154851436615 0.06 0.06 23 
-2.2258233547210695 0.0002 0.0002 0.9999964205423991 2e-06 2e-06 0.9999905131260554 6e-06 7e-06 4.511604007085165 0.05 0.05 24 
-2.1115602747599285 0.3 0.05 0.9991732287406921 0.0006 0.003 0.9971497684717179 0.0004 0.001 4.461028622786204 1.0 1.0 25 
-2.2258669471740724 0.0001 8e-05 0.999996501604716 2e-06 2e-06 0.9999818281332652 1e-05 1e-05 4.511730119387309 0.05 0.05 26 
-1.6483850288391113 0.4 0.1 0.9920190652211507 0.006 0.01 0.801464047630628 0.1 0.3 5.088088334401449 6.0 3.0 27 
-2.2259226926167806 0.0001 9e-05 0.9999968067804972 2e-06 1e-06 0.9999922519922256 5e-06 6e-06 4.511825586954752 0.05 0.05 28 
-2.1067079734802245 0.04 0.02 0.9994499673446019 0.0001 0.0005 0.9980611083904902 0.0005 0.001 4.443735253810883 0.6 0.6 29 
-2.2259166367848713 9e-05 0.0001 0.9999972609678904 2e-06 2e-06 0.999985231757164 1e-05 1e-05 4.5121851094563805 0.06 0.06 30 
-2.225867977142334 0.0002 0.0002 0.9999968326091766 2e-06 3e-06 0.9999906776348749 6e-06 7e-06 4.511767535209656 0.05 0.05 31 
-2.2257833290100097 0.0002 0.0002 0.9999962053696314 1e-06 1e-06 0.9999771932760875 1e-05 1e-05 4.511764671007792 0.07 0.07 32 
-2.226009931564331 4e-05 3e-05 0.9999979468186696 1e-06 1e-06 0.9999865329265595 1e-05 1e-05 4.512154491742452 0.06 0.06 33 
-2.2260573132832846 0.0004 0.0002 0.9999963774283727 2e-06 3e-06 0.9999890289704005 5e-06 9e-06 4.512049837112427 0.06 0.06 34 
-2.225747807820638 0.0002 0.0002 0.9999954837560654 3e-06 3e-06 0.9999905659755071 6e-06 6e-06 4.511683732668558 0.05 0.05 35 
-1.3194252554575603 0.1 0.09 0.9771967061360677 0.01 0.02 0.9266125792264939 0.01 0.01 4.06586563984553 2.0 2.0 36 
-2.2259566434224447 9e-05 9e-05 0.999997149904569 2e-06 2e-06 0.9999893456697464 8e-06 8e-06 4.51194999217987 0.05 0.05 37 
-2.2256576760609943 0.0004 0.0003 0.9999930685758591 4e-06 4e-06 0.9999926978349686 4e-06 4e-06 4.511882724761963 0.05 0.05 38 
-2.225885785420736 0.0001 0.0001 0.9999959554274876 3e-06 3e-06 0.9999853525559107 1e-05 1e-05 4.511750651995341 0.06 0.05 39 
-2.2257815678914388 0.0003 0.0003 0.9999950629472732 3e-06 3e-06 0.9999912840127945 4e-06 5e-06 4.5117428572972615 0.05 0.05 40 
-2.2259023571014405 0.0001 0.0001 0.9999965643882751 3e-06 3e-06 0.9999881229797999 8e-06 9e-06 4.511742278734843 0.05 0.05 41 
-2.2259269046783445 0.0001 0.0001 0.9999975887934367 1e-06 1e-06 0.999979990720749 1e-05 1e-05 4.512002415657044 0.06 0.06 42 
-2.226138639450073 0.0006 0.0002 0.9999983068307241 9e-07 2e-06 0.9999859811862309 6e-06 2e-05 4.512273047765096 0.07 0.07 43 
-2.22584574063619 0.0002 0.0002 0.9999967404206593 2e-06 3e-06 0.9999917387962342 6e-06 6e-06 4.511786408424378 0.05 0.05 44 
-2.074761333465576 0.0004 0.0004 0.999257315993309 6e-05 6e-05 0.9961094651619593 6e-05 6e-05 4.409685419400533 0.08 0.08 45 
-1.8619778855641682 0.04 0.02 0.9967844692866007 0.002 0.003 0.9761821726957957 0.008 0.01 4.3724789174397785 2.0 1.0 46 
-2.027500867843628 0.03 0.02 0.9986934804916382 0.0004 0.0006 0.9971795916557312 0.0004 0.0006 4.403365499178569 1.0 1.0 47 
-1.6435106976826985 0.4 0.1 0.9916547540823618 0.006 0.02 0.7864438888430595 0.2 0.4 5.164302849769593 7.0 3.0 48 
-2.2062897523244223 0.02 0.01 0.9999577395121256 1e-05 3e-05 0.9994371074438095 0.0002 0.0004 4.502671806017558 0.8 0.7 49 
-2.2258415031433105 0.0002 0.0002 0.9999968272447586 2e-06 2e-06 0.9999917141596476 5e-06 6e-06 4.51179072856903 0.04 0.04 50 
-2.2257688840230307 0.0003 0.0003 0.9999961644411087 3e-06 3e-06 0.9999918272097905 5e-06 6e-06 4.511746015548706 0.05 0.05 51 
-2.22592409769694 9e-05 0.0001 0.9999967539310455 2e-06 2e-06 0.999985430041949 1e-05 1e-05 4.511718894640604 0.06 0.06 52 
-2.225798412958781 0.0001 0.0002 0.9999957575400671 2e-06 2e-06 0.9999837205807368 1e-05 1e-05 4.5117748785018925 0.07 0.06 53 
-2.225691343943278 0.0005 0.0004 0.999995883901914 3e-06 4e-06 0.9999930799007416 3e-06 4e-06 4.511819826761881 0.06 0.06 54 
-2.2258963489532473 0.0001 0.0001 0.9999970696369807 2e-06 2e-06 0.9999787443876267 1e-05 1e-05 4.511871735254924 0.06 0.06 55 
-2.2257928625742593 0.0003 0.0002 0.9999961243073145 3e-06 3e-06 0.999993039170901 4e-06 5e-06 4.51172722975413 0.04 0.04 56 
-2.22587072690328 0.0002 0.0001 0.9999964855114619 3e-06 3e-06 0.9999875895182292 8e-06 9e-06 4.511734933853149 0.05 0.05 57 
-2.2257910060882566 0.0001 8e-05 0.9999967316786448 2e-06 3e-06 0.9999839830398559 8e-06 9e-06 4.511985974311829 0.07 0.07 58 
-2.22584574063619 0.0002 0.0002 0.9999965341885885 3e-06 3e-06 0.9999910122156144 6e-06 6e-06 4.511726686159769 0.05 0.05 59 
-2.225925912857056 8e-05 0.0001 0.9999977725744248 1e-06 2e-06 0.9999842886130015 1e-05 1e-05 4.511964642206828 0.06 0.06 60 
-2.2257513109842937 0.0002 0.0002 0.999995090564092 3e-06 3e-06 0.9999903150399526 6e-06 6e-06 4.511557340621948 0.06 0.05 61 
-2.225944604873657 8e-05 7e-05 0.9999957623084387 2e-06 2e-06 0.9999851008256276 1e-05 1e-05 4.51160492738088 0.05 0.05 62 
-1.6042812983194987 0.7 0.2 0.9774798810482025 0.02 0.07 0.6813229920466741 0.2 0.4 6.128810483614604 10.0 3.0 63 
-2.0065327962239583 0.07 0.05 0.9985464882850646 0.0008 0.002 0.9939207915465037 0.002 0.007 4.359411854743957 0.9 1.0 64 
-2.0649523480733234 0.003 0.003 0.9990182570616404 0.0002 0.0002 0.9974739919106166 7e-05 8e-05 4.416637635231018 0.2 0.2 65 
-2.2258567969004313 0.0002 0.0002 0.9999967726071676 2e-06 3e-06 0.9999910918871562 6e-06 6e-06 4.511756491661072 0.05 0.05 66 
-2.2258031209309896 6e-05 8e-05 0.9999951756000519 2e-06 3e-06 0.9999774136145909 1e-05 1e-05 4.511471807161967 0.06 0.06 67 
-2.2258477306365965 0.0002 0.0002 0.999996747970581 2e-06 2e-06 0.9999913036823272 6e-06 6e-06 4.511784609158834 0.05 0.05 68 
-2.2258476479848226 0.0002 0.0002 0.9999966718753179 2e-06 3e-06 0.9999917280673981 6e-06 6e-06 4.511968557039896 0.04 0.04 69 
-2.225979372660319 0.0002 0.0002 0.999997480114301 6e-07 9e-07 0.9999868943293889 8e-06 1e-05 4.511993565559387 0.06 0.06 70 
-2.22593513806661 0.0002 0.0002 0.9999970336755116 1e-06 1e-06 0.9999896250168483 8e-06 1e-05 4.511769779523214 0.06 0.06 71 
-2.225927022298177 0.0002 0.0002 0.9999963752428691 2e-06 5e-06 0.9999908137321473 3e-06 3e-06 4.5119257831573485 0.05 0.05 72 
-2.2258787123362223 0.0001 0.0001 0.9999971620241801 1e-06 2e-06 0.9999800592660903 1e-05 1e-05 4.5116667668024695 0.06 0.06 73 
-2.2258347034454347 0.0001 9e-05 0.9999919931093851 3e-06 3e-06 0.9999791218837102 1e-05 1e-05 4.511177476247152 0.05 0.05 74 
-2.2258350086212157 0.0001 0.0001 0.9999968492984772 2e-06 2e-06 0.9999843144416809 1e-05 1e-05 4.511751612027486 0.07 0.07 75 
-2.2259296798706054 0.0001 0.0001 0.99999791264534 1e-06 2e-06 0.9999812080462773 1e-05 1e-05 4.512029023170471 0.06 0.06 76 
-2.115578425725301 0.3 0.05 0.9992514431476593 0.0006 0.004 0.9972617769241333 0.0004 0.002 4.456582397619883 1.0 1.0 77 
-2.2258129914601645 0.0002 0.0002 0.999995875954628 3e-06 3e-06 0.9999911351998647 6e-06 6e-06 4.511768614451091 0.05 0.05 78 
-2.2259898789723715 0.0002 0.0002 0.9999960641066233 3e-06 3e-06 0.9999918721119563 5e-06 6e-06 4.51209584236145 0.05 0.05 79 
-2.2257760429382323 0.0003 0.0002 0.9999961147705714 3e-06 3e-06 0.9999922056992848 5e-06 5e-06 4.51172211488088 0.05 0.05 80 
-2.2259848308563233 7e-05 5e-05 0.9999975800514221 2e-06 2e-06 0.9999862702687582 1e-05 1e-05 4.51183306535085 0.06 0.06 81 
-2.2257581043243406 0.0003 0.0002 0.9999931059281031 3e-06 3e-06 0.999991424481074 5e-06 5e-06 4.511460097630819 0.05 0.05 82 
-2.2258932717641193 0.0001 9e-05 0.999996838370959 2e-06 2e-06 0.9999850602944692 1e-05 1e-05 4.511778955459595 0.05 0.05 83 
-2.225956786473592 0.0001 0.0001 0.999997325539589 2e-06 1e-06 0.999990750749906 7e-06 7e-06 4.511953511238098 0.05 0.05 84 
-1.6440533955891927 0.4 0.1 0.9918704545497894 0.006 0.01 0.7877924524744352 0.1 0.3 5.13584936539332 5.0 2.0 85 
-2.226183163324992 8e-05 0.0001 0.9999947730700175 9e-07 1e-06 0.9999891753991444 6e-06 7e-06 4.51241931438446 0.04 0.04 86 
-2.203527282079061 0.0002 0.0002 0.9999669661124547 7e-06 7e-06 0.9991325018803279 2e-05 2e-05 4.508776441415151 0.5 0.5 87 
-2.2258993911743166 0.0003 0.0003 0.9999977296590805 1e-06 1e-06 0.9999845812718073 1e-05 1e-05 4.511738208134969 0.07 0.07 88 
-2.2260011132558186 0.0002 0.0002 0.9999975524346034 1e-06 1e-06 0.99998699704806 1e-05 1e-05 4.511949189503988 0.05 0.05 89 
-1.6423087628682453 0.3 0.1 0.9915473222732544 0.006 0.01 0.7871244820952416 0.2 0.3 5.141544693311055 5.0 3.0 90 
-2.2257780488332113 0.0002 0.0002 0.9999961346387863 3e-06 3e-06 0.9999914218982061 6e-06 6e-06 4.511740188598633 0.05 0.05 91 
-2.1420265293121337 0.001 0.001 0.9997811406850815 7e-05 7e-05 0.9962084569533666 2e-05 2e-05 4.481880601247152 0.8 0.8 92 
-2.057104396820068 0.003 0.003 0.9987589907646179 0.0007 0.0007 0.9946380788087845 4e-05 4e-05 4.426521842479706 0.5 0.5 93 
-2.2260230795542397 0.0001 0.0001 0.9999977372090022 1e-06 1e-06 0.9999844872951508 1e-05 1e-05 4.511909653345744 0.06 0.06 94 
-2.2257668495178224 0.0003 0.0002 0.9999948489665985 3e-06 3e-06 0.9999914908409119 5e-06 5e-06 4.5117556778589885 0.05 0.05 95 
-2.226098518371582 0.0002 0.0002 0.9999976535638173 2e-06 2e-06 0.9999966285626094 2e-06 3e-06 4.5118148247400915 0.04 0.05 96 
-1.6390478388468424 0.2 0.1 0.9918198557694753 0.005 0.009 0.7825465163588524 0.1 0.3 5.180279170672099 4.0 3.0 97 
-2.119269126256307 0.002 0.002 0.9996341812610626 0.0001 0.0001 0.9964819637934367 0.0003 0.0003 4.463564230600993 0.9 0.9 98 
-2.225864839553833 0.0002 0.0002 0.9999962697426478 2e-06 3e-06 0.9999951672554016 2e-06 3e-06 4.511876139640808 0.05 0.05 99 
