-2.2263472747802733 0.001 0.0001 0.9999971048037211 7e-07 2e-06 0.9999984389543534 4e-07 2e-06 4.512298382123311 0.04 0.04 0 
-2.22467248916626 0.003 0.001 0.9999913793802261 5e-06 1e-05 0.9999822105964025 2e-05 0.0001 4.511449693044026 0.08 0.07 1 
-2.223143393198649 0.004 0.002 0.9999793126185735 1e-05 2e-05 0.9999600780010224 4e-05 0.0002 4.510876169204712 0.2 0.2 2 
-2.226272923151652 3e-05 3e-05 0.9999937087297439 5e-07 6e-07 0.9999978238344193 3e-07 3e-07 4.512312571207683 0.05 0.05 3 
-2.2262222003936767 0.0003 0.0001 0.9999955773353577 6e-07 6e-07 0.9999981081485748 3e-07 4e-07 4.512287545204162 0.05 0.05 4 
-2.226346044540405 0.0001 5e-05 0.999995760122935 7e-07 6e-07 0.9999980155626933 5e-07 7e-07 4.5123651361465456 0.05 0.05 5 
-2.226179141998291 0.003 0.0003 0.9999972536166509 1e-06 4e-06 0.9999981091419856 6e-07 4e-06 4.512163950602214 0.04 0.04 6 
-2.2263399759928384 3e-05 3e-05 0.9999915860096613 1e-06 2e-06 0.9999973964691162 9e-07 1e-06 4.5124584039052325 0.06 0.06 7 
-2.22613055229187 0.0002 0.0002 0.9999856797854105 7e-06 1e-05 0.9999965423345566 3e-06 3e-06 4.512442075411479 0.08 0.07 8 
-2.225318702061971 0.0007 0.0004 0.9999911483128866 2e-06 5e-06 0.9999908071756363 7e-06 2e-05 4.511931325594584 0.06 0.07 9 
-2.2263975620269774 1e-05 1e-05 0.9999980151653289 3e-07 2e-07 0.9999985518058141 3e-07 2e-07 4.512264819145202 0.03 0.03 10 
-2.226177937189738 0.001 0.0003 0.9999909762541453 3e-06 4e-06 0.9999977960189184 9e-07 1e-06 4.512395218213399 0.07 0.06 11 
-2.2247993087768556 0.002 0.001 0.9999786126613617 1e-05 2e-05 0.9999846522013346 1e-05 8e-05 4.511943915685018 0.1 0.1 12 
-2.2263014030456545 4e-05 4e-05 0.9999977137645085 4e-07 4e-07 0.9999983521302541 3e-07 3e-07 4.512164127031962 0.03 0.03 13 
-2.226141392389933 6e-05 7e-05 0.9999902615944545 2e-06 2e-06 0.9999975242217382 4e-07 5e-07 4.512425422668457 0.06 0.06 14 
-2.22625722249349 7e-05 6e-05 0.999989105463028 1e-06 1e-06 0.9999979257583618 5e-07 7e-07 4.512411807378133 0.05 0.05 15 
-2.2262436453501384 7e-05 8e-05 0.9999912295738856 2e-06 2e-06 0.9999967418114344 2e-06 2e-06 4.512422025998434 0.05 0.05 19 
-2.2261531003316244 0.0004 0.0003 0.9999945473670959 3e-06 2e-05 0.9999966130654017 3e-06 8e-06 4.512374561627706 0.07 0.08 20 
-2.2261818281809487 0.0003 0.0002 0.9999974322319031 2e-06 7e-06 0.9999976525704066 2e-06 6e-06 4.51204354763031 0.06 0.06 21 
-2.2252031421661376 0.001 0.0006 0.9999910694360733 6e-06 1e-05 0.9999893605709076 9e-06 1e-05 4.511774187088013 0.09 0.09 22 
-2.22627290725708 4e-05 3e-05 0.9999948736031851 6e-07 8e-07 0.999998061855634 2e-07 3e-07 4.512333483695984 0.05 0.05 23 
-2.2253072897593182 0.001 0.0006 0.999990348815918 7e-06 1e-05 0.9999886908133825 1e-05 1e-05 4.511888628005981 0.1 0.1 25 
-2.2262152512868245 0.0002 0.0002 0.9999945030609767 3e-06 5e-06 0.9999975329637527 2e-06 3e-06 4.512199889818827 0.06 0.06 26 
-2.2257026926676433 9e-05 0.0001 0.9999769280354182 4e-06 4e-06 0.9999966456492742 7e-07 7e-07 4.5128176323572795 0.1 0.1 27 
-2.224963140487671 0.002 0.0007 0.9999898713827133 7e-06 1e-05 0.9999885753790537 1e-05 1e-05 4.511686199506124 0.1 0.1 28 
-2.2260686588287353 4e-05 4e-05 0.999990065296491 2e-06 2e-06 0.9999967420101166 9e-07 9e-07 4.5125806538263955 0.07 0.07 29 
-2.226310447057088 0.0009 0.0001 0.9999949795007705 1e-06 2e-06 0.9999979211886724 6e-07 2e-06 4.512375659942627 0.05 0.05 30 
-2.224949134190877 0.002 0.0009 0.9999862013260523 9e-06 2e-05 0.9999830842018127 1e-05 3e-05 4.511898496945699 0.1 0.1 32 
-2.2261983076731364 0.0004 0.0002 0.9999949932098389 1e-06 2e-06 0.9999981506665547 4e-07 1e-06 4.512203547159831 0.04 0.04 33 
-2.2262355581919353 5e-05 5e-05 0.9999913690487544 4e-07 4e-07 0.9999975734949111 8e-07 7e-07 4.512344131469726 0.04 0.04 34 
-2.2262646675109865 4e-05 3e-05 0.9999934695164363 3e-07 3e-07 0.9999978212515513 3e-07 3e-07 4.512386852900187 0.05 0.05 36 
-2.2261971124013265 0.006 0.0002 0.9999904439846674 4e-06 6e-06 0.9999983288844426 7e-07 2e-06 4.512446304957072 0.06 0.07 37 
-2.2262934335072835 0.0003 0.0001 0.9999980556964875 4e-07 7e-07 0.9999980805317561 3e-07 5e-07 4.5121969842910765 0.03 0.03 38 
-2.2260069465637207 0.0002 0.0002 0.9999838598569234 8e-06 1e-05 0.9999969738721848 2e-06 2e-06 4.51231280485789 0.07 0.07 39 
-2.2253774801890054 0.001 0.0006 0.999986745317777 8e-06 1e-05 0.9999907386302948 7e-06 1e-05 4.5121240774790445 0.1 0.1 41 
-2.223361937204997 0.003 0.002 0.99998328824838 9e-06 2e-05 0.9999680908521017 3e-05 0.0002 4.511083143552145 0.1 0.1 42 
-2.2261815134684246 0.0003 0.0002 0.9999974513053894 2e-06 1e-05 0.9999976275364558 2e-06 5e-06 4.511993637084961 0.06 0.07 44 
-1.3656730302174886 300.0 0.9 0.9999899061520895 9e-06 4e-05 0.9999922859668732 7e-06 6e-05 4.514339532852173 0.05 0.05 45 
-2.2252775128682454 0.001 0.0007 0.9999926616748174 4e-06 7e-06 0.9999865760405858 1e-05 2e-05 4.511798718770345 0.07 0.07 46 
-2.2262923908233643 0.0005 0.0002 0.9999953881899516 9e-07 2e-06 0.9999980918566386 5e-07 9e-07 4.51226393699646 0.04 0.04 47 
-2.226291103363037 5e-05 3e-05 0.9999937786658605 7e-07 7e-07 0.9999984097480774 3e-07 3e-07 4.512373553911845 0.05 0.05 48 
-2.2263092199961343 0.0004 0.0001 0.9999956345558166 6e-07 9e-07 0.9999983191490174 4e-07 4e-07 4.512308988571167 0.04 0.04 49 
-2.2244014962514242 0.002 0.0009 0.999986384510994 6e-06 1e-05 0.9999839935700099 1e-05 2e-05 4.511455127398173 0.08 0.08 50 
-2.226255938212077 0.0001 0.0001 0.9999974175294241 7e-07 9e-07 0.9999975534280141 2e-06 2e-06 4.51211625734965 0.04 0.04 51 
-2.2262889766693115 6e-05 4e-05 0.9999916265408199 9e-07 1e-06 0.9999981474876404 6e-07 7e-07 4.5124085950851445 0.07 0.07 52 
-2.222034222284953 1.0 0.004 0.9999974938233693 2e-06 1e-05 0.9999981762965521 2e-06 3e-05 4.5123132785161335 0.08 0.06 53 
-2.2257025973002116 0.0008 0.0004 0.9999914065996806 5e-06 1e-05 0.999974564909935 2e-05 5e-05 4.511943159103393 0.1 0.1 54 
-2.2262021414438884 0.0003 0.0002 0.9999982561667761 1e-06 4e-06 0.9999976617097854 2e-06 9e-06 4.51208211739858 0.06 0.05 55 
-2.2262684535980224 4e-05 4e-05 0.9999953156709671 3e-07 4e-07 0.999998063047727 3e-07 3e-07 4.512300114631653 0.04 0.04 56 
-2.226149892807007 3e-05 3e-05 0.9999894277254741 9e-07 1e-06 0.9999972778558731 3e-07 2e-07 4.512620565096538 0.06 0.06 57 
-2.226141923268636 0.0005 0.0003 0.9999932475884755 4e-06 2e-05 0.9999967954556147 3e-06 7e-06 4.5122551361719765 0.08 0.08 58 
-2.2261610794067384 0.0004 0.0002 0.9999930564562479 3e-06 6e-06 0.9999969305594762 3e-06 5e-06 4.512160875002543 0.06 0.07 59 
-2.2261617469787596 0.0005 0.0003 0.9999928033351898 7e-06 2e-05 0.9999972979227701 3e-06 5e-06 4.51232076327006 0.07 0.08 60 
-2.2261879507700604 0.0009 0.0003 0.9999976497888565 7e-07 2e-06 0.9999984266360601 4e-07 9e-07 4.512117961247762 0.03 0.03 61 
-2.2262657833099366 5e-05 5e-05 0.9999970058600108 3e-07 3e-07 0.9999982297420502 2e-07 3e-07 4.512236941655477 0.04 0.04 62 
-2.226213471094767 0.0004 0.0002 0.9999986165761947 1e-06 2e-06 0.999997374812762 2e-06 1e-05 4.512262867291768 0.06 0.06 63 
-2.2248541482289634 0.001 0.0005 0.9999749437967936 7e-06 1e-05 0.9999896093209585 9e-06 1e-05 4.512124587694804 0.08 0.08 64 
-2.225367358525594 0.0007 0.0004 0.9999915087223052 3e-06 6e-06 0.9999902814626693 8e-06 2e-05 4.511826736132304 0.06 0.06 65 
-2.2262235641479493 0.003 0.0003 0.9999978242317835 1e-06 5e-06 0.9999984701474508 8e-07 4e-06 4.512198813756307 0.05 0.05 66 
-2.226013813018799 0.0003 0.0003 0.9999846363067627 7e-06 1e-05 0.999996582865715 3e-06 4e-06 4.512532424926758 0.09 0.08 67 
-2.2262180105845135 0.0002 0.0001 0.9999958646297454 1e-06 1e-06 0.9999979090690613 4e-07 1e-06 4.51234599908193 0.05 0.05 68 
-2.225814584096273 0.0005 0.0004 0.9999892862637838 5e-06 3e-05 0.9999892203013102 6e-06 3e-05 4.512246567408244 0.1 0.1 69 
-2.2262672106424968 0.002 0.0002 0.9999915293852488 2e-06 3e-06 0.9999971572558085 5e-07 2e-06 4.512457102139791 0.05 0.05 70 
-2.226135079065959 0.0003 0.0002 0.999994639356931 4e-06 7e-06 0.9999970662593841 3e-06 5e-06 4.512157492637634 0.07 0.07 71 
-2.2245490582784018 0.0009 0.0004 0.999989161491394 2e-06 5e-06 0.9999918164809545 6e-06 7e-06 4.511520422299703 0.06 0.06 72 
-2.2262154165903727 0.001 0.0002 0.9999950393040975 1e-06 2e-06 0.9999982541799546 4e-07 1e-06 4.512194803555807 0.05 0.05 73 
-2.2262352911631265 0.0002 0.0002 0.9999943310022354 2e-06 3e-06 0.9999979442358017 9e-07 8e-07 4.512303857803345 0.06 0.06 75 
-2.225681091944377 0.03 0.0008 0.9999967308839163 3e-06 4e-05 0.9999978818496068 2e-06 3e-05 4.511909351348877 0.06 0.07 76 
-2.223327744801839 0.003 0.001 0.999984596769015 8e-06 2e-05 0.999968357483546 3e-05 0.0001 4.51068332195282 0.1 0.1 77 
-2.224783957799276 0.001 0.0006 0.9999738621711731 9e-06 2e-05 0.9999888185660044 9e-06 1e-05 4.512193484306335 0.09 0.1 78 
-2.2261129919687908 0.0005 0.0003 0.9999915170669555 3e-06 7e-06 0.9999970297018687 3e-06 5e-06 4.512146855990092 0.06 0.08 79 
-2.2262635040283203 5e-05 5e-05 0.999997815489769 4e-07 4e-07 0.999998648762703 4e-07 3e-07 4.512171451250712 0.04 0.04 80 
-2.2262294642130533 0.0005 0.0002 0.999995037317276 8e-07 1e-06 0.9999980948368709 4e-07 6e-07 4.512211229006449 0.05 0.05 81 
-2.2261977100372317 4e-05 5e-05 0.9999881205956141 9e-07 6e-07 0.9999973859389623 8e-07 8e-07 4.512468525568644 0.05 0.05 82 
-2.2262236722310385 0.0004 0.0002 0.9999917606512706 7e-07 1e-06 0.9999978943665823 3e-07 4e-07 4.512438356081645 0.05 0.05 83 
-2.226139167149862 0.0003 0.0003 0.9999966327349344 3e-06 1e-05 0.9999974324305853 2e-06 5e-06 4.512196776072185 0.07 0.07 84 
-2.2260815779368084 0.0005 0.0003 0.9999942779541016 2e-06 4e-06 0.9999976279338201 2e-06 4e-06 4.512259888648987 0.1 0.1 86 
-2.2261382738749185 0.0002 0.0002 0.9999956623713175 2e-06 2e-06 0.9999978399276733 1e-06 2e-06 4.512169952392578 0.07 0.07 87 
-2.2263355159759524 3e-05 3e-05 0.999998052517573 4e-07 3e-07 0.9999979782104492 8e-07 8e-07 4.51219211101532 0.03 0.03 88 
-2.2251710224151613 0.001 0.0005 0.9999887851874033 6e-06 1e-05 0.9999902174870173 8e-06 1e-05 4.5119040457407635 0.09 0.09 89 
-2.22560133934021 0.001 0.0005 0.9999852774540583 8e-06 2e-05 0.999981259504954 1e-05 3e-05 4.5124472109476725 0.2 0.1 90 
-2.226195071538289 0.0004 0.0002 0.9999964680274328 2e-06 1e-05 0.9999973164002101 3e-06 9e-06 4.512139801979065 0.07 0.07 91 
-2.2231734053293866 0.002 0.001 0.9999627828598022 1e-05 2e-05 0.9999605401357015 4e-05 7e-05 4.511427725156148 0.1 0.1 92 
-2.2256469440460207 0.001 0.0004 0.9999865903457006 6e-06 3e-05 0.999988671541214 7e-06 9e-06 4.511881155967712 0.1 0.1 94 
-2.226203130086263 0.0004 0.0002 0.9999961235125859 1e-06 8e-07 0.9999975391228993 9e-07 1e-06 4.512280136744181 0.06 0.06 95 
-2.2242485014597575 0.002 0.001 0.9999835606416067 1e-05 2e-05 0.9999828652540843 1e-05 2e-05 4.511411112149556 0.1 0.1 96 
-2.226206226348877 0.0004 0.0002 0.9999975238243739 2e-06 8e-06 0.9999977282683055 2e-06 7e-06 4.512136594454447 0.06 0.07 97 
-2.226196304957072 0.002 0.0003 0.9999961892763773 1e-06 3e-06 0.9999982257684071 5e-07 2e-06 4.512226022084554 0.04 0.04 98 
