-2.2202175013224283 0.01 0.004 0.9998715786139171 8e-05 0.0002 0.9998311334848404 9e-05 0.0005 4.513164795239766 0.4 0.4 85 
-2.220780709584554 0.01 0.004 0.999912731051445 5e-05 0.0002 0.9998887000481288 8e-05 0.0002 4.511794184048971 0.3 0.3 48 
-2.2212446530659995 0.0003 0.0003 0.9999502903223038 1e-05 1e-05 0.9998978823423386 9e-06 9e-06 4.512922921180725 0.1 0.1 52 
-2.2223172251383465 0.006 0.002 0.9999013272921244 6e-05 0.0003 0.999867774049441 3e-05 8e-05 4.51293816725413 0.3 0.3 61 
-2.221348441441854 0.01 0.004 0.9999519546826681 2e-05 0.0001 0.999858642021815 0.0001 0.0004 4.512011696497599 0.2 0.2 0 
-2.221593205134074 0.009 0.003 0.9999274482329686 3e-05 8e-05 0.9999355137348175 4e-05 0.0002 4.512192486127217 0.3 0.3 97 
-2.220929266611735 0.01 0.004 0.9999320673942566 3e-05 0.0001 0.9997430537144343 0.0002 0.0004 4.512186516125997 0.2 0.2 21 
-2.222295265197754 0.009 0.003 0.9999050118525823 5e-05 0.0002 0.9999036930004755 5e-05 0.0002 4.512890367507935 0.3 0.3 10 
-2.220226519902547 0.005 0.002 0.9999331416686376 2e-05 5e-05 0.9997116567691168 6e-05 0.0001 4.513600810368856 0.2 0.2 18 
-2.223088960647583 0.008 0.002 0.9999482593933742 2e-05 4e-05 0.9999164990584055 7e-05 0.0002 4.514281737009684 0.3 0.3 30 
-2.220298064549764 0.001 0.001 0.9999241516987483 2e-05 2e-05 0.9998519460360209 5e-05 8e-05 4.513309189478556 0.2 0.2 70 
-2.2209718132019045 0.01 0.004 0.9999349613984426 3e-05 7e-05 0.999898295601209 6e-05 0.0002 4.510690213839213 0.3 0.3 143 
-2.2227251211802166 0.006 0.002 0.9999630349874497 2e-05 2e-05 0.9999196628729502 6e-05 0.0003 4.511993109385172 0.2 0.2 142 
-2.223004477818807 0.01 0.003 0.99996508816878 1e-05 6e-05 0.9999274482329686 7e-05 0.0002 4.513217833836873 0.2 0.2 92 
-2.223837636311849 0.003 0.002 0.999944340189298 3e-05 4e-05 0.9999617719650269 1e-05 1e-05 4.514234981536865 0.2 0.2 20 
-2.2226809946695965 0.008 0.003 0.9999442263444265 3e-05 0.0001 0.9999345260858535 6e-05 0.0003 4.511949345270793 0.2 0.2 71 
-2.221949396133423 0.008 0.003 0.9999445656935374 3e-05 6e-05 0.9999046343564987 8e-05 0.0002 4.512192810376485 0.2 0.2 90 
-2.2207868925730385 0.01 0.004 0.9999285221099854 4e-05 0.0002 0.9998976308107376 8e-05 0.0003 4.512706764539083 0.3 0.3 1 
-2.221351703008016 0.008 0.004 0.9999333707491557 3e-05 0.0001 0.9998101385434469 6e-05 0.0002 4.51229949315389 0.3 0.3 99 
-2.2203701814015706 0.01 0.004 0.9998926800489426 8e-05 0.0002 0.9999115530649821 7e-05 0.0003 4.511677826245625 0.3 0.3 77 
