-2.2248140366872153 0.0003 0.0004 0.9999925853808721 6e-06 8e-06 0.9999521776040395 3e-05 4e-05 4.511589193344117 0.1 0.1 0 
-2.2244567584991457 0.0008 0.0007 0.9999863129854202 1e-05 1e-05 0.9999712590376536 2e-05 2e-05 4.511030395825704 0.09 0.09 1 
-2.2254879252115884 0.002 0.0007 0.9999932964642843 3e-06 2e-05 0.9999741290012996 1e-05 3e-05 4.512163117726644 0.1 0.1 2 
-2.2246307214101155 0.0007 0.0006 0.9999873483181 1e-05 1e-05 0.9999711924791336 2e-05 3e-05 4.510485734939575 0.09 0.09 3 
-2.2242479133605957 0.0008 0.0007 0.9999851757287979 9e-06 1e-05 0.9999687548478444 2e-05 2e-05 4.511069672902425 0.1 0.1 4 
-2.2244565232594806 0.0008 0.0007 0.9999868142604827 8e-06 9e-06 0.9999733952681223 2e-05 2e-05 4.510779449144999 0.08 0.08 5 
-2.2247151056925456 0.0006 0.0005 0.9999891789754232 9e-06 1e-05 0.9999710927406947 2e-05 3e-05 4.510803839365641 0.08 0.08 6 
-2.224547026952108 0.0008 0.0007 0.99998617430528 1e-05 1e-05 0.9999723712603251 2e-05 2e-05 4.510922433535258 0.09 0.09 7 
-2.2245251433054607 0.0009 0.0008 0.9999873101711273 9e-06 1e-05 0.9999773526191711 2e-05 2e-05 4.510858888626099 0.08 0.08 8 
-2.224724547068278 0.0007 0.0006 0.9999897581338882 8e-06 9e-06 0.9999743310610453 2e-05 2e-05 4.511476397514343 0.07 0.07 9 
-2.22540691057841 0.003 0.001 0.9999922760327657 7e-06 2e-05 0.9999825036525727 2e-05 8e-05 4.511719032923381 0.1 0.09 10 
-2.2253223832448326 0.0004 0.0004 0.9999952868620554 1e-06 2e-06 0.9999722351630529 2e-05 3e-05 4.511589679718018 0.06 0.06 11 
-2.224621378580729 0.0008 0.0007 0.9999875237544378 1e-05 1e-05 0.9999746672312418 2e-05 2e-05 4.511101813316345 0.08 0.08 12 
-2.2248621654510496 0.0009 0.0007 0.999989629983902 8e-06 1e-05 0.9999841111898422 1e-05 1e-05 4.510896460215251 0.08 0.08 13 
-2.224613676071167 0.0008 0.0007 0.999986717303594 1e-05 1e-05 0.9999754792451858 2e-05 2e-05 4.511251610120137 0.08 0.08 14 
-2.2249728647867837 0.001 0.0008 0.9999909077088038 7e-06 8e-06 0.9999885906775793 6e-06 8e-06 4.511339818636577 0.07 0.07 15 
-2.2246453317006427 0.0008 0.0007 0.999990453918775 6e-06 8e-06 0.9999811454614004 1e-05 1e-05 4.511263230641683 0.07 0.07 16 
-2.2247469329833987 0.0007 0.0006 0.9999897750218709 9e-06 1e-05 0.9999740874767303 2e-05 2e-05 4.510926065444946 0.08 0.08 17 
-2.2247086652119954 0.0009 0.0007 0.9999909969170888 6e-06 7e-06 0.9999825207392374 1e-05 1e-05 4.511639234224956 0.07 0.06 18 
-2.2255505530039468 0.002 0.0007 0.9999923098087311 5e-06 4e-05 0.9999762753645579 2e-05 5e-05 4.511954345703125 0.1 0.1 19 
-1.519158379236857 0.7 0.2 0.988185129960378 0.007 0.02 0.8071096258362135 0.1 0.4 4.9505107800165815 7.0 3.0 20 
-2.2248333994547527 0.001 0.0008 0.9999917052189509 6e-06 8e-06 0.9999859603246053 9e-06 1e-05 4.511531238555908 0.07 0.07 21 
-1.544881722132365 0.2 0.1 0.9890958066781362 0.006 0.009 0.8479914816220602 0.09 0.3 4.81431999762853 5.0 2.0 22 
-2.22446722984314 0.0009 0.0008 0.999985404809316 1e-05 1e-05 0.9999764237801234 2e-05 2e-05 4.510846190452575 0.08 0.08 23 
-2.224810380935669 0.0007 0.0006 0.9999914618333181 7e-06 8e-06 0.9999791922171911 1e-05 1e-05 4.511348789532979 0.08 0.07 24 
-2.2246490701039634 0.0006 0.0005 0.9999877959489822 9e-06 1e-05 0.9999697697162628 2e-05 3e-05 4.510997212727864 0.09 0.09 25 
-2.224593938191732 0.0008 0.0007 0.9999870409568151 1e-05 1e-05 0.9999752702315649 2e-05 2e-05 4.511098923683167 0.08 0.08 26 
-2.224587958653768 0.0008 0.0007 0.9999869153896968 1e-05 1e-05 0.9999757448832194 2e-05 2e-05 4.511170616149903 0.08 0.08 27 
-2.2243366273244223 0.0008 0.0007 0.9999843714634578 1e-05 1e-05 0.9999700407187144 2e-05 2e-05 4.51083331267039 0.1 0.1 28 
-2.2247090498606363 0.0009 0.0007 0.9999898880720138 6e-06 7e-06 0.9999824251731236 1e-05 1e-05 4.511425731976827 0.07 0.07 29 
-2.2246272214253744 0.0007 0.0006 0.9999871182441712 1e-05 1e-05 0.9999728816747665 2e-05 2e-05 4.511046792666117 0.08 0.08 30 
-2.2247270361582436 0.0007 0.0006 0.9999893508354822 9e-06 1e-05 0.9999733038743337 2e-05 2e-05 4.51117994149526 0.08 0.08 31 
-1.9626008892059326 0.06 0.04 0.9982896345853806 0.0003 0.0005 0.9884694451093674 0.0009 0.001 4.35969820022583 1.0 1.0 32 
-2.2245925108591718 0.0007 0.0006 0.999987216591835 1e-05 1e-05 0.9999704835812251 2e-05 2e-05 4.5111382913589475 0.08 0.08 33 
-2.2244609196980796 0.0006 0.0005 0.9999889475107193 7e-06 8e-06 0.9999689728021621 2e-05 3e-05 4.511127147674561 0.09 0.09 34 
-2.2245879713694254 0.0008 0.0007 0.9999856785933177 1e-05 1e-05 0.9999727843205134 2e-05 2e-05 4.511122204462687 0.08 0.08 35 
-2.2243125343322756 0.0006 0.0005 0.9999886139233907 8e-06 9e-06 0.9999659353494644 2e-05 3e-05 4.5111544974644975 0.1 0.1 36 
-2.224712832768758 0.0007 0.0006 0.9999886904160181 1e-05 1e-05 0.9999732263882954 2e-05 2e-05 4.510942826271057 0.08 0.08 37 
-2.2247315502166747 0.0006 0.0005 0.9999905190865199 8e-06 9e-06 0.999970611333847 2e-05 3e-05 4.511132210095724 0.08 0.08 38 
-2.2250752703348797 0.0004 0.0004 0.9999912947416305 4e-06 4e-06 0.9999749064445496 2e-05 2e-05 4.511439317067464 0.09 0.09 39 
-2.2242290369669595 0.0008 0.0007 0.9999840740362803 9e-06 1e-05 0.9999673616886139 2e-05 2e-05 4.510523703893026 0.1 0.1 40 
-2.2244224802652997 0.0008 0.0007 0.999986509680748 1e-05 1e-05 0.9999711221456528 2e-05 2e-05 4.5109306987126665 0.09 0.09 41 
-2.224369993209839 0.0008 0.0007 0.999983984430631 1e-05 1e-05 0.9999679416418076 2e-05 3e-05 4.511158987681071 0.09 0.09 42 
-2.224778165817261 0.0007 0.0006 0.9999901000658671 8e-06 9e-06 0.9999729053179423 2e-05 2e-05 4.51130597114563 0.07 0.07 43 
-1.4884203354517618 0.7 0.2 0.9819539697964986 0.02 0.04 0.6754986522595088 0.2 0.4 6.09404618024826 7.0 3.0 44 
-2.2246011702219644 0.001 0.0008 0.9999892220894495 8e-06 1e-05 0.9999801860253016 1e-05 2e-05 4.511000564893087 0.08 0.08 45 
-2.224732748667399 0.006 0.001 0.9999792075157166 2e-05 8e-05 0.9999881921211878 1e-05 3e-05 4.512565711339315 0.09 0.06 46 
-2.2245957883199057 0.0009 0.0007 0.9999889087677002 8e-06 9e-06 0.999978595773379 1e-05 2e-05 4.511221486727397 0.08 0.07 47 
-2.2250678730010987 0.0003 0.0002 0.9999919948975245 5e-06 4e-06 0.9999743576844533 2e-05 2e-05 4.511194314956665 0.09 0.09 48 
-1.5247847112019857 0.7 0.2 0.9861974328756332 0.01 0.03 0.751886091530323 0.2 0.5 5.365227820873261 7.0 3.0 49 
-2.2243219153086344 0.0008 0.0007 0.9999868855873744 9e-06 1e-05 0.9999691915512084 2e-05 2e-05 4.5111274242401125 0.1 0.1 50 
-2.2253344217936197 0.0006 0.0005 0.9999930922190349 4e-06 5e-06 0.999989447593689 6e-06 5e-06 4.51157104174296 0.05 0.05 51 
-2.2245140647888184 0.0008 0.0007 0.999987695813179 1e-05 1e-05 0.9999743243058522 2e-05 2e-05 4.510805950164795 0.09 0.09 52 
-2.2235321394602456 0.0009 0.0008 0.9999829582373301 8e-06 1e-05 0.999954461256663 2e-05 3e-05 4.51071455001831 0.1 0.1 53 
-1.6903198083241782 0.2 0.09 0.9928712159395218 0.004 0.006 0.9542456432183584 0.03 0.08 4.479806392590205 4.0 3.0 54 
-2.2247723515828453 0.0009 0.0007 0.9999903202056885 6e-06 8e-06 0.9999846529960632 1e-05 1e-05 4.511316396395365 0.08 0.07 55 
-2.2246886698404946 0.0007 0.0006 0.9999895034233729 9e-06 1e-05 0.9999731902281443 2e-05 2e-05 4.511088398297628 0.08 0.08 56 
-2.224469896952311 0.0007 0.0006 0.9999777881304422 9e-06 1e-05 0.9999674135446548 2e-05 2e-05 4.510272630055746 0.07 0.07 57 
-2.224955908457438 0.001 0.001 0.9999898153543473 8e-06 1e-05 0.9999884422620138 4e-06 5e-06 4.511189635594686 0.08 0.07 58 
-2.2251145458221435 0.0006 0.0004 0.9999910002946854 6e-06 6e-06 0.9999796044826508 1e-05 2e-05 4.511737872759501 0.07 0.08 59 
-2.224698724746704 0.0007 0.0006 0.9999897362788518 9e-06 1e-05 0.9999722758928935 2e-05 2e-05 4.511197962760925 0.08 0.08 60 
-2.224682461420695 0.0007 0.0006 0.9999896480639776 8e-06 9e-06 0.9999718125661214 2e-05 2e-05 4.510796791712443 0.08 0.08 61 
-2.224707406361898 0.0007 0.0006 0.9999893134832383 9e-06 1e-05 0.9999734073877334 2e-05 2e-05 4.510855485598246 0.08 0.08 62 
-2.2248225371042887 0.0009 0.0007 0.9999909236033757 6e-06 8e-06 0.9999863030513128 8e-06 9e-06 4.511058645248413 0.07 0.07 63 
-2.224638239542643 0.0007 0.0006 0.999988680879275 8e-06 9e-06 0.9999731242656708 2e-05 2e-05 4.511316733360291 0.08 0.08 64 
-2.2243050479888917 0.0008 0.0007 0.999984606107076 1e-05 1e-05 0.9999684381484986 2e-05 2e-05 4.511012420654297 0.1 0.1 65 
-2.1624069182078043 0.05 0.04 0.9998944516976674 4e-05 7e-05 0.9991346222162246 0.0004 0.0006 4.49870224793752 1.0 1.0 66 
-2.2248844623565676 0.001 0.0008 0.999991867740949 5e-06 7e-06 0.9999871043364207 8e-06 9e-06 4.511461757024129 0.06 0.06 67 
-2.2247284030914307 0.001 0.0008 0.9999896013736724 7e-06 9e-06 0.999984779159228 9e-06 1e-05 4.51124361038208 0.07 0.07 68 
-2.224629596074422 0.0007 0.0006 0.9999881335099539 9e-06 1e-05 0.999971955815951 2e-05 2e-05 4.51114313920339 0.09 0.09 69 
-2.2246605237325032 0.0007 0.0006 0.9999876606464386 9e-06 1e-05 0.9999728723367055 2e-05 2e-05 4.5108943398793535 0.08 0.08 70 
-2.224611536661784 0.001 0.0009 0.9999881998697917 1e-05 1e-05 0.9999751663208007 1e-05 2e-05 4.510877016385396 0.09 0.09 71 
-2.224533910751343 0.0008 0.0007 0.9999888684352239 7e-06 8e-06 0.9999775457382202 2e-05 2e-05 4.510996731122335 0.08 0.07 72 
-1.5250493272145589 0.6 0.2 0.9885073107481003 0.007 0.01 0.8387379435698191 0.1 0.4 4.707559914588928 6.0 2.0 73 
-2.03200958887736 0.0006 0.0006 0.9983345099290212 0.0009 0.0009 0.9950136144955953 3e-05 3e-05 4.40917027870814 0.4 0.4 74 
-2.224427032470703 0.0006 0.0006 0.9999860626459122 7e-06 8e-06 0.9999624117215474 2e-05 2e-05 4.513092371622721 0.1 0.1 75 
-2.2245031770070396 0.0007 0.0006 0.9999877701203028 9e-06 1e-05 0.9999702407916387 2e-05 2e-05 4.5107901589075725 0.09 0.09 76 
-2.2245383008321125 0.0008 0.0007 0.9999900378783544 6e-06 9e-06 0.9999770128726959 2e-05 2e-05 4.51091206073761 0.07 0.07 77 
-2.2243910280863446 0.0007 0.0006 0.9999846116701762 8e-06 9e-06 0.9999662119150162 2e-05 2e-05 4.5107513475418095 0.1 0.1 78 
-2.224674628575643 0.0007 0.0006 0.9999877878030141 1e-05 1e-05 0.99997356792291 2e-05 2e-05 4.511307040850322 0.08 0.08 79 
-2.225249439875285 0.0004 0.0003 0.9999925192197164 5e-06 5e-06 0.9999833466609319 1e-05 2e-05 4.51150109132131 0.07 0.07 80 
-2.224465751647949 0.0008 0.0007 0.9999858254194259 1e-05 1e-05 0.9999733525514602 2e-05 2e-05 4.510874031384786 0.1 0.09 81 
-2.22373298962911 0.004 0.002 0.9999808257818222 9e-06 1e-05 0.9998827399810155 2e-05 4e-05 4.510627627372742 0.2 0.2 82 
-2.2244143676757813 0.0008 0.0007 0.999987380305926 9e-06 1e-05 0.9999706308046977 2e-05 2e-05 4.511123870213827 0.1 0.09 83 
-1.496044759750366 0.6 0.2 0.9859019376834234 0.01 0.03 0.6467469281454881 0.3 0.4 6.660912150541941 10.0 4.0 84 
-2.225096127192179 0.0007 0.0006 0.9999934017658234 3e-06 4e-06 0.9999841543038687 8e-06 2e-05 4.511793265342712 0.1 0.1 85 
-2.2244086201985676 0.0008 0.0007 0.9999859084685644 1e-05 1e-05 0.9999726516008377 2e-05 2e-05 4.510798373222351 0.09 0.09 86 
-2.2247758515675864 0.0008 0.0007 0.9999912875890732 6e-06 7e-06 0.9999829228719076 1e-05 1e-05 4.511308004061381 0.07 0.07 87 
-2.2242776679992677 0.0008 0.0007 0.9999861452976863 1e-05 1e-05 0.9999688369035721 2e-05 2e-05 4.51091164112091 0.1 0.1 88 
-2.2245655186971027 0.0008 0.0007 0.9999824104706446 1e-05 1e-05 0.999972155491511 2e-05 2e-05 4.510580242474874 0.08 0.08 89 
-2.2244630241394043 0.0009 0.0008 0.999985199769338 1e-05 1e-05 0.9999737441539764 2e-05 2e-05 4.510834658940633 0.08 0.08 90 
-2.2246474107106526 0.0008 0.0007 0.9999890681107839 8e-06 1e-05 0.9999760649601619 2e-05 2e-05 4.511076677640279 0.08 0.07 91 
-2.2242033672332764 0.001 0.001 0.9999816664059957 1e-05 2e-05 0.9999785892168681 1e-05 1e-05 4.510597472190857 0.09 0.09 92 
-2.2245846621195473 0.0008 0.0006 0.9999881094694137 6e-06 8e-06 0.9999775612354278 2e-05 2e-05 4.510932963689168 0.08 0.08 93 
-2.2249982007344564 0.001 0.0008 0.9999836585919062 8e-06 1e-05 0.999983995159467 9e-06 2e-05 4.511029790242513 0.09 0.09 94 
-1.4487246163686116 1.0 0.3 0.9858314768473307 0.009 0.03 0.8273074609041214 0.1 0.3 4.83616539478302 4.0 2.0 95 
-2.224792579015096 0.0009 0.0007 0.9999892455339432 8e-06 1e-05 0.9999814395109813 1e-05 1e-05 4.511478559176127 0.08 0.08 96 
-2.224580561319987 0.0009 0.0007 0.9999882014592488 1e-05 1e-05 0.9999767406781515 2e-05 2e-05 4.511131927172343 0.08 0.08 97 
-2.224776798884074 3e-05 3e-05 0.9999846003452937 6e-07 6e-07 0.9999632016817729 1e-06 1e-06 4.511819000244141 0.07 0.07 98 
-1.8698787625630697 0.08 0.05 0.9968031239509583 0.0009 0.001 0.9866683961947759 0.004 0.005 4.36158271630605 2.0 2.0 99 
