-2.221599416732788 0.001 0.0009 0.9999146876732509 4e-05 5e-05 0.9999392042557399 2e-05 4e-05 4.509113054275513 0.2 0.2 340 
-2.221916189193726 0.01 0.003 0.9999520170688629 2e-05 0.0002 0.9999366641044617 5e-05 0.0002 4.509779434204102 0.3 0.2 101 
-2.221652018229167 0.006 0.003 0.9999243050813675 5e-05 8e-05 0.9998403880993525 8e-05 0.0001 4.505574509302775 0.2 0.2 605 
-2.220480966567993 0.01 0.005 0.9998284180959066 0.0001 0.0003 0.9997040838003158 6e-05 0.0003 4.510876038869222 0.3 0.3 1061 
-2.221549825668335 0.003 0.002 0.9999449328581492 3e-05 6e-05 0.9999567629893621 3e-05 5e-05 4.507495710055033 0.2 0.2 235 
-2.222152525583903 0.004 0.002 0.9999524331092835 2e-05 0.0004 0.9999770359198252 1e-05 4e-05 4.5088794263203935 0.2 0.2 581 
-2.220964463551839 0.002 0.002 0.9999465982119242 2e-05 2e-05 0.999757724404335 3e-05 6e-05 4.5076480420430505 0.2 0.2 815 
-2.220302127202352 0.005 0.002 0.9998923520247142 4e-05 5e-05 0.9985553723573685 4e-05 0.0003 4.5241126585006715 0.2 0.2 788 
-2.2210223960876463 0.006 0.003 0.9999020938078562 4e-05 7e-05 0.9998830246925354 5e-05 8e-05 4.503931193351746 0.2 0.3 487 
-2.220647029876709 0.01 0.004 0.9999395511547724 5e-05 0.0002 0.999651854634285 9e-05 0.0002 4.511101663907369 0.2 0.2 563 
-2.220053456624349 0.0009 0.001 0.999882783293724 4e-05 5e-05 0.9999813665946324 5e-06 1e-05 4.510471261342366 0.2 0.2 952 
-2.221342239379883 0.004 0.002 0.9999330164988836 2e-05 3e-05 0.9999165817101796 3e-05 6e-05 4.509685225486756 0.2 0.2 697 
-2.2215309778849286 0.006 0.002 0.9999269340435664 3e-05 0.0001 0.9999343727032344 4e-05 9e-05 4.507020886739095 0.2 0.2 60 
-2.2201170476277667 0.04 0.004 0.999888720313708 7e-05 0.0009 0.999936110774676 5e-05 0.0002 4.509155639012655 0.3 0.3 628 
-2.222150354385376 0.004 0.002 0.999932754834493 2e-05 4e-05 0.9999347730477651 3e-05 3e-05 4.505670698483785 0.2 0.2 712 
-2.2200265566507977 0.02 0.006 0.9999224787950516 5e-05 0.0003 0.9999097977081934 7e-05 0.0004 4.50774199962616 0.3 0.3 285 
-2.221385186513265 0.002 0.001 0.9999553777774175 1e-05 1e-05 0.9998695735136668 4e-05 5e-05 4.501898290316264 0.2 0.2 75 
-2.2210282866160074 0.003 0.002 0.9999329866965612 3e-05 6e-05 0.9999198655287425 3e-05 4e-05 4.507380401293437 0.2 0.2 323 
-2.2201785755157473 0.001 0.001 0.9999287233750025 2e-05 4e-05 0.9998975632588069 3e-05 8e-05 4.505802151362102 0.2 0.2 360 
-2.2203846740722657 0.006 0.003 0.9999288914601008 4e-05 0.0002 0.9999836415052414 9e-06 3e-05 4.507414650917053 0.2 0.2 534 
