-2.225679759979248 0.0004 0.0004 0.9999741470813751 2e-05 2e-05 0.9999966251850129 2e-06 1e-06 4.511695553461711 0.05 0.06 7 
-2.225383675893148 0.0007 0.0007 0.9999663420518239 3e-05 3e-05 0.9999936358133952 4e-06 6e-06 4.511607071558634 0.07 0.07 9 
-2.2256871763865154 0.0005 0.0006 0.999977240562439 2e-05 2e-05 0.9999970589081446 2e-06 2e-06 4.511687908172608 0.06 0.06 11 
-2.2225995794932047 0.006 0.002 0.9999701883395513 2e-05 2e-05 0.99977310359478 0.0002 0.0004 4.509869875907898 0.1 0.1 46 
-2.2205117734273276 0.0009 0.0006 0.9999626284837723 2e-05 2e-05 0.9995498367150625 4e-05 6e-05 4.511038552920024 0.1 0.1 58 
-2.2202684116363525 0.001 0.0009 0.9999474545319875 3e-05 3e-05 0.9996128686269125 5e-05 8e-05 4.5109183184305826 0.1 0.1 70 
-2.2255787150065105 0.001 0.0006 0.9999741635719935 2e-05 3e-05 0.9999947569767634 4e-06 5e-06 4.512006562550862 0.05 0.05 71 
-2.225784413019816 0.0004 0.0003 0.9999822870890299 1e-05 1e-05 0.9999947315454483 3e-06 3e-06 4.511714143753052 0.05 0.05 83 
-2.225584265391032 0.0004 0.0004 0.9999728218714397 2e-05 2e-05 0.9999945618708929 4e-06 4e-06 4.51153090318044 0.03 0.03 90 
-2.225712423324585 0.0006 0.0004 0.9999769713481267 1e-05 2e-05 0.9999969546000163 2e-06 2e-06 4.511791337331136 0.06 0.07 97 
-2.2258293628692627 0.0002 0.0003 0.9999835296471914 1e-05 1e-05 0.9999975468715032 1e-06 8e-07 4.511943750381469 0.05 0.05 98 
