-2.225584154129028 0.0001 0.0001 0.9999950967232386 1e-06 2e-06 0.9999876032272975 6e-06 1e-05 4.512047346433004 0.07 0.07 107 
-2.225549554824829 0.0002 0.0001 0.999995178381602 1e-06 3e-06 0.9999843229850133 6e-06 7e-06 4.512160689036051 0.06 0.06 85 
-2.2256343873341877 0.0002 0.0001 0.9999955360094707 1e-06 2e-06 0.9999856585264206 7e-06 1e-05 4.51213286558787 0.07 0.07 131 
-2.225588493347168 0.0002 0.0002 0.9999951301018397 1e-06 2e-06 0.9999860968192419 6e-06 9e-06 4.512159339586893 0.07 0.07 44 
-2.2255062834421793 0.0003 0.0002 0.9999949912230174 2e-06 3e-06 0.9999839460849762 7e-06 1e-05 4.512302977244059 0.09 0.09 123 
-2.225614554087321 0.0002 0.0002 0.9999951793750127 1e-06 2e-06 0.9999872720241547 6e-06 1e-05 4.512199951807658 0.07 0.07 64 
-2.2255712191263837 0.0003 0.0002 0.9999950760602951 2e-06 4e-06 0.9999859460194905 4e-06 7e-06 4.512239967981975 0.07 0.07 101 
-2.225553709665934 0.0002 0.0002 0.9999946590264638 2e-06 3e-06 0.9999851961930593 6e-06 1e-05 4.512297385533651 0.08 0.08 138 
-2.225653127034505 0.0002 0.0001 0.9999958268801371 1e-06 2e-06 0.9999876459439595 5e-06 8e-06 4.5120189078648885 0.07 0.07 36 
-2.225438985824585 2e-05 2e-05 0.9999946683645249 4e-07 5e-07 0.9999809579054515 2e-06 2e-06 4.51213176091512 0.06 0.06 23 
-2.2256609916687013 0.0002 0.0002 0.9999961970249812 1e-06 2e-06 0.9999861071507136 7e-06 1e-05 4.512082080841065 0.07 0.07 110 
-2.225599988301595 0.0002 0.0001 0.999995308915774 1e-06 3e-06 0.9999863515297572 6e-06 1e-05 4.511998772621155 0.08 0.08 135 
-2.2256102752685547 0.0002 0.0001 0.9999954770008723 1e-06 3e-06 0.9999878259499868 6e-06 1e-05 4.512165508270264 0.08 0.08 20 
-2.2254260635375975 2e-05 2e-05 0.9999944287538528 4e-07 3e-07 0.9999826292196909 6e-07 6e-07 4.5121429777145385 0.06 0.06 129 
-2.2256524976094565 0.0002 0.0002 0.9999955111742019 1e-06 2e-06 0.9999871800343195 7e-06 1e-05 4.5120781819025675 0.07 0.07 39 
-2.225566530227661 0.0003 0.0002 0.9999947116772334 2e-06 3e-06 0.9999877498547236 7e-06 9e-06 4.512206063270569 0.08 0.08 28 
-2.2256003348032634 0.0002 0.0002 0.999994953473409 1e-06 3e-06 0.999987373550733 6e-06 9e-06 4.512243860562642 0.08 0.08 127 
-2.2256173928578695 0.0002 0.0002 0.9999953969319662 1e-06 2e-06 0.9999873811006545 6e-06 1e-05 4.512188401222229 0.08 0.08 140 
-2.2255934556325276 0.0002 0.0001 0.9999954064687093 1e-06 2e-06 0.9999875841538112 6e-06 1e-05 4.512119164466858 0.08 0.08 10 
-2.225626598993937 0.0002 0.0002 0.9999955584605534 1e-06 2e-06 0.9999876807133357 6e-06 1e-05 4.512161588668823 0.07 0.07 130 
