-2.2258944193522137 0.0009 0.0004 0.999992782274882 4e-06 6e-06 0.9999869638681411 1e-05 2e-05 4.512094599405924 0.1 0.1 0 
-2.2251447010040284 0.002 0.0008 0.9999916460116705 4e-06 1e-05 0.999973285595576 2e-05 3e-05 4.5116427787144975 0.1 0.1 1 
-2.226129856109619 6e-05 4e-05 0.9999935098489126 1e-06 1e-06 0.9999971928199133 8e-07 5e-07 4.512783813476562 0.07 0.07 2 
-2.2246554406483967 0.003 0.001 0.9999885459740957 5e-06 1e-05 0.9999559714396795 3e-05 4e-05 4.512009181976318 0.1 0.1 3 
-2.2242122491200766 0.005 0.002 0.9999785486857097 1e-05 3e-05 0.9999470361073812 4e-05 0.0002 4.512281837463379 0.2 0.2 4 
-2.2230278491973876 0.006 0.002 0.9999445589383443 3e-05 0.0001 0.9999473502238592 5e-05 0.0002 4.512249218622843 0.2 0.2 5 
-2.224946190516154 0.003 0.0008 0.9999797972043355 1e-05 1e-05 0.9999601177374522 2e-05 0.0001 4.512325053215027 0.2 0.2 8 
-2.22554238319397 0.001 0.0007 0.9999865714708964 9e-06 2e-05 0.9999821484088898 1e-05 4e-05 4.511980425516764 0.1 0.1 10 
-2.2239927291870116 9e-05 9e-05 0.9999811639388402 3e-06 3e-06 0.9999488912026088 2e-06 2e-06 4.511849816640218 0.07 0.07 11 
-2.224145530064901 0.004 0.001 0.999970665772756 1e-05 2e-05 0.9999455924828847 5e-05 0.0001 4.5117434215545655 0.2 0.2 12 
-2.225013558069865 0.001 0.0007 0.9999865873654683 4e-06 7e-06 0.9999672480424245 2e-05 6e-05 4.51195255279541 0.1 0.1 14 
-2.2234827009836833 0.002 0.002 0.9999355391661326 4e-05 9e-05 0.999970546166102 2e-05 6e-05 4.512986701329549 0.2 0.2 15 
-2.2260660966237387 6e-05 4e-05 0.9999937214454016 2e-06 2e-06 0.9999974779287975 4e-07 4e-07 4.512757755915324 0.07 0.07 16 
-2.224823802312215 0.0005 0.0004 0.9999869910875956 3e-06 5e-06 0.9999610704183578 3e-05 5e-05 4.512042487462361 0.07 0.07 18 
-2.225886313120524 0.0002 0.0001 0.9999902770916621 3e-06 5e-06 0.9999961944421133 9e-07 2e-06 4.512953349749247 0.09 0.09 19 
-2.2259241199493407 8e-05 3e-05 0.9999900823831558 2e-06 2e-06 0.9999974711736044 6e-07 6e-07 4.51274976571401 0.08 0.08 20 
-2.224530356725057 0.006 0.001 0.9999788210789362 1e-05 3e-05 0.9999522676070531 4e-05 0.0002 4.512438065210978 0.2 0.2 21 
-2.2261810525258383 0.0001 0.0001 0.9999960670868556 2e-06 3e-06 0.9999966357151667 1e-06 2e-06 4.512408701578776 0.07 0.07 22 
-2.2260760339101155 0.0006 0.0003 0.999993200302124 5e-06 2e-05 0.9999957650899887 3e-06 6e-06 4.512448143959046 0.1 0.1 23 
-2.224709078470866 0.001 0.0008 0.9999830603599549 1e-05 3e-05 0.9999589411417643 2e-05 7e-05 4.511770952542623 0.09 0.09 24 
-2.224212268193563 0.003 0.001 0.9999682301282883 2e-05 3e-05 0.9999488719304402 2e-05 5e-05 4.512831460634867 0.2 0.2 25 
-2.2247802003224693 0.003 0.001 0.999990726908048 5e-06 9e-06 0.9999545147021611 3e-05 5e-05 4.511495944658916 0.1 0.1 27 
-2.224397309621175 0.005 0.002 0.9999920932451883 5e-06 3e-05 0.99994522412618 5e-05 0.0003 4.510934440294902 0.1 0.2 30 
-2.222920929590861 0.004 0.002 0.9999637605746587 2e-05 3e-05 0.9999362234274546 3e-05 0.0001 4.512229789098104 0.2 0.2 31 
-2.225852705637614 0.0006 0.0002 0.9999918319781621 3e-06 5e-06 0.9999812597036362 2e-05 4e-05 4.512246548334757 0.08 0.07 32 
-2.224238373438517 7e-05 7e-05 0.9999859901269277 2e-06 2e-06 0.9999363658825556 4e-06 4e-06 4.511373155911763 0.06 0.06 33 
-2.2248100312550863 0.001 0.0008 0.9999894773960114 5e-06 1e-05 0.9999512497584025 4e-05 0.0001 4.511759694417318 0.07 0.08 35 
-2.2242633883158365 0.003 0.001 0.9999822785456975 7e-06 1e-05 0.9999445768197378 2e-05 6e-05 4.511788471539815 0.1 0.1 36 
-2.2257105191548665 0.001 0.0006 0.9999801955620448 8e-06 2e-05 0.9999948491652807 4e-06 8e-06 4.512873406410217 0.1 0.1 37 
-2.224830280939738 0.0005 0.0004 0.9999916913112005 3e-06 5e-06 0.9999604988098144 1e-05 3e-05 4.511471095085144 0.09 0.09 38 
-2.2243610413869224 0.006 0.002 0.999974234898885 2e-05 4e-05 0.9999424767494202 4e-05 0.0002 4.512172746658325 0.2 0.2 39 
-2.2248092397054036 0.003 0.001 0.999982767701149 8e-06 2e-05 0.9999605329831441 4e-05 0.0002 4.512051928838094 0.2 0.2 40 
-2.224967918395996 0.003 0.001 0.9999892918268839 5e-06 1e-05 0.9999629046519597 3e-05 9e-05 4.512146436373393 0.1 0.1 41 
-2.2250372060139973 0.0002 0.0002 0.9999918899933498 2e-06 3e-06 0.9999640327692032 1e-05 2e-05 4.5120790036519365 0.08 0.08 42 
-2.225034023920695 0.002 0.0009 0.99999145368735 5e-06 1e-05 0.9999644615252813 3e-05 8e-05 4.511586912473043 0.1 0.1 43 
-2.2249854882558187 0.003 0.001 0.9999858792622884 9e-06 2e-05 0.9999677338202795 3e-05 0.0001 4.511271131833395 0.2 0.2 44 
-2.2231288242340086 0.003 0.001 0.9999500630299251 2e-05 4e-05 0.9999520802497863 2e-05 6e-05 4.51319977124532 0.2 0.2 47 
-2.223675775527954 0.0002 0.0002 0.9999910030762355 1e-06 2e-06 0.9999458481868108 1e-05 1e-05 4.51023213704427 0.05 0.05 48 
-2.223927930196126 0.002 0.002 0.9999644587437312 2e-05 5e-05 0.9999535085757574 3e-05 7e-05 4.512324131329854 0.2 0.2 49 
-2.2245889123280844 0.003 0.001 0.9999616678555806 2e-05 2e-05 0.999987442890803 7e-06 1e-05 4.514062051773071 0.2 0.2 50 
-2.22612011273702 5e-05 3e-05 0.9999914993842443 1e-06 1e-06 0.9999971860647201 9e-07 7e-07 4.512736306190491 0.07 0.07 51 
-2.2261636734008787 3e-05 3e-05 0.9999973845481872 9e-07 8e-07 0.9999954559405645 9e-07 1e-06 4.512415987650553 0.05 0.05 53 
-2.221591062545776 0.005 0.002 0.9999799480040868 1e-05 2e-05 0.9993232403198878 0.0002 0.0003 4.512119948069254 0.3 0.3 54 
-2.2250523376464844 0.002 0.0007 0.9999876254796982 5e-06 8e-06 0.999968609213829 1e-05 3e-05 4.51198832988739 0.1 0.1 55 
-2.2245535469055175 0.002 0.001 0.9999771547317505 1e-05 2e-05 0.9999559503793717 3e-05 8e-05 4.511936184565227 0.2 0.2 57 
-2.222994887034098 0.004 0.002 0.9999820123116175 7e-06 1e-05 0.9999111880858739 6e-05 0.0002 4.51043337504069 0.2 0.2 61 
-2.2262392679850262 2e-05 2e-05 0.9999968556563059 7e-07 7e-07 0.9999963239828745 8e-07 9e-07 4.512433843612671 0.05 0.05 62 
-2.2251225248972575 0.002 0.001 0.9999914453426997 6e-06 2e-05 0.9999647398789724 3e-05 0.0001 4.51174475034078 0.1 0.1 63 
-2.2261831378936767 0.0004 0.0002 0.9999947800238927 3e-06 8e-06 0.9999963754415512 2e-06 3e-06 4.51212460676829 0.06 0.06 64 
-2.225954828262329 2e-05 2e-05 0.9999869920810064 2e-06 2e-06 0.9999967485666275 1e-06 2e-06 4.512938017845154 0.08 0.08 65 
-2.2239828395843504 0.002 0.001 0.99996819794178 2e-05 3e-05 0.9999440920352936 4e-05 8e-05 4.513052282333374 0.2 0.2 66 
-2.226232010523478 1e-05 1e-05 0.9999966758489609 9e-07 7e-07 0.9999979426463445 6e-07 7e-07 4.512515665690104 0.06 0.06 67 
-2.2248333326975502 0.002 0.001 0.9999892634153366 6e-06 2e-05 0.9999655818939209 3e-05 6e-05 4.511350987752278 0.1 0.1 68 
-2.2246237277984617 0.002 0.0009 0.9999839558204016 6e-06 1e-05 0.999946458141009 2e-05 5e-05 4.5118758010864255 0.1 0.1 69 
-2.2261126200358072 0.0002 0.0001 0.9999937778711319 2e-06 4e-06 0.9999972154696782 1e-06 1e-06 4.512619134585063 0.08 0.08 70 
-2.224439293543498 0.002 0.0008 0.9999829641977946 5e-06 9e-06 0.9999499863386154 2e-05 4e-05 4.511937948862712 0.1 0.1 71 
-2.224724292755127 0.004 0.001 0.9999866243203481 7e-06 2e-05 0.9999548834562302 2e-05 5e-05 4.511750535964966 0.1 0.1 72 
-2.2254046122233073 0.003 0.0008 0.999989306529363 7e-06 2e-05 0.9999693671862284 2e-05 0.0001 4.511848443349202 0.1 0.1 73 
-2.2231716950734457 0.002 0.0007 0.9999777481953303 6e-06 1e-05 0.9998725366592407 3e-05 6e-05 4.5120493507385255 0.1 0.1 74 
-2.226083256403605 2e-05 2e-05 0.9999913007020951 2e-06 2e-06 0.9999959059556325 1e-06 1e-06 4.5128897301355995 0.08 0.08 75 
-2.2244723669687905 0.003 0.001 0.9999833498398463 8e-06 3e-05 0.999939314921697 4e-05 9e-05 4.511817768414815 0.1 0.1 76 
-2.2256208992004396 0.001 0.0006 0.9999857797225317 9e-06 1e-05 0.9999810220797857 2e-05 4e-05 4.512284059524536 0.1 0.1 77 
-2.2248020712534586 0.003 0.001 0.9999856275320053 7e-06 9e-06 0.9999490869045258 2e-05 4e-05 4.511845876375834 0.1 0.1 78 
-2.2243266264597574 0.002 0.001 0.9999847839275996 5e-06 1e-05 0.9999383972088496 3e-05 7e-05 4.511494431495667 0.1 0.1 79 
-2.224452969233195 0.001 0.0008 0.9999918478727341 5e-06 1e-05 0.9999544246991475 2e-05 7e-05 4.51092781384786 0.1 0.1 81 
-2.2239609972635903 0.004 0.002 0.9999760933717092 1e-05 1e-05 0.9999309968948364 4e-05 5e-05 4.511596597035726 0.1 0.1 82 
-2.2245247395833334 0.0004 0.0004 0.9999860221147537 2e-06 4e-06 0.9999481783310572 3e-05 6e-05 4.512015775044759 0.08 0.08 83 
-2.2246358744303385 0.003 0.001 0.9999846009413401 7e-06 2e-05 0.9999495138724644 4e-05 7e-05 4.511452086766561 0.1 0.1 84 
-2.224060977300008 0.004 0.001 0.9999780281384786 8e-06 1e-05 0.9999497699737548 3e-05 5e-05 4.5122647412618 0.1 0.1 86 
-2.226153237024943 7e-05 3e-05 0.9999964223305384 1e-06 1e-06 0.9999976934989293 7e-07 7e-07 4.512567451794943 0.06 0.06 87 
-2.2240736707051596 0.003 0.001 0.9999571257829666 2e-05 7e-05 0.9999408759673436 5e-05 0.0001 4.512811892827352 0.2 0.2 89 
-2.2260549227396647 0.001 0.0003 0.9999919231732687 6e-06 7e-06 0.9999964813391368 3e-06 6e-06 4.512334443728129 0.1 0.1 90 
-2.2237308502197264 0.003 0.002 0.9999454593658448 2e-05 7e-05 0.999946828087171 5e-05 0.0002 4.5129187933603925 0.2 0.2 93 
-2.2251890309651694 0.001 0.0005 0.9999849484364192 6e-06 9e-06 0.9999801059563954 2e-05 1e-05 4.511796525319418 0.1 0.1 94 
-2.2262453015645347 2e-05 2e-05 0.9999966382980346 9e-07 9e-07 0.999997452100118 8e-07 8e-07 4.512503026326497 0.06 0.06 95 
-2.2261311340332033 4e-05 3e-05 0.999993101755778 1e-06 1e-06 0.9999967410167059 9e-07 7e-07 4.51270628452301 0.06 0.06 97 
-2.225460186004639 0.0008 0.0004 0.9999945368369421 2e-06 3e-06 0.9999805744489034 1e-05 5e-05 4.511928364435832 0.1 0.1 99 
