-2.225235656102498 0.002 0.0009 0.9999779131015142 4e-06 1e-05 0.999986250201861 9e-06 2e-05 4.511855840682983 0.1 0.1 0 
-2.2252078501383465 0.002 0.0008 0.9999783021211625 4e-06 1e-05 0.9999845031897227 1e-05 2e-05 4.511851218541463 0.1 0.1 1 
-2.2250059922536214 0.002 0.0008 0.999978144566218 5e-06 6e-06 0.9999799597263336 1e-05 5e-05 4.511448591550192 0.1 0.1 2 
-2.2252430661519367 0.002 0.0008 0.9999788534641266 4e-06 1e-05 0.9999866112073262 8e-06 3e-05 4.511806626319885 0.1 0.1 3 
-2.2252793725331625 0.002 0.0008 0.9999788933992386 4e-06 1e-05 0.999986893137296 1e-05 2e-05 4.51173724492391 0.1 0.1 4 
-2.2251362959543863 0.002 0.0009 0.999976123770078 5e-06 1e-05 0.9999867375691732 8e-06 3e-05 4.511505352656046 0.1 0.1 5 
-2.22520445505778 0.003 0.0009 0.9999789502223333 4e-06 1e-05 0.99998594780763 9e-06 3e-05 4.51159907023112 0.1 0.1 6 
-2.2252537218729653 0.002 0.0009 0.9999789506196975 4e-06 1e-05 0.9999862257639567 9e-06 3e-05 4.511599520047506 0.1 0.1 7 
-2.225203488667806 0.003 0.0009 0.9999789563814799 4e-06 1e-05 0.9999852869908015 9e-06 3e-05 4.511924947102864 0.1 0.1 8 
-2.2252175935109455 0.003 0.0009 0.9999797749519348 4e-06 2e-05 0.9999857252836227 9e-06 3e-05 4.511710262298584 0.1 0.1 9 
-2.2251804002126057 0.002 0.0008 0.9999771682421367 4e-06 1e-05 0.9999857799212137 9e-06 3e-05 4.511711381276449 0.1 0.1 10 
-2.2252222220102946 0.002 0.0008 0.9999782864252726 4e-06 1e-05 0.9999866271018982 8e-06 3e-05 4.511911501884461 0.1 0.1 11 
-2.2252489058176677 0.002 0.0008 0.9999776291847229 4e-06 1e-05 0.9999867395559947 8e-06 2e-05 4.511638693809509 0.1 0.1 12 
-2.2252270412445068 0.002 0.0009 0.9999948136011759 4e-06 1e-05 0.9999858482678732 8e-06 3e-05 4.511952023506165 0.1 0.1 13 
-2.2252481905619304 0.002 0.0009 0.999979417125384 4e-06 1e-05 0.9999863654375076 9e-06 3e-05 4.511755530039469 0.1 0.1 14 
-2.2252878379821777 0.002 0.0008 0.9999794135491054 4e-06 1e-05 0.9999869547287623 9e-06 3e-05 4.511729938189188 0.1 0.1 15 
-2.2252651405334474 0.002 0.0009 0.9999798335631689 4e-06 1e-05 0.9999869988361995 9e-06 3e-05 4.511729173660278 0.1 0.1 16 
-2.2252285703023276 0.003 0.0009 0.9999776675303778 4e-06 1e-05 0.9999860592683156 9e-06 3e-05 4.5114948320388795 0.1 0.1 17 
-2.2252701409657796 0.002 0.0009 0.9999909017483394 4e-06 1e-05 0.999986584186554 9e-06 3e-05 4.51205133597056 0.1 0.1 18 
-2.2252184931437173 0.002 0.0009 0.9999789901574453 4e-06 1e-05 0.9999851324160893 1e-05 3e-05 4.511860464413961 0.1 0.1 19 
-2.2252560075124106 0.002 0.0009 0.9999792408943177 4e-06 1e-05 0.9999869513511658 9e-06 3e-05 4.511758955319722 0.1 0.1 20 
-2.2253137334187825 0.002 0.0008 0.9999807669719061 4e-06 1e-05 0.999987770318985 9e-06 2e-05 4.5118789259592695 0.1 0.1 21 
-2.2252838548024494 0.002 0.0008 0.9999786919355392 4e-06 1e-05 0.9999866688251495 1e-05 2e-05 4.511755444208781 0.1 0.1 22 
-2.2251826604207356 0.002 0.0009 0.9999768004814784 4e-06 1e-05 0.9999846134583156 9e-06 3e-05 4.511762660344441 0.1 0.1 23 
-2.225240488052368 0.002 0.0009 0.999978410800298 4e-06 1e-05 0.9999859378735224 9e-06 3e-05 4.511767528851827 0.1 0.1 24 
-2.2251135031382243 0.002 0.0009 0.9999783555666606 4e-06 1e-05 0.9999840803941091 1e-05 5e-05 4.511778796513875 0.2 0.2 25 
-2.225238987604777 0.002 0.0008 0.9999781546990076 4e-06 1e-05 0.9999871587753296 8e-06 2e-05 4.51167094707489 0.1 0.1 26 
-2.2252067629496257 0.002 0.0008 0.9999774885177612 5e-06 1e-05 0.9999866972366969 8e-06 2e-05 4.511660720507304 0.1 0.1 27 
-2.2251967112223308 0.002 0.0008 0.9999773422876994 4e-06 1e-05 0.9999861907958985 8e-06 3e-05 4.511773800849914 0.1 0.1 28 
-2.225240459442139 0.002 0.0008 0.999978234966596 4e-06 1e-05 0.9999865321318309 8e-06 2e-05 4.511774779955546 0.1 0.1 29 
-2.225257797241211 0.002 0.0009 0.9999794705708822 4e-06 1e-05 0.9999866543213526 9e-06 3e-05 4.511832502683004 0.1 0.1 30 
-2.225273545583089 0.002 0.0009 0.9999853088458379 4e-06 1e-05 0.9999852587779363 1e-05 3e-05 4.5120693922042845 0.1 0.1 31 
-2.225153684616089 0.003 0.0008 0.9999786194165547 4e-06 2e-05 0.9999799944957097 1e-05 3e-05 4.511655597686768 0.1 0.1 32 
-2.225228633880615 0.002 0.0009 0.9999794280529022 4e-06 1e-05 0.9999861983458201 9e-06 3e-05 4.5117058912913 0.1 0.1 33 
-2.225205577214559 0.003 0.0009 0.999977174003919 4e-06 1e-05 0.9999848705530167 1e-05 3e-05 4.5117591937383015 0.1 0.1 34 
-2.2252521832784016 0.003 0.0009 0.9999787894884745 4e-06 2e-05 0.9999861733118693 1e-05 3e-05 4.511768279075622 0.1 0.1 35 
-2.2251908874511717 0.002 0.0008 0.9999796299139658 4e-06 1e-05 0.9999849955240886 1e-05 3e-05 4.511527099609375 0.1 0.1 36 
-2.2250334135691325 0.002 0.001 0.9999781401952108 5e-06 1e-05 0.9999818569421768 1e-05 5e-05 4.511549223264058 0.2 0.2 37 
-2.225222193400065 0.002 0.0008 0.999978209733963 4e-06 1e-05 0.9999837698539098 1e-05 3e-05 4.511652083396911 0.1 0.1 38 
-2.2252016639709473 0.002 0.0008 0.9999782182772954 4e-06 1e-05 0.9999859029054642 8e-06 3e-05 4.511652868588765 0.1 0.1 39 
-2.2252174345652262 0.002 0.0008 0.9999773599704107 5e-06 1e-05 0.9999868836005529 8e-06 2e-05 4.5115724325180055 0.1 0.1 40 
-2.2252699756622314 0.002 0.0009 0.9999798645575841 4e-06 1e-05 0.9999861075480779 1e-05 3e-05 4.511812602678935 0.1 0.1 41 
-2.2251992988586426 0.002 0.0008 0.9999774742126465 4e-06 1e-05 0.9999857066075007 9e-06 3e-05 4.511736254692078 0.1 0.1 42 
-2.2252710469563803 0.002 0.0009 0.9999798242251078 4e-06 1e-05 0.9999867514769236 1e-05 2e-05 4.5117446867624915 0.1 0.1 43 
-2.225199015935262 0.002 0.0008 0.9999771718184153 4e-06 1e-05 0.9999857215086619 9e-06 3e-05 4.5117926597595215 0.1 0.1 44 
-2.225177847544352 0.002 0.0008 0.9999773959318797 5e-06 1e-05 0.9999866131941477 8e-06 3e-05 4.5116729640960695 0.1 0.1 45 
-2.225269069671631 0.002 0.0008 0.9999786057074864 4e-06 1e-05 0.9999869259198507 1e-05 2e-05 4.511769200960795 0.1 0.1 46 
-2.2252656396230064 0.003 0.0009 0.9999790060520172 4e-06 2e-05 0.9999860705931981 1e-05 3e-05 4.511603603363037 0.1 0.1 47 
-2.225182259877523 0.002 0.0008 0.9999771525462469 5e-06 1e-05 0.9999863996108374 8e-06 3e-05 4.511747350692749 0.1 0.1 48 
-2.2252642726898193 0.002 0.0009 0.9999794147411982 4e-06 1e-05 0.9999867733319601 9e-06 3e-05 4.511843797365825 0.1 0.1 49 
-2.225299037297567 0.003 0.0008 0.9999775171279908 4e-06 1e-05 0.9999867804845174 8e-06 2e-05 4.511438174247742 0.1 0.1 50 
-2.2251962566375734 0.003 0.0009 0.9999785675605138 4e-06 1e-05 0.9999849750598272 1e-05 4e-05 4.51154926776886 0.1 0.1 51 
-2.225106299718221 0.003 0.0009 0.9999780609210333 4e-06 2e-05 0.9999831134080887 1e-05 5e-05 4.512056786219279 0.2 0.2 52 
-2.2253015359242756 0.002 0.0008 0.999979124267896 4e-06 1e-05 0.9999873809019725 9e-06 2e-05 4.511766440073649 0.1 0.1 53 
-2.2252093187967934 0.002 0.0009 0.9999782973527909 4e-06 1e-05 0.9999857022364934 9e-06 3e-05 4.511781322161356 0.1 0.1 54 
-2.2252088260650633 0.002 0.0008 0.999978269735972 4e-06 1e-05 0.9999860280752182 9e-06 3e-05 4.511746862729391 0.1 0.1 55 
-2.225212608973185 0.003 0.0009 0.999978736837705 4e-06 2e-05 0.9999855756759644 9e-06 3e-05 4.511650751431783 0.1 0.1 56 
-2.2252981154123943 0.002 0.0008 0.999980065425237 4e-06 1e-05 0.9999865800142288 1e-05 2e-05 4.511788255373637 0.1 0.1 57 
-2.2252399063110353 0.002 0.0009 0.9999790461858113 4e-06 1e-05 0.9999866529305776 9e-06 3e-05 4.511736299196879 0.1 0.1 58 
-2.2252451292673747 0.003 0.0009 0.9999796547492346 4e-06 1e-05 0.9999864651759466 9e-06 3e-05 4.511634933153788 0.1 0.1 59 
-2.2251309617360433 0.002 0.0009 0.9999789275725682 4e-06 1e-05 0.9999824200073878 1e-05 6e-05 4.511851534843445 0.2 0.2 60 
-2.225238822301229 0.002 0.0009 0.9999785802761714 4e-06 1e-05 0.9999866072336833 9e-06 3e-05 4.5117727518081665 0.1 0.1 61 
-2.2252788829803465 0.002 0.0009 0.9999793461958567 4e-06 1e-05 0.9999866892894109 9e-06 3e-05 4.511577676137288 0.1 0.1 62 
-2.2252082029978433 0.002 0.0009 0.9999771763881048 4e-06 1e-05 0.9999863531192144 8e-06 3e-05 4.511701676050822 0.1 0.1 63 
-2.225228850046794 0.002 0.0008 0.999978731473287 4e-06 1e-05 0.9999868822097778 8e-06 2e-05 4.511740255355835 0.1 0.1 64 
-2.2252321910858153 0.003 0.0009 0.9999782747030258 4e-06 2e-05 0.9999851528803507 9e-06 3e-05 4.5120077832539875 0.1 0.1 65 
-2.2253004995981853 0.002 0.0008 0.9999791854619979 4e-06 1e-05 0.9999873528877894 9e-06 2e-05 4.511752864519755 0.1 0.1 66 
-2.225232547124227 0.002 0.0009 0.9999795287847519 4e-06 1e-05 0.9999860618511835 9e-06 3e-05 4.51195672194163 0.1 0.1 67 
-2.2252124309539796 0.003 0.0009 0.9999783869584401 4e-06 2e-05 0.9999851741393407 9e-06 3e-05 4.511446857452393 0.1 0.1 68 
-2.225166997909546 0.002 0.0009 0.9999779792626698 5e-06 1e-05 0.9999857918421428 9e-06 3e-05 4.511781498591105 0.1 0.1 69 
-2.2252272605895995 0.002 0.0007 0.999978264371554 4e-06 1e-05 0.9999855955441793 1e-05 2e-05 4.511545637448629 0.1 0.1 70 
-2.2251783402760825 0.002 0.0008 0.9999776420990626 5e-06 1e-05 0.9999858923753102 8e-06 3e-05 4.511705226898194 0.1 0.1 71 
-2.2251993465423583 0.002 0.0008 0.999978014032046 4e-06 1e-05 0.9999828658501307 1e-05 2e-05 4.5120255517959595 0.1 0.1 72 
-2.2252358309427898 0.002 0.0009 0.9999790191650391 4e-06 1e-05 0.999986721475919 8e-06 3e-05 4.511767225265503 0.1 0.1 73 
-2.2252268346150714 0.002 0.0009 0.9999775604406993 5e-06 1e-05 0.9999857413768768 9e-06 2e-05 4.511746743520101 0.1 0.1 74 
-2.225161590576172 0.002 0.0009 0.9999783368905385 4e-06 1e-05 0.9999844650427501 1e-05 6e-05 4.512019098599752 0.1 0.2 75 
-2.225257485707601 0.002 0.0009 0.9999792756636937 4e-06 1e-05 0.9999862273534139 9e-06 2e-05 4.511827592849731 0.1 0.1 76 
-2.225134464899699 0.002 0.0007 0.9999788671731948 4e-06 5e-06 0.9999822570880255 1e-05 5e-05 4.5119717502593994 0.1 0.2 77 
-2.225283972422282 0.002 0.0008 0.999979503552119 4e-06 1e-05 0.9999873483181 8e-06 2e-05 4.511796636581421 0.1 0.1 78 
-2.225254077911377 0.002 0.0009 0.9999779212474823 4e-06 1e-05 0.9999866245190302 9e-06 2e-05 4.511610136032105 0.1 0.1 79 
-2.2251681677500406 0.002 0.0008 0.9999767225980759 5e-06 1e-05 0.9999861874183019 8e-06 3e-05 4.511761353810628 0.1 0.1 80 
-2.2252138296763104 0.003 0.0009 0.9999788010120392 4e-06 2e-05 0.999986102382342 9e-06 3e-05 4.511726001103719 0.1 0.1 81 
-2.225165185928345 0.002 0.0008 0.9999792820215225 4e-06 6e-06 0.9999834241469702 1e-05 7e-05 4.511795344352723 0.2 0.2 82 
-2.225275224049886 0.002 0.0009 0.999979043006897 4e-06 1e-05 0.9999869084358215 9e-06 3e-05 4.511688895225525 0.1 0.1 83 
-2.2252251211802165 0.003 0.0009 0.9999791085720062 4e-06 1e-05 0.9999860751628876 9e-06 3e-05 4.51177220026652 0.1 0.1 84 
-2.2253007062276207 0.002 0.0008 0.9999931091070176 4e-06 1e-05 0.9999869352579117 1e-05 2e-05 4.511999708811442 0.1 0.1 85 
-2.225210558573405 0.002 0.0008 0.9999787020683288 4e-06 1e-05 0.9999858512481054 9e-06 4e-05 4.511909502347311 0.1 0.1 86 
-2.225149402618408 0.002 0.0008 0.9999788709481557 4e-06 1e-05 0.9999818211793899 1e-05 2e-05 4.511797512372334 0.1 0.1 87 
-2.2252547709147135 0.002 0.0008 0.9999791284402212 4e-06 1e-05 0.9999848773082097 1e-05 2e-05 4.511420437494913 0.1 0.1 88 
-2.225266230901082 0.002 0.0008 0.9999788830677668 4e-06 1e-05 0.9999865720669429 8e-06 3e-05 4.511646563212077 0.1 0.1 89 
-2.225340000788371 0.002 0.0008 0.9999795367320379 4e-06 1e-05 0.9999878960847854 9e-06 2e-05 4.511806381543478 0.1 0.1 90 
-2.225157009760539 0.002 0.0009 0.9999769802888234 5e-06 1e-05 0.9999862084786098 8e-06 3e-05 4.511538117726644 0.1 0.1 91 
-2.225192419687907 0.003 0.0009 0.9999786619345347 4e-06 2e-05 0.9999852416912715 1e-05 3e-05 4.5119659948349 0.1 0.1 92 
-2.225163170496623 0.002 0.0009 0.9999776562054952 5e-06 1e-05 0.9999850646654764 1e-05 3e-05 4.511751804351807 0.1 0.1 93 
-2.2252433172861736 0.003 0.0008 0.9999787096182505 4e-06 1e-05 0.9999863813320796 9e-06 3e-05 4.511923400561015 0.1 0.1 94 
-2.2252780183156333 0.002 0.0008 0.9999791514873505 4e-06 1e-05 0.9999871987104416 8e-06 3e-05 4.511761393547058 0.1 0.1 95 
-2.2251747385660807 0.002 0.0008 0.9999770973126093 5e-06 1e-05 0.999986359278361 8e-06 3e-05 4.5120472208658855 0.1 0.1 96 
-2.225323076248169 0.002 0.0008 0.9999803173542022 4e-06 1e-05 0.9999873224894206 1e-05 2e-05 4.5118837070465085 0.1 0.1 97 
-2.2252212715148927 0.002 0.0008 0.9999792951345444 4e-06 1e-05 0.9999862438440323 9e-06 3e-05 4.511843563715617 0.1 0.1 98 
-2.225189898808797 0.003 0.0009 0.9999788018067678 4e-06 2e-05 0.9999815026919047 1e-05 3e-05 4.511742380460103 0.1 0.1 99 
