-2.224419819513957 0.005 0.002 0.9999785202741623 9e-06 2e-05 0.9999870187044144 1e-05 6e-05 4.510950090090434 0.2 0.2 0 
-2.225166149139404 0.001 0.0006 0.9999928565820059 4e-06 9e-06 0.9999887412786483 8e-06 3e-05 4.511665884653727 0.1 0.1 1 
-2.136302512486776 0.002 0.0008 0.9998508554697036 4e-05 8e-05 0.9949928897619248 4e-05 7e-05 4.444435445467631 0.1 0.1 2 
-2.2253716373443604 0.002 0.001 0.9999763413270315 6e-06 7e-05 0.9999868090947469 8e-06 6e-05 4.512225742340088 0.1 0.1 3 
-2.1353940836588543 0.005 0.002 0.9998432459433874 5e-05 0.0001 0.9949635481834411 8e-05 0.0002 4.444175585110982 0.2 0.2 4 
-2.2248241742451986 0.006 0.001 0.9999761817852656 6e-06 2e-05 0.999987247188886 1e-05 0.0004 4.5116410175959265 0.2 0.2 5 
-2.1359415817260743 0.001 0.001 0.9998468792438507 4e-05 6e-05 0.9949821283419927 6e-05 8e-05 4.444082439740499 0.1 0.1 6 
-2.13647510210673 0.003 0.001 0.9998520880937576 4e-05 9e-05 0.9949946900208791 5e-05 9e-05 4.444277283350627 0.1 0.1 8 
-2.2249980545043946 0.003 0.0009 0.9999891940752665 4e-06 2e-05 0.9999822368224461 1e-05 9e-05 4.511652614275614 0.2 0.2 9 
-2.224110673268636 0.005 0.002 0.999986097017924 8e-06 3e-05 0.9999780317147573 2e-05 0.0001 4.510621698697408 0.2 0.2 10 
-2.2243208408355715 0.006 0.002 0.9999798425038655 8e-06 4e-05 0.9999824017286301 2e-05 9e-05 4.511342384020487 0.2 0.2 11 
-2.2249053064982096 0.001 0.0005 0.9999808895587922 3e-06 8e-06 0.9999854336182277 9e-06 3e-05 4.5122469774882 0.2 0.2 13 
-2.22480011622111 0.001 0.0008 0.9999857101837794 5e-06 2e-05 0.9999864284197489 7e-06 2e-05 4.511672108968099 0.1 0.1 14 
-2.223960860570272 0.002 0.0007 0.9997651932636896 7e-06 1e-05 0.9999800541003545 1e-05 5e-05 4.518065266609192 0.1 0.2 15 
-2.135906009674072 0.001 0.001 0.9998478490114212 4e-05 6e-05 0.9949803920586904 6e-05 8e-05 4.444111814498902 0.1 0.1 16 
-2.1363018226623534 0.003 0.0009 0.9998515792687734 3e-05 7e-05 0.9949909508228302 5e-05 9e-05 4.4444057114919024 0.1 0.1 17 
-2.13581768989563 0.0009 0.0006 0.9998424059152603 4e-05 5e-05 0.9949768972396851 5e-05 8e-05 4.444254008928935 0.09 0.09 18 
-2.1355902099609376 0.005 0.002 0.9998436355590821 6e-05 0.0001 0.9949741876125335 7e-05 0.0002 4.444251457850139 0.2 0.2 19 
-2.1354647382100422 0.003 0.002 0.9998361913363139 5e-05 8e-05 0.9949817975362142 6e-05 0.0001 4.443908700942993 0.1 0.1 20 
-2.2249226220448812 0.008 0.002 0.9999897400538127 9e-06 5e-05 0.9999841088056565 1e-05 5e-05 4.511388864517212 0.2 0.2 21 
-2.224973389307658 0.004 0.001 0.9999892773230871 7e-06 2e-05 0.999978720943133 2e-05 7e-05 4.511661458015442 0.2 0.2 22 
-2.2251077270507813 0.002 0.0008 0.9999902981519699 3e-06 8e-06 0.9999883315960566 1e-05 3e-05 4.511777591705322 0.1 0.2 23 
-2.224691015879313 0.006 0.002 0.9999909255901972 8e-06 5e-05 0.9999795645475388 2e-05 0.0001 4.510967281659444 0.3 0.3 24 
-2.1362377421061196 0.002 0.0007 0.9998503214120865 4e-05 7e-05 0.9949954108397165 5e-05 6e-05 4.444414792060852 0.1 0.1 25 
-2.2237734349568683 0.008 0.003 0.9999841715892156 2e-05 7e-05 0.999978346824646 2e-05 0.0002 4.510660009384155 0.2 0.2 27 
-2.2250123405456543 0.002 0.0007 0.9999862432479858 4e-06 1e-05 0.9999886087576548 7e-06 5e-05 4.511661712328593 0.1 0.1 28 
-2.2248848247528077 0.003 0.001 0.9999793003002803 7e-06 1e-05 0.9999685468276341 2e-05 3e-05 4.5121666526794435 0.1 0.1 29 
-2.1360087617238364 0.002 0.0009 0.9998490039507548 4e-05 6e-05 0.9949806863069535 6e-05 9e-05 4.44443419456482 0.1 0.1 30 
-2.135914732615153 0.002 0.001 0.9998464492956797 4e-05 7e-05 0.9949814426898956 6e-05 9e-05 4.44417103767395 0.1 0.1 31 
-1.7282537269592284 0.001 0.0006 0.9950747911135356 0.0003 0.0004 0.9643742305040359 0.0005 0.0005 4.04628298441569 0.1 0.1 32 
-2.2246409956614177 0.002 0.0009 0.9999848047892252 4e-06 6e-06 0.9999840937058131 1e-05 5e-05 4.511807683308919 0.2 0.2 33 
-2.224602613449097 0.007 0.002 0.9999881941080093 8e-06 3e-05 0.999988683462143 1e-05 9e-05 4.511153907775879 0.2 0.2 34 
-2.224740114212036 0.002 0.0008 0.9999845325946808 3e-06 4e-06 0.9999841741720835 9e-06 7e-05 4.511783043543498 0.2 0.1 35 
-2.1362430540720623 0.002 0.0007 0.9998468476533889 4e-05 7e-05 0.9949537607034048 5e-05 5e-05 4.444484672546387 0.1 0.1 36 
-2.1359410444895426 0.002 0.001 0.9998384704192479 4e-05 6e-05 0.9949674981832505 5e-05 0.0001 4.444159609476725 0.1 0.1 37 
-1.7268155256907145 0.001 0.0008 0.9949869040648143 0.0003 0.0003 0.9643841834863027 0.0004 0.0004 4.044637899398804 0.04 0.04 38 
-2.1358931414286295 0.002 0.001 0.9998441751797994 4e-05 7e-05 0.9949437608321507 6e-05 0.0001 4.444175550142924 0.1 0.1 39 
-2.135921611785889 0.0007 0.0006 0.9998464641968409 4e-05 5e-05 0.9949815821647644 5e-05 6e-05 4.444276371002197 0.1 0.1 40 
-2.135259993871053 0.005 0.002 0.9998405182361603 5e-05 0.0001 0.9949780784050624 7e-05 0.0001 4.443810345331828 0.2 0.2 41 
-2.225259167353312 0.001 0.0006 0.9999927608172099 3e-06 9e-06 0.9999882531166077 7e-06 4e-05 4.511821935971578 0.1 0.1 42 
-2.1358185895284016 0.001 0.0008 0.9998462839921316 4e-05 6e-05 0.9949726672967275 6e-05 8e-05 4.444039166768392 0.1 0.1 43 
-2.1361615594228107 0.001 0.0009 0.9998482251167298 4e-05 6e-05 0.9949868482351303 5e-05 7e-05 4.444298467636108 0.1 0.1 44 
-2.224742078781128 0.006 0.002 0.9999744518597921 9e-06 7e-05 0.9999648002783458 3e-05 0.0002 4.5114143323898315 0.2 0.2 45 
-2.2252220980326336 0.004 0.001 0.9999888710180919 3e-06 2e-05 0.9999822511275609 2e-05 7e-05 4.512237321535746 0.2 0.2 46 
-2.2250137615203855 0.002 0.0008 0.9999916418393453 4e-06 1e-05 0.9999909849961599 6e-06 6e-05 4.511669807434082 0.1 0.2 47 
-2.2229069519042968 0.3 0.004 0.9999845570325852 2e-05 0.0004 0.9999161583185195 8e-05 0.02 4.510089794794719 0.4 0.3 48 
-2.224677076339722 0.009 0.001 0.9999908767143886 6e-06 3e-05 0.99998344262441 1e-05 0.0006 4.510850470860799 0.2 0.2 49 
-2.223978007634481 0.008 0.003 0.9999884502092997 1e-05 5e-05 0.9999766544500986 2e-05 0.0002 4.511216390927633 0.2 0.2 50 
-2.2243346881866457 0.006 0.002 0.9999870282411575 1e-05 3e-05 0.999986178278923 1e-05 9e-05 4.51102666536967 0.2 0.2 51 
-2.2245287768046063 0.005 0.001 0.9999581764141718 6e-06 2e-05 0.9999878259499868 1e-05 7e-05 4.512312451998393 0.2 0.2 52 
-2.1361089674631755 0.002 0.0007 0.9998489640156428 4e-05 6e-05 0.9949886230627696 4e-05 7e-05 4.4444096485773725 0.1 0.1 53 
-1.7277596060434977 0.001 0.0007 0.995057586034139 0.0004 0.0004 0.9643616839249929 0.0005 0.0005 4.046008838812511 0.1 0.1 54 
-2.2249812666575113 0.0009 0.0004 0.9999876417716345 3e-06 6e-06 0.9999884601434071 7e-06 2e-05 4.511805273691813 0.1 0.1 55 
-2.2249442958831787 0.004 0.001 0.999982797106107 4e-06 1e-05 0.999984729886055 1e-05 6e-05 4.511301019986471 0.2 0.2 56 
-2.225068594614665 0.005 0.001 0.9999911946058273 6e-06 3e-05 0.9999876191218694 1e-05 6e-05 4.511670336723328 0.2 0.2 57 
-2.225098975499471 0.001 0.0006 0.9999944065014521 3e-06 8e-06 0.9999901471535365 6e-06 3e-05 4.511690657933553 0.1 0.1 58 
-2.2246547317504883 0.002 0.001 0.9999909762541453 5e-06 1e-05 0.9999805535872778 2e-05 5e-05 4.511607824961344 0.2 0.2 59 
-2.225324732462565 0.003 0.0009 0.9999848747253418 4e-06 1e-05 0.9999898783365886 8e-06 5e-05 4.512051250139872 0.1 0.2 60 
-2.2251917107899986 0.001 0.0004 0.9999943427244822 2e-06 9e-06 0.9999891779820125 8e-06 4e-05 4.511626596450806 0.1 0.1 61 
-2.2245712280273438 0.001 0.0008 0.9999801856279373 4e-06 8e-06 0.9999891966581345 9e-06 2e-05 4.511171239217123 0.2 0.2 62 
-2.2251139291127524 0.003 0.0008 0.9999896303812663 3e-06 1e-05 0.9999865438540777 1e-05 8e-05 4.511723650296529 0.2 0.2 63 
-2.2251737117767334 0.002 0.0007 0.99999354104201 4e-06 1e-05 0.9999890470504761 9e-06 4e-05 4.511566777229309 0.1 0.1 64 
-2.04677220026652 8e-05 6e-05 0.9990100955963135 6e-05 6e-05 0.9910406730572383 0.0004 0.0004 4.4186352984110515 0.09 0.09 65 
-1.7280753548940022 0.001 0.0009 0.9950705424944559 0.0003 0.0004 0.964363800684611 0.0004 0.0005 4.046331130663554 0.1 0.1 67 
-2.1354007657368976 0.005 0.002 0.9998419046401977 6e-05 0.0001 0.9949751245975494 7e-05 0.0002 4.443969389597575 0.2 0.2 69 
-2.225028794606527 0.004 0.001 0.9999888638655344 8e-06 8e-05 0.9999861715237299 1e-05 0.0002 4.511368103027344 0.2 0.2 71 
-2.1361773268381756 0.003 0.0008 0.9998432419697444 4e-05 6e-05 0.9949693506956101 6e-05 0.0001 4.444400909741719 0.1 0.1 72 
-2.225168670018514 0.001 0.0005 0.9999916664759319 3e-06 8e-06 0.9999899409214655 6e-06 3e-05 4.511883861223857 0.1 0.2 73 
-2.1359465312957764 0.001 0.0007 0.9998441129922867 4e-05 5e-05 0.9949794481197993 6e-05 8e-05 4.444298013051351 0.1 0.1 74 
-2.135824499130249 0.001 0.0009 0.999845353960991 4e-05 5e-05 0.99497694114844 5e-05 7e-05 4.444137557347616 0.1 0.1 75 
-2.225179847081502 0.003 0.0008 0.9999858421087265 4e-06 3e-05 0.9999869245290757 1e-05 9e-05 4.511503121058146 0.2 0.2 76 
-2.224398657480876 0.005 0.002 0.9999806574980418 7e-06 3e-05 0.9999835799137752 1e-05 3e-05 4.511422100067139 0.1 0.1 77 
-2.2243053086598716 0.004 0.002 0.9999892578522365 8e-06 3e-05 0.9999800455570221 2e-05 0.0001 4.511068213780721 0.2 0.2 78 
-2.224924128850301 0.001 0.001 0.9999549033244451 5e-06 1e-05 0.9999850593010584 1e-05 4e-05 4.512920120557149 0.1 0.1 79 
-2.224933443069458 0.002 0.0008 0.99997600654761 4e-06 2e-05 0.9999874524275462 8e-06 5e-05 4.511576477686564 0.1 0.1 80 
-2.2245323626200357 0.005 0.001 0.9999872259298961 6e-06 1e-05 0.9999837237596512 1e-05 0.0002 4.510995982487996 0.2 0.2 81 
-2.1360007540384927 0.0008 0.0007 0.9998468784491221 4e-05 5e-05 0.9949776160717011 6e-05 8e-05 4.444141211509705 0.1 0.1 82 
-2.2244568570454915 0.005 0.002 0.9999807731310526 8e-06 3e-05 0.999989076256752 1e-05 5e-05 4.511184770266215 0.2 0.2 83 
-2.224258410135905 0.004 0.002 0.9999841022491455 7e-06 3e-05 0.999961999853452 2e-05 7e-05 4.510812242825826 0.2 0.2 84 
-2.2250632794698078 0.001 0.0008 0.9999891956647237 3e-06 1e-05 0.9999896415074666 7e-06 4e-05 4.511614181200663 0.2 0.2 85 
-2.225197976430257 0.003 0.001 0.9999744121233622 6e-06 2e-05 0.9999794417619705 2e-05 5e-05 4.513333937327067 0.2 0.2 86 
-2.2243383344014487 0.003 0.001 0.9999918059508006 4e-06 3e-05 0.9999833285808564 1e-05 4e-05 4.511276057561239 0.2 0.2 87 
-2.223984152475993 0.004 0.002 0.9999859499931335 9e-06 2e-05 0.9999788922071456 2e-05 0.0001 4.51074082215627 0.2 0.2 88 
-2.2251646836598713 0.002 0.0008 0.9999932165940603 3e-06 8e-06 0.9999920852979024 5e-06 3e-05 4.511865790685018 0.1 0.1 89 
-2.2251453240712484 0.0008 0.0003 0.9999930469195047 1e-06 3e-06 0.9999886012077331 6e-06 3e-05 4.511632518768311 0.1 0.1 90 
-2.2247349643707275 0.008 0.002 0.9999759505192439 8e-06 8e-05 0.9999860751628876 1e-05 9e-05 4.512059478759766 0.2 0.2 91 
-2.225480327606201 0.004 0.001 0.9999841405948003 5e-06 2e-05 0.9999884500106175 1e-05 9e-05 4.511542572975158 0.2 0.2 92 
-2.2255338605244956 0.003 0.0009 0.9999782413244247 5e-06 3e-05 0.9999939352273941 5e-06 3e-05 4.512157427469889 0.2 0.2 93 
-2.2241925557454425 0.007 0.002 0.9999508303403855 1e-05 5e-05 0.999983482559522 1e-05 7e-05 4.5121719980239865 0.2 0.2 94 
-2.1361738586425782 0.003 0.0007 0.9998413799206416 3e-05 6e-05 0.9949796444177628 5e-05 9e-05 4.444431206385294 0.1 0.1 95 
-2.224345947901408 0.005 0.002 0.9999885668357213 7e-06 3e-05 0.9999768920739491 2e-05 9e-05 4.510900030136108 0.2 0.2 96 
-2.224890584945679 0.01 0.001 0.9999906893571218 4e-06 1e-05 0.9999845373630524 1e-05 0.001 4.51141773223877 0.2 0.1 97 
-2.225407215754191 0.002 0.0009 0.9999833776553472 4e-06 3e-05 0.9999897344907125 9e-06 3e-05 4.511633709271749 0.1 0.1 98 
