-2.2206935914357504 0.007 0.005 0.9999705874919891 5e-06 7e-06 0.9998329250017802 0.0001 0.0002 4.512556381225586 0.3 0.3 2 
-2.221294422149658 0.003 0.002 0.9999621095259984 8e-06 8e-06 0.9999102894465128 6e-05 7e-05 4.510843375523885 0.3 0.3 9 
-2.2205420271555583 0.007 0.005 0.9999608447154363 6e-06 6e-06 0.9998447575171788 0.0001 0.0002 4.508473149935404 0.3 0.3 24 
-2.2244803460439044 0.006 0.002 0.9999810506900152 6e-06 2e-05 0.9999729313453039 2e-05 7e-05 4.512046545346578 0.1 0.1 32 
-2.221367835998535 0.004 0.003 0.9999724016586939 7e-06 8e-06 0.9998972866932551 9e-05 0.0001 4.5094936037063595 0.3 0.3 40 
-2.2208059946695964 0.01 0.003 0.999946074684461 2e-05 4e-05 0.9997576677799225 0.0002 0.0005 4.5002965052922566 0.3 0.3 46 
-2.224017070134481 0.001 0.001 0.9999758752187093 5e-06 5e-06 0.9999541240930557 4e-05 5e-05 4.511472371419271 0.2 0.2 59 
-2.224657119115194 0.005 0.002 0.9999749443928401 6e-06 2e-05 0.9999774607022603 2e-05 6e-05 4.512124592463175 0.1 0.1 64 
-2.2218428643544517 0.005 0.003 0.9999594002962112 6e-06 7e-06 0.9998884395758311 8e-05 0.0001 4.510852723121643 0.3 0.3 67 
-2.2235427951812743 0.0004 0.0002 0.9999676970640818 4e-06 1e-05 0.9999360464016597 2e-05 4e-05 4.514155785242717 0.1 0.1 71 
-2.2250167401631673 0.002 0.001 0.9999733253320058 4e-06 5e-06 0.9999791204929351 2e-05 3e-05 4.5121861298878985 0.1 0.1 74 
-2.224524720509847 0.0001 0.0001 0.9999794801076253 1e-06 2e-06 0.9999641005198161 8e-06 9e-06 4.511085834503174 0.1 0.1 84 
-2.2206797313690188 0.01 0.005 0.9999822880824407 8e-06 2e-05 0.9998506327470144 0.0001 0.0003 4.510932865142823 0.3 0.3 87 
-2.222121483484904 0.002 0.002 0.9999690689643224 7e-06 9e-06 0.9999322221676509 5e-05 6e-05 4.509995447794596 0.2 0.2 95 
-2.220463654200236 0.007 0.005 0.9999650877714157 5e-06 7e-06 0.9998514147599539 0.0001 0.0002 4.510929129918416 0.3 0.3 98 
