-2.2057065963745117 0.02 0.004 0.9999105254809062 4e-05 0.0002 0.9997916299104691 6e-05 7e-05 4.500397729873657 0.08 0.07 5 
-2.21757674853007 0.004 0.002 0.9998666805028915 3e-05 4e-05 0.9998328719536463 1e-05 5e-05 4.5091718403498335 0.2 0.2 6 
-2.216761016845703 0.005 0.002 0.9999269837141037 3e-05 7e-05 0.9999855585892995 1e-05 4e-05 4.506758300463359 0.1 0.1 8 
-2.223104476928711 0.0005 0.0004 0.9999646222591401 7e-06 1e-05 0.9999190682172775 2e-05 2e-05 4.510544255574544 0.09 0.09 11 
-2.2122462940216066 0.002 0.001 0.9999297889073689 1e-05 2e-05 0.9999792110919953 1e-05 3e-05 4.5039687283833825 0.07 0.07 15 
-2.213294823964437 0.006 0.003 0.9999186408519745 4e-05 0.0003 0.9999930783112844 5e-06 2e-05 4.505657200813293 0.1 0.1 16 
-2.223939218521118 0.06 0.002 0.9998881075779597 8e-05 0.0004 0.9999718485275905 1e-05 3e-05 4.514391331672669 0.1 0.2 18 
-2.2161891905466717 0.006 0.004 0.9999332000811895 3e-05 7e-05 0.9997361038128535 6e-05 0.0001 4.503402045567831 0.1 0.1 22 
-2.2200005785624186 0.004 0.0009 0.9999459747473399 2e-05 4e-05 0.9999960013230642 3e-06 1e-05 4.509818971951803 0.09 0.09 23 
-2.2194946161905924 0.004 0.002 0.9999388843774796 2e-05 6e-05 0.999881247083346 2e-05 2e-05 4.50866575717926 0.1 0.1 24 
-2.2175183645884196 0.003 0.002 0.9999517031510671 2e-05 0.0002 0.9985171320041021 5e-05 0.0001 4.5193163108825685 0.2 0.2 25 
-2.216481189727783 0.002 0.001 0.9999233249823253 2e-05 2e-05 0.9999080012242 3e-05 6e-05 4.506246738433838 0.08 0.08 26 
-2.225380713144938 0.0009 0.0005 0.9999852617581685 1e-05 2e-05 0.9999433366457621 2e-05 4e-05 4.5119222609202065 0.1 0.1 29 
-2.2209103107452393 0.001 0.001 0.9999383473396302 2e-05 6e-05 0.9999453188975652 2e-05 7e-05 4.506118040084839 0.1 0.2 30 
-2.222350861231486 0.002 0.001 0.9999613906939825 2e-05 5e-05 0.99971759279569 8e-05 9e-05 4.507222336133321 0.1 0.1 31 
-2.2149204953511554 0.01 0.005 0.9999247088034948 5e-05 0.0002 0.9999470529953639 4e-05 0.0001 4.502917623519897 0.1 0.1 33 
-2.2251737022399904 0.0009 0.0005 0.9999725085496902 1e-05 8e-05 0.9985420127709707 4e-05 0.0001 4.525115200678507 0.1 0.1 35 
-2.2113247044881184 0.003 0.002 0.9999208736419678 2e-05 3e-05 0.9997563499212265 4e-05 6e-05 4.505857350031535 0.1 0.1 36 
-2.2165344746907554 0.003 0.002 0.9999515527486801 1e-05 2e-05 0.9998817932605744 6e-05 0.0002 4.506841654777527 0.09 0.09 37 
-2.2204364331563315 0.03 0.003 0.9999595177173615 2e-05 0.0007 0.999971810777982 2e-05 0.0002 4.507766087849935 0.1 0.2 41 
-2.2152502886454264 0.3 0.008 0.9999127197265625 7e-05 0.003 0.9997045967976252 5e-05 0.0001 4.509029122988383 0.07 0.1 48 
-2.2182543245951334 0.0007 0.0007 0.9999473955233892 1e-05 1e-05 0.999992957909902 2e-06 3e-06 4.507848038673401 0.07 0.07 51 
-2.212268164952596 0.009 0.006 0.9998513990640641 6e-05 0.0001 0.9993914272387823 0.0001 0.0002 4.504034175872802 0.2 0.2 59 
-2.217824131647746 0.001 0.001 0.9999419724941254 1e-05 2e-05 0.9997452131907145 5e-05 6e-05 4.5015256325403845 0.1 0.1 64 
-2.2195473289489747 0.002 0.001 0.9999514681100845 3e-05 9e-05 0.9999606273571651 1e-05 3e-05 4.50863929271698 0.09 0.09 66 
-2.2043247509002684 0.01 0.008 0.9998159515857696 7e-05 0.0002 0.999676787853241 9e-05 0.0002 4.496344130833943 0.3 0.4 73 
-2.217156295776367 0.1 0.006 0.9999283631642659 5e-05 0.004 0.9999107070763906 8e-05 0.0002 4.507060071627299 0.2 0.2 74 
-2.222481978734334 0.01 0.001 0.9999754865964253 1e-05 3e-05 0.9999524607261022 2e-05 0.0006 4.505377103487651 0.2 0.2 78 
-2.22573135693868 0.003 0.0006 0.9999633061885834 3e-05 0.0002 0.9999920411904653 7e-06 2e-05 4.512278161048889 0.2 0.2 88 
-2.2149133014678957 0.008 0.006 0.9998942756652832 7e-05 0.0002 0.9999059838056564 4e-05 7e-05 4.504517772992452 0.1 0.1 92 
-2.2115539741516113 0.003 0.003 0.9999060525496801 3e-05 4e-05 0.99976859609286 5e-05 9e-05 4.495352640151977 0.2 0.2 93 
-2.2214321994781496 0.005 0.003 0.9999427779515584 4e-05 0.0003 0.9997946145137151 7e-05 0.0001 4.510154706637064 0.2 0.2 98 
