-2.2249683380126952 0.002 0.001 0.9999764045079549 5e-06 2e-05 0.9999839107195536 1e-05 4e-05 4.5123080635070805 0.1 0.1 0 
-2.225163974761963 0.002 0.001 0.9999789027372996 5e-06 2e-05 0.9999846770366033 1e-05 3e-05 4.511813273429871 0.1 0.1 1 
-2.225140724182129 0.002 0.001 0.9999801117181778 4e-06 1e-05 0.9999831517537435 1e-05 4e-05 4.511522534688313 0.2 0.2 2 
-2.2251184431711835 0.004 0.001 0.999978088537852 6e-06 3e-05 0.9999851566553116 1e-05 2e-05 4.511745376586914 0.1 0.1 3 
-2.2251854610443114 0.002 0.0009 0.9999789168437322 5e-06 2e-05 0.9999857020378112 1e-05 3e-05 4.511961396535238 0.1 0.1 4 
-2.2251884078979494 0.002 0.0009 0.9999793068567912 5e-06 1e-05 0.9999861985445022 1e-05 3e-05 4.5118606026967365 0.1 0.1 5 
-2.2251215171813965 0.002 0.0009 0.9999776816368103 5e-06 2e-05 0.9999858287970225 1e-05 2e-05 4.512137028376261 0.1 0.1 6 
-2.225210199356079 0.002 0.0009 0.9999793992439906 5e-06 2e-05 0.9999868144591649 1e-05 2e-05 4.51187149365743 0.1 0.1 7 
-2.225142765045166 0.002 0.0009 0.9999784278869629 5e-06 2e-05 0.9999857699871063 1e-05 2e-05 4.511846803029378 0.1 0.1 8 
-2.225135186513265 0.002 0.0009 0.9999786782264709 5e-06 2e-05 0.9999855798482895 1e-05 3e-05 4.5119521427154545 0.1 0.1 9 
-2.225123462677002 0.002 0.0009 0.9999782518545787 5e-06 2e-05 0.9999860906600953 1e-05 2e-05 4.511743156115214 0.1 0.1 10 
-2.2251932112375896 0.002 0.0009 0.9999793722232183 5e-06 2e-05 0.9999865158398946 1e-05 2e-05 4.512008105913798 0.1 0.1 11 
-2.2251788711547853 0.002 0.0009 0.9999797958135604 5e-06 2e-05 0.9999856648842493 1e-05 3e-05 4.511860024134318 0.1 0.1 12 
-2.2251036262512205 0.002 0.0009 0.9999777009089788 5e-06 2e-05 0.9999862386782964 1e-05 3e-05 4.511836450894673 0.1 0.1 13 
-2.225219685236613 0.002 0.0009 0.9999794731537501 4e-06 2e-05 0.9999865670998891 1e-05 2e-05 4.511879456837972 0.1 0.1 14 
-2.2249792353312174 0.002 0.001 0.9999787936607997 5e-06 1e-05 0.9999803704023361 1e-05 5e-05 4.512017949422201 0.2 0.2 15 
-2.2251407782236736 0.002 0.0009 0.9999785077571869 5e-06 2e-05 0.9999855762720108 1e-05 2e-05 4.512040778795878 0.1 0.1 16 
-2.2251584084828693 0.002 0.001 0.9999791802962621 5e-06 2e-05 0.9999844465653102 1e-05 3e-05 4.5121216964721675 0.1 0.1 17 
-2.2251740741729735 0.002 0.001 0.9999791634082794 5e-06 1e-05 0.9999852565924326 1e-05 3e-05 4.511836414337158 0.1 0.1 18 
-2.2251589488983154 0.002 0.0009 0.9999780587355296 5e-06 2e-05 0.9999864987532298 1e-05 2e-05 4.511868255933126 0.1 0.1 19 
-2.2251781749725343 0.002 0.0009 0.9999780555566152 5e-06 2e-05 0.9999867816766103 1e-05 2e-05 4.512012785275777 0.1 0.1 20 
-2.2251913070678713 0.002 0.0009 0.9999794089794158 5e-06 2e-05 0.9999860374132792 1e-05 3e-05 4.512023080190023 0.1 0.1 21 
-2.2252225240071613 0.004 0.001 0.9999796130259831 5e-06 3e-05 0.9999863930543264 1e-05 2e-05 4.5116376256942745 0.1 0.1 22 
-2.2251658058166504 0.002 0.0009 0.9999788963794708 5e-06 2e-05 0.9999850825468699 1e-05 2e-05 4.511997963587443 0.1 0.1 23 
-2.2251149209340415 0.002 0.0009 0.9999780444304148 5e-06 2e-05 0.9999865440527598 1e-05 2e-05 4.511861143112182 0.1 0.1 24 
-2.2251881567637124 0.002 0.0009 0.9999786500136058 4e-06 1e-05 0.9999864240487416 1e-05 2e-05 4.5119024181365965 0.1 0.1 25 
-2.225120334625244 0.002 0.0009 0.9999778878688812 5e-06 2e-05 0.9999850485722224 1e-05 3e-05 4.511855686505635 0.1 0.1 26 
-2.225134744644165 0.002 0.001 0.999978566567103 4e-06 1e-05 0.9999833381175995 1e-05 3e-05 4.51211499373118 0.1 0.1 27 
-2.225085366566976 0.003 0.001 0.9999767287572225 5e-06 2e-05 0.9999847531318664 1e-05 2e-05 4.511953674952189 0.1 0.1 28 
-2.2251295948028567 0.002 0.0009 0.9999770774443945 5e-06 1e-05 0.9999863451719284 9e-06 2e-05 4.512046496073405 0.1 0.1 29 
-2.225175758997599 0.002 0.0009 0.9999789690971375 5e-06 2e-05 0.9999856122334798 1e-05 3e-05 4.511968517303467 0.1 0.1 30 
-2.2252290693918866 0.002 0.0009 0.9999795840183894 5e-06 1e-05 0.9999869825442632 1e-05 2e-05 4.511869308153789 0.1 0.1 31 
-2.225183852513631 0.002 0.0009 0.9999790986378988 5e-06 2e-05 0.9999860360225041 1e-05 3e-05 4.511902138392131 0.1 0.1 32 
-2.2252339839935305 0.002 0.0009 0.9999784980217615 5e-06 1e-05 0.9999862130482992 1e-05 2e-05 4.512012329101562 0.1 0.1 33 
-2.2252046426137286 0.002 0.0009 0.9999792875846227 4e-06 2e-05 0.9999856406450272 1e-05 2e-05 4.511820130348205 0.1 0.1 34 
-2.2251214186350503 0.002 0.001 0.9999785766998927 5e-06 2e-05 0.9999847851196925 1e-05 3e-05 4.51183619817098 0.1 0.1 35 
-2.2251834615071613 0.002 0.0009 0.9999790491660436 5e-06 2e-05 0.9999863630533219 1e-05 2e-05 4.511935919125875 0.1 0.1 36 
-2.225095780690511 0.004 0.001 0.999976512392362 6e-06 3e-05 0.999985486070315 1e-05 2e-05 4.511736973126729 0.1 0.1 37 
-2.225098705291748 0.002 0.001 0.9999789792299271 5e-06 2e-05 0.999983840584755 1e-05 3e-05 4.511862154006958 0.2 0.2 38 
-2.225172414779663 0.002 0.001 0.999979417125384 5e-06 1e-05 0.9999847839275996 1e-05 3e-05 4.511807942390442 0.1 0.1 39 
-2.2251534938812254 0.002 0.0009 0.9999786386887233 5e-06 2e-05 0.9999859885374704 1e-05 2e-05 4.512026983896892 0.1 0.1 40 
-2.2251577949523926 0.002 0.0009 0.9999787125984828 4e-06 2e-05 0.9999843150377273 1e-05 3e-05 4.512158918380737 0.1 0.1 41 
-2.2251392777760826 0.002 0.0009 0.9999787702163061 5e-06 2e-05 0.9999858870108922 1e-05 3e-05 4.51184676806132 0.1 0.1 42 
-2.2251975027720134 0.002 0.0009 0.9999796716372172 5e-06 1e-05 0.9999862543741862 1e-05 3e-05 4.51176060517629 0.1 0.1 43 
-2.2251796277364093 0.002 0.0009 0.9999791431427002 5e-06 2e-05 0.9999863662322362 1e-05 3e-05 4.511867672602335 0.1 0.1 44 
-2.2252384757995607 0.002 0.0009 0.9999799090623855 4e-06 2e-05 0.9999862933158874 1e-05 2e-05 4.511984397570292 0.1 0.1 45 
-2.2251892534891766 0.002 0.0009 0.9999795526266098 5e-06 2e-05 0.9999859760204951 1e-05 3e-05 4.51186140537262 0.1 0.1 46 
-2.2252409839630127 0.002 0.0009 0.9999788053830465 4e-06 2e-05 0.9999870924154918 1e-05 2e-05 4.5119226392110185 0.1 0.1 47 
-2.2251194794972737 0.002 0.0009 0.9999782625834147 5e-06 2e-05 0.9999863986174266 1e-05 2e-05 4.5119908984502155 0.1 0.1 48 
-2.2251439921061196 0.002 0.0009 0.9999778203169505 5e-06 2e-05 0.9999864566326141 1e-05 2e-05 4.511704980532328 0.1 0.1 49 
-2.2252075894673666 0.003 0.0009 0.9999799313147862 5e-06 2e-05 0.9999862710634867 1e-05 2e-05 4.512033556302389 0.1 0.1 50 
-2.2252124818166097 0.002 0.0009 0.999979604880015 5e-06 2e-05 0.9999864522616069 1e-05 2e-05 4.511879048347473 0.1 0.1 51 
-2.225211044947306 0.002 0.0009 0.9999792798360189 5e-06 1e-05 0.9999864929914475 1e-05 2e-05 4.511971284548442 0.1 0.1 52 
-2.2250761858622234 0.002 0.001 0.9999787817398708 5e-06 2e-05 0.9999837086598078 1e-05 3e-05 4.511770730018616 0.2 0.2 53 
-2.2251968733469645 0.002 0.0008 0.9999790837367376 5e-06 1e-05 0.9999873322248459 8e-06 2e-05 4.512102006276448 0.1 0.1 54 
-2.225133441289266 0.002 0.001 0.9999780408541361 5e-06 2e-05 0.9999855264027914 1e-05 2e-05 4.511882500648499 0.1 0.1 55 
-2.2251664479573567 0.002 0.0009 0.9999787932634354 5e-06 2e-05 0.9999853905042012 1e-05 2e-05 4.5120255057017005 0.1 0.1 56 
-2.225027316411336 0.002 0.001 0.9999771622816721 5e-06 2e-05 0.9999835129578908 1e-05 3e-05 4.512378714879354 0.2 0.2 57 
-2.2252195676167807 0.002 0.0009 0.99997920413812 5e-06 2e-05 0.9999865132570267 1e-05 2e-05 4.511827928225199 0.1 0.1 58 
-2.2251979796091717 0.002 0.0009 0.9999788558483124 4e-06 2e-05 0.9999856384595235 1e-05 3e-05 4.511819950739542 0.1 0.1 59 
-2.2252114741007487 0.002 0.0009 0.9999797119696935 5e-06 2e-05 0.999986730615298 1e-05 2e-05 4.51190260887146 0.1 0.1 60 
-2.225137399037679 0.002 0.0009 0.9999793008963267 5e-06 1e-05 0.9999840660889944 1e-05 3e-05 4.511769227981567 0.2 0.1 61 
-2.225224625269572 0.002 0.0009 0.999979413151741 4e-06 1e-05 0.999986620148023 1e-05 2e-05 4.511924398740133 0.1 0.1 62 
-2.2251614888509113 0.003 0.0009 0.9999793364604315 5e-06 2e-05 0.9999849683046341 1e-05 3e-05 4.511706261634827 0.1 0.1 63 
-2.2251309140523277 0.002 0.0009 0.9999784855047862 5e-06 2e-05 0.9999856247504553 1e-05 2e-05 4.511995991071065 0.1 0.1 64 
-2.2251545778910318 0.002 0.0009 0.999978515903155 5e-06 2e-05 0.99998592933019 1e-05 2e-05 4.511871509552002 0.1 0.1 65 
-2.2252356878916424 0.002 0.0009 0.9999790678421656 5e-06 1e-05 0.9999876306454341 1e-05 2e-05 4.511767656008402 0.1 0.1 66 
-2.225169359842936 0.002 0.0009 0.9999791252613067 5e-06 2e-05 0.999986072977384 1e-05 2e-05 4.511934965451559 0.1 0.1 67 
-2.225078264872233 0.002 0.0009 0.9999789665142695 5e-06 2e-05 0.9999829077720642 1e-05 2e-05 4.511663188934326 0.2 0.1 68 
-2.2251149463653563 0.002 0.0009 0.9999785061677297 5e-06 2e-05 0.9999846239884694 1e-05 3e-05 4.511951270103455 0.1 0.1 69 
-2.2251886336008706 0.002 0.0009 0.999978820681572 4e-06 2e-05 0.9999855502446493 1e-05 3e-05 4.511953667004903 0.1 0.1 70 
-2.2252082792917887 0.002 0.0009 0.9999790716171265 4e-06 2e-05 0.9999867977698644 1e-05 2e-05 4.5119708665211995 0.1 0.1 71 
-2.2251418240865073 0.004 0.001 0.9999792887767156 5e-06 2e-05 0.9999844227234522 1e-05 3e-05 4.512083152135213 0.1 0.1 72 
-2.2252323691050213 0.002 0.0009 0.9999794016281763 4e-06 1e-05 0.9999870012203852 1e-05 2e-05 4.511978478431701 0.1 0.1 73 
-2.2251302496592205 0.003 0.001 0.9999785218636195 5e-06 2e-05 0.9999852961301804 1e-05 4e-05 4.511985058784485 0.1 0.1 74 
-2.225171553293864 0.002 0.0009 0.9999781729777654 5e-06 2e-05 0.9999861876169841 1e-05 2e-05 4.5121335522333785 0.1 0.1 75 
-2.2251421451568603 0.002 0.0009 0.9999784052371978 5e-06 2e-05 0.9999863402048746 1e-05 3e-05 4.512071722348531 0.1 0.1 76 
-2.2251928679148354 0.002 0.0009 0.9999793748060862 5e-06 2e-05 0.9999865172306697 1e-05 3e-05 4.511891843477885 0.1 0.1 77 
-2.2251998551686607 0.002 0.0009 0.9999798029661179 5e-06 1e-05 0.99998652557532 1e-05 3e-05 4.511912310918172 0.1 0.1 78 
-2.2249732049306234 0.003 0.001 0.999975002805392 6e-06 2e-05 0.9999811621507009 1e-05 3e-05 4.512244607607523 0.1 0.1 79 
-2.2247632058461506 0.003 0.001 0.9999750242630641 6e-06 3e-05 0.9999771855274836 2e-05 7e-05 4.512119023005168 0.2 0.2 80 
-2.2251714833577476 0.002 0.0009 0.9999785639842351 5e-06 2e-05 0.9999859104553859 1e-05 3e-05 4.511828336715698 0.1 0.1 81 
-2.2250265057881675 0.002 0.001 0.9999783984820048 5e-06 1e-05 0.999980491399765 2e-05 5e-05 4.512110153834025 0.2 0.2 82 
-2.225085439682007 0.002 0.0009 0.9999776166677475 6e-06 2e-05 0.9999860358238221 1e-05 2e-05 4.511695388158162 0.1 0.1 83 
-2.225069767634074 0.003 0.001 0.999977030356725 5e-06 2e-05 0.9999837321043015 1e-05 3e-05 4.512268546422322 0.1 0.1 84 
-2.2251298332214358 0.002 0.001 0.999978897968928 5e-06 2e-05 0.999984950820605 1e-05 3e-05 4.511857916514079 0.1 0.1 85 
-2.225151487986247 0.002 0.0009 0.99997764925162 5e-06 2e-05 0.9999852265914281 1e-05 2e-05 4.511820815404256 0.1 0.1 86 
-2.2251548767089844 0.002 0.001 0.9999785552422206 5e-06 1e-05 0.9999848679701487 1e-05 3e-05 4.5120951286951705 0.1 0.1 87 
-2.225208126703898 0.002 0.0009 0.9999794548749924 5e-06 1e-05 0.9999868353207906 1e-05 2e-05 4.511866771380107 0.1 0.1 88 
-2.225125455856323 0.002 0.0009 0.9999773722887039 5e-06 2e-05 0.9999855864048004 1e-05 2e-05 4.512059559822083 0.1 0.1 89 
-2.2251263840993247 0.002 0.0009 0.999977938135465 5e-06 2e-05 0.9999846005439759 1e-05 2e-05 4.512144910494486 0.1 0.1 90 
-2.2252095635732014 0.002 0.0009 0.9999791812896729 4e-06 1e-05 0.999987020889918 1e-05 2e-05 4.511842743555705 0.1 0.1 91 
-2.2251975536346436 0.002 0.0009 0.999979222814242 5e-06 1e-05 0.9999866022666295 1e-05 3e-05 4.512002738316854 0.1 0.1 92 
-2.225178229014079 0.002 0.0009 0.9999785526593526 5e-06 2e-05 0.999986230134964 1e-05 2e-05 4.511847956975301 0.1 0.1 93 
-2.2251565647125244 0.002 0.0009 0.9999784747759501 5e-06 2e-05 0.9999852800369262 1e-05 2e-05 4.511906614303589 0.1 0.1 94 
-2.2250793011983236 0.003 0.001 0.9999773953358332 5e-06 2e-05 0.9999834142128626 1e-05 3e-05 4.512055908838908 0.1 0.1 95 
-2.2252326679229735 0.002 0.0009 0.9999788190921147 5e-06 2e-05 0.999987840851148 9e-06 1e-05 4.511849784851075 0.1 0.1 96 
-2.2251481088002523 0.002 0.0009 0.9999791232744852 5e-06 2e-05 0.9999860535065334 1e-05 3e-05 4.511934385299683 0.1 0.1 97 
-2.225057353973389 0.002 0.0009 0.9999793817599615 4e-06 1e-05 0.9999807151158651 1e-05 3e-05 4.511994876861572 0.1 0.1 98 
-2.225196812947591 0.002 0.0009 0.9999792327483495 4e-06 2e-05 0.9999862144390742 1e-05 3e-05 4.511901658376058 0.1 0.1 99 
