-2.223565190633138 0.002 0.001 0.9999709288279216 1e-05 2e-05 0.9999745661020278 2e-05 0.0002 4.511665177345276 0.1 0.1 0 
-2.2248133850097656 0.002 0.0009 0.9999843156337738 1e-05 5e-05 0.9999810665845871 2e-05 5e-05 4.511840500831604 0.1 0.1 2 
-2.2262480513254803 3e-05 3e-05 0.999992814262708 6e-07 6e-07 0.9999976658821106 8e-07 2e-06 4.512412328720092 0.05 0.05 4 
-2.226161381403605 0.0004 0.0002 0.9999934742848079 1e-06 1e-06 0.9999969969193141 1e-06 4e-06 4.51235590616862 0.06 0.06 5 
-2.2229013379414875 0.003 0.002 0.9999752366542816 1e-05 5e-05 0.999955515464147 4e-05 9e-05 4.5109232234954835 0.1 0.1 6 
-2.220877587000529 0.004 0.003 0.9999750983715058 1e-05 2e-05 0.9999188031752905 8e-05 0.0002 4.509464565912882 0.1 0.1 7 
-2.2218635749816893 0.004 0.002 0.9999757548173268 1e-05 2e-05 0.9999367674191793 6e-05 0.0001 4.5102301708857215 0.1 0.1 8 
-2.226208635965983 9e-05 9e-05 0.9999949359893798 7e-07 1e-06 0.9999983642498652 6e-07 6e-07 4.512270657221476 0.05 0.05 9 
-2.2248872025807698 0.001 0.0009 0.9999904888868332 6e-06 1e-05 0.9999868150552114 1e-05 7e-05 4.511879674593607 0.09 0.09 10 
-2.2261179320017495 3e-05 3e-05 0.999980683128039 1e-06 1e-06 0.9999974789222081 3e-07 3e-07 4.512722148895263 0.06 0.06 11 
-2.2234032122294107 0.002 0.001 0.9999823508659998 8e-06 2e-05 0.999971587061882 3e-05 0.0001 4.511046125094096 0.1 0.1 13 
-2.2259808794657387 4e-05 5e-05 0.9999822628498077 2e-06 2e-06 0.9999959790706634 9e-07 9e-07 4.512889609336853 0.08 0.08 14 
-2.2262259769439696 3e-05 3e-05 0.9999911630153656 7e-07 7e-07 0.9999978945652643 3e-07 3e-07 4.512463068962097 0.05 0.05 15 
-2.2262814807891846 2e-05 2e-05 0.9999941829840342 8e-07 6e-07 0.9999973165988922 8e-07 9e-07 4.5123722426096595 0.05 0.05 16 
-2.2262057558695476 2e-05 2e-05 0.9999895628293355 9e-07 9e-07 0.9999963003396988 7e-07 7e-07 4.5123904418945315 0.06 0.06 18 
-2.226141290664673 4e-05 4e-05 0.9999897992610931 7e-07 7e-07 0.9999974624315897 2e-07 3e-07 4.5124551232655845 0.06 0.06 19 
-2.226031723022461 0.0005 0.0002 0.9999901463588079 2e-06 5e-06 0.9999977989991506 1e-06 3e-06 4.512525383631388 0.09 0.08 21 
-2.226186243693034 7e-05 7e-05 0.9999934687217077 5e-07 4e-07 0.9999970044692358 1e-06 2e-06 4.512295559247335 0.05 0.05 22 
-2.226142031351725 4e-05 4e-05 0.9999884043137233 3e-07 4e-07 0.9999970746040344 2e-07 2e-07 4.51246375242869 0.06 0.06 23 
-2.226173963546753 2e-05 2e-05 0.999989844361941 1e-06 9e-07 0.9999979039033254 2e-07 5e-07 4.512541422843933 0.06 0.06 24 
-2.226134624481201 2e-05 2e-05 0.9999934222300847 8e-07 9e-07 0.9999981113274892 3e-07 4e-07 4.5123821640014645 0.07 0.07 25 
-2.2229499657948812 0.002 0.0009 0.9999834887186686 9e-06 1e-05 0.9999137626091639 6e-05 0.0001 4.51047787030538 0.1 0.1 26 
-2.2262183825174966 4e-05 4e-05 0.999992401599884 6e-07 6e-07 0.9999981395403544 2e-07 3e-07 4.5122799237569176 0.05 0.05 28 
-2.2253049755096437 0.0008 0.0006 0.9999888275067012 7e-06 3e-05 0.9999906490246455 7e-06 2e-05 4.5122655471165976 0.1 0.1 29 
-2.2216435718536376 0.003 0.002 0.9999763554334641 1e-05 1e-05 0.9999361950159072 6e-05 0.0003 4.5102758932113645 0.1 0.1 31 
-2.223693552017212 0.002 0.001 0.9999811679124833 1e-05 2e-05 0.999964117606481 3e-05 0.0001 4.511188044548034 0.1 0.1 32 
-2.2262898286183677 0.0002 0.0001 0.9999963762362798 6e-07 5e-07 0.9999982144435247 4e-07 5e-07 4.512326224644979 0.05 0.05 33 
-2.222790762583415 0.003 0.002 0.9999769081672033 1e-05 2e-05 0.9999550290902456 4e-05 0.0001 4.511088865598043 0.1 0.1 34 
-2.226110954284668 9e-05 0.0001 0.9999835620323817 2e-06 3e-06 0.9999969134728114 1e-06 1e-06 4.512521677017212 0.07 0.07 35 
-2.2216978232065836 0.003 0.002 0.9999723092714945 1e-05 2e-05 0.9999352852503459 6e-05 0.0002 4.510355803171794 0.1 0.1 36 
-2.226135485967 0.0002 0.0002 0.9999947810173034 2e-06 3e-06 0.9999968888362248 2e-06 3e-06 4.512324654261271 0.06 0.06 38 
-2.220179204940796 0.005 0.003 0.9999722025791804 2e-05 3e-05 0.9998993917306265 0.0001 0.0003 4.509537876447042 0.1 0.1 39 
-2.225953699747721 5e-05 5e-05 0.9999914397795995 8e-07 9e-07 0.9999977233012517 9e-07 8e-07 4.512277609507243 0.07 0.07 40 
-2.222495756149292 0.002 0.002 0.9999795816342036 1e-05 2e-05 0.999948119521141 5e-05 0.0002 4.51069229443868 0.1 0.1 41 
-2.224396899541219 0.002 0.001 0.9999689761797587 2e-05 7e-05 0.9999652502934138 3e-05 0.0001 4.51205104192098 0.2 0.2 43 
-2.2261064052581787 9e-05 9e-05 0.999993419845899 1e-06 1e-06 0.9999979698657989 5e-07 6e-07 4.5123273452123005 0.06 0.06 44 
-2.2248102124532063 0.002 0.0009 0.9999872819582621 1e-05 3e-05 0.9999820045630137 1e-05 7e-05 4.511662062009176 0.1 0.1 45 
-2.2262288665771486 4e-05 4e-05 0.999992525378863 8e-07 9e-07 0.9999983022610347 3e-07 3e-07 4.512333040237427 0.05 0.05 46 
-2.2260266017913817 8e-05 0.0001 0.9999906520048777 3e-06 3e-06 0.9999973167975743 1e-06 1e-06 4.512305320103963 0.07 0.07 47 
-2.222655865351359 0.001 0.001 0.9999659428993861 2e-05 2e-05 0.9999550253152847 4e-05 0.0001 4.511126008033752 0.1 0.1 48 
-2.225658502578735 9e-05 0.0001 0.999986439148585 3e-06 3e-06 0.9999973090489706 5e-07 5e-07 4.512403815587362 0.09 0.09 49 
-2.225165853500366 0.001 0.0006 0.9999832139412562 1e-05 3e-05 0.9999857640266419 1e-05 5e-05 4.511979352633158 0.1 0.1 50 
-2.226170072555542 0.0008 0.0002 0.9999933725595475 1e-06 2e-06 0.999997830192248 4e-07 9e-07 4.512390015920003 0.05 0.05 52 
-2.2260001118977866 9e-05 0.0001 0.9999802400668462 3e-06 4e-06 0.9999960394700368 2e-06 2e-06 4.512619813283284 0.07 0.07 56 
-2.223124802907308 0.001 0.001 0.9999733304977417 9e-06 2e-05 0.9999590682983398 4e-05 0.0001 4.511429708798726 0.1 0.1 57 
-2.2249656041463215 0.001 0.0008 0.9999870890378952 9e-06 5e-05 0.9999830057223638 1e-05 4e-05 4.511549569765727 0.1 0.1 58 
-2.226055580774943 0.0002 0.0002 0.9999894821643829 5e-06 7e-06 0.9999965931971868 2e-06 3e-06 4.512476051648457 0.08 0.08 59 
-2.224459279378255 0.001 0.0008 0.9999830959240595 7e-06 1e-05 0.9999788179000219 2e-05 0.0001 4.511730527877807 0.1 0.1 60 
-2.2263366190592446 5e-05 3e-05 0.9999948821465174 5e-07 5e-07 0.99999802450339 3e-07 3e-07 4.512404556274414 0.05 0.05 62 
-2.226115525563558 0.0008 0.0002 0.9999893103043238 2e-06 3e-06 0.9999980175495148 4e-07 1e-06 4.5125316111246745 0.06 0.06 63 
-2.2260917313893636 0.0002 0.0002 0.9999887007474899 6e-06 1e-05 0.9999968508879343 2e-06 3e-06 4.512398041089376 0.07 0.07 64 
-2.2261744499206544 4e-05 4e-05 0.9999907070398331 8e-07 9e-07 0.9999974713722865 7e-07 8e-07 4.512385973930359 0.05 0.05 65 
-2.226221631368001 3e-05 3e-05 0.9999925380945206 8e-07 8e-07 0.9999982192118962 2e-07 2e-07 4.512294292449951 0.05 0.05 66 
-2.219468371073405 0.004 0.003 0.9999551173051199 1e-05 2e-05 0.9997525229056676 0.0002 0.0004 4.508206734657287 0.1 0.09 67 
-2.2215144856770834 0.003 0.003 0.9999767909447352 1e-05 2e-05 0.9999294384320577 7e-05 0.0002 4.509036191304525 0.1 0.1 68 
-2.226171080271403 9e-05 0.0001 0.9999919339021047 2e-06 3e-06 0.9999972556034724 2e-06 1e-06 4.512359662055969 0.06 0.06 70 
-2.223580827713013 0.002 0.001 0.9999879443645477 6e-06 9e-06 0.9999661592642466 3e-05 0.0001 4.5109668556849165 0.07 0.07 71 
-2.226140537261963 5e-05 5e-05 0.9999883868296942 8e-07 8e-07 0.9999968955914179 8e-07 8e-07 4.512453405062358 0.06 0.06 72 
-2.226197363535563 3e-05 3e-05 0.9999904376268387 5e-07 5e-07 0.999997480114301 5e-07 1e-06 4.512496007283529 0.06 0.06 74 
-2.2261822032928467 4e-05 4e-05 0.9999919404586156 5e-07 6e-07 0.999996707836787 8e-07 1e-06 4.512430672645569 0.05 0.05 75 
-2.222476266225179 0.003 0.002 0.9999747494856517 1e-05 2e-05 0.9999481552839279 5e-05 0.0002 4.510618254343669 0.1 0.1 76 
-2.2224482345581054 0.003 0.002 0.9999822241067886 6e-06 2e-05 0.9999382386604945 6e-05 0.0001 4.510111144383749 0.06 0.07 77 
-2.226255070368449 3e-05 3e-05 0.9999955600500107 6e-07 4e-07 0.9999983868996303 4e-07 3e-07 4.512287559509278 0.06 0.06 78 
-2.226074333190918 5e-05 6e-05 0.9999902071555455 1e-06 1e-06 0.9999980026483536 4e-07 6e-07 4.512382531166077 0.07 0.07 79 
-2.222828114827474 0.003 0.002 0.9999783762296041 1e-05 2e-05 0.9999642382065456 3e-05 7e-05 4.510581930478414 0.09 0.1 81 
-2.2260145409901937 4e-05 3e-05 0.9999840795993805 1e-06 1e-06 0.9999974050124486 3e-07 3e-07 4.512572795550028 0.07 0.07 82 
-2.224905738830566 0.0005 0.0004 0.9999883282184601 4e-06 6e-06 0.9999905167023341 7e-06 9e-06 4.512071860631307 0.09 0.08 83 
-2.2243464438120526 0.002 0.001 0.9999855961402258 9e-06 3e-05 0.9999773128827413 2e-05 7e-05 4.511432607968648 0.1 0.1 84 
-2.224605801900228 0.002 0.0009 0.999985973238945 8e-06 3e-05 0.9999844767649968 1e-05 7e-05 4.51206348101298 0.1 0.1 85 
-2.226261879603068 3e-05 3e-05 0.9999949496984482 3e-07 4e-07 0.9999983112017313 3e-07 3e-07 4.5122971343994145 0.05 0.05 86 
-2.2255660692850747 0.01 0.0006 0.9999869201580683 5e-06 3e-05 0.9999958119789759 2e-06 2e-05 4.512490243911743 0.1 0.1 87 
-2.2245857747395834 0.001 0.0007 0.9999883820613226 6e-06 1e-05 0.9999832622210185 1e-05 3e-05 4.5116586494445805 0.1 0.1 88 
-2.224776856104533 0.002 0.001 0.9999861458937327 9e-06 1e-05 0.9999839158852896 1e-05 7e-05 4.51187710126241 0.1 0.1 89 
-2.2262631479899087 3e-05 3e-05 0.9999938068787256 4e-07 5e-07 0.9999972017606099 1e-06 1e-06 4.512354261080424 0.04 0.04 91 
-2.2262329419453937 2e-05 2e-05 0.9999904767672221 8e-07 8e-07 0.9999976108471552 3e-07 4e-07 4.512401660283406 0.06 0.06 93 
-2.2237121804555255 0.002 0.001 0.9999838389952977 8e-06 2e-05 0.9999664554993312 3e-05 0.0001 4.511459552447001 0.1 0.1 94 
-2.225987071990967 0.0001 0.0002 0.9999878956874212 4e-06 5e-06 0.9999966645240783 2e-06 2e-06 4.51258339881897 0.08 0.08 96 
-2.2248754183451336 0.001 0.0006 0.9999834368626277 1e-05 4e-05 0.9999655608336131 3e-05 7e-05 4.511225666999817 0.1 0.1 98 
