-2.220542049407959 0.008 0.005 0.9999863090117772 9e-06 1e-05 0.9998556621869406 0.0001 0.0002 4.509038060506185 0.3 0.3 731 
-2.224842103322347 0.007 0.001 0.9999937375386556 4e-06 2e-05 0.9999733100334803 2e-05 0.0001 4.5119386561711625 0.2 0.2 754 
-2.2241753578186034 0.005 0.001 0.9999750171105067 5e-06 2e-05 0.9999345805247625 4e-05 0.0001 4.51029548962911 0.1 0.1 785 
-2.2243439801534017 0.0006 0.0008 0.9999784408013026 6e-06 7e-06 0.9999707335233688 2e-05 3e-05 4.511385598182678 0.1 0.1 883 
-2.2235032971700033 0.0002 0.0001 0.9999649089574814 1e-06 3e-06 0.9999436471859614 1e-05 1e-05 4.51333083152771 0.1 0.1 559 
-2.2246209239959716 0.0009 0.0008 0.999979124267896 5e-06 9e-06 0.999975619117419 2e-05 4e-05 4.511937947273254 0.2 0.2 262 
-2.2241429710388183 0.0007 0.0008 0.999977492292722 7e-06 8e-06 0.9999778354167939 1e-05 1e-05 4.511235135396322 0.1 0.1 967 
-2.2208431212107342 0.003 0.003 0.9999639892578125 2e-05 2e-05 0.9998659328619639 3e-05 3e-05 4.50995787302653 0.2 0.2 68 
-2.2241652107238767 0.004 0.001 0.9999766101439794 7e-06 2e-05 0.9999726883570353 2e-05 6e-05 4.510898059209188 0.2 0.2 784 
-2.220805527369181 0.006 0.004 0.9999737199147543 5e-06 5e-06 0.9998369073867798 0.0001 0.0002 4.5089888652165735 0.3 0.3 1046 
-2.2248093446095782 0.003 0.001 0.9999800727764765 4e-06 2e-05 0.9999756479263305 2e-05 4e-05 4.511793573697408 0.08 0.08 859 
-2.2210332107543946 0.003 0.002 0.9999823832511902 9e-06 1e-05 0.99992500325044 4e-05 5e-05 4.50964604695638 0.3 0.3 4 
-2.224219039281209 0.007 0.002 0.9999739515781403 7e-06 3e-05 0.999971001346906 2e-05 0.0001 4.511148187319438 0.3 0.2 87 
-2.2216467539469402 0.01 0.004 0.9999672297636668 2e-05 5e-05 0.9998203202088674 0.0002 0.0007 4.502786965370178 0.2 0.3 600 
-2.223348814646403 0.002 0.001 0.9999752589066824 2e-05 2e-05 0.9999776828289032 2e-05 2e-05 4.510034577051798 0.1 0.1 662 
-2.221295700073242 0.01 0.003 0.9999334184328715 4e-05 6e-05 0.9998365636666616 0.0001 0.0005 4.512759497960409 0.2 0.3 513 
-2.2202772108713784 0.007 0.005 0.9999543456236522 7e-06 7e-06 0.9998242505391439 0.0001 0.0002 4.5090451383590695 0.3 0.3 700 
-2.2224072551727296 0.002 0.001 0.9999512944618861 7e-06 8e-06 0.9999293907483419 3e-05 3e-05 4.510932455062866 0.2 0.2 897 
-2.2216874917348224 0.02 0.004 0.9999867155154546 9e-06 3e-05 0.9998946243524551 9e-05 0.0004 4.510756109555563 0.4 0.4 769 
-2.22218669573466 0.0003 0.0003 0.9999809779723485 3e-06 4e-06 0.999910209774971 2e-05 3e-05 4.510423170725504 0.2 0.2 1030 
