-2.225097001393636 0.002 0.0009 0.9999787125984828 5e-06 1e-05 0.9999861500660578 8e-06 3e-05 4.5117405287424726 0.1 0.1 33 
-2.22516237894694 0.002 0.0009 0.9999788514773051 5e-06 2e-05 0.9999857433636983 9e-06 2e-05 4.511860364278157 0.1 0.1 37 
-2.225078446070353 0.002 0.0009 0.9999779462814331 4e-06 1e-05 0.9999843649069469 1e-05 4e-05 4.51207584698995 0.1 0.1 32 
-2.225209951400757 0.003 0.0009 0.9999803050359091 4e-06 2e-05 0.999985809524854 1e-05 3e-05 4.511736539204915 0.1 0.1 46 
-2.2252008438110353 0.002 0.0009 0.9999793320894241 5e-06 1e-05 0.9999863861004511 1e-05 3e-05 4.511928370793661 0.1 0.1 6 
-2.2250501251220705 0.003 0.001 0.999979109565417 5e-06 2e-05 0.9999815162022908 1e-05 4e-05 4.511530934969584 0.2 0.2 77 
-2.225204528172811 0.002 0.0009 0.9999793378512064 4e-06 1e-05 0.9999867012103398 1e-05 3e-05 4.511985898017883 0.1 0.1 7 
-2.225239944458008 0.002 0.0009 0.9999793926874797 4e-06 1e-05 0.9999861520528793 1e-05 2e-05 4.511850611368815 0.1 0.1 87 
-2.2251860809326174 0.002 0.0009 0.999978219072024 5e-06 1e-05 0.9999859217802683 1e-05 2e-05 4.512032257715861 0.1 0.1 0 
-2.225153414408366 0.002 0.0009 0.999979329307874 5e-06 2e-05 0.9999854203065236 9e-06 3e-05 4.51177853902181 0.1 0.1 58 
-2.2252404912312826 0.002 0.0009 0.999979735215505 4e-06 1e-05 0.9999869030714035 1e-05 3e-05 4.511815689404806 0.1 0.1 49 
-2.2252101421356203 0.002 0.0009 0.9999790944655736 5e-06 1e-05 0.9999866525332133 1e-05 2e-05 4.511810162862142 0.1 0.1 14 
-2.225191768010457 0.002 0.0009 0.9999788268407186 5e-06 1e-05 0.9999863348404566 1e-05 3e-05 4.511889120737711 0.1 0.1 4 
-2.2251898034413657 0.003 0.001 0.999979479710261 5e-06 2e-05 0.9999855860074361 1e-05 3e-05 4.511893502871195 0.1 0.1 95 
-2.225113484064738 0.002 0.0009 0.9999804488817851 4e-06 1e-05 0.9999822433789571 1e-05 3e-05 4.511876570383707 0.1 0.1 66 
-2.2251190535227456 0.002 0.0009 0.9999776780605316 5e-06 2e-05 0.9999853982528051 1e-05 2e-05 4.511992816925049 0.1 0.1 40 
-2.2251010163625082 0.003 0.001 0.9999782900015514 5e-06 2e-05 0.9999845971663793 1e-05 3e-05 4.511658651034037 0.1 0.1 72 
-2.225136833190918 0.002 0.0009 0.9999797409772873 5e-06 1e-05 0.9999833689133326 1e-05 4e-05 4.511964996655782 0.1 0.1 79 
-2.225104579925537 0.003 0.001 0.9999794085820516 5e-06 2e-05 0.9999823673566183 1e-05 4e-05 4.511769207318624 0.2 0.2 68 
-2.225279137293498 0.002 0.0008 0.9999799889326095 4e-06 1e-05 0.9999872730175654 1e-05 2e-05 4.511799111366272 0.1 0.1 24 
