-2.2261751969655355 5e-05 4e-05 0.999998264114062 5e-07 7e-07 0.9999929239352544 2e-06 3e-06 4.512089397112528 0.05 0.05 5 
-2.2262108612060545 0.0002 0.0001 0.9999978977441788 9e-07 2e-06 0.9999958729743957 3e-06 7e-06 4.512140199343364 0.06 0.06 34 
-2.226184771855672 8e-05 6e-05 0.9999983423948288 6e-07 1e-06 0.999993113676707 3e-06 4e-06 4.512134447097778 0.05 0.05 87 
-2.2261704222361245 0.0002 0.0001 0.999998021920522 8e-07 2e-06 0.9999920703967412 3e-06 6e-06 4.512236653963725 0.06 0.06 62 
-2.2261778418223064 5e-06 5e-06 0.9999982366959254 2e-07 3e-07 0.9999919561545054 4e-07 3e-07 4.512137557665507 0.04 0.04 35 
-2.2261620807647704 0.0004 0.0002 0.9999970153967539 7e-07 1e-06 0.9999947530031205 3e-06 1e-05 4.512239853541057 0.07 0.07 75 
-2.226268129348755 0.0002 0.0001 0.9999984814723333 7e-07 1e-06 0.999996312657992 3e-06 9e-06 4.51218321800232 0.06 0.06 23 
-2.226192579269409 7e-05 6e-05 0.9999981570243835 7e-07 1e-06 0.9999932954708736 3e-06 4e-06 4.512180608113606 0.05 0.05 63 
-2.226179033915202 4e-05 4e-05 0.9999983121951421 4e-07 8e-07 0.99999249736468 2e-06 3e-06 4.512122659683228 0.05 0.05 84 
-2.226208051045736 0.0004 0.0002 0.9999983503421148 1e-06 3e-06 0.9999953647454579 3e-06 1e-05 4.512205807367961 0.04 0.04 25 
-2.2261552015940347 0.0001 9e-05 0.9999976688623429 7e-07 1e-06 0.9999925591548284 3e-06 6e-06 4.512164486249288 0.06 0.06 50 
-2.2261626815795896 5e-06 6e-06 0.9999979825814566 2e-07 2e-07 0.9999901153643926 3e-07 4e-07 4.5121266603469845 0.04 0.04 70 
-2.2262137953440346 0.0001 8e-05 0.9999982261657715 6e-07 1e-06 0.9999943010012309 3e-06 6e-06 4.512229914665222 0.05 0.05 45 
-2.2261615053812664 3e-05 3e-05 0.9999980109930039 6e-07 6e-07 0.9999917833010356 2e-06 2e-06 4.512105083465576 0.05 0.05 61 
-2.2262355422973634 0.0002 0.0001 0.9999982812007269 7e-07 1e-06 0.9999953319629034 3e-06 7e-06 4.512157746950785 0.06 0.06 26 
-2.2261748186747234 0.0002 0.0001 0.9999981902043025 9e-07 2e-06 0.9999914940198262 3e-06 4e-06 4.5121076234181725 0.05 0.05 32 
-2.2262365086873372 0.0003 0.0002 0.999998407959938 8e-07 2e-06 0.999996297955513 3e-06 9e-06 4.512238669395447 0.07 0.07 48 
-2.2261868476867677 0.0002 0.0001 0.9999983002742131 8e-07 2e-06 0.9999938038984935 3e-06 4e-06 4.512131751378377 0.05 0.05 66 
-2.226169865926107 6e-06 5e-06 0.9999981490770976 3e-07 3e-07 0.9999921929836273 4e-07 4e-07 4.512131994565328 0.04 0.04 64 
-2.226258913675944 0.0002 0.0001 0.9999984266360601 6e-07 1e-06 0.9999963704744975 3e-06 8e-06 4.512212233543396 0.06 0.06 6 
