-2.2251923815409342 0.001 0.0007 0.9999909683068593 3e-06 6e-06 0.9999714199701945 2e-05 9e-05 4.508917708396911 0.1 0.2 40 
-2.224542064666748 0.002 0.0008 0.999987943371137 7e-06 2e-05 0.9985661741097768 2e-05 5e-05 4.527522368431091 0.1 0.1 61 
-2.2245764605204266 0.001 0.0009 0.999989034930865 5e-06 1e-05 0.9999900352954865 3e-06 8e-06 4.509746243158976 0.1 0.1 11 
-2.2257758235931395 0.002 0.0006 0.9999953814347585 4e-06 4e-06 0.9999929515520731 7e-06 3e-05 4.511657088597616 0.08 0.08 33 
-2.2256314086914064 0.002 0.0007 0.9999955048163732 3e-06 6e-06 0.9999853444099426 8e-06 1e-05 4.511584480603536 0.09 0.1 20 
-2.225211769739787 0.001 0.0006 0.9999897648890813 5e-06 1e-05 0.9999984310070673 6e-07 9e-07 4.511391393343607 0.07 0.07 53 
-2.2245589288075767 0.002 0.001 0.9999864121278127 5e-06 1e-05 0.999960925579071 2e-05 2e-05 4.505592177708944 0.1 0.1 4 
-2.2250907866160077 0.003 0.0009 0.9999911405642827 6e-06 3e-05 0.999985532561938 8e-06 2e-05 4.511213218371074 0.08 0.09 45 
-2.225988655090332 0.001 0.0004 0.9999897696574529 6e-06 3e-05 0.9999868792295455 1e-05 5e-05 4.512094155947367 0.1 0.1 17 
-2.225155111948649 0.002 0.0007 0.9999935952822367 2e-06 8e-06 0.9999831193685531 9e-06 3e-05 4.510092244148255 0.1 0.1 76 
-2.2253050231933593 0.002 0.0008 0.9999927395582199 4e-06 1e-05 0.999991242090861 5e-06 8e-06 4.511191492080688 0.1 0.1 3 
-2.2249444993336995 0.0009 0.0005 0.9999838640292485 6e-06 1e-05 0.9999483466148377 4e-05 8e-05 4.5036484225591025 0.1 0.2 47 
-2.2253300285339357 0.002 0.0007 0.9999937009811402 4e-06 1e-05 0.9999879278739293 1e-05 4e-05 4.511224646568298 0.1 0.1 13 
-2.225750983556112 4e-05 5e-05 0.9999921212593714 1e-06 1e-06 0.9999871848026911 1e-06 1e-06 4.511863754590352 0.07 0.07 48 
-2.223970432281494 7e-05 7e-05 0.9999931269884109 6e-07 7e-07 0.9999437642097473 6e-06 6e-06 4.506827437082927 0.1 0.1 80 
-2.2249424107869467 0.0005 0.0002 0.9999941076834996 9e-07 8e-07 0.9999539184570313 3e-05 5e-05 4.504820906321208 0.1 0.1 75 
-2.226218220392863 0.0005 0.0002 0.9999970026810964 2e-06 1e-05 0.9999898006518682 8e-06 2e-05 4.5119416697820025 0.06 0.06 23 
-2.22507093111674 0.001 0.0005 0.9999899403254191 3e-06 9e-06 0.9995103063186009 8e-06 2e-05 4.515891636212666 0.1 0.1 92 
-2.2248549270629883 0.003 0.0009 0.9999876530965169 6e-06 3e-05 0.9999958475430807 2e-06 4e-06 4.510882821083069 0.08 0.08 15 
-2.2247064240773518 0.0006 0.0003 0.9999788582324982 2e-06 3e-06 0.9999602083365122 4e-06 3e-06 4.509589775403341 0.1 0.1 1 
