-2.224561320032392 0.0006 0.0006 0.9999882902417864 9e-06 1e-05 0.999969459431512 2e-05 2e-05 4.510964662688119 0.08 0.08 3 
-2.224544439996992 0.0007 0.0007 0.9999883104647909 9e-06 1e-05 0.999974314229829 2e-05 2e-05 4.511054813861847 0.08 0.08 44 
-2.2246049233845304 0.0007 0.0007 0.9999876160706792 1e-05 1e-05 0.9999722619141851 2e-05 2e-05 4.511213348593031 0.08 0.08 36 
-2.2251661845615933 0.001 0.0008 0.99998930479799 8e-06 1e-05 0.9999862187675067 8e-06 1e-05 4.511488241808755 0.08 0.08 18 
-2.2235683849879675 0.0008 0.0007 0.9999836702431951 8e-06 9e-06 0.9999540920768465 2e-05 3e-05 4.51008323260716 0.1 0.1 14 
-2.224667773927961 0.0006 0.0006 0.9999893793037959 9e-06 1e-05 0.9999706232122012 2e-05 2e-05 4.51097525869097 0.08 0.08 8 
-2.2251787424087524 0.0007 0.0006 0.9999916481120246 4e-06 5e-06 0.9999891032065664 6e-06 7e-06 4.51143000125885 0.06 0.06 32 
-2.2243532112666538 0.0006 0.0006 0.999986674955913 9e-06 9e-06 0.9999675584690911 2e-05 2e-05 4.5107049856867105 0.1 0.1 22 
-2.224617508479527 0.0007 0.0007 0.999986617905753 1e-05 1e-05 0.9999719964606422 2e-05 2e-05 4.510861834457942 0.08 0.08 28 
-2.2246709857668194 0.0006 0.0006 0.9999896343265261 9e-06 1e-05 0.9999703971402986 2e-05 2e-05 4.51119019304003 0.08 0.08 6 
-2.2246673618044173 0.0006 0.0006 0.999989284149238 9e-06 1e-05 0.9999705101762499 2e-05 3e-05 4.510972622462681 0.08 0.08 40 
-1.4628822888646806 0.6 0.2 0.9669070394975798 0.03 0.1 0.6717407669339861 0.2 0.4 5.92566584604127 8.0 4.0 23 
-2.2246114117758613 0.0007 0.0007 0.9999897073422159 9e-06 9e-06 0.9999736881681851 2e-05 2e-05 4.51119111095156 0.08 0.08 7 
-2.153388707978385 0.07 0.04 0.999855017874922 6e-05 9e-05 0.9986561960407666 0.0006 0.0009 4.492573881149292 1.0 1.0 37 
-1.3040864450590952 0.2 0.1 0.9669460303017071 0.03 0.07 0.49214968660048075 0.3 0.2 7.537755335228784 3.0 3.0 2 
-2.224315980502537 0.0007 0.0007 0.9999870792031288 9e-06 9e-06 0.9999680378607341 2e-05 2e-05 4.510688117572239 0.1 0.1 11 
-2.2245016949517384 0.0006 0.0006 0.9999896166580063 8e-06 9e-06 0.9999678452100073 2e-05 3e-05 4.510773405006954 0.09 0.09 19 
-2.2244074140276227 0.0007 0.0007 0.9999862445252282 9e-06 1e-05 0.9999701482909066 2e-05 2e-05 4.511001462595804 0.09 0.09 16 
-2.2246593373162407 0.0006 0.0006 0.9999896315591675 9e-06 1e-05 0.9999709503991263 2e-05 2e-05 4.511271834373474 0.08 0.08 41 
-2.2243145976747787 0.0007 0.0007 0.999968889781407 1e-05 2e-05 0.9999698027968407 2e-05 2e-05 4.510569141592298 0.09 0.09 42 
-2.224556732177734 0.0008 0.0007 0.9999883449503354 1e-05 1e-05 0.9999732507126672 2e-05 2e-05 4.510717063290732 0.08 0.08 1 
-2.2244974851608275 0.0008 0.0007 0.9999884990709168 9e-06 1e-05 0.9999745390244893 2e-05 2e-05 4.5108838592256815 0.09 0.08 43 
-2.22423779964447 0.0008 0.0008 0.9999857274549347 1e-05 1e-05 0.9999688408204488 2e-05 2e-05 4.511040925979614 0.1 0.1 4 
-2.2245803424290247 0.0007 0.0007 0.9999865723507745 1e-05 1e-05 0.9999712316053254 2e-05 2e-05 4.510941425391606 0.08 0.08 5 
-2.2233591522489276 0.0008 0.0008 0.999980965256691 9e-06 8e-06 0.9999515752707209 3e-05 3e-05 4.510199499130249 0.1 0.1 39 
-2.2245398589542935 0.0007 0.0006 0.9999881197299276 9e-06 1e-05 0.9999702355691364 2e-05 2e-05 4.510941248280662 0.09 0.09 35 
-2.2246171474456786 0.0006 0.0006 0.9999883973172733 9e-06 1e-05 0.9999715762478965 2e-05 2e-05 4.51104873248509 0.08 0.08 31 
-2.224629323823111 0.0007 0.0007 0.9999891308801515 9e-06 1e-05 0.9999723889998027 2e-05 2e-05 4.511075830459594 0.08 0.08 30 
-2.2243763548987254 0.0008 0.0007 0.999985689989158 1e-05 1e-05 0.999970928473132 2e-05 2e-05 4.511115208693913 0.09 0.08 25 
-2.001298533167158 0.03 0.03 0.998598335470472 0.0005 0.0009 0.9931994212525231 0.0006 0.001 4.383084888117654 0.9 0.8 33 
-2.036531468800136 0.0001 0.002 0.9984489785773414 0.0008 0.0008 0.9952981478401592 1e-05 2e-05 4.412407237291336 0.4 0.4 26 
-2.2242908886500765 0.0007 0.0007 0.9999855539628437 1e-05 1e-05 0.9999685781342643 2e-05 2e-05 4.511042244093758 0.1 0.1 20 
-2.2244890417371477 0.0006 0.0006 0.9999871041093554 8e-06 9e-06 0.9999700520719801 2e-05 2e-05 4.510954638889857 0.08 0.08 12 
-2.224633938925607 0.0006 0.0006 0.9999891840985843 9e-06 1e-05 0.9999707468918392 2e-05 2e-05 4.511421195098332 0.08 0.08 15 
-2.2243263142449514 0.0007 0.0006 0.999986768407481 9e-06 1e-05 0.9999680114643914 2e-05 2e-05 4.511053909574236 0.1 0.1 17 
-2.2244140352521624 0.0007 0.0006 0.9999887721879142 9e-06 1e-05 0.9999706374747412 2e-05 2e-05 4.511278620788029 0.09 0.09 38 
-2.224478646687099 0.0006 0.0006 0.9999884375504084 8e-06 8e-06 0.9999688623206956 2e-05 2e-05 4.5111881494522095 0.09 0.09 9 
-2.224601347105844 0.0006 0.0006 0.999987989451204 9e-06 9e-06 0.9999710970691272 2e-05 2e-05 4.5110698393413 0.08 0.08 21 
-2.224846407345363 0.0006 0.0005 0.9999849496143205 7e-06 6e-06 0.9999749279447965 1e-05 1e-05 4.511296771253858 0.08 0.08 29 
-1.7319666998726981 0.03 0.02 0.9942632915718215 0.003 0.004 0.9592072735939707 0.02 0.03 4.314713911499296 2.0 2.0 13 
-2.2246116501944404 0.0007 0.0006 0.999987641615527 1e-05 1e-05 0.9999720777784075 2e-05 2e-05 4.51089825459889 0.08 0.08 24 
-1.7636688675199237 0.1 0.07 0.9942325394068445 0.003 0.004 0.9673657987798964 0.02 0.04 4.368682347876685 2.0 2.0 10 
-2.2244859525135587 0.0007 0.0007 0.9999868693096298 1e-05 1e-05 0.9999701919300216 2e-05 2e-05 4.510703579017094 0.08 0.08 34 
-2.224251059123448 0.0007 0.0007 0.9999850743583271 9e-06 1e-05 0.9999669828585216 2e-05 2e-05 4.510393876688821 0.1 0.1 27 
