-2.224643543788365 0.0006 0.0006 0.9999884266938482 9e-06 1e-05 0.9999712005257606 2e-05 2e-05 4.511404916218349 0.08 0.08 15 
-2.039093998500279 0.04 0.02 0.9993660471269062 8e-05 0.0001 0.9933497903602464 0.0003 0.0009 4.338409341233117 0.4 0.4 16 
-2.224677964619228 0.0006 0.0006 0.9999898084572383 8e-06 9e-06 0.9999721018331391 2e-05 2e-05 4.510693505832127 0.08 0.07 34 
-2.224609899520874 0.0006 0.0005 0.9999896579555103 8e-06 8e-06 0.9999693202120917 2e-05 3e-05 4.510955900805337 0.08 0.08 8 
-2.2246581656592235 0.0006 0.0006 0.999989444230284 8e-06 9e-06 0.9999720496790749 2e-05 2e-05 4.511119111946651 0.07 0.07 2 
-2.224607423373631 0.0006 0.0005 0.9999888073120798 8e-06 8e-06 0.9999686187931469 2e-05 3e-05 4.511265276159559 0.08 0.08 6 
-1.4984087807791573 0.8 0.2 0.9871827936598233 0.007 0.02 0.786395949870348 0.1 0.4 5.111589844737734 8.0 2.0 23 
-1.9353499991553171 0.01 0.01 0.9975656881928444 0.001 0.001 0.9920449527246612 0.0003 0.0003 4.364002305269241 0.9 0.9 13 
-2.224419045448303 0.0007 0.0008 0.9999859428831509 1e-05 9e-06 0.9999718638403076 2e-05 2e-05 4.510952661718641 0.09 0.08 17 
-2.223358154296875 0.0007 0.0007 0.999980614227908 8e-06 8e-06 0.9999501207045146 3e-05 3e-05 4.510140929903303 0.1 0.1 40 
-2.224155378341675 0.0009 0.0008 0.9999844812921115 1e-05 1e-05 0.9999685191682407 2e-05 2e-05 4.511088030678885 0.1 0.1 38 
-2.2244799648012434 0.0007 0.0006 0.9999865714992796 8e-06 9e-06 0.9999702221580914 2e-05 2e-05 4.510858087880271 0.09 0.09 31 
-1.5240873370851789 0.2 0.1 0.9884261927434377 0.006 0.008 0.8099621246967997 0.1 0.3 4.856767828975405 3.0 2.0 11 
-1.5530415398733957 0.3 0.1 0.9895226927740234 0.006 0.007 0.8103522132549967 0.1 0.3 4.891085963589805 4.0 3.0 36 
-2.224798631668091 0.003 0.001 0.9999758137123925 4e-06 7e-06 0.9999787930931364 1e-05 6e-05 4.513615012168884 0.2 0.2 26 
-2.224602150917053 0.0009 0.0007 0.9999925577214785 4e-06 7e-06 0.9999460477914129 2e-05 2e-05 4.511460288933345 0.1 0.1 24 
-2.2241721187319072 0.001 0.0009 0.9999846262591225 1e-05 1e-05 0.9999702675001961 2e-05 2e-05 4.510929638998849 0.09 0.09 28 
-2.2251929453441073 0.0008 0.0006 0.99998660917793 6e-06 7e-06 0.9999820834824017 1e-05 2e-05 4.511336326599121 0.08 0.08 35 
-1.7340699229921614 0.1 0.05 0.9931697766695704 0.002 0.003 0.9719832509756088 0.01 0.04 4.269442106144769 2.0 2.0 5 
-1.5248320920126779 0.2 0.1 0.9882405913301877 0.007 0.01 0.7954823926091195 0.1 0.3 4.941830231462206 4.0 3.0 20 
-2.063023066520691 0.09 0.02 0.9995365447231701 9e-05 9e-05 0.9942205905914306 0.0008 0.003 4.36369417990957 0.6 0.6 9 
-2.2246937002454485 0.0007 0.0006 0.9999900413411004 8e-06 1e-05 0.999970443546772 2e-05 3e-05 4.5108780367033825 0.08 0.07 30 
-2.0555215290614535 0.0003 0.002 0.9983629629015922 0.0007 0.0007 0.9962682566472463 5e-05 0.0001 4.416638794115611 0.4 0.4 10 
-1.7329601458140782 0.1 0.07 0.9941079476049968 0.002 0.004 0.9872626775077411 0.002 0.003 4.252832575355257 2.0 2.0 18 
-2.2250468254089357 0.0005 0.0004 0.9999889746308327 5e-06 4e-06 0.9999762288161687 1e-05 2e-05 4.511483262266432 0.09 0.09 14 
-2.223104327065604 0.001 0.001 0.9999754965305329 1e-05 1e-05 0.9999510447893823 3e-05 3e-05 4.510692971093314 0.1 0.1 12 
-2.2246217727661133 0.0005 0.0005 0.9999907819288117 6e-06 8e-06 0.9999680972525051 2e-05 3e-05 4.510827323368617 0.08 0.08 4 
-2.2251563855579923 0.0007 0.0004 0.9999890578644616 5e-06 5e-06 0.9999813705682754 9e-06 2e-05 4.510769869600024 0.09 0.09 3 
-2.054472231864929 0.03 0.02 0.9994452691503933 7e-05 3e-05 0.9936542915446418 0.0004 0.0004 4.348034477233886 0.3 0.3 7 
-2.2241608926228116 0.0008 0.0008 0.9999843282358987 1e-05 1e-05 0.9999672259603228 2e-05 2e-05 4.511118713447026 0.1 0.1 33 
-2.224273599897112 0.0007 0.0007 0.9999860938106264 9e-06 9e-06 0.9999691950423377 2e-05 2e-05 4.510884640898023 0.1 0.1 29 
-2.220676520892552 0.02 0.004 0.999937007682664 2e-05 6e-05 0.9999074169567653 6e-05 0.0009 4.513310829230718 0.2 0.3 1 
-2.22486241544996 0.001 0.001 0.999987938787256 1e-05 1e-05 0.9999887000237192 5e-06 5e-06 4.511349933488028 0.08 0.08 41 
-2.225256225040981 0.0006 0.0006 0.9999925949743815 2e-06 2e-06 0.9999831314597811 1e-05 2e-05 4.511649789128985 0.08 0.08 19 
