-2.225663785934448 0.0005 0.0003 0.9999960041046143 2e-06 3e-06 0.9999869940678279 9e-06 2e-05 4.511985840797425 0.09 0.09 0 
-2.225651435852051 0.0004 0.0003 0.9999959315856298 2e-06 4e-06 0.9999875235557556 9e-06 2e-05 4.511933422088623 0.09 0.09 1 
-2.2256696446736655 0.0004 0.0003 0.9999962041775385 2e-06 3e-06 0.999987600048383 8e-06 2e-05 4.511942831675212 0.09 0.09 2 
-2.225639378229777 0.002 0.0006 0.999996104836464 2e-06 5e-06 0.9999851202964782 1e-05 8e-05 4.511776995658875 0.1 0.1 3 
-2.225687239964803 0.002 0.0006 0.9999962004025778 3e-06 9e-06 0.9999855170647304 9e-06 4e-05 4.512038958867391 0.1 0.1 4 
-2.2256580225626625 0.0005 0.0003 0.999995839993159 1e-06 3e-06 0.9999862768252691 9e-06 2e-05 4.511980104446411 0.09 0.09 5 
-2.2256373818715414 0.0005 0.0004 0.9999955360094707 2e-06 3e-06 0.9999865390857061 9e-06 3e-05 4.512017911275228 0.1 0.1 6 
-2.2256749439239503 0.001 0.0005 0.9999963007370631 2e-06 7e-06 0.9999858317772548 1e-05 5e-05 4.512111744880676 0.1 0.1 7 
-2.2256614939371744 0.0008 0.0004 0.9999951821565628 1e-06 3e-06 0.9999864546457926 9e-06 3e-05 4.51203240553538 0.1 0.1 8 
-2.2256685511271157 0.0005 0.0003 0.9999960919221242 2e-06 3e-06 0.999986933072408 9e-06 2e-05 4.511982526779175 0.1 0.1 9 
-2.225667339960734 0.0006 0.0004 0.9999961572885513 1e-06 3e-06 0.9999865901470184 9e-06 3e-05 4.512132434844971 0.1 0.1 10 
-2.2256653277079264 0.0007 0.0004 0.9999962544441223 1e-06 3e-06 0.9999865629275639 1e-05 3e-05 4.51210991859436 0.1 0.1 11 
-2.2256761900583903 0.0006 0.0004 0.9999962691466013 1e-06 3e-06 0.9999871414899826 9e-06 3e-05 4.5119627094268795 0.1 0.1 12 
-2.225630187988281 0.0005 0.0004 0.9999957414468129 2e-06 4e-06 0.999986566901207 8e-06 2e-05 4.512037455240885 0.09 0.09 13 
-2.2256882286071775 0.0007 0.0004 0.9999958930412928 2e-06 3e-06 0.9999852196375529 9e-06 3e-05 4.5119503259658815 0.1 0.1 14 
-2.225648307800293 0.0006 0.0004 0.9999954605102539 2e-06 4e-06 0.9999872199694315 9e-06 2e-05 4.512085757255554 0.09 0.09 15 
-2.225667235056559 0.0009 0.0004 0.9999962588151295 1e-06 3e-06 0.9999864248434702 1e-05 4e-05 4.51196227868398 0.1 0.1 16 
-2.2256677945454917 0.0006 0.0004 0.9999958777427673 2e-06 4e-06 0.9999868327379227 8e-06 2e-05 4.511937624613444 0.09 0.09 17 
-2.225667470296224 0.0005 0.0003 0.9999961616595586 2e-06 3e-06 0.9999875811735789 8e-06 2e-05 4.511978174845377 0.09 0.09 18 
-2.2256650225321453 0.0007 0.0004 0.9999957797924678 1e-06 3e-06 0.999985938668251 1e-05 3e-05 4.511996815999349 0.1 0.1 19 
-2.225661668777466 0.001 0.0004 0.9999962031841279 1e-06 2e-06 0.9999856899182001 1e-05 5e-05 4.5120152060190835 0.1 0.1 20 
-2.2256762313842775 0.002 0.0006 0.9999963613351186 2e-06 9e-06 0.9999847547213236 1e-05 5e-05 4.511920259793599 0.1 0.1 21 
-2.225643790562948 0.0004 0.0003 0.9999958968162537 2e-06 3e-06 0.9999871822198232 8e-06 2e-05 4.51207094669342 0.09 0.09 22 
-2.2257116158803303 0.0006 0.0003 0.9999964596827825 2e-06 3e-06 0.9999868669112524 8e-06 3e-05 4.511974719365438 0.09 0.09 23 
-2.22564746538798 0.0005 0.0003 0.9999959413210551 2e-06 3e-06 0.9999856422344844 8e-06 2e-05 4.512110034624736 0.09 0.09 24 
-2.2256849670410155 0.0005 0.0004 0.9999963758389155 2e-06 3e-06 0.9999871269861857 9e-06 2e-05 4.511961207389832 0.09 0.09 25 
-2.225705010096232 0.0006 0.0003 0.9999962556362152 2e-06 3e-06 0.9999880437056223 8e-06 2e-05 4.51196983496348 0.09 0.09 26 
-2.2256613985697427 0.0005 0.0003 0.9999959627787273 2e-06 3e-06 0.9999867604176204 8e-06 2e-05 4.51200786113739 0.09 0.09 27 
-2.225654191970825 0.0005 0.0003 0.9999959766864777 2e-06 3e-06 0.9999870194991429 8e-06 2e-05 4.512126717567444 0.09 0.09 28 
-2.225677868525187 0.0005 0.0003 0.9999960976839065 2e-06 3e-06 0.9999874009688695 8e-06 2e-05 4.512081953684489 0.09 0.09 29 
-2.225666643778483 0.0006 0.0004 0.9999960247675578 2e-06 4e-06 0.9999864278237025 9e-06 2e-05 4.512126409212748 0.1 0.1 30 
-2.225665273666382 0.0009 0.0004 0.9999961070219676 1e-06 3e-06 0.9999865516026815 1e-05 4e-05 4.511996161142985 0.1 0.1 31 
-2.225546840031942 0.0003 0.0003 0.9999957539637884 1e-06 3e-06 0.9999825751781464 9e-06 2e-05 4.511963971455892 0.08 0.08 32 
-2.225687042872111 0.0006 0.0003 0.9999961847066879 1e-06 3e-06 0.9999874796470006 9e-06 3e-05 4.51188372294108 0.09 0.09 33 
-2.225668799082438 0.0005 0.0003 0.9999959564208984 2e-06 3e-06 0.9999874603748321 8e-06 2e-05 4.512095014254252 0.09 0.09 34 
-2.2256692600250245 0.0007 0.0004 0.9999961439768473 2e-06 3e-06 0.9999866980314255 9e-06 3e-05 4.512015058199565 0.1 0.1 35 
-2.2256787236531577 0.0007 0.0004 0.999996060927709 2e-06 4e-06 0.9999857159455617 8e-06 3e-05 4.511939118703206 0.1 0.1 36 
-2.2257017262776695 0.0007 0.0004 0.9999961084127427 2e-06 4e-06 0.9999876358111699 8e-06 3e-05 4.511887954076131 0.09 0.09 37 
-2.2256700706481936 0.001 0.0005 0.9999963192145029 3e-06 8e-06 0.9999858226378758 1e-05 5e-05 4.512067583401998 0.1 0.1 38 
-2.2256557273864748 0.0006 0.0004 0.9999959387381872 2e-06 4e-06 0.9999861429135005 9e-06 3e-05 4.511896816889445 0.1 0.1 39 
-2.2256778208414714 0.0005 0.0003 0.9999962677558263 2e-06 3e-06 0.999987026254336 9e-06 2e-05 4.511998750368754 0.09 0.09 40 
-2.225680932998657 0.0006 0.0003 0.9999961864948272 1e-06 3e-06 0.999986500342687 9e-06 3e-05 4.51194803237915 0.1 0.1 41 
-2.22567182858785 0.0006 0.0004 0.9999958872795105 2e-06 3e-06 0.9999871249993643 9e-06 3e-05 4.512041765848796 0.1 0.1 42 
-2.225677359898885 0.0005 0.0003 0.9999960728486379 2e-06 3e-06 0.9999873709678649 8e-06 2e-05 4.512065245310466 0.09 0.09 43 
-2.2256720956166585 0.002 0.0006 0.999996713201205 3e-06 1e-05 0.9999835838874181 1e-05 8e-05 4.511937112808227 0.1 0.1 44 
-2.225663226445516 0.0005 0.0003 0.9999960498015086 2e-06 3e-06 0.9999872883160908 8e-06 2e-05 4.5120408805211385 0.09 0.09 45 
-2.2257161204020184 0.0009 0.0004 0.9999965494871139 2e-06 3e-06 0.9999870087703069 9e-06 3e-05 4.512015976905823 0.1 0.1 46 
-2.2256776014963786 0.0005 0.0003 0.9999962288141251 2e-06 4e-06 0.9999873485167822 8e-06 2e-05 4.511971104939779 0.09 0.09 47 
-2.2256559403737386 0.0005 0.0003 0.9999959391355514 1e-06 3e-06 0.9999871051311493 9e-06 2e-05 4.512040427525839 0.09 0.09 48 
-2.225617497762044 0.002 0.0006 0.9999958914518357 3e-06 1e-05 0.9999836331605911 1e-05 7e-05 4.512042589187622 0.1 0.1 49 
-2.2256553840637205 0.0005 0.0003 0.999996098279953 2e-06 4e-06 0.9999870870510738 9e-06 2e-05 4.511929769515991 0.09 0.09 50 
-2.2256568654378257 0.0006 0.0004 0.9999959836403529 2e-06 4e-06 0.9999857066075007 1e-05 3e-05 4.512027114232382 0.09 0.09 51 
-2.2255374717712404 0.0005 0.0003 0.9999949338038763 2e-06 4e-06 0.9999860715866089 8e-06 2e-05 4.5120752986272175 0.09 0.09 52 
-2.225732873280843 0.003 0.0007 0.999996408422788 3e-06 1e-05 0.9999870602289835 1e-05 4e-05 4.5118802531560265 0.1 0.1 53 
-2.2257302093505857 0.002 0.0005 0.9999964356422424 3e-06 9e-06 0.9999874500433604 9e-06 5e-05 4.511939789454142 0.1 0.1 54 
-2.2256589539845786 0.0005 0.0003 0.9999960287412007 2e-06 3e-06 0.9999871742725372 8e-06 2e-05 4.511916249593099 0.09 0.09 55 
-2.2256630071004233 0.0006 0.0004 0.9999960947036743 2e-06 3e-06 0.9999865788221359 9e-06 3e-05 4.511881769498189 0.1 0.1 56 
-2.2256763203938803 0.001 0.0004 0.9999961634476979 1e-06 2e-06 0.9999862517913183 1e-05 4e-05 4.512129146258037 0.1 0.1 57 
-2.225687993367513 0.0008 0.0004 0.9999961855014166 2e-06 3e-06 0.9999866741895675 9e-06 3e-05 4.512083428700765 0.1 0.1 58 
-2.2256326230367023 0.0005 0.0004 0.9999957623084387 2e-06 4e-06 0.9999868607521057 9e-06 2e-05 4.5121014817555745 0.09 0.09 59 
-2.2256485335032146 0.0005 0.0003 0.9999956574042638 2e-06 4e-06 0.9999865998824438 8e-06 2e-05 4.511911350886027 0.09 0.09 60 
-2.2256680488586427 0.0006 0.0004 0.9999960374832153 2e-06 4e-06 0.9999868108828862 8e-06 3e-05 4.512037281990051 0.1 0.1 61 
-2.2256969038645424 0.0007 0.0004 0.9999963607390722 1e-06 3e-06 0.9999869122107824 9e-06 3e-05 4.512010698318481 0.1 0.1 62 
-2.2256703090667727 0.0008 0.0004 0.9999962695439657 2e-06 3e-06 0.9999866513411204 1e-05 3e-05 4.511965983708699 0.1 0.1 63 
-2.2256998761494953 0.0006 0.0004 0.9999961201349894 1e-06 3e-06 0.9999875132242838 9e-06 3e-05 4.511915823618571 0.1 0.1 64 
-2.2256843058268228 0.0008 0.0004 0.9999961040417353 2e-06 3e-06 0.9999872036774953 9e-06 3e-05 4.51199377377828 0.1 0.1 65 
-2.2256569703420004 0.0006 0.0004 0.9999963309367498 1e-06 3e-06 0.9999846798181534 9e-06 3e-05 4.51191429456075 0.09 0.09 66 
-2.225729595820109 0.002 0.0006 0.9999964165687562 2e-06 5e-06 0.9999869040648143 9e-06 6e-05 4.511970640818278 0.1 0.1 67 
-2.2256972153981525 0.001 0.0004 0.9999963722626368 1e-06 2e-06 0.9999869521458944 1e-05 5e-05 4.511947004000346 0.1 0.1 68 
-2.2256640720367433 0.0007 0.0004 0.9999960672855377 2e-06 4e-06 0.9999840287367503 8e-06 3e-05 4.512033429145813 0.1 0.1 69 
-2.225663900375366 0.0007 0.0004 0.9999958282709122 2e-06 3e-06 0.9999869265158972 9e-06 3e-05 4.51190542380015 0.1 0.1 70 
-2.2256411012013753 0.0006 0.0004 0.9999959244330724 2e-06 3e-06 0.9999860994021098 9e-06 3e-05 4.512105771700541 0.1 0.1 71 
-2.225681177775065 0.0006 0.0004 0.9999962882200877 2e-06 3e-06 0.9999865971008937 9e-06 3e-05 4.511948256492615 0.1 0.1 72 
-2.2256836223602297 0.0008 0.0004 0.9999958183368047 2e-06 3e-06 0.9999867324034373 8e-06 3e-05 4.512018675804138 0.1 0.1 73 
-2.2256228574117025 0.0007 0.0004 0.999995587070783 1e-06 3e-06 0.9999863511323929 1e-05 3e-05 4.5120771058400475 0.1 0.1 74 
-2.225593900680542 0.0005 0.0004 0.9999954307079315 2e-06 4e-06 0.9999868913491567 8e-06 2e-05 4.512064474423727 0.09 0.09 75 
-2.2256737581888832 0.0007 0.0004 0.9999962745110194 1e-06 3e-06 0.9999861691395442 1e-05 3e-05 4.511950004895528 0.1 0.1 76 
-2.22566499710083 0.0008 0.0004 0.9999963514010112 1e-06 3e-06 0.9999863560994466 1e-05 3e-05 4.5119044208526615 0.1 0.1 77 
-2.2256121571858722 0.0005 0.0004 0.9999951068560282 2e-06 4e-06 0.9999863946437836 9e-06 2e-05 4.51210879166921 0.1 0.1 78 
-2.225652192433675 0.001 0.0004 0.9999961892763773 1e-06 2e-06 0.9999864103396734 1e-05 4e-05 4.51210732460022 0.1 0.1 79 
-2.2256599140167235 0.0005 0.0003 0.9999960255622864 2e-06 3e-06 0.9999865444501241 8e-06 2e-05 4.511963686943054 0.09 0.09 80 
-2.225654090245565 0.0005 0.0003 0.9999959073464075 2e-06 3e-06 0.9999867351849874 8e-06 2e-05 4.512027730941773 0.09 0.09 81 
-2.2256711800893147 0.0007 0.0004 0.9999960329135259 2e-06 4e-06 0.9999857685963313 8e-06 3e-05 4.512015822728475 0.1 0.1 82 
-2.225672286351522 0.001 0.0004 0.9999962019920349 1e-06 2e-06 0.9999865289529165 1e-05 5e-05 4.512002900441487 0.1 0.1 83 
-2.225715370178223 0.002 0.0005 0.9999964731931686 2e-06 7e-06 0.9999858379364014 1e-05 6e-05 4.511743709246318 0.1 0.1 84 
-2.2256671365102134 0.0008 0.0004 0.9999962013959884 2e-06 3e-06 0.9999857650200525 9e-06 3e-05 4.511986961364746 0.1 0.1 85 
-2.2256394640604653 0.0005 0.0003 0.9999957944949468 2e-06 3e-06 0.9999856136242549 9e-06 2e-05 4.511965730985006 0.09 0.09 86 
-2.225641501744588 0.001 0.0005 0.9999959546327591 1e-06 2e-06 0.999985982577006 1e-05 5e-05 4.511937394142151 0.1 0.1 87 
-2.2256884384155273 0.002 0.0005 0.999996356566747 2e-06 6e-06 0.9999849037329356 1e-05 6e-05 4.512229925791423 0.1 0.1 88 
-2.225664199193319 0.0005 0.0003 0.9999960694710414 2e-06 4e-06 0.9999865726629893 9e-06 2e-05 4.511986363728841 0.1 0.1 89 
-2.225706958770752 0.0006 0.0004 0.9999964978297552 2e-06 4e-06 0.999986254175504 9e-06 2e-05 4.512069567044576 0.09 0.09 90 
-2.225733461380005 0.002 0.0006 0.9999964696168899 3e-06 1e-05 0.9999871375163396 1e-05 4e-05 4.511719182332357 0.1 0.1 91 
-2.225686925252279 0.0008 0.0004 0.9999961743752162 2e-06 3e-06 0.9999865907430648 9e-06 3e-05 4.511938358942667 0.1 0.1 92 
-2.2256670506795246 0.0005 0.0003 0.9999962647755941 1e-06 3e-06 0.9999867016077042 9e-06 3e-05 4.5120303392410275 0.09 0.09 93 
-2.2256380621592204 0.0004 0.0003 0.9999959512551626 2e-06 4e-06 0.999986831943194 8e-06 2e-05 4.511943089167277 0.09 0.09 94 
-2.2256659253438316 0.0006 0.0003 0.9999960088729858 2e-06 3e-06 0.9999867661794026 9e-06 3e-05 4.51214403629303 0.09 0.09 95 
-2.22569930712382 0.001 0.0004 0.9999961465597152 2e-06 3e-06 0.9999849128723145 8e-06 4e-05 4.511930831273397 0.1 0.1 96 
-2.2256419785817463 0.0005 0.0003 0.9999959671497345 2e-06 3e-06 0.999986415108045 9e-06 2e-05 4.511977507273357 0.09 0.09 97 
-2.2256863435109455 0.002 0.0006 0.9999963603417079 2e-06 6e-06 0.9999862601359685 1e-05 7e-05 4.511851811408997 0.1 0.1 98 
-2.22566689491272 0.0005 0.0003 0.9999959872166315 2e-06 3e-06 0.999987112681071 8e-06 2e-05 4.511963335673014 0.09 0.09 99 
-2.2256999397277832 0.0007 0.0004 0.9999961338440577 2e-06 3e-06 0.9999867749214172 9e-06 3e-05 4.512010205586751 0.1 0.1 100 
-2.225632848739624 0.0006 0.0004 0.9999956558148066 2e-06 4e-06 0.9999851242701212 8e-06 2e-05 4.512021935780843 0.09 0.09 101 
-2.2256744798024495 0.0006 0.0003 0.9999960001309712 1e-06 3e-06 0.9999866803487142 9e-06 3e-05 4.511950445175171 0.09 0.09 102 
-2.2257180054982504 0.001 0.0005 0.9999964199463527 2e-06 6e-06 0.999986871878306 1e-05 5e-05 4.511799712181091 0.1 0.1 103 
-2.225626932779948 0.0007 0.0004 0.999995789527893 2e-06 3e-06 0.999986295302709 1e-05 3e-05 4.512123436927795 0.1 0.1 104 
-2.2256849066416424 0.002 0.0006 0.9999958177407583 2e-06 5e-06 0.9999867045879364 1e-05 9e-05 4.511741615931193 0.1 0.1 105 
-2.2256817468007406 0.0007 0.0004 0.9999961129824321 2e-06 3e-06 0.9999874313672383 8e-06 3e-05 4.512071410814921 0.1 0.1 106 
-2.2256723976135255 0.0005 0.0003 0.9999960754315058 1e-06 3e-06 0.9999864985545476 9e-06 3e-05 4.51201397895813 0.09 0.09 107 
-2.225669962565104 0.0006 0.0003 0.99999593993028 2e-06 3e-06 0.9999874063332875 8e-06 2e-05 4.51200382232666 0.1 0.1 108 
-2.225745194753011 0.001 0.0006 0.9999965284268061 2e-06 1e-05 0.9999854002396266 9e-06 4e-05 4.511841022173564 0.1 0.1 109 
-2.225716543197632 0.0007 0.0004 0.999996292591095 2e-06 3e-06 0.9999874172608058 8e-06 3e-05 4.512070633570353 0.09 0.09 110 
-2.2256813367207844 0.0006 0.0003 0.999996084968249 1e-06 3e-06 0.9999871534109116 9e-06 3e-05 4.512062563896179 0.1 0.1 111 
-2.2256749566396077 0.0007 0.0004 0.9999962204694748 2e-06 3e-06 0.9999862009286881 9e-06 3e-05 4.512122359275818 0.1 0.1 112 
-2.2256118647257486 0.0004 0.0003 0.9999953768650691 2e-06 4e-06 0.9999870105584463 8e-06 2e-05 4.5120533068974815 0.09 0.09 113 
-2.2256566301981606 0.0006 0.0003 0.9999959993362427 2e-06 3e-06 0.9999864480892817 9e-06 3e-05 4.51215031782786 0.1 0.1 114 
-2.225645227432251 0.0004 0.0003 0.9999959005912145 2e-06 3e-06 0.9999869473775228 8e-06 2e-05 4.512060546875 0.09 0.09 115 
-2.2257128365834555 0.0009 0.0004 0.9999964298804601 1e-06 3e-06 0.9999869149923325 9e-06 4e-05 4.512000155448914 0.1 0.1 116 
-2.225656023025513 0.002 0.0006 0.9999957774082819 2e-06 7e-06 0.9999850908915202 9e-06 5e-05 4.511930877367655 0.1 0.1 117 
-2.2256869824727374 0.0007 0.0004 0.9999963635206223 1e-06 3e-06 0.9999857546885809 9e-06 3e-05 4.5120793008804325 0.1 0.1 118 
-2.2256683572133382 0.0005 0.0003 0.9999960845708847 2e-06 3e-06 0.99998661617438 9e-06 2e-05 4.511903548240662 0.09 0.09 119 
-2.225686715443929 0.0007 0.0004 0.9999962145090103 2e-06 3e-06 0.9999868623415629 9e-06 3e-05 4.511971786816915 0.1 0.1 120 
-2.22568917910258 0.001 0.0005 0.9999964211384456 2e-06 8e-06 0.9999852734804153 1e-05 4e-05 4.511819577217102 0.1 0.1 121 
-2.2256667677561444 0.0006 0.0004 0.9999960917234421 2e-06 3e-06 0.9999869016806284 9e-06 3e-05 4.512137090365092 0.1 0.1 122 
-2.225686902999878 0.0007 0.0004 0.9999961596727371 2e-06 3e-06 0.9999874635537466 9e-06 3e-05 4.511925376256307 0.1 0.1 123 
-2.2256949806213377 0.0006 0.0004 0.99999647239844 1e-06 3e-06 0.999987378915151 9e-06 3e-05 4.511860370635986 0.1 0.1 124 
-2.2256667041778564 0.0007 0.0004 0.9999962212642034 1e-06 3e-06 0.9999865253766378 9e-06 3e-05 4.5118558216094975 0.1 0.1 125 
-2.2256993452707925 0.002 0.0005 0.9999963732560476 2e-06 7e-06 0.9999858736991882 9e-06 5e-05 4.511971797943115 0.1 0.1 126 
-2.2256414763132732 0.0005 0.0004 0.9999958588679632 2e-06 4e-06 0.9999869678417842 8e-06 2e-05 4.5120394945144655 0.09 0.09 127 
-2.22564647992452 0.0006 0.0004 0.9999961113929748 2e-06 3e-06 0.9999860586722692 1e-05 3e-05 4.512079102198283 0.1 0.1 128 
-2.225666046142578 0.0004 0.0003 0.9999958674112955 2e-06 3e-06 0.9999871359268824 8e-06 2e-05 4.511992869377136 0.09 0.09 129 
-2.2257101281483966 0.0007 0.0004 0.999996380408605 2e-06 3e-06 0.9999870530764262 9e-06 3e-05 4.5120477978388465 0.1 0.1 130 
-2.2255674839019775 0.0005 0.0003 0.9999951606988907 2e-06 5e-06 0.9999859686692556 8e-06 2e-05 4.512091581026713 0.09 0.09 131 
-2.2257087930043538 0.002 0.0006 0.9999962739149729 2e-06 5e-06 0.9999876370032629 9e-06 6e-05 4.5120423253377275 0.1 0.1 132 
-2.22564998626709 0.001 0.0004 0.9999960668881734 1e-06 2e-06 0.9999858687321345 1e-05 5e-05 4.512121575673421 0.1 0.1 133 
-2.225654872258504 0.0006 0.0004 0.9999962121248245 2e-06 3e-06 0.999986489812533 9e-06 3e-05 4.511872251828511 0.1 0.1 134 
-2.2256459395090737 0.0005 0.0003 0.9999958372116089 2e-06 4e-06 0.999987031618754 8e-06 2e-05 4.512055490811666 0.09 0.09 135 
-2.2256639989217124 0.0005 0.0003 0.9999957625071207 2e-06 3e-06 0.9999867592255275 8e-06 2e-05 4.512051140467326 0.09 0.09 136 
-2.225643990834554 0.0005 0.0004 0.9999958594640096 2e-06 4e-06 0.9999871893723806 8e-06 2e-05 4.512047309875488 0.09 0.09 137 
-2.2256452242533364 0.0007 0.0004 0.9999959921836853 1e-06 3e-06 0.9999858510494232 1e-05 3e-05 4.512037839889526 0.1 0.1 138 
-2.2256749884287514 0.0005 0.0003 0.999996196826299 2e-06 3e-06 0.9999859911203385 8e-06 2e-05 4.512090590794881 0.09 0.09 139 
-2.2256330108642577 0.0004 0.0003 0.9999956192572912 2e-06 4e-06 0.9999868820110956 8e-06 2e-05 4.512048045794169 0.09 0.09 140 
-2.225716927846273 0.002 0.0005 0.9999965101480484 2e-06 6e-06 0.999983762105306 1e-05 6e-05 4.511916510264078 0.1 0.1 141 
-2.2256605720520017 0.001 0.0004 0.999995949268341 2e-06 2e-06 0.9999866996208827 1e-05 5e-05 4.512077283859253 0.1 0.1 142 
-2.225691442489624 0.0005 0.0003 0.9999962919950485 2e-06 3e-06 0.9999868899583817 8e-06 2e-05 4.511972969373067 0.09 0.09 143 
-2.225678119659424 0.0008 0.0004 0.9999960074822108 1e-06 3e-06 0.9999862476189931 1e-05 3e-05 4.512118449211121 0.1 0.1 144 
-2.2256725629170737 0.0006 0.0004 0.9999958894650142 2e-06 4e-06 0.9999861013889313 8e-06 3e-05 4.51197641213735 0.1 0.1 145 
-2.225671141942342 0.0007 0.0004 0.9999960281451543 1e-06 3e-06 0.9999867876370748 9e-06 3e-05 4.512024194399515 0.1 0.1 146 
-2.225664119720459 0.0008 0.0004 0.9999961105982462 2e-06 3e-06 0.999986730615298 1e-05 3e-05 4.511996536254883 0.1 0.1 147 
-2.225675360361735 0.0005 0.0003 0.999995843966802 2e-06 3e-06 0.9999887651205063 8e-06 2e-05 4.51213486512502 0.09 0.09 148 
-2.225678288141886 0.0008 0.0004 0.9999961034456889 2e-06 4e-06 0.9999870042006175 8e-06 3e-05 4.511900742848714 0.1 0.1 149 
