-2.2243797620137533 0.003 0.001 0.9999829477071762 8e-06 3e-05 0.9999670815467835 2e-05 2e-05 4.511221098899841 0.1 0.1 0 
636.0814697265625 1 
-2.211659167607625 0.07 0.01 0.9999238614241283 2e-05 9e-05 0.9991741695006688 0.0005 0.004 4.490221736431121 0.5 0.5 2 
-2.223726714452108 0.002 0.0009 0.9999715956052144 9e-06 2e-05 0.9999858943621317 5e-06 5e-06 4.509049781163534 0.1 0.1 3 
9.206243930748314e-07 4 
9.20493232570152e-07 5 
-1.9688215478261313 0.3 0.1 0.998230920235316 0.001 0.003 0.9981757666667302 0.0001 0.0003 4.293658133347829 2.0 2.0 6 
-2.2183346048990886 0.002 0.002 0.9994838668902715 7e-05 5e-05 0.999914980729421 3e-05 5e-05 4.523741860389709 0.2 0.2 7 
-2.223582916259766 0.003 0.001 0.9999713188409806 8e-06 1e-05 0.9999600501855215 2e-05 3e-05 4.511987840334575 0.2 0.2 8 
264.6650085449219 9 
-2.1986710611979166 0.002 0.002 0.9994190347194671 0.0001 0.0001 0.9982886528968811 7e-05 6e-05 4.48888247013092 0.4 0.4 10 
-2.195800673166911 0.005 0.003 0.9998578375577927 3e-05 3e-05 0.9979554055134455 0.0005 0.0004 4.412464900016785 0.3 0.3 11 
9.205871947415289e-07 12 
-0.37741119384765626 0.002 0.001 0.8141690170764924 0.007 0.008 0.9820848192771275 0.0005 0.0005 2.3847072474161783 0.1 0.1 13 
232.79424743652345 14 
9.206024174090999e-07 15 
713.1615356445312 16 
-2.2203139305114745 0.003 0.002 0.9999616096417109 1e-05 2e-05 0.9999743892749151 4e-06 3e-06 4.50781674861908 0.3 0.3 17 
-2.217786423365275 0.02 0.005 0.9999502664804458 3e-05 0.0001 0.9998218562205633 0.0001 0.0003 4.497693816820781 0.4 0.5 18 
9.20099091672455e-07 19 
0.0007091242587193847 20 
2683.892626953125 21 
429.7933776855469 22 
9.204703928844538e-07 23 
-2.222449328104655 0.0003 0.0003 0.9999518146117529 2e-06 2e-06 0.9999058202902475 1e-05 2e-05 4.501896850268046 0.2 0.2 24 
7612.42294921875 25 
9.204752018376894e-07 26 
9.208496294377255e-07 27 
-2.209644374847412 0.01 0.004 0.9998660143216451 3e-05 6e-05 0.9998605412244796 1e-05 8e-06 4.5034808905919395 0.2 0.2 28 
-2.2194142087300617 0.0008 0.0006 0.999904558857282 2e-05 2e-05 0.9999677443504333 1e-05 4e-05 4.507956980069478 0.2 0.2 29 
633.4804077148438 30 
9.20460945508239e-07 31 
9.204268053508713e-07 32 
-2.224104280471802 0.004 0.001 0.9999857880671819 7e-06 2e-05 0.9999848637978236 8e-06 9e-06 4.510635646184285 0.1 0.2 33 
9.20443483209965e-07 34 
-2.210354051589966 0.003 0.002 0.9999087868134181 2e-05 2e-05 0.9999195398886999 2e-05 1e-05 4.498942659695943 0.2 0.2 35 
-2.209243580500285 0.002 0.001 0.9999786762396494 1e-05 3e-05 0.9991607306400935 2e-05 3e-05 4.492554165522257 0.1 0.1 36 
9.204612183566496e-07 37 
9.205590572491928e-07 38 
9.201955663229455e-07 39 
-2.222401418685913 0.004 0.002 0.999955068230629 2e-05 4e-05 0.999984572728475 9e-06 2e-05 4.51145845413208 0.2 0.2 40 
nan 41 
9.180902111438627e-07 42 
538.65693359375 43 
-2.21895378112793 0.004 0.003 0.9999184695879618 1e-05 2e-05 0.9997490686178208 0.0001 0.0001 4.487893988291423 0.3 0.3 44 
9.206189247379371e-07 45 
0.01184687577188015 46 
nan 47 
9.204330467582622e-07 48 
9.205386163557705e-07 49 
9.205602509609889e-07 50 
-2.221703182856242 0.003 0.002 0.9999799702564875 9e-06 1e-05 0.9999029437700907 4e-05 7e-05 4.504559879302978 0.2 0.2 51 
-2.220537436803182 0.001 0.001 0.9999153532584508 2e-05 3e-05 0.9999265007177989 1e-05 9e-06 4.506852784156799 0.2 0.2 52 
-2.2191404660542804 0.003 0.002 0.999963907400767 8e-06 7e-06 0.9997179267803827 0.0001 0.0001 4.483922096888224 0.2 0.2 53 
821.805859375 54 
-2.203280420303345 0.0006 0.0008 0.9997636129458746 4e-05 5e-05 0.9998168935378392 2e-05 3e-05 4.494826755523682 0.2 0.2 55 
9.2051589035691e-07 56 
-2.2206487369537355 0.0002 0.0002 0.9999108582735061 2e-05 2e-05 0.9999475741386413 5e-06 5e-06 4.507464957237244 0.2 0.2 57 
352.8970520019531 58 
0.027484612166881563 59 
9.24507980926137e-07 60 
554.18486328125 61 
801.9432861328125 62 
9.201058105645643e-07 63 
667.9436157226562 64 
9.201098350786197e-07 65 
-2.224771153132121 0.002 0.0009 0.999988607764244 4e-06 9e-06 0.9999855937560399 2e-06 7e-06 4.511326235135396 0.1 0.1 66 
9.204358093484188e-07 67 
327.8412658691406 68 
-2.2246170393625895 0.002 0.001 0.9999483845631282 3e-05 0.0001 0.9999872952699661 4e-06 6e-06 4.512394204139709 0.1 0.1 69 
0.12254205793142318 70 
-0.37580077807108564 0.001 0.0007 0.8135278703769048 0.01 0.01 0.9820933739344279 0.0001 0.0001 2.379580675760905 0.1 0.1 71 
9.206764730151918e-07 72 
0.0007044465397484601 73 
592.1333374023437 74 
-2.223070697784424 0.003 0.002 0.999978891213735 8e-06 9e-06 0.9999575916926066 3e-05 5e-05 4.5081383355458575 0.2 0.2 75 
463.30881958007814 76 
-2.2166716639200845 0.0004 0.0004 0.9998668245474498 2e-05 2e-05 0.9988600615660349 4e-05 4e-05 4.520202651023864 0.2 0.2 77 
-2.223376614252726 0.0003 0.0002 0.9999796160062154 3e-06 4e-06 0.9999290531873704 2e-05 3e-05 4.505523257255554 0.2 0.2 78 
-0.3670652707417806 0.001 0.001 0.8322708561023077 0.01 0.01 0.9834442188342413 0.004 0.004 2.451811374823252 0.3 0.3 79 
-2.2022654596964517 0.005 0.004 0.999892968138059 2e-05 6e-05 0.9990223660071691 6e-05 9e-05 4.473759603500366 0.3 0.3 80 
9.204633556691988e-07 81 
-2.223272231419881 0.0007 0.0007 0.9999654682477316 7e-06 8e-06 0.99931356827418 1e-05 2e-05 4.513445615768433 0.1 0.1 82 
-2.220369793574015 0.004 0.003 0.999929221868515 1e-05 3e-05 0.9999360525608063 2e-05 7e-05 4.509796560605367 0.2 0.2 83 
9.206693448504666e-07 84 
9.204293860420876e-07 85 
9.474043508816976e-07 86 
9.201369039146811e-07 87 
9.204340699398017e-07 88 
9.20211664379167e-07 89 
2550.041064453125 90 
9.204901516568498e-07 91 
414.1396545410156 92 
696.2477783203125 93 
335.5796630859375 94 
248.3384216308594 95 
2300.239208984375 96 
-2.2088201268514 0.0002 0.0002 0.9999516888459523 8e-06 8e-06 0.999015193382899 4e-07 5e-07 4.4994300858179725 0.1 0.1 97 
665.6501342773438 98 
-2.222603750228882 0.009 0.003 0.9998914547761282 2e-05 0.0001 0.9999791045983633 8e-06 3e-05 4.510380071004231 0.2 0.2 99 
9.205134574585827e-07 100 
9.496551911070128e-07 101 
9.204539310303517e-07 102 
-2.2225438849131267 0.004 0.002 0.9999601350227991 1e-05 4e-05 0.9999801715215048 1e-05 2e-05 4.509570384025574 0.2 0.2 103 
-2.2184630076090497 0.004 0.002 0.9999481906493505 1e-05 2e-05 0.9997989861170451 9e-05 0.0001 4.490392710367838 0.3 0.3 104 
0.00011109708866570145 105 
0.018257154524326323 106 
-2.2120803356170655 0.0006 0.0006 0.9999192974964778 9e-06 8e-06 0.9985560864210129 2e-05 7e-05 4.52133629322052 0.1 0.1 107 
9.3049678753232e-07 108 
-2.2238244152069093 0.0009 0.0005 0.999971845348676 6e-06 9e-06 0.9999788012107214 5e-06 7e-06 4.511486571629842 0.1 0.1 109 
683.1431274414062 110 
9.223666666002828e-07 111 
-2.219864540100098 0.0006 0.0005 0.999919126033783 1e-05 1e-05 0.9997845121224721 5e-05 6e-05 4.493452965418498 0.2 0.2 112 
-0.3899475208918254 0.0003 0.0003 0.8207195641597113 0.0006 0.0006 0.9829042573769887 0.001 0.001 2.425434226989746 0.1 0.1 113 
-2.2251960531870525 4e-05 4e-05 0.9999912236134211 2e-06 1e-06 0.999992573261261 5e-07 6e-07 4.512000455856323 0.07 0.07 114 
-2.2223334089914957 0.001 0.0009 0.9999758700529734 4e-06 5e-06 0.9998802928129832 4e-05 5e-05 4.497905042966207 0.2 0.2 115 
282.4530090332031 116 
9.205225069308653e-07 117 
0.026272967085242273 118 
-2.2228398927052817 0.001 0.0008 0.9999621597925822 9e-06 2e-05 0.9999649731318155 9e-06 1e-05 4.508804570833842 0.2 0.2 119 
-2.2215486685434978 0.002 0.001 0.9999383493264516 2e-05 3e-05 0.999829972187678 1e-05 3e-05 4.513496750195821 0.2 0.2 120 
-2.2242080688476564 0.006 0.002 0.9999802412589391 9e-06 3e-05 0.9985665065050126 1e-05 2e-05 4.528805060386658 0.2 0.2 121 
-2.2150046920776365 0.01 0.003 0.9999660176038742 1e-05 7e-05 0.9985627080996832 2e-05 3e-05 4.522205297152201 0.2 0.2 122 
9.204692901221279e-07 123 
-0.38924200852711993 0.0001 0.0001 0.8196146732568741 0.0006 0.0006 0.9840035953124364 0.001 0.001 2.411914399464925 0.1 0.1 124 
9.233625519300404e-07 125 
-0.37693058331807455 0.001 0.0008 0.8140243005752563 0.007 0.007 0.9828775137662887 0.001 0.001 2.3814905587832134 0.2 0.2 126 
-0.38133185704549155 0.001 0.001 0.8173763944705328 0.001 0.001 0.9830775254964829 0.002 0.002 2.398665022055308 0.3 0.3 127 
9.204419598063395e-07 128 
755.642431640625 129 
9.20507056889619e-07 130 
9.209959785039245e-07 131 
-2.2215764268239337 0.005 0.003 0.9999319670597712 2e-05 5e-05 0.9999807723363241 9e-06 2e-05 4.509872357050578 0.2 0.2 132 
-2.1962758032480876 0.002 0.001 0.9999083600441615 8e-06 1e-05 0.9964151225487391 0.0006 0.0006 4.290210259755453 0.2 0.2 133 
-0.38778250376383466 0.0002 0.0002 0.8204003890355428 0.001 0.001 0.9837824857234955 0.0002 0.0002 2.417837599913279 0.2 0.2 134 
-2.2200936317443847 0.005 0.003 0.9999095334609349 1e-05 2e-05 0.99972554286321 0.0001 0.0002 4.49259211063385 0.2 0.2 135 
9.2291348892104e-07 136 
9.233401897290605e-07 137 
9.204933462569897e-07 138 
2006.02080078125 139 
-0.39042794227600097 0.001 0.0006 0.819384229183197 0.005 0.006 0.9842944965759913 0.0009 0.001 2.4152809023857116 0.1 0.1 140 
-0.37774709860483807 0.001 0.0007 0.8140728441874187 0.006 0.007 0.9820151180028915 0.0006 0.0006 2.384700574874878 0.1 0.1 141 
365.2049072265625 142 
9.205055903294123e-07 143 
0.01409150417894125 144 
9.201524221680301e-07 145 
5803.395703125 146 
9.200488648275496e-07 147 
-0.3891690413157145 0.003 0.002 0.8194899072249731 0.006 0.008 0.9840313166379928 0.001 0.001 2.415304611523946 0.2 0.2 148 
-0.3882852856318156 0.003 0.001 0.8195536400874456 0.01 0.01 0.9853004244963328 0.001 0.001 2.4050829378763834 0.08 0.1 149 
