-2.224782002766927 0.0006 0.0006 0.9999910831451416 7e-06 8e-06 0.9999752261241277 2e-05 2e-05 4.511367727915446 0.07 0.07 0 
-2.2249605401357013 5e-05 5e-05 0.9999880683422089 9e-07 9e-07 0.9999819459517797 1e-06 1e-06 4.511578466097514 0.06 0.06 1 
-2.2246981843312583 0.0007 0.0006 0.9999894291162491 8e-06 9e-06 0.9999729277690251 2e-05 2e-05 4.510790737469991 0.07 0.07 2 
-1.5444315020243327 0.6 0.2 0.9893850356340408 0.006 0.01 0.8386414302388827 0.09 0.4 4.734145764509837 6.0 2.0 3 
-2.223411782582601 0.0001 0.0001 0.9999810926119487 2e-06 3e-06 0.9999347855647405 6e-06 6e-06 4.511040436426798 0.1 0.1 4 
-1.4920359420776368 0.8 0.2 0.9862846146027248 0.01 0.02 0.6950381696720918 0.2 0.5 6.128404211997986 10.0 4.0 5 
-2.2245861784617107 0.0009 0.0008 0.9999875611066819 1e-05 1e-05 0.9999754391113918 2e-05 2e-05 4.511141530672709 0.09 0.08 6 
-2.224878479639689 0.0005 0.0005 0.9999919923146566 5e-06 6e-06 0.9999614504973093 3e-05 3e-05 4.511639804840088 0.1 0.1 7 
-2.2246455764770507 0.0008 0.0007 0.9999892280499141 9e-06 1e-05 0.9999748708804449 2e-05 2e-05 4.510784724553426 0.08 0.07 8 
-1.5074923102060953 0.7 0.2 0.9874734296401342 0.009 0.02 0.7863737280170123 0.1 0.5 5.087825675010681 7.0 3.0 9 
-2.2245415242513022 0.0008 0.0007 0.9999875994523366 9e-06 1e-05 0.9999742805957794 2e-05 2e-05 4.511201872825622 0.08 0.08 10 
-2.224713945388794 0.001 0.0008 0.9999894934892655 8e-06 1e-05 0.999983454545339 1e-05 1e-05 4.511095108985901 0.08 0.07 11 
-2.2250694910685223 0.001 0.0009 0.999992195169131 6e-06 1e-05 0.9999860918521881 8e-06 1e-05 4.511468316713969 0.09 0.09 12 
-1.5132723744710286 0.5 0.2 0.9878650295734406 0.008 0.02 0.8094699415564537 0.1 0.4 4.931379200617473 5.0 3.0 13 
-2.2247459856669107 0.0008 0.0006 0.9999888114134471 8e-06 9e-06 0.9999790531396866 1e-05 2e-05 4.511046430269877 0.08 0.08 14 
-1.5236264006296794 0.5 0.2 0.9885034261147181 0.007 0.01 0.8180564892292023 0.1 0.4 4.875453434785207 5.0 2.0 15 
-1.5706148338317871 0.7 0.2 0.989372341632843 0.008 0.02 0.8711007777849833 0.09 0.5 4.722302302519481 6.0 2.0 16 
-1.6262635294596355 0.1 0.07 0.9912793338298798 0.003 0.005 0.9584703729550044 0.02 0.04 4.355383674303691 3.0 2.0 17 
-2.2243308957417804 0.0007 0.0006 0.9999804709355037 9e-06 1e-05 0.999963751633962 2e-05 3e-05 4.511269691785176 0.09 0.08 18 
-1.5292489465077719 0.6 0.2 0.988674867550532 0.007 0.01 0.8278252812226613 0.1 0.3 4.803263048330943 5.0 2.0 19 
-2.2246785449981687 0.0007 0.0006 0.9999880065520604 8e-06 9e-06 0.9999727245171864 2e-05 2e-05 4.510722063382467 0.08 0.07 20 
-2.2250023396809895 0.0006 0.0005 0.9999897227684656 6e-06 7e-06 0.999983012676239 1e-05 1e-05 4.511456009546916 0.08 0.08 21 
-1.7281813526153564 0.4 0.1 0.9942699704567591 0.003 0.006 0.9105481517314911 0.06 0.2 4.559782338142395 4.0 2.0 22 
-2.224661979675293 0.0004 0.0002 0.9999934677282969 5e-06 7e-06 0.9999647808074951 3e-05 3e-05 4.511317089398702 0.1 0.09 23 
-2.2239588928222656 0.001 0.001 0.9999845143159231 1e-05 2e-05 0.9999728029966355 2e-05 2e-05 4.510717531840006 0.1 0.1 24 
-2.2247519493103027 0.0007 0.0006 0.9999902264277141 7e-06 8e-06 0.9999747790892919 2e-05 2e-05 4.5107095909118655 0.08 0.07 25 
-1.4673677444458009 1.0 0.2 0.9858415659268697 0.009 0.02 0.7250568994879723 0.2 0.4 5.691170775095622 9.0 3.0 26 
-1.7322576014200846 0.1 0.02 0.9942424291372299 0.001 0.004 0.9657346345980962 0.009 0.03 4.239334545930227 1.0 1.0 27 
-2.2252586778004964 0.0007 0.0004 0.9999859356880187 5e-06 9e-06 0.9999799011150996 7e-06 1e-05 4.51199612458547 0.09 0.09 28 
-2.216428524653117 0.01 0.008 0.999706679781278 0.0002 0.0003 0.9994478430350622 0.0005 0.001 4.527686767578125 0.3 0.3 29 
-2.126364145278931 0.2 0.06 0.9992561777432759 0.0005 0.002 0.9998479857047399 7e-05 0.0003 4.456196942329407 0.3 0.3 30 
-2.225302801132202 0.0004 0.0002 0.9999927367766698 4e-06 4e-06 0.9999825233221054 1e-05 1e-05 4.511642684936524 0.07 0.07 31 
-2.224525219599406 0.0008 0.0007 0.9999855248133341 9e-06 1e-05 0.9999728627999623 2e-05 2e-05 4.511168715159099 0.08 0.08 32 
-2.224649705886841 0.0006 0.0006 0.999987943371137 8e-06 9e-06 0.9999711821476619 2e-05 3e-05 4.510940677324931 0.08 0.08 33 
-2.224664157231649 0.0007 0.0006 0.9999896611769994 9e-06 1e-05 0.9999730014801025 2e-05 2e-05 4.511051022211711 0.08 0.08 34 
-1.299353796641032 0.9 0.3 0.9761730672915777 0.02 0.03 0.6845518799126148 0.3 0.5 5.990905398527781 10.0 3.0 35 
-2.0580876731872557 0.02 0.02 0.9994981769720713 5e-05 4e-05 0.9939082274834316 0.0002 0.0002 4.352450826962789 0.3 0.3 36 
-2.2251647885640464 0.0006 0.0005 0.9999916750192642 6e-06 7e-06 0.9999817546208699 1e-05 1e-05 4.511183382670085 0.07 0.07 37 
-2.2249339962005616 0.0006 0.0005 0.9999913223584493 7e-06 9e-06 0.9999673056602478 2e-05 3e-05 4.511310725212097 0.08 0.08 38 
-1.6076895427703857 1.0 0.2 0.9894617323080699 0.008 0.02 0.9011295211315155 0.06 0.2 4.454593015511831 3.0 1.0 39 
-2.224964043299357 0.0007 0.0006 0.9999924310048421 5e-06 6e-06 0.9999826347827911 9e-06 1e-05 4.511275332768758 0.07 0.07 40 
-1.6432881609598795 0.4 0.2 0.9917505385478338 0.005 0.02 0.9278710259993871 0.04 0.4 4.4659038209915165 5.0 2.0 41 
-2.2247297890981037 0.001 0.0008 0.999988384048144 8e-06 1e-05 0.9999798383315405 1e-05 1e-05 4.511217176119486 0.08 0.08 42 
-1.5323631731669107 0.6 0.2 0.9885032838582992 0.007 0.01 0.8278068600098292 0.1 0.5 4.827045005957285 7.0 2.0 43 
-2.224675013224284 0.0007 0.0006 0.9999901121854782 8e-06 9e-06 0.9999749257167181 2e-05 2e-05 4.510944010416667 0.07 0.07 44 
-1.4857178115844727 0.6 0.2 0.9851355775197347 0.01 0.03 0.7032979060709477 0.2 0.5 5.908277808825175 8.0 3.0 45 
-1.5097650146484376 0.7 0.2 0.9874647174278895 0.009 0.02 0.7984404703974723 0.1 0.4 5.022362534205119 6.0 3.0 46 
-2.224707825978597 0.0007 0.0006 0.9999899542331696 8e-06 1e-05 0.9999739350875219 2e-05 2e-05 4.511005468368531 0.07 0.07 47 
-1.5250741291046142 0.5 0.2 0.9884771358966827 0.007 0.01 0.8154562884569168 0.1 0.4 4.881002484957377 5.0 2.0 48 
-1.678633639017741 0.06 0.09 0.992984573841095 0.003 0.003 0.9666768713792165 0.02 0.02 4.4545500143369035 3.0 2.0 49 
-2.2239783986409507 0.0008 0.0007 0.9999845192829768 7e-06 8e-06 0.9999326745669047 2e-05 1e-05 4.510526223182678 0.08 0.08 50 
-2.225256388982137 0.0004 0.0004 0.9999924230575562 3e-06 2e-06 0.9999708690245946 2e-05 3e-05 4.511330966949463 0.07 0.07 51 
-2.2244807783762615 0.0009 0.0008 0.9999861927827199 1e-05 1e-05 0.9999747572342554 2e-05 2e-05 4.510876483917237 0.09 0.08 52 
-2.225301068623861 0.0003 0.0003 0.9999930969874065 3e-06 3e-06 0.9999797874689103 9e-06 2e-05 4.511750823656718 0.08 0.08 53 
-2.2246311473846436 0.0009 0.0007 0.9999889179070791 9e-06 1e-05 0.9999762092034022 2e-05 2e-05 4.51103278319041 0.08 0.08 54 
-1.5288709131876628 0.8 0.2 0.9885262227058411 0.007 0.01 0.8248417346676191 0.1 0.4 4.818061467806499 5.0 2.0 55 
-2.2247327613830565 0.0007 0.0006 0.9999900925159454 8e-06 1e-05 0.9999722496668497 2e-05 2e-05 4.511164110501607 0.08 0.08 56 
-1.5267871665954589 0.7 0.2 0.9870014023780823 0.01 0.04 0.7805756182471911 0.2 0.5 5.036014302571615 7.0 2.0 57 
-2.2251032257080077 0.001 0.0007 0.9999898733695348 7e-06 1e-05 0.9999838105837504 9e-06 2e-05 4.511410462061564 0.08 0.08 58 
-2.2252604230244954 7e-06 8e-06 0.9999862563610077 7e-07 6e-07 0.9999789363145828 2e-06 2e-06 4.511566921869914 0.06 0.06 59 
-1.6510772609710693 0.1 0.07 0.9921195212999979 0.002 0.004 0.9568483291069666 0.02 0.04 4.3802097177505495 3.0 2.0 60 
-1.6152121353149413 0.1 0.05 0.9911794900894165 0.005 0.009 0.9307612446943919 0.02 0.08 4.295834972858429 2.0 2.0 61 
-2.2247451241811116 0.0007 0.0006 0.9999904602766037 7e-06 8e-06 0.9999747405449549 2e-05 2e-05 4.511445089975993 0.07 0.07 62 
-1.5216779581705728 0.6 0.2 0.9880160476764043 0.008 0.02 0.8142858811219533 0.1 0.4 4.862280117670695 5.0 2.0 63 
-2.2251164054870607 0.0004 0.0003 0.9999917578697205 4e-06 4e-06 0.9999736871321996 2e-05 2e-05 4.511514212290446 0.07 0.07 64 
-1.6032418282826741 0.3 0.08 0.9933471260468165 0.001 0.002 0.9728820814689001 0.003 0.009 4.203760023911794 2.0 2.0 65 
-1.5534233951568603 0.6 0.2 0.9868334066867829 0.01 0.04 0.7990929431716601 0.1 0.6 5.046951911449432 7.0 2.0 66 
-2.2247932720184327 0.0006 0.0004 0.9999913418292999 7e-06 8e-06 0.9999652610222498 3e-05 3e-05 4.510717496871949 0.08 0.08 67 
-2.224843069712321 0.0008 0.0006 0.9999897917111714 7e-06 8e-06 0.9999796926975251 1e-05 2e-05 4.511462214787801 0.08 0.08 68 
-2.224460433324178 0.0007 0.0006 0.9999888644615809 9e-06 1e-05 0.9999721362193426 2e-05 2e-05 4.5107961893081665 0.1 0.09 69 
-2.2245507589975992 0.0008 0.0007 0.9999897503852844 7e-06 8e-06 0.9999750022093455 2e-05 2e-05 4.5114166482289635 0.07 0.07 70 
-1.8518256823221841 0.2 0.06 0.9969973256190617 0.0009 0.004 0.9769976248343786 0.007 0.03 4.38586763938268 3.0 2.0 71 
-1.8011533228556316 0.09 0.06 0.9953128935893377 0.0009 0.002 0.9809345082441966 0.009 0.01 4.350262494087219 2.0 2.0 72 
-1.4908935896555582 0.7 0.2 0.9863390384117762 0.009 0.02 0.675775310844183 0.2 0.5 6.318735692501068 10.0 4.0 73 
-2.22516695022583 0.0006 0.0003 0.9999926269054413 3e-06 4e-06 0.9999744884173075 1e-05 2e-05 4.5116678269704185 0.08 0.08 74 
-2.2246787929534912 0.0008 0.0007 0.9999889383713404 9e-06 1e-05 0.9999759944279989 2e-05 2e-05 4.511039759318034 0.07 0.07 75 
-1.647710568110148 0.6 0.2 0.9920275489489238 0.005 0.009 0.8771624201536179 0.08 0.3 4.704747656186422 4.0 2.0 77 
-2.225333375930786 0.001 0.0005 0.9999926251173019 5e-06 7e-06 0.9999830053249995 1e-05 3e-05 4.511660327911377 0.09 0.09 78 
-1.645912504196167 0.5 0.2 0.9910329455137252 0.006 0.01 0.8884727891286214 0.08 0.2 4.688962848186493 5.0 2.0 79 
-2.2250054264068604 0.0009 0.0007 0.9999899593989054 7e-06 9e-06 0.9999822870890299 1e-05 2e-05 4.511196548144023 0.09 0.08 80 
-1.5433687845865884 0.5 0.2 0.9891866066058477 0.007 0.01 0.7983924504121145 0.1 0.3 5.021983153820038 4.0 3.0 81 
-2.2247394371032714 0.0008 0.0006 0.9999893132845561 7e-06 9e-06 0.9999778870741526 1e-05 2e-05 4.511115455627442 0.08 0.08 82 
-2.22441180229187 0.0009 0.0008 0.9999878998597463 9e-06 1e-05 0.9999747518698374 2e-05 2e-05 4.510877695083618 0.09 0.09 83 
-1.547406727472941 0.6 0.2 0.9848063451051712 0.01 0.04 0.7177393006285032 0.2 0.5 5.716575043201447 6.0 3.0 84 
-1.4949941762288412 0.8 0.2 0.9862287847201029 0.01 0.02 0.7875301688412826 0.2 0.6 5.272536323865254 8.0 3.0 85 
-2.224580618540446 0.0008 0.0007 0.9999825008710226 9e-06 1e-05 0.9999740034341812 2e-05 2e-05 4.510586921374003 0.07 0.07 86 
-2.2252078437805176 0.001 0.0007 0.9999880530436833 8e-06 2e-05 0.9999837692578634 9e-06 2e-05 4.511318316459656 0.08 0.08 87 
-2.224757006963094 0.0006 0.0005 0.9999911652008693 7e-06 9e-06 0.999972272713979 2e-05 2e-05 4.511076483726502 0.08 0.07 88 
-2.2256277402242026 8e-06 9e-06 0.9999895626306534 5e-07 5e-07 0.9999814838171005 2e-06 2e-06 4.511943505605061 0.05 0.05 89 
-2.2237921873728435 0.001 0.001 0.9999774169921875 1e-05 1e-05 0.9999631081024806 2e-05 2e-05 4.510340383847555 0.1 0.1 90 
-1.4767391649881998 0.6 0.2 0.9814119094610214 0.02 0.04 0.6488451890647411 0.3 0.4 6.411903744538625 9.0 4.0 91 
-1.6133310286204021 0.5 0.2 0.991001145641009 0.007 0.02 0.8957758100827535 0.06 0.3 4.578128468195597 5.0 2.0 92 
-2.2251988315582274 0.0006 0.0006 0.9999938402573267 3e-06 5e-06 0.9999877657492956 5e-06 9e-06 4.511710549990336 0.08 0.08 93 
-2.2244626013437907 0.0007 0.0006 0.9999876479307811 9e-06 1e-05 0.9999700069427491 2e-05 3e-05 4.510844966570536 0.09 0.09 94 
-1.5112580267588298 0.5 0.2 0.9874914673964182 0.01 0.03 0.7887848170598348 0.1 0.4 5.062184970378876 5.0 3.0 95 
-2.224639908472697 0.0007 0.0006 0.9999882843097051 9e-06 1e-05 0.9999727567036947 2e-05 2e-05 4.511033563613892 0.08 0.08 96 
-1.5116575082143149 0.6 0.2 0.9875933659076691 0.009 0.02 0.7533982799450556 0.2 0.5 5.314713815053304 9.0 3.0 97 
-1.6917388153076172 0.1 0.07 0.9931391696135203 0.002 0.004 0.9572995855410894 0.02 0.07 4.382178617318472 3.0 2.0 98 
-2.2250413290659585 0.0006 0.0003 0.9999905822674433 5e-06 6e-06 0.9999812702337901 1e-05 2e-05 4.511500415802002 0.09 0.09 99 
