-1.3874792512257894 0.7 0.3 0.9814193083842595 0.01 0.02 0.7832284186283748 0.2 0.4 5.069962504704793 5.0 2.0 0 
-2.2249032719930013 0.0005 0.0003 0.999992133975029 4e-06 5e-06 0.9999772697687149 2e-05 2e-05 4.511041227976481 0.08 0.08 1 
-1.5245983282725015 0.5 0.2 0.9823014158010482 0.02 0.05 0.8073709028959274 0.1 0.5 4.929070374965668 6.0 3.0 2 
-1.5972198136647542 0.3 0.2 0.9899115101496379 0.008 0.02 0.8233007462819417 0.1 0.3 4.880720133781433 3.0 2.0 3 
-1.6143354733784994 0.1 0.09 0.9902558890978496 0.005 0.006 0.895815702478091 0.09 0.2 4.633115589221319 3.0 3.0 4 
-1.750301783879598 0.05 0.04 0.9942523155609767 0.003 0.004 0.9672937029600144 0.02 0.02 4.36278370141983 2.0 2.0 5 
-2.2248506291707355 0.001 0.0008 0.9999883588155111 9e-06 1e-05 0.9999852438767751 9e-06 1e-05 4.51152065594991 0.08 0.07 6 
-1.6255357074737549 0.2 0.06 0.9922704674800237 0.002 0.005 0.8995553471644719 0.05 0.2 4.567600189844767 4.0 2.0 7 
-2.224488042195638 0.001 0.0009 0.999987241824468 7e-06 1e-05 0.9999755134185155 2e-05 2e-05 4.511211824417114 0.08 0.07 8 
-1.5919552071889242 0.2 0.1 0.990301523009936 0.004 0.004 0.9501494991779328 0.03 0.1 4.381803205808004 4.0 2.0 9 
-2.2251724020640054 0.001 0.0006 0.9999895187218985 5e-06 8e-06 0.9999833778540294 7e-06 8e-06 4.511729067166646 0.08 0.07 10 
-2.2245511341094972 0.001 0.0009 0.9999840597311656 1e-05 1e-05 0.9999804377555848 1e-05 1e-05 4.5117512130737305 0.08 0.08 11 
-1.5378738975524902 0.6 0.2 0.9890004700422287 0.006 0.01 0.8244362754623095 0.1 0.4 4.841797113418579 6.0 2.0 12 
-2.2250324376424153 0.001 0.0008 0.9999886270364126 8e-06 1e-05 0.9999889006217321 7e-06 1e-05 4.511818078358968 0.07 0.07 13 
-1.5364008649190266 1.0 0.2 0.9885400700569152 0.007 0.03 0.891002645989259 0.09 0.8 4.795900512536367 10.0 3.0 14 
-1.440826384226481 0.8 0.2 0.9834125151236852 0.009 0.02 0.6530397427578767 0.3 0.4 6.583068544069926 10.0 4.0 15 
-1.4204228115081787 0.4 0.2 0.9838442186514537 0.01 0.02 0.7910358363389969 0.1 0.5 5.030154368082682 7.0 3.0 16 
-2.2251448027292886 0.002 0.001 0.9999953862031301 3e-06 4e-06 0.9999475572506586 5e-05 0.0001 4.511426405906677 0.1 0.1 17 
-2.176090717315674 0.002 0.002 0.9998437827825546 2e-05 3e-05 0.9988590067625046 0.0001 0.0001 4.47264399210612 0.09 0.09 18 
-2.2249200121561685 0.0004 0.0004 0.9999907902876536 6e-06 6e-06 0.9999626255035401 3e-05 4e-05 4.511592000325521 0.08 0.08 19 
-2.2247279421488444 0.0009 0.0007 0.9999892769257227 8e-06 1e-05 0.9999790010849635 1e-05 2e-05 4.511123353640238 0.08 0.08 20 
-2.2245200951894124 0.0008 0.0007 0.9999873067935308 9e-06 1e-05 0.9999722351630529 2e-05 2e-05 4.511086115837097 0.09 0.09 21 
-1.5150476900736491 0.7 0.2 0.9861875975131988 0.01 0.03 0.7301507154603799 0.2 0.5 5.70572426478068 7.0 3.0 22 
-2.224931968053182 0.002 0.0009 0.9999866863091786 8e-06 1e-05 0.999986675977707 5e-06 7e-06 4.511171032587687 0.09 0.09 23 
-2.225260753631592 0.001 0.0005 0.9999915830294291 5e-06 9e-06 0.9999817194541295 1e-05 3e-05 4.511660175323486 0.08 0.08 24 
-2.2249299844106036 0.001 0.0007 0.9999917644262314 6e-06 8e-06 0.9999854836861293 8e-06 1e-05 4.5113163709640505 0.08 0.08 25 
-2.2247660223642987 0.0009 0.0007 0.9999887462457021 8e-06 9e-06 0.9999805490175883 1e-05 2e-05 4.510683031082153 0.08 0.08 26 
-2.224954824447632 0.001 0.0008 0.9999910271167756 7e-06 9e-06 0.9999866932630539 6e-06 7e-06 4.5110594749450685 0.08 0.08 27 
-1.3515559323628743 1.0 0.3 0.9760639939705531 0.02 0.04 0.767888988951842 0.2 0.5 5.239011402130127 7.0 3.0 28 
-2.165875867207845 0.001 0.0005 0.9997899317741394 2e-05 4e-05 0.9988854598999023 3e-05 5e-05 4.466199191411336 0.07 0.08 29 
-2.2246145979563394 0.0006 0.0004 0.9999909090995789 7e-06 9e-06 0.9999724646409353 2e-05 3e-05 4.511043702761333 0.09 0.09 30 
-1.5079143397013346 0.6 0.2 0.9878531773885091 0.008 0.02 0.773071952064832 0.1 0.5 5.168942581017812 5.0 3.0 31 
-1.5115478070576986 0.7 0.2 0.9878116146723429 0.008 0.02 0.8659957597156366 0.08 0.7 4.689159452915192 7.0 2.0 32 
-2.2234093729654947 0.002 0.0009 0.9999832320213318 7e-06 1e-05 0.999886120557785 5e-05 6e-05 4.507296376228332 0.2 0.2 33 
-2.224520508448283 0.001 0.0009 0.9999859456221263 1e-05 1e-05 0.9999798480669657 1e-05 1e-05 4.510824376742045 0.08 0.08 34 
-2.2248523489634198 0.001 0.0008 0.9999886612097423 8e-06 9e-06 0.9999824279546737 1e-05 1e-05 4.511577332814534 0.06 0.08 35 
-1.8235170777638754 0.3 0.08 0.9965685190757115 0.002 0.003 0.9737809419631958 0.02 0.06 4.4163493386904396 4.0 3.0 36 
-2.2249640814463296 0.001 0.0008 0.9999905733267466 7e-06 1e-05 0.9999867437283197 8e-06 1e-05 4.511502916018168 0.08 0.08 37 
-2.224705861409505 0.0007 0.0006 0.9999890091021856 8e-06 1e-05 0.9999732871850332 2e-05 2e-05 4.511035097440084 0.07 0.07 38 
-2.1098056030273438 0.02 0.01 0.9993563657999038 0.0001 0.0002 0.9971518470843633 0.0005 0.0005 4.459349939028422 0.4 0.4 39 
-2.2247275161743163 0.001 0.0007 0.9999874665339787 8e-06 1e-05 0.9999788977702458 1e-05 2e-05 4.511399928728739 0.09 0.08 40 
-1.727412846883138 0.05 0.04 0.9929410423835119 0.003 0.004 0.9612718880176544 0.02 0.04 4.367282657623291 2.0 2.0 41 
-2.2248219458262124 0.0008 0.0006 0.999989490310351 7e-06 9e-06 0.9999789420763652 2e-05 2e-05 4.51197146097819 0.07 0.07 42 
-1.825636240641276 0.1 0.06 0.9961838819583257 0.0009 0.002 0.9849933642148971 0.005 0.008 4.347106262048086 2.0 2.0 43 
-2.2245751444498696 0.0009 0.0007 0.999986811876297 1e-05 1e-05 0.9999769413471222 2e-05 2e-05 4.51083155632019 0.09 0.09 44 
-1.3668749141693115 0.2 0.2 0.9794664456446965 0.02 0.02 0.8408911661307017 0.08 0.09 4.514143660068512 1.0 1.0 45 
-2.2247010962168376 0.0007 0.0005 0.9999895278612773 9e-06 1e-05 0.9999719389279683 2e-05 3e-05 4.511213507652283 0.08 0.08 46 
-1.5121240679423014 0.5 0.2 0.9851807210842768 0.01 0.03 0.7358253628512224 0.2 0.5 5.422461170355479 7.0 3.0 47 
-1.5362755489349365 0.5 0.2 0.987475813428561 0.01 0.04 0.7840012553334236 0.2 0.4 5.0357808621724445 6.0 2.0 48 
-2.2253737513224285 0.0006 0.0006 0.9999916090567906 5e-06 7e-06 0.9999770375092825 2e-05 3e-05 4.512356874148051 0.08 0.08 49 
-2.2255378087361652 0.0003 0.0001 0.9999873115619023 3e-06 6e-06 0.9999861709276835 3e-06 3e-06 4.511789383888245 0.07 0.07 50 
-2.225277058283488 0.0007 0.0005 0.9999924008051554 5e-06 5e-06 0.9999868063131968 6e-06 9e-06 4.5116164588928225 0.07 0.07 51 
-2.225039339065552 0.0004 0.0002 0.9999911985794703 6e-06 7e-06 0.9999622929096222 3e-05 4e-05 4.511915513674418 0.07 0.07 52 
-2.224733174641927 0.0007 0.0005 0.9999911270538966 7e-06 8e-06 0.9999742468198141 2e-05 2e-05 4.511269443829854 0.08 0.08 53 
-1.5058396275838215 0.1 0.1 0.9831339822212855 0.01 0.02 0.6118240719040234 0.2 0.3 6.283657066027323 2.0 3.0 54 
-2.224657328923543 0.001 0.0008 0.9999857612450918 1e-05 1e-05 0.9999808514118195 1e-05 1e-05 4.511550634702047 0.08 0.08 55 
-2.223333549499512 0.002 0.002 0.9999749604860941 2e-05 2e-05 0.999968513250351 2e-05 2e-05 4.510947318077087 0.1 0.1 56 
-1.5703617604573568 0.1 0.07 0.9894872466723125 0.003 0.004 0.9384705390532811 0.03 0.04 4.567249069213867 3.0 2.0 57 
-1.5125296942392985 0.7 0.2 0.9878818527857463 0.008 0.02 0.7989918160438537 0.2 0.6 5.140107366243998 5.0 2.0 58 
-2.2245601272583007 0.0009 0.0007 0.9999871563911438 1e-05 1e-05 0.9999762097994487 2e-05 2e-05 4.5107846927642825 0.09 0.08 59 
-2.224612461725871 0.0009 0.0007 0.9999889785051346 9e-06 1e-05 0.9999767462412517 2e-05 2e-05 4.511065816879272 0.08 0.08 60 
-2.2249663829803468 0.0003 0.0002 0.9999906361103058 2e-06 2e-06 0.9999866350491842 3e-06 4e-06 4.511388700803121 0.09 0.09 61 
-2.224715321858724 0.0008 0.0006 0.9999889328082403 9e-06 1e-05 0.9999753451347351 2e-05 2e-05 4.511073207855224 0.07 0.07 62 
-2.2249971771240236 0.0007 0.0005 0.9999890659252803 7e-06 8e-06 0.999976513783137 1e-05 2e-05 4.511554490725199 0.09 0.09 63 
-2.225454705556234 0.001 0.0005 0.9999930725495021 4e-06 8e-06 0.9999912230173746 6e-06 1e-05 4.5117801586786905 0.07 0.07 64 
-2.224563407897949 0.001 0.0009 0.999979706009229 8e-06 1e-05 0.9999764360984167 2e-05 2e-05 4.511949167251587 0.07 0.07 65 
-2.2246292432149253 0.0009 0.0007 0.9999879733721415 1e-05 1e-05 0.9999774585167567 2e-05 2e-05 4.511345817248027 0.08 0.08 66 
-2.2252579816182454 0.0009 0.0005 0.9999875557422638 5e-06 9e-06 0.9999700778722763 1e-05 3e-05 4.511394627888998 0.08 0.08 67 
-1.6691609191894532 0.1 0.07 0.992698098619779 0.002 0.003 0.9544513434171676 0.02 0.07 4.38534306605657 3.0 2.0 68 
-2.2247364934285483 0.0006 0.0003 0.9999904322624207 7e-06 8e-06 0.9999690224726995 2e-05 3e-05 4.5110874843597415 0.09 0.09 69 
-1.5438130569458008 0.2 0.1 0.9885949577887853 0.003 0.005 0.9285407827297847 0.02 0.04 4.179101047515869 1.0 1.0 70 
-1.3931706110636393 0.9 0.3 0.981090524593989 0.01 0.02 0.7763503713409106 0.2 0.5 5.230484588940938 8.0 2.0 71 
-1.760297088623047 0.03 0.03 0.9947574347257614 0.003 0.005 0.9681442826986313 0.009 0.01 4.302847607930501 1.0 1.0 72 
-2.2248205280303956 0.001 0.0008 0.9999838584661483 9e-06 1e-05 0.999986789226532 7e-06 9e-06 4.513070672353109 0.07 0.07 73 
-1.6217113208770753 0.04 0.04 0.9884928423166275 0.0005 0.0005 0.913142024676005 0.02 0.02 4.35941374540329 1.0 1.0 74 
-2.2251597086588544 0.0005 0.0005 0.9999933129549027 4e-06 3e-06 0.9999752300977707 1e-05 8e-06 4.511562983194987 0.08 0.08 75 
-2.2246546363830566 0.001 0.0008 0.9999880202611288 1e-05 1e-05 0.9999786265691122 1e-05 2e-05 4.511170001029968 0.08 0.08 76 
-2.2244361782073976 0.0008 0.0007 0.9999865120649338 9e-06 1e-05 0.9999696069955826 2e-05 2e-05 4.510903787612915 0.08 0.08 77 
-1.578414847056071 0.2 0.1 0.9899464799960455 0.005 0.008 0.8818913157780965 0.1 0.3 4.737694469292959 4.0 3.0 78 
-1.4699024359385173 0.4 0.2 0.9799563068151474 0.02 0.04 0.7000095402201016 0.2 0.4 5.698826682567597 7.0 3.0 79 
-2.224766492843628 0.0006 0.0005 0.9999908554553986 7e-06 8e-06 0.9999736332893372 2e-05 3e-05 4.51110931078593 0.08 0.08 80 
-2.1823693625132243 0.003 0.002 0.9998518564303716 2e-05 5e-05 0.9989468787113825 0.0001 0.0002 4.480748661359152 0.2 0.2 81 
-2.2242619132995607 0.001 0.001 0.9999829951922099 1e-05 1e-05 0.9999741353591283 2e-05 2e-05 4.511018573443095 0.09 0.09 82 
-2.2246689414978027 0.0009 0.0007 0.9999853481849035 1e-05 1e-05 0.9999774956703186 2e-05 2e-05 4.5117368952433266 0.07 0.07 83 
-1.6182727018992107 0.04 0.04 0.9916014953454335 0.003 0.003 0.9110320941607157 0.02 0.02 4.3764353942871095 1.0 1.0 84 
-2.223540054957072 0.004 0.002 0.999990750749906 4e-06 2e-05 0.9999630735317866 2e-05 4e-05 4.510879405339559 0.3 0.2 85 
-2.225409367879232 0.001 0.0008 0.9999935728311539 5e-06 1e-05 0.9999831219514211 1e-05 4e-05 4.510011428197225 0.1 0.1 86 
-2.224784812927246 0.0009 0.0007 0.9999887011448543 9e-06 1e-05 0.999978896578153 1e-05 2e-05 4.511328441301981 0.07 0.07 87 
-1.7216563606262207 0.1 0.1 0.9928245856364568 0.004 0.008 0.9599058568477631 0.03 0.08 4.479532049894333 3.0 3.0 88 
-2.2254390652974445 0.0006 0.0005 0.9999922927220662 3e-06 5e-06 0.9999756238857905 2e-05 4e-05 4.512570899327596 0.08 0.08 89 
-1.3593563747406006 1.0 0.3 0.9811528615156809 0.01 0.03 0.8172238852083683 0.2 0.7 5.121516805092494 10.0 4.0 90 
-1.6082188638051351 0.4 0.09 0.9910798805952072 0.005 0.006 0.9280746642748515 0.05 0.3 4.450352156559626 6.0 3.0 91 
-2.2241686566670738 0.0008 0.0006 0.9999810592333476 1e-05 1e-05 0.9999664582808813 2e-05 3e-05 4.510408999125163 0.1 0.1 92 
-1.853833901087443 0.4 0.08 0.9968565970659256 0.001 0.003 0.9777006085713704 0.009 0.08 4.416831266085307 4.0 3.0 93 
-1.610738623936971 0.2 0.1 0.9909333237012228 0.004 0.006 0.9439970914522807 0.04 0.2 4.409557416439056 4.0 2.0 94 
-2.2237493324279787 0.001 0.0009 0.9999721117814382 1e-05 2e-05 0.9999535828828812 3e-05 4e-05 4.511031622886658 0.1 0.1 95 
-2.2244993178049723 0.0009 0.0007 0.9999867608149846 1e-05 1e-05 0.9999734346071879 2e-05 2e-05 4.510817507108053 0.09 0.09 96 
-1.3883340644836426 0.2 0.2 0.9790884725252788 0.01 0.02 0.8887176175912221 0.07 0.2 4.375092709859212 3.0 2.0 97 
-2.224082269668579 0.001 0.001 0.9999758583307267 1e-05 1e-05 0.9999710404872895 2e-05 2e-05 4.510128954251607 0.1 0.09 98 
-1.6676256942749024 0.1 0.07 0.9926806110143661 0.002 0.003 0.9681156891584396 0.02 0.03 4.300923992792765 3.0 2.0 99 
