-2.2249383481343585 0.002 0.0009 0.9999731242656708 8e-06 1e-05 0.999960952202479 1e-05 3e-05 4.513881843884786 0.2 0.2 7 
-2.2211415481567385 0.008 0.004 0.9999359695116679 3e-05 0.0002 0.999865529735883 0.0001 0.0005 4.512826247215271 0.2 0.2 47 
-2.22130916595459 0.001 0.0009 0.999944073955218 1e-05 2e-05 0.9998974665006002 3e-05 6e-05 4.512901185353597 0.2 0.2 11 
-2.221299743652344 0.001 0.001 0.9999626471598944 1e-05 1e-05 0.9998941330115 4e-05 8e-05 4.51216037273407 0.2 0.2 75 
-2.220629580815633 0.006 0.003 0.9999333292245864 2e-05 5e-05 0.9998871167500814 7e-05 0.0001 4.512459743817647 0.2 0.2 69 
-2.2211379369099933 0.005 0.002 0.9999346979459127 3e-05 9e-05 0.9998214554786682 7e-05 9e-05 4.511781249046326 0.2 0.2 4 
-2.223540948232015 0.004 0.002 0.9999738482634226 1e-05 5e-05 0.9999407945076625 4e-05 0.0001 4.512126363118489 0.3 0.3 0 
-2.2241402117411297 0.002 0.001 0.999970667163531 2e-05 2e-05 0.9999336878458659 2e-05 4e-05 4.5120194657643635 0.2 0.2 33 
-2.2225973828633627 0.004 0.002 0.9999677218993505 1e-05 2e-05 0.9998874181509018 4e-05 5e-05 4.512133684158325 0.2 0.2 74 
-2.221448040008545 0.005 0.002 0.9998925799131393 5e-05 0.0001 0.9997607290744781 3e-05 4e-05 4.515065409342448 0.3 0.3 85 
-2.2212186749776204 0.004 0.002 0.9999580663442612 2e-05 2e-05 0.9998702017466227 5e-05 0.0001 4.511354753176371 0.2 0.2 91 
-2.2231194432576498 0.002 0.002 0.9999674073855083 2e-05 3e-05 0.9999499730269115 4e-05 5e-05 4.5123750670750935 0.2 0.2 67 
-2.2208693758646647 0.006 0.003 0.9999540474017461 2e-05 5e-05 0.9998493540287018 6e-05 0.0002 4.510837928454081 0.2 0.2 24 
-2.220300938288371 0.007 0.003 0.9999057936668396 5e-05 7e-05 0.999880875547727 0.0001 0.0002 4.512250843048096 0.3 0.3 87 
-2.2218271986643474 0.002 0.001 0.999965933362643 1e-05 2e-05 0.9998809572060903 6e-05 0.0001 4.512533203760783 0.2 0.2 60 
-2.2210378551483156 0.004 0.003 0.9998957949876786 5e-05 0.0001 0.9999230074882507 5e-05 0.0001 4.512968050638834 0.3 0.3 93 
-2.222159433364868 0.004 0.002 0.9999700381358465 1e-05 3e-05 0.9999124070008596 7e-05 0.0001 4.511237025260925 0.2 0.2 40 
-2.221285120646159 0.004 0.002 0.9999256354570388 3e-05 5e-05 0.9999224146207174 5e-05 7e-05 4.513700118064881 0.2 0.2 38 
-2.221453177134196 0.003 0.002 0.9999329934517542 3e-05 6e-05 0.9998662581046422 8e-05 0.0001 4.51204481124878 0.2 0.2 81 
-2.221038729349772 0.007 0.003 0.9999189114570618 4e-05 0.0001 0.9998950366179148 8e-05 0.0003 4.513197816212972 0.3 0.3 39 
