3206.07470703125 0 
10335311.0 1 
5793.23623046875 2 
10335312.6 3 
10335312.0 4 
-2.217897513707479 0.03 0.008 0.9998000707228979 0.0001 0.0006 0.9998968283335368 8e-05 0.0002 4.504766640663147 0.3 0.4 5 
-2.2162009048461915 0.01 0.004 0.9998772581418355 7e-05 0.0001 0.9999349919954935 3e-05 5e-05 4.505313994089763 0.2 0.2 6 
9.202164164889837e-07 7 
10335312.4 8 
9.199462965625571e-07 9 
-2.2114810307820636 0.03 0.009 0.9999176899592082 5e-05 0.0003 0.9982980837424597 0.0002 0.0009 4.493794380823771 0.4 0.4 10 
-2.208139165242513 0.005 0.003 0.9998738082249959 3e-05 5e-05 0.9994582452376684 9e-05 0.0002 4.482534232139588 0.2 0.2 11 
10335312.0 12 
-2.2109541670481363 0.009 0.005 0.9998443736632665 6e-05 0.0002 0.999907042781512 6e-05 0.0001 4.5055013910929365 0.2 0.3 13 
-2.2174799760182697 0.009 0.004 0.9998829716444015 5e-05 9e-05 0.9999639256795247 2e-05 0.0001 4.507558129628499 0.3 0.3 14 
-2.2198665936787925 0.009 0.002 0.9999170486132304 5e-05 0.0004 0.9998984509706497 5e-05 9e-05 4.509460295041402 0.3 0.3 15 
10335311.0 16 
-2.2195561758677163 0.01 0.004 0.9999368997414907 2e-05 6e-05 0.9999140532811482 4e-05 7e-05 4.508822476069133 0.2 0.2 17 
7388.2734375 18 
15557.0837890625 19 
-2.2190652306874594 0.004 0.002 0.9999249631166458 3e-05 8e-05 0.9998764793078104 3e-05 9e-05 4.509574604034424 0.2 0.2 20 
-2.2133258152008057 0.002 0.002 0.9998672749598821 4e-05 9e-05 0.9995530579487483 0.0001 0.0001 4.477946508725484 0.3 0.3 21 
-2.215084088643392 0.1 0.007 0.9998730140924453 5e-05 0.0003 0.9998040467500686 6e-05 0.01 4.506877212524414 0.5 0.8 22 
-2.212287311553955 0.4 0.01 0.9997379102309545 0.0002 0.003 0.9999256620804469 6e-05 0.001 4.4993437385559085 0.3 0.7 23 
10335311.8 24 
9.199538453685818e-07 25 
358863.5 26 
10335312.2 27 
10335312.0 28 
-2.2114108180999756 0.01 0.006 0.9998598078886668 4e-05 6e-05 0.9998849306503932 3e-05 5e-05 4.500737118721008 0.2 0.2 29 
10335312.2 30 
-2.2111309242248534 0.02 0.009 0.999880424340566 8e-05 0.0003 0.9998453863461813 9e-05 0.001 4.50574604511261 0.3 0.3 31 
10335311.0 32 
10335312.2 33 
10335311.8 34 
56088.93515625 35 
10335311.8 36 
-2.2197372277577716 0.003 0.002 0.9999194649855295 3e-05 6e-05 0.999890482823054 2e-05 5e-05 4.5051196066538495 0.2 0.2 37 
9.202631190419197e-07 38 
9.199033002005308e-07 39 
10335312.2 40 
9.199518103741866e-07 41 
10335312.2 42 
358861.7375 43 
10335311.0 44 
10335313.0 45 
-2.2095784028371175 0.03 0.01 0.9998541116714478 7e-05 0.0003 0.9984947897990545 0.0001 0.0007 4.507643764813741 0.5 0.5 46 
-2.2137685044606528 0.05 0.01 0.9999029239018759 7e-05 0.0007 0.9997417396306991 0.0002 0.0009 4.502488738695781 0.7 0.5 47 
10335312.0 48 
10335311.8 49 
10335311.4 50 
1173.96142578125 51 
371593.1875 52 
-2.2135808944702147 0.06 0.008 0.999873952070872 5e-05 0.0002 0.9990752818187077 0.0005 0.009 4.457093575000763 0.5 0.6 53 
-2.210860627492269 0.01 0.005 0.9997727487484614 0.0001 0.0003 0.9996802479028701 9e-05 0.0003 4.50228891213735 0.4 0.4 54 
-2.217462253570557 0.004 0.002 0.9998514294624329 3e-05 4e-05 0.9996073166529338 4e-05 8e-05 4.5073374160130815 0.2 0.2 55 
9.199418173011509e-07 56 
9.199542546411976e-07 57 
10335312.0 58 
10335311.8 59 
-2.2215309778849286 0.006 0.002 0.9999269340435664 3e-05 0.0001 0.9999343727032344 4e-05 9e-05 4.507020886739095 0.2 0.2 60 
10335312.2 61 
9.202166779687104e-07 62 
10335312.0 63 
-2.211914237340291 0.04 0.01 0.9998403358459472 0.0001 0.0006 0.9996166068315506 0.0003 0.001 4.483927098115285 0.4 0.5 64 
375857.3375 65 
9.202151318277175e-07 66 
10335312.0 67 
-2.2153657404581706 0.02 0.007 0.9999132114648819 4e-05 0.0001 0.9984190265337626 0.0002 0.0007 4.5131363201141355 0.3 0.3 68 
9.199329610964924e-07 69 
9.199499572787318e-07 70 
2401.527490234375 71 
15470.3271484375 72 
9.202633918903303e-07 73 
9.199691362482553e-07 74 
-2.221385186513265 0.002 0.001 0.9999553777774175 1e-05 1e-05 0.9998695735136668 4e-05 5e-05 4.501898290316264 0.2 0.2 75 
-2.2185059293111165 0.006 0.002 0.9999449004729589 2e-05 4e-05 0.9999148686726888 5e-05 0.0003 4.504116678237915 0.2 0.2 76 
-2.2158897749582924 0.001 0.001 0.9998867885271708 2e-05 2e-05 0.9998056254784267 4e-05 5e-05 4.506046002705892 0.2 0.2 77 
9.19902140594786e-07 78 
-2.208084176381429 0.03 0.008 0.9998536409934362 5e-05 0.0002 0.9984263990322749 0.0002 0.001 4.497833490371704 0.5 0.6 79 
10335312.6 80 
1017.9974365234375 81 
-2.213072598775228 0.2 0.005 0.999891208211581 5e-05 0.001 0.9997566616535187 9e-05 0.01 4.505908653736115 0.4 0.6 82 
9.199593819175788e-07 83 
-2.210099369684855 0.02 0.007 0.9998847335577011 5e-05 0.0001 0.9984571011861165 9e-05 0.0002 4.4909283065795895 0.3 0.3 84 
9.199634519063693e-07 85 
10335312.4 86 
9.199534474646498e-07 87 
9.20259060421813e-07 88 
10335312.0 89 
358862.775 90 
1325.6678466796875 91 
-2.214219636917114 0.006 0.003 0.9997628251711528 0.0001 0.001 0.9998957459131876 3e-05 7e-05 4.5030513842900595 0.3 0.3 92 
9.198978659696877e-07 93 
10335312.4 94 
9.19950093702937e-07 95 
2263.81728515625 96 
1538.7588134765624 97 
10335312.0 98 
7664.9552734375 99 
15839.40234375 100 
-2.221916189193726 0.01 0.003 0.9999520170688629 2e-05 0.0002 0.9999366641044617 5e-05 0.0002 4.509779434204102 0.3 0.2 101 
-2.2144060961405434 0.01 0.006 0.9998899487654368 5e-05 0.0001 0.9998663286368052 9e-05 0.0002 4.505432885487874 0.2 0.3 102 
9.198998327519803e-07 103 
2410.5439453125 104 
-2.217552452087402 0.002 0.002 0.9998739782969157 4e-05 9e-05 0.9998396988709768 5e-05 8e-05 4.509874450365702 0.2 0.2 105 
-2.218075901667277 0.02 0.006 0.9997940697272618 0.0001 0.0006 0.9998178050915401 8e-05 0.0004 4.5053763071695965 0.4 0.4 106 
-2.218663511276245 0.2 0.004 0.9999402981996536 3e-05 0.001 0.9999033041795095 9e-05 0.02 4.507466969490051 0.3 0.3 107 
10335313.0 108 
-2.21894149462382 0.01 0.004 0.9999062180519104 4e-05 9e-05 0.9998937886953354 2e-05 6e-05 4.5074413951237995 0.2 0.2 109 
10335311.0 110 
9.199591431752197e-07 111 
-2.217477331161499 0.003 0.002 0.9998965736230214 4e-05 8e-05 0.9999332612752915 3e-05 5e-05 4.507870798110962 0.2 0.2 112 
9.202757610182744e-07 113 
15356.56328125 114 
374582.30625 115 
9.199440796692216e-07 116 
10335311.4 117 
9.202096066474041e-07 118 
10335311.6 119 
9.199668625115009e-07 120 
10335311.4 121 
10335312.4 122 
-2.2117727247873944 0.006 0.005 0.9997907257080079 7e-05 0.0001 0.9997609043121338 4e-06 1e-05 4.510965687433878 0.2 0.2 123 
2071.5029296875 124 
9.199605528920074e-07 125 
-2.2129113737742108 0.003 0.003 0.9998678980271022 5e-05 0.0002 0.9998082953691483 3e-05 7e-05 4.5039954821268715 0.2 0.2 126 
56069.615625 127 
56066.06640625 128 
15760.964453125 129 
10335312.2 130 
10335312.0 131 
-2.2170854409535727 0.006 0.003 0.9997434004147847 0.0002 0.001 0.9998476092020671 2e-05 5e-05 4.510713791847229 0.3 0.3 132 
9.198971383739263e-07 133 
10335311.6 134 
7365.4833984375 135 
-2.2095487944285073 0.01 0.009 0.9996496013800303 0.0002 0.002 0.9995645753542582 0.0002 0.0006 4.4842753378550215 0.5 0.5 136 
10335312.2 137 
9.199030728268554e-07 138 
9.202131991514762e-07 139 
10335311.6 140 
4167.15478515625 141 
-2.2085222244262694 0.002 0.002 0.9998451085885366 3e-05 3e-05 0.9998806711037954 9e-06 1e-05 4.499018308321635 0.2 0.2 142 
9.202134037877841e-07 143 
-2.2190129566192627 0.004 0.002 0.9998575868209203 7e-06 1e-05 0.9998706738154094 1e-06 1e-06 4.510422163009643 0.2 0.2 144 
10335311.0 145 
9.199569717566191e-07 146 
-2.2031591606140135 0.01 0.01 0.9996309669812521 0.0001 0.0002 0.9998617760340373 6e-05 7e-05 4.503143434524536 0.4 0.4 147 
10335311.0 148 
9.1995802904421e-07 149 
-2.2187161858876547 0.005 0.003 0.9999152439832687 3e-05 4e-05 0.9998745918273926 2e-05 0.0001 4.504239648183187 0.2 0.2 150 
9.199475130117208e-07 151 
9.202778869621398e-07 152 
10335313.0 153 
9.199574378726538e-07 154 
15423.0908203125 155 
370833.86875 156 
-2.2143369007110594 0.003 0.002 0.9998766201734542 5e-05 0.0001 0.9997906363010407 0.0001 0.0002 4.502179314295451 0.2 0.2 157 
3583.4369140625 158 
9.202130286212196e-07 159 
3060.931494140625 160 
15418.3658203125 161 
-2.2091530005137128 0.008 0.004 0.9998543445269267 6e-05 0.0001 0.9999042848745981 5e-05 8e-05 4.502668509483337 0.2 0.2 162 
-2.211265106201172 0.01 0.005 0.9998033924897511 9e-05 0.0002 0.9997497230768204 8e-05 0.0002 4.495207082430522 0.3 0.3 163 
-2.207948309580485 0.008 0.005 0.9996860251824061 0.0002 0.0005 0.9998465124766032 6e-05 0.0001 4.504524434407552 0.4 0.4 164 
9.199468195220106e-07 165 
10335312.0 166 
9.199506052937067e-07 167 
10335311.4 168 
-2.2106178760528565 0.08 0.008 0.9994453485806783 0.0004 0.0009 0.9998365108172099 0.0001 0.0002 4.499961396853129 0.4 0.3 169 
9.19955232348002e-07 170 
10335312.2 171 
-2.2116990502675375 0.02 0.01 0.9997624733050664 0.0001 0.0004 0.999930609067281 5e-05 0.0001 4.505607018470764 0.4 0.4 172 
9.19953436095966e-07 173 
10335311.6 174 
-2.2168382867177328 0.007 0.004 0.9998480554421743 0.0001 0.0003 0.9999233895540237 5e-05 0.0002 4.507290509541829 0.3 0.3 175 
-2.213743397394816 0.006 0.004 0.9996731734275818 0.0002 0.0009 0.9999341789881389 3e-05 7e-05 4.50290469010671 0.4 0.3 176 
-2.2109074274698894 0.006 0.004 0.9997518841425578 6e-05 0.0001 0.9996576734383901 0.0001 0.0001 4.481681642532348 0.3 0.3 177 
10335311.0 178 
10335311.0 179 
10335311.0 180 
10335312.4 181 
9.202626188198337e-07 182 
9.199561986861226e-07 183 
9.199498890666291e-07 184 
-2.205532875061035 0.03 0.02 0.9997240541378657 0.0002 0.001 0.9994412310918173 0.0003 0.0009 4.471159551143646 0.6 0.7 185 
2179.734375 186 
9.199475471177721e-07 187 
10335311.8 188 
3448.31865234375 189 
2785.816650390625 190 
10335313.0 191 
9.199517194247165e-07 192 
-2.219570951461792 0.001 0.0009 0.9999266856908798 2e-05 3e-05 0.9996840051809947 2e-05 3e-05 4.510372007687886 0.1 0.2 193 
9.19904584861797e-07 194 
10335311.6 195 
10335311.0 196 
9.199458872899413e-07 197 
-2.218411544164022 0.008 0.003 0.9998975157737732 2e-05 4e-05 0.9996474552154541 4e-05 9e-05 4.507963883082072 0.2 0.2 198 
-2.214778184890747 0.008 0.004 0.9998277483383814 0.0001 0.0006 0.9999142577250798 3e-05 8e-05 4.50504346370697 0.4 0.4 199 
10335311.0 200 
7570.08935546875 201 
-2.2148914432525633 0.003 0.002 0.9998658293485642 5e-05 0.0001 0.999922149181366 3e-05 0.0001 4.507194480895996 0.3 0.2 202 
9.202733394886309e-07 203 
10335313.0 204 
-2.210141928990682 0.01 0.007 0.9998849962155024 5e-05 0.0002 0.9998775599400203 5e-05 6e-05 4.493795493443807 0.3 0.3 205 
-2.2111939493815105 0.008 0.005 0.9998565522829691 5e-05 6e-05 0.99988474547863 4e-05 6e-05 4.5045611254374185 0.2 0.2 206 
10335312.4 207 
-2.2192651144663493 0.008 0.004 0.9998276736338934 0.0001 0.0006 0.9999079445997874 6e-05 0.0002 4.510836153030396 0.3 0.3 208 
9.199034934681549e-07 209 
2581.2173828125 210 
9.199518103741866e-07 211 
-2.2171227677663166 0.004 0.002 0.9999325223763784 2e-05 5e-05 0.9999104781945547 3e-05 3e-05 4.5063517967859905 0.2 0.2 212 
10335312.0 213 
9.199506393997581e-07 214 
10335312.0 215 
9.199495480061159e-07 216 
10335312.2 217 
10335313.0 218 
10335311.0 219 
-2.21901052792867 0.04 0.007 0.9999538471301397 3e-05 0.0002 0.9985509663820267 5e-05 0.0008 4.521195398966471 0.4 0.4 220 
-2.193521219889323 0.005 0.003 0.9997246581315994 0.0001 0.0002 0.9991197353601455 5e-05 5e-05 4.482679845492045 0.3 0.3 221 
-2.2094609991709393 0.003 0.003 0.9997858687241872 4e-05 6e-05 0.9996858674287796 5e-05 9e-05 4.507855545679728 0.2 0.2 222 
-2.2101223214467365 0.1 0.004 0.9998833070198695 4e-05 0.0006 0.9997033731142679 7e-05 0.01 4.50716122786204 0.8 0.3 223 
10335312.0 224 
9.202145179187937e-07 225 
9219.9873046875 226 
10335311.2 227 
9.19968704238272e-07 228 
-2.2189048544565835 0.009 0.004 0.9998859771092733 4e-05 9e-05 0.9997566823164622 9e-05 0.0002 4.500382701555888 0.3 0.3 229 
10335311.2 230 
358862.7875 231 
10335312.4 232 
-2.2227307605743407 0.004 0.001 0.9998644596338272 6e-05 0.0002 0.9994010198116302 2e-05 0.0004 4.522616914113363 0.2 0.2 233 
5873.9052734375 234 
-2.221549825668335 0.003 0.002 0.9999449328581492 3e-05 6e-05 0.9999567629893621 3e-05 5e-05 4.507495710055033 0.2 0.2 235 
9.199564146911144e-07 236 
-2.2177230326334634 0.02 0.006 0.999858767191569 8e-05 0.0003 0.9985000338157018 9e-05 0.0005 4.5180273516972855 0.3 0.3 237 
9.199530950354529e-07 238 
10335313.0 239 
9.19950093702937e-07 240 
10335311.0 241 
9.199499345413642e-07 242 
9.202778414874047e-07 243 
10335311.0 244 
-2.2136889425913493 0.02 0.006 0.9998399754365285 8e-05 0.0004 0.999969206849734 2e-05 4e-05 4.506699663798014 0.3 0.3 245 
10335312.4 246 
10335311.0 247 
10335312.2 248 
56261.65859375 249 
9.199498890666291e-07 250 
10335312.8 251 
-2.214015709559123 0.004 0.003 0.9998878171046575 4e-05 5e-05 0.9997459163268407 6e-05 0.0001 4.49346097946167 0.2 0.2 252 
9.199466148857027e-07 253 
9.19955380140891e-07 254 
-2.2097188949584963 0.02 0.009 0.9997864733139674 0.0001 0.0003 0.9998717385530472 6e-05 0.0003 4.501536574363708 0.2 0.2 255 
10335311.4 256 
10335311.0 257 
3356.996875 258 
-2.2185142262776694 0.004 0.003 0.9998982924222947 4e-05 9e-05 0.999865030447642 8e-05 0.0003 4.507717208862305 0.2 0.2 259 
9.202781598105503e-07 260 
9.199508326673822e-07 261 
-2.2196388403574625 0.01 0.001 0.999927216966947 3e-05 0.0001 0.999989165465037 8e-06 0.0006 4.5099438985188804 0.2 0.2 262 
1887.610107421875 263 
10335312.4 264 
358862.70625 265 
-2.200209242502848 0.009 0.007 0.9996960433324178 5e-05 7e-05 0.9979509892066319 0.0004 0.0004 4.454450523853302 0.4 0.5 266 
-2.209157002766927 0.01 0.006 0.9998678167661031 4e-05 0.0001 0.9995837048689524 0.0002 0.0004 4.478980390230815 0.4 0.4 267 
10335311.0 268 
10335313.2 269 
-2.2127270984649656 0.03 0.009 0.9997493038574855 0.0001 0.0007 0.9998509581883749 0.0001 0.0006 4.501378124554952 0.3 0.4 270 
15489.9412109375 271 
-2.2145299847920734 0.001 0.001 0.9998975334564845 2e-05 3e-05 0.9998920051256815 2e-05 2e-05 4.50495687643687 0.2 0.2 272 
10335311.0 273 
-2.2182280890146893 0.01 0.005 0.999894198179245 7e-05 0.0001 0.9998773239056269 5e-05 8e-05 4.507136535644531 0.2 0.2 274 
9.202824571730161e-07 275 
-2.220068120956421 0.004 0.002 0.9999045697848002 4e-05 0.0001 0.9999920590718587 3e-06 3e-06 4.51055000782013 0.2 0.2 276 
-2.216664193471273 0.007 0.004 0.9998948250214259 5e-05 9e-05 0.9984804862737655 8e-05 0.0002 4.5169587214787805 0.3 0.3 277 
10335311.0 278 
-2.219123083750407 0.003 0.002 0.9998955716689427 3e-05 8e-05 0.9999431600173314 2e-05 4e-05 4.505095926920573 0.2 0.2 279 
-2.209469092686971 0.007 0.004 0.9998905279239019 3e-05 6e-05 0.9995343971252442 6e-05 0.0002 4.4811492315928145 0.2 0.3 280 
10335312.8 281 
9.199681130667158e-07 282 
-2.213770949045817 0.005 0.004 0.9998950978120168 4e-05 9e-05 0.9997432353099187 0.0001 0.0001 4.507179131507874 0.2 0.2 283 
3716.029638671875 284 
-2.2200265566507977 0.02 0.006 0.9999224787950516 5e-05 0.0003 0.9999097977081934 7e-05 0.0004 4.50774199962616 0.3 0.3 285 
10335311.0 286 
-2.2113614209493 0.01 0.004 0.9998479521274567 5e-05 0.0001 0.9997377667824427 4e-05 9e-05 4.495298651059469 0.2 0.2 287 
-2.212008794148763 0.01 0.006 0.9998303677638372 7e-05 0.0004 0.9998895659049352 6e-05 0.0003 4.498786125183106 0.4 0.4 288 
10335312.6 289 
9.199497867484752e-07 290 
10335312.8 291 
10335311.0 292 
9.199643727697549e-07 293 
10335313.0 294 
10335311.6 295 
10335312.4 296 
10335312.0 297 
10335311.0 298 
10335313.0 299 
9.199557894135069e-07 300 
10335311.4 301 
9.199458759212575e-07 302 
10335312.0 303 
10335311.0 304 
-2.2132996718088784 0.01 0.004 0.9997705974181493 0.0001 0.0001 0.9999284013112386 3e-05 0.0001 4.504211560885111 0.4 0.4 305 
308266.75 306 
10335311.0 307 
-2.2061379877726237 0.001 0.0008 0.9999261796474457 2e-05 3e-05 0.99910183151563 1e-05 2e-05 4.491755263010661 0.2 0.2 308 
10335312.6 309 
-2.216433350245158 0.004 0.002 0.9999026165405909 3e-05 4e-05 0.9999310324589411 5e-05 0.0003 4.507124296824137 0.2 0.2 310 
-0.40556194305419924 0.004 0.002 0.8266810901959737 0.02 0.02 0.9842753895123799 0.002 0.002 2.4516940919558206 0.3 0.3 311 
-2.214782190322876 0.006 0.003 0.999875289996465 3e-05 5e-05 0.9985562076171239 4e-05 0.0001 4.518338721593221 0.2 0.2 312 
9790.64765625 313 
9.199528335557261e-07 314 
-2.217116419474284 0.03 0.003 0.99987975080808 6e-05 0.0006 0.9999196765820185 6e-05 0.002 4.505537918408712 0.2 0.3 315 
10335311.0 316 
9.199648957292083e-07 317 
358864.29375 318 
3032.377001953125 319 
10335311.8 320 
9.199625537803513e-07 321 
10335313.4 322 
-2.2210282866160074 0.003 0.002 0.9999329866965612 3e-05 6e-05 0.9999198655287425 3e-05 4e-05 4.507380401293437 0.2 0.2 323 
9.199530836667691e-07 324 
-2.2094768047332765 0.009 0.006 0.9998673874139786 5e-05 7e-05 0.9997466915845871 0.0001 0.0003 4.496918091773987 0.2 0.2 325 
1680.5229736328124 326 
-2.2169228235880536 0.02 0.007 0.9999110805988312 4e-05 0.0002 0.9998937231302262 9e-05 0.0003 4.505535085995992 0.2 0.3 327 
9.199568125950464e-07 328 
10335311.8 329 
9.20218792543892e-07 330 
9.20263107673236e-07 331 
-2.1588113435109455 0.01 0.01 0.9995837905009588 0.0001 0.0003 0.999877060453097 6e-05 0.0002 4.474381351470948 0.3 0.3 332 
10335311.8 333 
10335311.4 334 
9.199674650517409e-07 335 
9.199590977004845e-07 336 
2710.440576171875 337 
10335312.2 338 
9.19962167245103e-07 339 
-2.221599416732788 0.001 0.0009 0.9999146876732509 4e-05 5e-05 0.9999392042557399 2e-05 4e-05 4.509113054275513 0.2 0.2 340 
10335312.0 341 
10335312.8 342 
9.202108230965678e-07 343 
10335311.4 344 
10335311.6 345 
10335313.0 346 
9.202675187225396e-07 347 
9.1993946398361e-07 348 
10335312.2 349 
10335312.0 350 
-2.2107637786865233 0.008 0.004 0.9998086374998093 6e-05 7e-05 0.9998368807633717 5e-05 0.0001 4.505877232551574 0.2 0.2 351 
-2.216159601211548 0.03 0.008 0.9998437207937241 0.0001 0.0006 0.9999362029631933 6e-05 0.0003 4.509762954711914 0.5 0.5 352 
-2.2146842257181802 0.02 0.006 0.9999049141009648 6e-05 0.0002 0.999675728281339 7e-05 0.0001 4.4892982467015585 0.3 0.3 353 
10335311.8 354 
-2.2171197255452473 0.003 0.002 0.9998647067944209 3e-05 4e-05 0.9999838636318843 9e-06 2e-05 4.50743865331014 0.2 0.2 355 
9.199510600410576e-07 356 
9.202684168485575e-07 357 
329524.825 358 
-2.207513068517049 0.02 0.01 0.9998613393306732 7e-05 0.0001 0.9998532317082087 7e-05 0.0004 4.502017974853516 0.3 0.3 359 
-2.2201785755157473 0.001 0.001 0.9999287233750025 2e-05 4e-05 0.9998975632588069 3e-05 8e-05 4.505802151362102 0.2 0.2 360 
9.199542432725138e-07 361 
10335311.0 362 
-2.212986612319946 0.009 0.004 0.9998608042796453 4e-05 7e-05 0.99969524482886 8e-05 0.0002 4.49734003384908 0.2 0.2 363 
9.199546525451297e-07 364 
10335311.2 365 
-2.2104259808858235 0.01 0.004 0.9998424712816875 6e-05 0.0001 0.9999192732572556 3e-05 8e-05 4.50404227733612 0.2 0.2 366 
-2.2093050384521487 0.004 0.003 0.9998493917783101 4e-05 8e-05 0.9997239571809768 5e-05 5e-05 4.504192439715068 0.2 0.2 367 
8764.0658203125 368 
-2.2166291427612306 0.003 0.002 0.9999261848131815 2e-05 5e-05 0.9984567679961522 9e-05 0.0001 4.506665484110514 0.3 0.3 369 
-2.2144451045989992 0.003 0.002 0.9998638035853704 5e-05 9e-05 0.9985476372639338 5e-05 9e-05 4.512409723599752 0.3 0.2 370 
10335313.0 371 
10335312.2 372 
9.199556075145665e-07 373 
9.199071541843296e-07 374 
-2.2203037865956623 0.009 0.003 0.9998436880111694 0.0001 0.0004 0.9998820092280706 7e-05 0.0002 4.507206274668376 0.4 0.4 375 
9.202132218888436e-07 376 
-2.209055347442627 0.01 0.005 0.9998671980698903 4e-05 0.0001 0.9999292143185934 3e-05 9e-05 4.502512842814127 0.2 0.2 377 
10335312.6 378 
10335311.6 379 
10335312.0 380 
-2.2093974431355794 0.005 0.003 0.999837304353714 6e-05 0.0001 0.9998406873146692 3e-05 5e-05 4.504466361999512 0.2 0.2 381 
10335311.0 382 
3688.919921875 383 
-2.218641850153605 0.004 0.003 0.9999130618572235 2e-05 5e-05 0.9998717393477757 6e-05 0.0001 4.504762953122457 0.2 0.2 384 
9.19948945465876e-07 385 
9.199496844303212e-07 386 
-2.219127674102783 0.02 0.005 0.9998563355207444 0.0001 0.0006 0.9998712295293808 6e-05 0.0002 4.509462113380432 0.3 0.3 387 
9.199555051964126e-07 388 
10335312.0 389 
-2.210302146275838 0.008 0.004 0.9998209712902705 9e-05 0.0002 0.9999208752314249 2e-05 7e-05 4.502288459142049 0.3 0.3 390 
nan 391 
9.199514124702546e-07 392 
-2.2192614205678303 0.008 0.002 0.9999410480260849 2e-05 4e-05 0.9998736188809076 6e-05 0.0004 4.499150425593058 0.2 0.2 393 
-2.213630027770996 0.06 0.009 0.9997391134500504 0.0002 0.001 0.9998582841952642 0.0001 0.0004 4.505888637701671 0.7 0.9 394 
-2.216332031885783 0.007 0.004 0.9998821816841761 4e-05 8e-05 0.9999340911706288 3e-05 5e-05 4.507127064069112 0.2 0.2 395 
10335312.2 396 
-2.2090382607777914 0.02 0.007 0.9995635720094045 0.0003 0.001 0.9997492871681849 0.0001 0.0003 4.495018325646718 0.5 0.5 397 
10335311.0 398 
-2.1993161328633626 0.006 0.005 0.9996178577343623 0.0001 0.0002 0.9998252040147781 1e-05 1e-05 4.4909715143839515 0.4 0.4 399 
10335311.8 400 
-2.213002405166626 0.007 0.004 0.9996398518482844 0.0003 0.0004 0.9998820978403091 5e-05 0.0001 4.506101710001627 0.4 0.4 401 
-2.218641497294108 0.005 0.003 0.9999000211556752 3e-05 6e-05 0.9997415773073832 3e-05 5e-05 4.510532995859782 0.2 0.2 402 
-2.2165334765116373 0.004 0.003 0.999868695139885 8e-05 0.0006 0.9997252396742503 3e-05 9e-05 4.510904169082641 0.2 0.2 403 
9.202707929034659e-07 404 
394018.30625 405 
10335311.6 406 
-2.2215039412180584 0.001 0.001 0.9999309980869293 2e-05 3e-05 0.9999671620130539 1e-05 8e-05 4.5089280255635575 0.2 0.2 407 
373999.1 408 
9.199519240610243e-07 409 
9.19952390177059e-07 410 
-2.202954788208008 0.03 0.01 0.9997813665866851 9e-05 0.0002 0.999067465265592 0.0002 0.0008 4.473120422363281 0.4 0.3 411 
-2.214738963445028 0.01 0.005 0.9998819402853648 4e-05 0.0001 0.9998529734214147 8e-05 0.0005 4.502159473101298 0.2 0.2 412 
3987.860595703125 413 
-2.143483591079712 0.02 0.02 0.9996762122710546 9e-05 0.0001 0.9901232365767161 0.004 0.004 4.156103869279225 0.6 0.6 414 
9.199048918162589e-07 415 
10335311.8 416 
10335311.6 417 
-2.2148442618052164 0.005 0.003 0.9998952939112982 3e-05 4e-05 0.9997202424208324 0.0002 0.0003 4.492019011179607 0.3 0.3 418 
10335311.4 419 
10335311.4 420 
10335312.0 421 
9.199468081533269e-07 422 
15493.6171875 423 
10335311.8 424 
-2.213129072189331 0.002 0.002 0.9998196482658386 5e-05 6e-05 0.9998191306988399 2e-05 8e-05 4.5035179376602175 0.2 0.2 425 
10335312.2 426 
9.199597343467758e-07 427 
10335312.6 428 
-2.2166589069366456 0.006 0.003 0.9998802351951599 4e-05 0.0001 0.9999573159217835 3e-05 0.0004 4.505709664026896 0.2 0.2 429 
-2.2117602825164795 0.02 0.007 0.9998449848095576 6e-05 0.0001 0.9998075085878372 8e-05 0.0002 4.496044759750366 0.3 0.4 430 
10335311.0 431 
10335312.6 432 
-2.206531556447347 0.1 0.006 0.9997990119457245 7e-05 0.0004 0.999306530157725 0.0004 0.02 4.4632883659998575 0.4 0.4 433 
9.199024702866154e-07 434 
10335312.6 435 
10335311.8 436 
9.199477403853962e-07 437 
10335311.8 438 
9.199504347634501e-07 439 
-2.2029999351501464 0.04 0.02 0.9993453149000804 0.0005 0.003 0.9998936613400777 8e-05 0.0002 4.499645017782847 0.6 0.6 440 
10335312.8 441 
-2.1720379320780436 0.04 0.02 0.9984820524851481 0.0009 0.007 0.9996074922879536 0.0002 0.0004 4.485501799583435 0.6 0.6 442 
10335311.4 443 
-2.2132265853881834 0.01 0.006 0.9998493619759877 5e-05 0.0001 0.998528514901797 6e-05 0.0002 4.505403110186259 0.3 0.3 444 
56098.00625 445 
-2.2149622853597006 0.002 0.002 0.9999010789394379 3e-05 4e-05 0.9995326882600785 7e-05 0.0002 4.508590582211812 0.2 0.2 446 
9.199026067108207e-07 447 
10335312.0 448 
9.199493092637568e-07 449 
10335312.8 450 
-2.208281628290812 0.004 0.005 0.9998699160416921 5e-05 7e-05 0.9998821449279786 6e-05 0.0002 4.493504300117492 0.2 0.2 451 
10335311.6 452 
10335312.4 453 
-2.2106627655029296 0.01 0.007 0.9998445723454158 6e-05 0.0001 0.9998914329210917 3e-05 4e-05 4.495617567698161 0.3 0.3 454 
10335311.0 455 
9.2021580258006e-07 456 
10335311.4 457 
9.20267746096215e-07 458 
9.19948251976166e-07 459 
-2.21417319615682 0.03 0.006 0.9998877571026484 4e-05 8e-05 0.9999756946166356 2e-05 0.0009 4.504804615974426 0.2 0.2 460 
9.199643272950197e-07 461 
9.19955334666156e-07 462 
10335311.4 463 
-2.215062681833903 0.02 0.007 0.9994630893071492 0.0004 0.001 0.9999564224481583 2e-05 5e-05 4.507909356753031 0.3 0.3 464 
10335311.0 465 
10335312.2 466 
10335311.0 467 
10335312.2 468 
10335312.0 469 
358860.96875 470 
358862.39375 471 
10335312.8 472 
9.19955732570088e-07 473 
10335312.2 474 
-2.2126976108551024 0.05 0.01 0.9997955477237701 0.0001 0.0004 0.9996007394790649 0.0002 0.0005 4.482605193456014 0.6 0.5 475 
7433.22333984375 476 
-2.214429257710775 0.04 0.005 0.9998772593339285 6e-05 0.0006 0.9999092944463094 6e-05 0.002 4.505460575421651 0.3 0.3 477 
9.202628234561417e-07 478 
10335312.6 479 
9.202663704854785e-07 480 
9.202658588947088e-07 481 
-2.2198472658793134 0.005 0.004 0.999826183517774 0.0001 0.0007 0.9999883606036504 9e-06 4e-05 4.510921862920125 0.3 0.3 482 
10335311.6 483 
10335311.8 484 
-2.195719887415568 0.03 0.01 0.9997331426541011 0.0001 0.0002 0.9990526181459427 0.0005 0.0009 4.443159991105397 0.5 0.6 485 
10335312.2 486 
-2.2210223960876463 0.006 0.003 0.9999020938078562 4e-05 7e-05 0.9998830246925354 5e-05 8e-05 4.503931193351746 0.2 0.3 487 
9.20214699817734e-07 488 
-2.212140817642212 0.03 0.005 0.9998999547958374 6e-05 0.0002 0.999881633122762 0.0001 0.004 4.503431808153788 0.3 0.4 489 
-2.203634125391642 0.05 0.01 0.9996656759579976 0.0002 0.0006 0.9998535362879435 0.0001 0.0005 4.500503485997518 0.4 0.4 490 
9.199057899422769e-07 491 
9.199502414958261e-07 492 
358860.75 493 
9.202114256368077e-07 494 
6901.69306640625 495 
10335311.6 496 
9.199499118039967e-07 497 
10335313.6 498 
9.20213756216981e-07 499 
10335311.6 500 
-2.2183544413248697 0.008 0.003 0.9999341742197673 2e-05 6e-05 0.9985455878575643 5e-05 0.0002 4.5132453219095865 0.2 0.2 501 
6481.27158203125 502 
2953.349462890625 503 
9.202170758726425e-07 504 
10335311.6 505 
392.2413635253906 506 
15652.4177734375 507 
10335313.0 508 
10335311.4 509 
10335311.0 510 
3870.424951171875 511 
9.199541409543599e-07 512 
6200.22705078125 513 
9.199045621244295e-07 514 
10335311.8 515 
10335312.0 516 
366773.01875 517 
10335311.2 518 
10335312.8 519 
10335312.0 520 
9.199513215207844e-07 521 
10335312.2 522 
10335311.8 523 
10335314.0 524 
10335311.6 525 
10335312.0 526 
-2.2106494903564453 0.003 0.002 0.9998270082473755 4e-05 6e-05 0.9982987346251806 0.0001 0.0001 4.483044548034668 0.3 0.3 527 
1935.3064208984374 528 
10335311.6 529 
-2.219103530248006 0.005 0.003 0.9999269288778305 4e-05 0.0002 0.9999748396873475 2e-05 3e-05 4.508728574117025 0.2 0.2 530 
358894.6375 531 
10335311.4 532 
-2.213656129837036 0.007 0.005 0.9997759733597438 0.0001 0.0007 0.9998612902561823 6e-05 0.0001 4.509248498280843 0.3 0.3 533 
-2.2203846740722657 0.006 0.003 0.9999288914601008 4e-05 0.0002 0.9999836415052414 9e-06 3e-05 4.507414650917053 0.2 0.2 534 
9.202672913488641e-07 535 
10335312.2 536 
-2.19850310643514 0.002 0.002 0.9998920408884684 3e-05 2e-05 0.999109156926473 3e-05 4e-05 4.490319590568543 0.2 0.2 537 
-2.2169969654083252 0.004 0.003 0.999882603486379 4e-05 0.0001 0.9998992057641347 5e-05 0.0001 4.500737125078837 0.3 0.3 538 
9.202285923493036e-07 539 
-2.2197973982493084 0.002 0.001 0.9999150087436041 3e-05 6e-05 0.9999464692672094 2e-05 7e-05 4.5043022267023725 0.2 0.2 540 
-2.210500151316325 0.002 0.002 0.9999106236298879 2e-05 2e-05 0.999261217713356 5e-05 4e-05 4.483694906234741 0.2 0.2 541 
5833.96904296875 542 
10335313.0 543 
6160.74013671875 544 
10335311.4 545 
9.199494797940133e-07 546 
7087.0224609375 547 
9.199510373036901e-07 548 
-2.2172613906860352 0.005 0.004 0.9998706495761871 7e-05 0.0002 0.9996781559785207 6e-05 0.0002 4.511250718434652 0.2 0.2 549 
-2.216302719116211 0.007 0.003 0.9998714796702067 7e-05 0.0001 0.9999302579959234 4e-05 0.0001 4.507727238337199 0.2 0.2 550 
-2.209516798655192 0.008 0.005 0.9998412144184112 6e-05 0.0001 0.9998933345079422 6e-05 0.0001 4.500148409207662 0.3 0.3 551 
9.199522764902212e-07 552 
10335311.0 553 
10335311.8 554 
9.199541295856761e-07 555 
15637.09609375 556 
10335311.6 557 
10335311.4 558 
-2.2112246990203857 0.04 0.01 0.999792709350586 0.0001 0.0008 0.9998552777369817 0.0001 0.002 4.499057637850443 0.7 0.7 559 
3188.651416015625 560 
-2.214091151555379 0.008 0.006 0.9998327219486236 6e-05 0.0004 0.9998221925894419 7e-05 0.0001 4.506295870145162 0.4 0.3 561 
7222.63310546875 562 
-2.220647029876709 0.01 0.004 0.9999395511547724 5e-05 0.0002 0.999651854634285 9e-05 0.0002 4.511101663907369 0.2 0.2 563 
10335312.6 564 
9.19962917578232e-07 565 
15542.665625 566 
-2.212709608078003 0.004 0.004 0.9998667862017949 4e-05 8e-05 0.9997106740872065 0.0001 0.0001 4.485366878509521 0.3 0.3 567 
10335312.8 568 
15692.7853515625 569 
-2.219991544087728 0.006 0.002 0.9999359307686487 2e-05 4e-05 0.9999429200092952 2e-05 0.0002 4.509750010172526 0.2 0.2 570 
10335312.4 571 
9.202133696817328e-07 572 
10335312.4 573 
3090.488671875 574 
-2.1975084336598716 0.006 0.006 0.9996515516440073 9e-05 0.0001 0.9998223302761714 4e-05 5e-05 4.493119444847107 0.3 0.3 575 
10335311.0 576 
10335312.0 577 
9.199581882057828e-07 578 
9.198991733683215e-07 579 
1945.2656982421875 580 
-2.222152525583903 0.004 0.002 0.9999524331092835 2e-05 0.0004 0.9999770359198252 1e-05 4e-05 4.5088794263203935 0.2 0.2 581 
9.199558917316608e-07 582 
-2.216860284805298 0.003 0.002 0.9998734213908513 5e-05 9e-05 0.9997353611389795 6e-05 0.0001 4.499723092714945 0.2 0.2 583 
10335313.2 584 
9.199155101669021e-07 585 
-2.2110123666127524 0.05 0.01 0.9998747605085373 9e-05 0.0003 0.9999171251058578 7e-05 0.003 4.499251972834269 0.4 0.4 586 
-2.2193966261545817 0.02 0.004 0.9998516267538071 0.0001 0.0005 0.9999765054384867 2e-05 4e-05 4.51075669447581 0.3 0.3 587 
10335311.6 588 
10335311.8 589 
-2.215691124598185 0.007 0.003 0.9998724248011907 7e-05 0.0005 0.9997143224875132 2e-05 6e-05 4.509888067245483 0.2 0.2 590 
-2.2125800291697186 0.01 0.006 0.9997854975859324 8e-05 0.0003 0.9998985026280085 7e-05 0.0003 4.506055116653442 0.3 0.3 591 
10335312.6 592 
10335311.6 593 
-2.2189451948801677 0.005 0.002 0.9998546912272771 7e-05 0.0005 0.9998753893375397 5e-05 0.0002 4.50622375647227 0.3 0.3 594 
9.199017540595378e-07 595 
-2.2192680422465005 0.01 0.005 0.9997535612185796 0.0001 0.0004 0.999930695494016 4e-05 9e-05 4.511538112958272 0.3 0.3 596 
-2.2112786134084064 0.006 0.004 0.9998764224847158 4e-05 6e-05 0.9999152916669846 3e-05 5e-05 4.506069984436035 0.2 0.2 597 
-2.211892906824748 0.01 0.007 0.9997756616274516 0.0002 0.0006 0.9998757362365722 8e-05 0.0002 4.500335901578268 0.4 0.4 598 
358861.09375 599 
10335312.2 600 
10335312.0 601 
7424.62236328125 602 
-2.2120541858673097 0.002 0.002 0.9998260504007339 7e-05 0.0001 0.9998709603150686 1e-05 2e-05 4.504845102628072 0.2 0.2 603 
-2.216004187266032 0.003 0.002 0.9999119746685028 3e-05 5e-05 0.9999157965183259 2e-05 3e-05 4.506834352811177 0.1 0.1 604 
-2.221652018229167 0.006 0.003 0.9999243050813675 5e-05 8e-05 0.9998403880993525 8e-05 0.0001 4.505574509302775 0.2 0.2 605 
9.199564942719008e-07 606 
-2.2186667696634927 0.3 0.006 0.9998676574230194 0.0001 0.002 0.9998523936669031 0.0001 0.02 4.506609265804291 0.5 0.9 607 
9.199473879561992e-07 608 
9.199500482282019e-07 609 
3022.855126953125 610 
10335311.0 611 
15467.0302734375 612 
10335312.0 613 
-2.208808075586955 0.01 0.006 0.9997723096609116 0.0001 0.0008 0.9998260728518168 7e-05 0.0001 4.502654438018799 0.3 0.3 614 
9.19939566301764e-07 615 
10335311.4 616 
10335312.0 617 
358862.75 618 
9.199494115819106e-07 619 
10335312.4 620 
-2.2172609202067055 0.01 0.004 0.9998553870121638 9e-05 0.0005 0.9998728229602178 6e-05 0.0002 4.508045843442281 0.2 0.3 621 
10335312.4 622 
4000.95263671875 623 
9.199567216455762e-07 624 
10335312.0 625 
-2.1956301403045653 0.006 0.003 0.9998814159631729 3e-05 5e-05 0.9990274443229039 4e-05 4e-05 4.4856620105107625 0.2 0.2 626 
9.20212210075988e-07 627 
-2.2201170476277667 0.04 0.004 0.999888720313708 7e-05 0.0009 0.999936110774676 5e-05 0.0002 4.509155639012655 0.3 0.3 628 
1095.6328369140624 629 
5750.146484375 630 
9.202100386573874e-07 631 
9.202121418638853e-07 632 
9.20212107757834e-07 633 
10335311.2 634 
10335313.0 635 
10335312.6 636 
9.202159390042652e-07 637 
9.202550359077577e-07 638 
10335311.8 639 
-2.2184113852183023 0.02 0.006 0.999828180472056 0.0001 0.0004 0.9999045203129451 2e-05 0.0002 4.5066631889343265 0.2 0.2 640 
-2.216442267100016 0.006 0.004 0.9998620347181956 7e-05 0.0003 0.9999905918041865 5e-06 2e-05 4.508478201230367 0.3 0.3 641 
3462.314306640625 642 
-2.216668376922607 0.004 0.002 0.9998017877340317 7e-05 0.0001 0.9999157706896464 3e-05 8e-05 4.508127810160319 0.2 0.2 643 
9.199525834446831e-07 644 
10335312.0 645 
-2.215578254063924 0.002 0.002 0.9998892198006312 3e-05 5e-05 0.9998554146289825 3e-05 8e-05 4.501803557078044 0.2 0.2 646 
9.20212505661766e-07 647 
10335311.6 648 
389632.69375 649 
7535.5154296875 650 
9.202649266626395e-07 651 
10335311.0 652 
-2.212073812484741 0.002 0.002 0.9998635586102803 3e-05 4e-05 0.9985832720994949 3e-05 5e-05 4.5149363390604655 0.2 0.2 653 
757.4056640625 654 
-2.2181226507822673 0.006 0.003 0.9999032584826152 4e-05 0.0003 0.999909296631813 5e-05 0.0001 4.505459915796916 0.2 0.2 655 
10335311.8 656 
10335313.0 657 
9.202779892802937e-07 658 
-2.2184354877471923 0.002 0.001 0.9999319142103196 2e-05 2e-05 0.9985586152474085 4e-05 8e-05 4.5155616410573325 0.2 0.2 659 
9.199583359986718e-07 660 
358864.05625 661 
9.202136197927757e-07 662 
-2.2174795341491698 0.003 0.002 0.9999434244632721 2e-05 2e-05 0.9996476987997691 9e-05 0.0001 4.482369887034098 0.2 0.2 663 
9.199046417052159e-07 664 
7943.95634765625 665 
3807.992333984375 666 
9.20216848498967e-07 667 
9.202087881021725e-07 668 
9.202125966112362e-07 669 
-2.211967808405558 0.01 0.006 0.9999012287457784 4e-05 0.0001 0.9996084545056025 0.0002 0.0006 4.484922127723694 0.3 0.3 670 
10335312.0 671 
358860.86875 672 
9.199494002132269e-07 673 
9.202661885865382e-07 674 
3305.293359375 675 
-2.2133913294474286 0.005 0.004 0.9997445597251257 0.0001 0.0005 0.9998966821034749 5e-05 7e-05 4.509054555892944 0.4 0.4 676 
9.202708838529361e-07 677 
-2.2134214433034263 0.003 0.003 0.999844451546669 7e-05 0.0002 0.9998501644531885 3e-05 5e-05 4.499097854296366 0.3 0.3 678 
-2.219897762934367 0.005 0.002 0.9999516582489014 2e-05 4e-05 0.9998616419235865 1e-05 4e-05 4.510498604774475 0.2 0.2 679 
9.202697697219264e-07 680 
-2.219639237721761 0.002 0.001 0.9999361735582352 2e-05 3e-05 0.9999127111832301 3e-05 5e-05 4.509291224479675 0.1 0.1 681 
10335311.0 682 
10335313.0 683 
9.198981615554658e-07 684 
9.202088790516428e-07 685 
10335311.6 686 
-2.2170758279164633 0.01 0.006 0.999858805735906 7e-05 0.0002 0.9997730394204457 0.0001 0.0004 4.491370971997579 0.4 0.4 687 
5825.9181640625 688 
2273.4958984375 689 
10335312.6 690 
-2.218557103474935 0.003 0.001 0.9998968851566314 4e-05 7e-05 0.9999221670627594 3e-05 0.0002 4.500944832166036 0.2 0.3 691 
9.19903936846822e-07 692 
9.199588134833902e-07 693 
10335312.6 694 
5255.09677734375 695 
10335311.0 696 
-2.221342239379883 0.004 0.002 0.9999330164988836 2e-05 3e-05 0.9999165817101796 3e-05 6e-05 4.509685225486756 0.2 0.2 697 
9.19948843147722e-07 698 
-2.218221416473389 0.004 0.002 0.9998991034428278 2e-05 4e-05 0.9985692042112351 3e-05 9e-05 4.522443908055624 0.2 0.2 699 
-2.2139333566029866 0.002 0.002 0.9998781136671702 3e-05 4e-05 0.999737009604772 5e-05 0.0002 4.505616463025411 0.2 0.2 700 
10335311.6 701 
10335311.8 702 
10335312.2 703 
9.202146884490503e-07 704 
10335311.8 705 
9.202699175148154e-07 706 
-2.20397634824117 0.02 0.01 0.9997471253077189 0.0001 0.0002 0.9998797663052876 6e-05 8e-05 4.501096186637878 0.3 0.3 707 
-2.2150636514027915 0.002 0.002 0.9998591494560242 2e-05 4e-05 0.999446934858958 5e-05 8e-05 4.508349453608195 0.2 0.2 708 
2484.889306640625 709 
-2.214389753341675 0.005 0.003 0.9998254058758418 0.0001 0.0003 0.9999902323881785 6e-06 1e-05 4.506697206497193 0.3 0.3 710 
10335312.4 711 
-2.222150354385376 0.004 0.002 0.999932754834493 2e-05 4e-05 0.9999347730477651 3e-05 3e-05 4.505670698483785 0.2 0.2 712 
-2.220042495727539 0.004 0.002 0.999878116051356 8e-05 0.0004 0.9999258939425151 4e-05 0.0002 4.506392127672831 0.3 0.3 713 
9.202661885865382e-07 714 
9.202654268847254e-07 715 
-2.2116608460744223 0.005 0.004 0.9998296219110488 6e-05 0.0001 0.999854833483696 4e-05 5e-05 4.5035233354568485 0.2 0.2 716 
9.199671012538602e-07 717 
-2.2146923033396404 0.004 0.002 0.9998688956101736 5e-05 0.0002 0.9999294819434484 3e-05 8e-05 4.507426832516988 0.3 0.3 718 
10335313.0 719 
9.202625165016798e-07 720 
10335311.4 721 
3457.21005859375 722 
10335312.0 723 
-2.216479851404826 0.003 0.002 0.9999155702193578 2e-05 4e-05 0.9999416824181875 2e-05 3e-05 4.5083550341924035 0.2 0.2 724 
-2.217330799102783 0.008 0.003 0.9998108635346095 0.0001 0.001 0.9999341958761215 2e-05 4e-05 4.509049102465312 0.3 0.3 725 
-2.2136493492126466 0.006 0.003 0.9999143691857656 3e-05 4e-05 0.9998170101642608 3e-05 7e-05 4.503738721211751 0.2 0.2 726 
9.202158707921626e-07 727 
10335311.8 728 
-2.2104310989379883 0.006 0.003 0.9998685528834661 4e-05 7e-05 0.9997303624947865 8e-05 0.0003 4.492923059463501 0.3 0.3 729 
-2.2101744397481284 0.008 0.006 0.9998455651601156 5e-05 0.0001 0.999867380062739 7e-05 0.0001 4.503280487060547 0.3 0.3 730 
-2.198463436762492 0.004 0.003 0.9998537087440491 8e-05 0.0002 0.9990291583538056 7e-05 8e-05 4.49127091884613 0.2 0.2 731 
9.199614964927605e-07 732 
9.199530040859827e-07 733 
9.199601890941267e-07 734 
10335311.8 735 
10335312.0 736 
5951.53896484375 737 
-2.213663756052653 0.005 0.003 0.9998622862497966 4e-05 0.0001 0.9999218356609344 6e-05 0.0003 4.506189374923706 0.2 0.2 738 
6138.4353515625 739 
9.202743171954353e-07 740 
-2.2174195766448976 0.007 0.003 0.9999110903342565 2e-05 5e-05 0.9999856972694396 7e-06 3e-05 4.508511226971944 0.2 0.2 741 
9.199611895382987e-07 742 
-2.219305156071981 0.04 0.003 0.999922334353129 3e-05 0.0002 0.9998881292343139 8e-05 0.007 4.509821470578512 0.3 0.3 743 
9.202678825204203e-07 744 
10335311.8 745 
358860.75 746 
-2.2153077634175617 0.005 0.003 0.99992828865846 2e-05 5e-05 0.9998838895559311 3e-05 5e-05 4.5081161053975425 0.2 0.2 747 
-2.2133543904622397 0.02 0.008 0.9998956493536632 6e-05 0.0006 0.9997814861933391 0.0002 0.0005 4.49649012406667 0.4 0.4 748 
-2.2170044294993083 0.006 0.003 0.9998444682359695 6e-05 0.0002 0.9999246088663737 3e-05 7e-05 4.505711709658305 0.3 0.3 749 
2497.1126953125 750 
10335311.6 751 
10335312.4 752 
-2.2086216894785564 0.007 0.003 0.9998680619398753 4e-05 5e-05 0.9996400578816732 4e-05 5e-05 4.499008739789327 0.2 0.2 753 
-2.2166499710083007 0.004 0.003 0.9998867394526799 4e-05 9e-05 0.999910384019216 3e-05 4e-05 4.508852512041727 0.2 0.2 754 
9.202171781907964e-07 755 
9.1990224291294e-07 756 
6098.9232421875 757 
-2.205523945490519 0.02 0.009 0.9997494218746821 0.0001 0.0002 0.9998527596394221 9e-06 7e-05 4.502684558232625 0.3 0.3 758 
9.202123010254581e-07 759 
-2.2038020261128746 0.003 0.003 0.9998188642660777 2e-05 3e-05 0.9998947423696518 1e-05 4e-05 4.497408057848612 0.2 0.2 760 
10335312.0 761 
2295.418310546875 762 
9.199508667734336e-07 763 
-2.211042569478353 0.01 0.006 0.9998747913042704 5e-05 0.0001 0.9996499047676722 9e-05 9e-05 4.489100629488627 0.3 0.3 764 
9.199524697578454e-07 765 
10335312.4 766 
-2.205420411427816 0.05 0.02 0.9997737238804499 0.0001 0.0004 0.9996846389770507 0.0002 0.0007 4.487447900772095 0.5 0.4 767 
10335313.2 768 
10335311.6 769 
9.199494684253295e-07 770 
-2.2142724736531574 0.008 0.003 0.9998194273312887 0.0001 0.0002 0.9999565819899241 2e-05 3e-05 4.50205639521281 0.2 0.2 771 
9.199025498674019e-07 772 
10335311.0 773 
3562.5892578125 774 
10335311.6 775 
-2.2112410068511963 1.0 0.01 0.9998882754643759 5e-05 0.001 0.9995181908210119 0.0003 0.09 4.50630285580953 0.8 0.7 776 
10335313.0 777 
10335311.0 778 
1629.3279296875 779 
10335311.8 780 
10335313.0 781 
-2.211499449412028 0.007 0.003 0.9998495910565058 4e-05 6e-05 0.9998711119095485 3e-05 6e-05 4.5045419057210285 0.2 0.2 782 
10335313.0 783 
10335311.4 784 
-2.2153229554494223 0.008 0.005 0.9999161972602209 3e-05 5e-05 0.9999085740248362 5e-05 9e-05 4.499606776237488 0.2 0.2 785 
-2.217873853047689 0.005 0.003 0.9998336857557297 0.0001 0.0002 0.9999320811033249 4e-05 0.0001 4.508115692138672 0.2 0.2 786 
9.199646228807979e-07 787 
-2.220302127202352 0.005 0.002 0.9998923520247142 4e-05 5e-05 0.9985553723573685 4e-05 0.0003 4.5241126585006715 0.2 0.2 788 
10335312.6 789 
10335313.0 790 
-2.2082922585805256 0.01 0.005 0.9998236433664958 5e-05 0.0001 0.9999481938282648 2e-05 7e-05 4.497977064450581 0.3 0.4 791 
10335311.4 792 
-2.2160171985626222 0.03 0.008 0.9998445888360341 6e-05 0.0004 0.9995665101210276 5e-05 0.0002 4.5080160140991214 0.3 0.3 793 
15911.8140625 794 
9.202175533573609e-07 795 
15422.2505859375 796 
10335311.8 797 
9.199516853186651e-07 798 
-2.2185995388031006 0.007 0.003 0.9998955283562342 5e-05 0.0001 0.9998881995677948 5e-05 9e-05 4.509702571233114 0.2 0.2 799 
9.199561418427038e-07 800 
-2.2099632517496746 0.01 0.006 0.9998340149720509 6e-05 0.0001 0.9984968340396881 6e-05 7e-05 4.509253522555033 0.3 0.3 801 
-2.1915466499328615 0.02 0.01 0.9998272643486659 7e-05 0.0002 0.9972945906718572 0.001 0.002 4.366454613208771 0.6 0.6 802 
10335312.8 803 
-2.213104763031006 0.01 0.006 0.9998732368151347 4e-05 9e-05 0.9997077431281408 0.0001 0.0001 4.491275874773661 0.3 0.3 804 
10335312.2 805 
5869.0701171875 806 
-2.219906670252482 0.04 0.005 0.9998495149612426 0.0001 0.001 0.9999576789140702 3e-05 0.002 4.507939699490865 0.5 0.3 807 
9.199605983667425e-07 808 
-2.219052661259969 0.002 0.001 0.9999105350176494 4e-05 0.0001 0.9999354104200999 2e-05 4e-05 4.508551278114319 0.2 0.2 809 
10335312.2 810 
9.199033684126334e-07 811 
56062.3140625 812 
-2.217535136540731 0.02 0.008 0.9998776437838872 9e-05 0.0006 0.9998783497015635 0.0001 0.0004 4.504625021616618 0.3 0.3 813 
9.202336968883174e-07 814 
-2.220964463551839 0.002 0.002 0.9999465982119242 2e-05 2e-05 0.999757724404335 3e-05 6e-05 4.5076480420430505 0.2 0.2 815 
10335312.0 816 
2967.14951171875 817 
-2.214775613149007 0.004 0.003 0.9999022718270619 2e-05 4e-05 0.9998238076766331 6e-05 0.0003 4.504727934201559 0.2 0.3 818 
-2.2140759881337484 0.005 0.003 0.9998909552892049 5e-05 0.0002 0.9999352496862411 2e-05 3e-05 4.507440433502198 0.2 0.2 819 
10335312.4 820 
2541.267333984375 821 
10335311.4 822 
-2.2134151363372805 0.01 0.007 0.999835157195727 7e-05 0.0002 0.9998632299900055 7e-05 0.0001 4.506033159891764 0.4 0.4 823 
9.202676210406934e-07 824 
10335313.0 825 
9.19958426948142e-07 826 
9.202568207911099e-07 827 
56117.42265625 828 
9.199568467010977e-07 829 
-2.2135757700602214 0.01 0.006 0.9998457656304042 7e-05 0.0002 0.9999277873833974 6e-05 0.0002 4.507129039764404 0.3 0.3 830 
10335311.4 831 
809.4431274414062 832 
-2.2107404804229738 0.02 0.006 0.9998402023315429 8e-05 0.0001 0.9997865984837214 0.0001 0.0004 4.5000568040212 0.3 0.3 833 
10335311.0 834 
-2.214501708348592 0.006 0.002 0.9998258886734644 5e-05 8e-05 0.9996194509665172 6e-05 0.0001 4.510722077687581 0.2 0.2 835 
-2.216330213546753 0.004 0.002 0.9999088116486867 2e-05 4e-05 0.9998339585463206 0.0001 0.0003 4.503545109430949 0.2 0.2 836 
9.199539022120006e-07 837 
10335311.0 838 
-2.2130318164825438 0.003 0.002 0.999820392926534 5e-05 6e-05 0.999895082116127 3e-05 5e-05 4.507355108261108 0.2 0.2 839 
9.199030614581716e-07 840 
9.199460919262493e-07 841 
10335312.0 842 
10335312.2 843 
9.199020269079483e-07 844 
-2.2191603056589764 0.008 0.004 0.9998112467924753 0.0001 0.0008 0.9998703738053639 4e-05 0.0002 4.505804535547893 0.3 0.3 845 
9.199543683280354e-07 846 
1916.8474365234374 847 
9.202550586451252e-07 848 
10335311.4 849 
10335311.6 850 
-2.2119891325632732 0.3 0.006 0.9998717985550563 4e-05 0.002 0.9984778370459875 0.0001 0.03 4.516978902816772 0.2 0.5 851 
10335312.2 852 
-2.2129607995351157 0.005 0.004 0.9998596467574438 6e-05 0.0001 0.999944075345993 3e-05 0.0001 4.5050252326329545 0.2 0.3 853 
358926.425 854 
-2.2085135142008463 0.04 0.01 0.9994678805271785 0.0004 0.002 0.9998593161503474 0.0001 0.003 4.505602397918701 0.6 0.7 855 
9.202107662531489e-07 856 
10335312.2 857 
10335312.2 858 
15697.8861328125 859 
-2.2153923670450846 0.002 0.002 0.9998755703369776 3e-05 4e-05 0.9999285584688187 3e-05 0.0001 4.507369677225749 0.2 0.2 860 
-2.219664691289266 0.008 0.004 0.9998916421333949 7e-05 0.0003 0.9999272378285726 6e-05 0.0002 4.509063768386841 0.3 0.2 861 
9.20209913601866e-07 862 
9.202687806464382e-07 863 
9.19942908694793e-07 864 
9.202848332279245e-07 865 
-2.2171934541066487 0.004 0.003 0.9998390289147695 9e-05 0.0002 0.999874567190806 5e-05 9e-05 4.507860368092855 0.2 0.2 866 
10335310.8 867 
8415.9392578125 868 
10335312.6 869 
10335311.0 870 
9.199476721732935e-07 871 
10335313.0 872 
10335312.2 873 
9.199468763654295e-07 874 
-2.2097442722320557 0.007 0.003 0.9998512021700541 6e-05 9e-05 0.9997983876864115 7e-05 0.0001 4.50526052792867 0.2 0.3 875 
10335312.0 876 
9.199316423291748e-07 877 
9.199624969369325e-07 878 
3069.53642578125 879 
9.199469900522672e-07 880 
9.202667001773079e-07 881 
9.199434316542465e-07 882 
9.199653732139268e-07 883 
358860.90625 884 
9.199480132338067e-07 885 
5487.31416015625 886 
10335311.8 887 
358861.8625 888 
-2.212532653808594 0.01 0.005 0.9998245491584142 5e-05 0.0001 0.9999908997615179 3e-06 9e-06 4.506756353378296 0.2 0.2 889 
10335311.6 890 
9.202164051202999e-07 891 
10335312.2 892 
9.19968658763537e-07 893 
10335311.6 894 
10335311.2 895 
9.202160867971543e-07 896 
358862.09375 897 
-2.2106947231292726 0.01 0.004 0.9997389068206152 5e-05 6e-05 0.999880904952685 5e-05 0.0003 4.500652964909872 0.3 0.3 898 
10335311.6 899 
56946.940625 900 
10335312.6 901 
-2.215336256027222 0.004 0.002 0.9999336580435435 2e-05 3e-05 0.9998737724622091 4e-05 4e-05 4.506280139287313 0.1 0.1 902 
10335310.8 903 
-2.2122760359446207 0.01 0.004 0.9997770839929581 0.0001 0.0003 0.9996998796860377 0.0001 0.0004 4.490357346534729 0.4 0.4 904 
-2.2125678221384684 0.001 0.002 0.9999162932236989 3e-05 7e-05 0.9995859352747599 0.0001 0.0002 4.4989841810862226 0.2 0.2 905 
-2.2156477959950767 0.008 0.005 0.9999102046092351 3e-05 0.0002 0.9999186557531357 4e-05 0.0001 4.506874570846557 0.3 0.3 906 
-2.219157098134359 0.02 0.006 0.9998258167505264 0.0001 0.0002 0.9999312176307042 3e-05 0.0001 4.509630834261577 0.2 0.2 907 
10335312.2 908 
10335311.0 909 
1792.9927978515625 910 
9.202850606016e-07 911 
9.199486726174654e-07 912 
10335311.2 913 
9.199615647048631e-07 914 
9.199491728395515e-07 915 
9.199468195220106e-07 916 
10335312.8 917 
-2.2188885084788006 0.005 0.002 0.9998747346798579 4e-05 9e-05 0.999903931816419 4e-05 8e-05 4.509387175242106 0.2 0.2 918 
10335312.0 919 
-2.2105876477559407 0.009 0.005 0.9998779473702113 4e-05 5e-05 0.9998557863632838 4e-05 8e-05 4.498254861831665 0.2 0.2 920 
10335311.6 921 
10335311.0 922 
10335311.2 923 
-2.2164020506540933 0.006 0.003 0.9998586861292521 7e-05 0.0002 0.9999041001001994 3e-05 6e-05 4.504400215148926 0.2 0.2 924 
-2.2123630174001057 0.006 0.004 0.9998058158159256 0.0001 0.0006 0.9998234476645788 2e-05 4e-05 4.506486258506775 0.2 0.2 925 
-2.2142336813608807 0.01 0.002 0.9998847442865372 3e-05 5e-05 0.9996883747975032 5e-05 0.0005 4.491900703112284 0.2 0.2 926 
-2.209107306798299 0.02 0.007 0.9998457753658294 6e-05 0.0005 0.9985509047905604 6e-05 0.0003 4.507718774477641 0.3 0.3 927 
9.199533792525472e-07 928 
-2.2134990819295246 0.004 0.003 0.9998832718531291 6e-05 0.0002 0.9996838148434957 0.0002 0.0003 4.505791203180949 0.3 0.2 929 
56063.46484375 930 
10335311.0 931 
10335312.2 932 
10335312.8 933 
9.199581995744666e-07 934 
-2.2139714272816975 0.009 0.005 0.9999179840087891 3e-05 0.0001 0.999930944442749 6e-05 0.0002 4.503577920595805 0.2 0.2 935 
4065.21171875 936 
9.199056535180717e-07 937 
386613.9625 938 
10335311.0 939 
56275.89296875 940 
3659.044189453125 941 
9.202096862281905e-07 942 
10335312.2 943 
9.199541977977788e-07 944 
5791.80302734375 945 
9.202114938489104e-07 946 
-2.2089371490478515 0.01 0.008 0.9996579752365748 0.0002 0.0005 0.9998585555950801 7e-05 0.0002 4.497330492337545 0.4 0.4 947 
10335312.4 948 
10335311.2 949 
10335311.4 950 
9.199612122756662e-07 951 
-2.220053456624349 0.0009 0.001 0.999882783293724 4e-05 5e-05 0.9999813665946324 5e-06 1e-05 4.510471261342366 0.2 0.2 952 
9.202132787322625e-07 953 
10335311.6 954 
-2.216526498794556 0.07 0.004 0.9998634036382039 9e-05 0.001 0.9998380527893702 0.0001 0.008 4.507735225359599 0.5 0.6 955 
10335312.2 956 
9.202172918776342e-07 957 
9.198276188726595e-07 958 
-2.215326271057129 0.001 0.001 0.9998809973398844 3e-05 4e-05 0.9997886482874553 6e-05 7e-05 4.495584004720052 0.3 0.3 959 
15453.6591796875 960 
10335312.2 961 
9.199547093885485e-07 962 
-2.2169117959340414 0.002 0.002 0.9999046130975088 3e-05 7e-05 0.9999039636055629 5e-05 0.0002 4.505166877110799 0.2 0.2 963 
9.202151773024525e-07 964 
9.202128694596468e-07 965 
1824.3922119140625 966 
9.199042551699677e-07 967 
10335312.0 968 
9.202625165016798e-07 969 
10335312.4 970 
-2.212750336329142 0.008 0.003 0.9999090677499771 3e-05 4e-05 0.999853966832161 5e-05 8e-05 4.495124163627625 0.3 0.3 971 
3524.918408203125 972 
-2.2161176427205405 0.006 0.003 0.999887635509173 6e-05 0.0001 0.9999367092053095 5e-05 0.0001 4.508966835339864 0.2 0.2 973 
-2.2176499875386555 0.006 0.004 0.9999023473262787 4e-05 6e-05 0.9998812234401703 4e-05 7e-05 4.5090178108215335 0.2 0.2 974 
10335312.0 975 
9.202599244417798e-07 976 
-2.2185707664489747 0.005 0.003 0.9998863212267558 6e-05 8e-05 0.9999060571193695 4e-05 5e-05 4.510541214942932 0.2 0.2 977 
9.199036298923602e-07 978 
10335312.8 979 
10335311.4 980 
-2.1651052252451577 0.03 0.01 0.9997650867700577 7e-05 0.0002 0.9939678547779719 0.002 0.002 4.278683897654216 0.6 0.6 981 
358861.1625 982 
10335312.2 983 
10335312.6 984 
10335312.0 985 
9.202147339237854e-07 986 
10335312.4 987 
-2.2148454252878826 0.004 0.003 0.9998754930496215 4e-05 7e-05 0.9998317537705104 7e-05 0.0002 4.50738840897878 0.2 0.2 988 
10335312.2 989 
9.199605642606912e-07 990 
2513.12080078125 991 
10335311.8 992 
-2.218281307220459 0.003 0.002 0.9999017878373464 4e-05 0.0001 0.99990762591362 3e-05 4e-05 4.509726452827453 0.2 0.2 993 
-2.191437215805054 0.006 0.005 0.9998190426826477 5e-05 9e-05 0.9990214137236277 7e-05 9e-05 4.487688237826029 0.2 0.2 994 
2966.288720703125 995 
10335311.8 996 
-2.2119179566701255 0.007 0.005 0.9997453500827154 0.0001 0.001 0.9996183570226034 9e-05 0.0003 4.508881247838338 0.3 0.3 997 
-2.2107423686981202 0.003 0.002 0.9998891393343607 4e-05 5e-05 0.9998742594321569 5e-05 0.0001 4.500996435483296 0.2 0.2 998 
9.19895603601617e-07 999 
9.202135970554082e-07 1000 
10335312.2 1001 
56137.36015625 1002 
9.202687806464382e-07 1003 
-2.210765412648519 0.03 0.008 0.9998735439777374 5e-05 0.0002 0.9998519623279571 4e-05 6e-05 4.502287875811259 0.2 0.2 1004 
10335311.6 1005 
-2.2048336442311607 0.005 0.005 0.9997027452786763 6e-05 7e-05 0.9998382453123729 3e-05 5e-05 4.496642498970032 0.3 0.3 1006 
3075.364697265625 1007 
9.202153933074442e-07 1008 
358861.0 1009 
-2.2126437028249106 0.006 0.003 0.9999156385660172 4e-05 0.0001 0.9993701124191284 0.0002 0.0005 4.4933842881520585 0.3 0.3 1010 
9.198990937875351e-07 1011 
-2.212493626276652 0.005 0.004 0.9998577801386516 7e-05 0.0007 0.999825747013092 9e-05 0.0002 4.506061720848083 0.2 0.2 1012 
10335312.0 1013 
2293.95283203125 1014 
9.199553915095749e-07 1015 
-2.214264907836914 0.05 0.002 0.9998875230550766 2e-05 3e-05 0.9985064619779587 5e-05 0.002 4.503393524487813 0.3 0.3 1016 
1942.3446044921875 1017 
9.20210061394755e-07 1018 
10335312.8 1019 
9.19943761346076e-07 1020 
9.199554142469424e-07 1021 
358864.28125 1022 
10335312.4 1023 
9.199574719787051e-07 1024 
-2.211373504002889 0.03 0.009 0.9996737525860468 0.0002 0.001 0.999791736404101 0.0002 0.001 4.502291553815206 0.4 0.4 1025 
10335310.8 1026 
9.199623946187785e-07 1027 
378499.94375 1028 
10335311.4 1029 
10335313.0 1030 
3779.71142578125 1031 
10335312.4 1032 
9.199451824315475e-07 1033 
9.202724640999804e-07 1034 
-2.2157088152567543 0.003 0.002 0.9998787329594294 5e-05 0.0001 0.9997550080219905 6e-05 0.0001 4.500868918100993 0.2 0.2 1035 
10335312.0 1036 
10335312.6 1037 
10335312.8 1038 
10335312.4 1039 
10335311.6 1040 
-2.2188669617970787 0.002 0.001 0.9998708675305049 5e-05 0.0002 0.9999567987521489 7e-06 8e-06 4.509271532694498 0.2 0.2 1041 
5912.41201171875 1042 
10335311.2 1043 
6170.23662109375 1044 
-2.2161546993255614 0.01 0.007 0.9998647431532542 7e-05 0.0005 0.999798517425855 9e-05 0.0003 4.503556847572327 0.3 0.3 1045 
-2.205057020187378 0.01 0.005 0.9996078258752823 0.0001 0.0002 0.9999186575412751 4e-06 8e-06 4.5053724098205565 0.3 0.3 1046 
3118.40546875 1047 
56059.503125 1048 
10335312.0 1049 
10335311.2 1050 
9.202666319652053e-07 1051 
9.202652563544689e-07 1052 
-2.2095531622568765 0.009 0.004 0.9998716888825099 4e-05 6e-05 0.9998753158251444 3e-05 4e-05 4.506210940678915 0.1 0.2 1053 
-2.213673006693522 0.009 0.005 0.9998499230543773 6e-05 0.0002 0.9998435393969218 9e-05 0.0005 4.504761033058166 0.2 0.2 1054 
10335312.2 1055 
9.199513101521006e-07 1056 
10335312.2 1057 
9.199472970067291e-07 1058 
9.19953686207009e-07 1059 
9.202691330756352e-07 1060 
-2.220480966567993 0.01 0.005 0.9998284180959066 0.0001 0.0003 0.9997040838003158 6e-05 0.0003 4.510876038869222 0.3 0.3 1061 
9.199562555295415e-07 1062 
10335311.4 1063 
10335312.2 1064 
9.199430792250496e-07 1065 
10335311.8 1066 
9.199457281283685e-07 1067 
10335311.6 1068 
10335312.0 1069 
-2.2159977531433106 0.009 0.006 0.999888556599617 5e-05 0.0001 0.9997983356316884 0.0001 0.0003 4.50453074614207 0.3 0.2 1070 
10335312.0 1071 
-2.219104658762614 0.003 0.001 0.9999107948939006 3e-05 7e-05 0.9998406467835108 5e-05 9e-05 4.509974897702535 0.2 0.2 1072 
10335311.8 1073 
10335312.0 1074 
10335313.0 1075 
9.19939861887542e-07 1076 
9.19959427392314e-07 1077 
9.202687238030194e-07 1078 
10335312.8 1079 
9.199548003380187e-07 1080 
358905.68125 1081 
10335312.2 1082 
9.199581086249963e-07 1083 
9.199492865263892e-07 1084 
10335311.2 1085 
10335311.6 1086 
10335311.8 1087 
10335313.0 1088 
-2.215647265116374 0.04 0.003 0.9998841102917989 4e-05 6e-05 0.9998624183734258 5e-05 0.006 4.506045568784078 0.4 0.4 1089 
9.199456485475821e-07 1090 
2584.505908203125 1091 
10335311.6 1092 
10335311.2 1093 
9.202771821037459e-07 1094 
10335312.8 1095 
9.202088790516428e-07 1096 
-2.2169054730733238 0.01 0.004 0.999894943634669 5e-05 0.0002 0.9998703056573868 6e-05 0.0002 4.501761751174927 0.3 0.3 1099  
-2.2175067234039307 0.004 0.002 0.9998822889725367 4e-05 0.0001 0.9999070280790329 6e-05 0.0003 4.505596213340759 0.2 0.2 1097 
-2.213623170852661 0.01 0.007 0.9998739780982335 6e-05 0.0002 0.9999162105719248 5e-05 0.0001 4.506684681574503 0.3 0.3 1098 
