-2.2081639671325686 0.05 0.006 0.9998740023374557 4e-05 0.0002 0.998543697198232 6e-05 0.002 4.515601267814636 0.2 0.2 1 
-2.219555892944336 0.01 0.002 0.9999510622024537 2e-05 9e-05 0.9999036743243536 4e-05 0.002 4.5083984263738 0.3 0.3 3 
-2.214479087193807 0.006 0.003 0.9999030888080597 4e-05 0.0001 0.999880875746409 4e-05 7e-05 4.506869433720906 0.2 0.2 5 
-2.213091557820638 0.01 0.005 0.9997474406162897 6e-05 0.0001 0.9998676164944966 5e-05 5e-05 4.50299821694692 0.3 0.3 6 
-2.2202404753367104 0.002 0.002 0.9999265553553899 4e-05 0.0001 0.9999859384695688 9e-06 2e-05 4.509281125068664 0.2 0.2 7 
-2.219778620402018 0.002 0.001 0.9999286131064097 3e-05 7e-05 0.9999045554796855 3e-05 6e-05 4.508899072011312 0.1 0.1 11 
-2.211667521794637 0.006 0.002 0.9998937022686004 3e-05 7e-05 0.9999676565329234 1e-05 2e-05 4.5028710714976 0.1 0.1 16 
-2.2145478471120197 0.001 0.001 0.999918882449468 2e-05 3e-05 0.9999096417427062 2e-05 2e-05 4.504801902770996 0.1 0.1 24 
-2.2114879353841146 0.004 0.004 0.999894826412201 5e-05 0.0001 0.9997479124863943 7e-05 0.0001 4.501349399884542 0.2 0.2 26 
-2.218333683013916 0.006 0.004 0.9999507180849712 2e-05 4e-05 0.9997519987821579 3e-05 9e-05 4.5098653427759805 0.1 0.1 30 
-2.222468729019165 0.03 0.003 0.999918841123581 4e-05 0.0002 0.999981210231781 1e-05 8e-05 4.513247087796529 0.3 0.2 31 
-2.2192651398976646 0.001 0.0008 0.99993625998497 2e-05 2e-05 0.9997330023845037 2e-05 3e-05 4.510474421183268 0.1 0.1 32 
-2.2088714758555095 0.004 0.003 0.9998004605372747 6e-05 0.0001 0.9997895354032517 5e-05 9e-05 4.504879210789999 0.2 0.2 35 
-2.2150968519846597 0.006 0.003 0.999880256652832 4e-05 5e-05 0.9997248619794845 6e-05 0.0001 4.508843620618184 0.1 0.1 38 
-2.219652992884318 0.03 0.003 0.9999323668082555 4e-05 0.0002 0.9999087504545847 2e-05 0.001 4.510045981407165 0.2 0.3 46 
-2.2222333113352457 0.003 0.001 0.9999340667327246 4e-05 0.0002 0.9998968780040741 4e-05 9e-05 4.509003198941548 0.2 0.2 50 
-2.212859477996826 0.008 0.005 0.9998746903737387 6e-05 0.0001 0.9998782459894816 6e-05 0.0001 4.505130252838135 0.2 0.2 51 
-2.214629170099894 0.006 0.003 0.9998696331183116 6e-05 8e-05 0.9997938831647237 5e-05 9e-05 4.504609646797181 0.2 0.2 55 
-2.2158812363942464 0.004 0.003 0.9999259851376215 3e-05 4e-05 0.9998746675252914 5e-05 7e-05 4.506734841664632 0.2 0.2 58 
-2.215234800974528 0.001 0.001 0.9998917728662491 3e-05 3e-05 0.9998430095116297 2e-05 5e-05 4.500071266492208 0.2 0.2 66 
-2.2217639668782554 0.006 0.003 0.9999519964059194 3e-05 7e-05 0.9999884591499965 6e-06 2e-05 4.509910071690877 0.2 0.2 67 
-2.2223310470581055 0.005 0.002 0.9999485448996226 3e-05 5e-05 0.9999882084131241 6e-06 2e-05 4.511019673347473 0.1 0.1 69 
-2.202249803543091 0.006 0.005 0.9998092635472615 6e-05 0.0001 0.9997934554020563 7e-05 0.0002 4.493498651186625 0.2 0.2 77 
-2.2230319213867187 0.05 0.003 0.9998710805177689 0.0001 0.0007 0.9999751154581705 2e-05 0.0002 4.511075908342997 0.4 0.4 81 
-2.214261932373047 0.003 0.002 0.999884997010231 5e-05 9e-05 0.9998773298660915 4e-05 5e-05 4.506954987843831 0.1 0.2 89 
-2.221506420771281 0.007 0.002 0.9999400744835536 3e-05 0.0003 0.9999498995145162 3e-05 0.0001 4.509226117134094 0.2 0.1 96 
-2.2085714530944824 0.005 0.003 0.9998187190294265 6e-05 0.0001 0.9999394319454828 5e-05 0.0002 4.503697759310405 0.2 0.2 98 
