-2.2241413084665935 0.001 0.0007 0.9997592327992121 5e-06 8e-06 0.9999924159049988 3e-06 6e-06 4.51765017191569 0.09 0.09 99 
-2.225697577794393 0.005 0.0008 0.999980685710907 3e-06 4e-05 0.9999941414594651 5e-06 3e-05 4.5117316198349 0.1 0.1 92 
-2.222991240819295 0.01 0.001 0.99952665468057 1e-05 2e-05 0.9999908063809076 6e-06 0.0003 4.52277574857076 0.1 0.1 83 
-2.2247996616363523 0.004 0.001 0.9999804000059763 4e-06 2e-05 0.9999916962782542 5e-06 9e-06 4.511152780850728 0.1 0.1 21 
-2.225024916330973 0.002 0.0008 0.9999468566974005 3e-06 8e-06 0.9999904590845108 4e-06 1e-05 4.512559665044149 0.1 0.1 25 
-2.2231973807017007 0.001 0.0005 0.9995363823572795 1e-05 1e-05 0.9999882576862971 3e-06 1e-05 4.522782677014669 0.1 0.1 23 
-2.2251930872599286 0.006 0.001 0.9999384272098542 4e-06 3e-05 0.999993937810262 6e-06 2e-05 4.512709824244181 0.2 0.2 82 
-2.224824177424113 0.001 0.0009 0.9999798357486724 3e-06 9e-06 0.9999942217270533 5e-06 2e-05 4.511376444498698 0.1 0.1 77 
-2.225320997238159 0.001 0.0004 0.9999947681029637 1e-06 5e-06 0.9999922202030818 3e-06 3e-06 4.511569476127624 0.08 0.08 73 
-2.225066022872925 0.003 0.001 0.9999767265717189 4e-06 1e-05 0.9999898737668991 7e-06 2e-05 4.511677454312642 0.1 0.1 56 
-2.2246627044677734 0.0005 0.0005 0.9999677290519079 2e-06 3e-06 0.9999934281905493 2e-06 4e-06 4.5114523776372275 0.09 0.09 96 
-2.224498389561971 0.0004 0.0003 0.9997666052977244 3e-06 3e-06 0.9999949079751969 3e-06 5e-06 4.517645913759868 0.07 0.07 28 
-2.224263143539429 0.007 0.002 0.9999728697538376 8e-06 7e-05 0.9999916829665502 6e-06 0.0002 4.510841476122538 0.2 0.3 30 
-2.2252259413401285 0.001 0.0005 0.9999843943119049 1e-06 5e-06 0.9999935028950373 2e-06 9e-06 4.5115096457799275 0.09 0.09 59 
-2.2253644402821857 0.0008 0.0004 0.9999750318129857 9e-07 7e-06 0.9999928979078928 4e-06 9e-06 4.51156227906545 0.1 0.1 57 
-2.2249817562103273 0.003 0.001 0.9999526864290238 5e-06 1e-05 0.9999932086467743 6e-06 1e-05 4.512641954421997 0.1 0.1 49 
-2.2246748415629067 0.002 0.0005 0.9999626948436101 2e-06 6e-06 0.9999867061773936 4e-06 7e-05 4.5109158786137895 0.1 0.1 54 
-2.2246273612976073 0.001 0.0006 0.999964483777682 2e-06 7e-06 0.9999939171473186 4e-06 1e-05 4.511813542048136 0.2 0.2 65 
-2.223699499766032 0.004 0.001 0.9995789295434951 8e-06 3e-05 0.9999916245539983 7e-06 4e-05 4.522084738413493 0.2 0.2 12 
-2.224988816579183 0.006 0.001 0.999956957300504 6e-06 5e-05 0.9999893269936244 8e-06 3e-05 4.5121684789657595 0.1 0.1 17 
