-2.2224933369954427 0.0003 0.0002 0.9999802446365357 1e-06 2e-06 0.9999465813239415 1e-05 1e-05 4.50535032749176 0.1 0.1 1 
-2.2235093275705973 0.002 0.001 0.9999787364403406 1e-05 2e-05 0.9999981804688771 1e-06 3e-06 4.510910369555155 0.1 0.1 4 
-2.2240944544474286 0.002 0.001 0.9999893877903621 6e-06 2e-05 0.9999826290210088 9e-06 2e-05 4.509789945284526 0.1 0.1 5 
-2.222420167922974 0.005 0.002 0.9999635708332062 2e-05 6e-05 0.9999951793750127 4e-06 1e-05 4.510538681348165 0.2 0.2 12 
-2.220072816212972 0.002 0.002 0.9999584438403447 1e-05 2e-05 0.9998471154769262 4e-05 6e-05 4.499075155258179 0.2 0.2 14 
-2.2181742922465006 0.01 0.004 0.9999765527248382 2e-05 3e-05 0.9994607132673263 0.0001 0.0001 4.487498269081116 0.3 0.3 18 
-2.2166358280181884 0.002 0.002 0.9999511543909708 1e-05 2e-05 0.9982903977235158 0.0001 0.0001 4.483404245376587 0.3 0.3 19 
-2.224840882619222 0.0008 0.0006 0.9999910976489385 3e-06 6e-06 0.9999979706605275 1e-06 4e-06 4.511445506413778 0.09 0.09 24 
-0.39028897126515705 0.0007 0.0003 0.8196762077013652 0.006 0.007 0.9839785856008529 0.0005 0.0005 2.418835546175639 0.04 0.04 25 
-2.224178613026937 0.001 0.0007 0.9999878344933192 4e-06 8e-06 0.9999978890021642 8e-07 2e-06 4.51108594417572 0.1 0.1 30 
-2.2237243906656903 0.001 0.0007 0.9999903094768524 4e-06 1e-05 0.9999513339996338 2e-05 2e-05 4.510271587371826 0.1 0.1 38 
-2.2214803250630695 0.002 0.002 0.9999729625384013 1e-05 3e-05 0.9999883365631104 8e-06 2e-05 4.50808467388153 0.2 0.2 39 
-2.2233831151326497 0.002 0.0009 0.9999802895387013 8e-06 3e-05 0.9999934538205465 5e-06 1e-05 4.510244064331054 0.1 0.1 40 
-2.224386577606201 0.001 0.0009 0.9999815034866333 1e-05 3e-05 0.9999717221657435 1e-05 3e-05 4.510892694791158 0.1 0.1 45 
-2.2225670337677004 0.002 0.001 0.999985446135203 5e-06 1e-05 0.999957433740298 2e-05 5e-05 4.50970432917277 0.1 0.1 47 
-2.2225258922576905 0.004 0.002 0.9999810616175334 9e-06 3e-05 0.9999508325258891 4e-05 0.0002 4.507142136891683 0.2 0.2 49 
-2.2226318677266437 0.009 0.002 0.999963770310084 3e-05 6e-05 0.9999980262915293 1e-06 9e-06 4.51002469698588 0.1 0.1 52 
-2.2226395003000894 0.002 0.001 0.9999809716145197 9e-06 2e-05 0.999992336432139 2e-06 8e-06 4.509716906547546 0.1 0.1 53 
-2.22383926709493 0.002 0.002 0.9999870179096858 9e-06 5e-05 0.9999810779094696 1e-05 4e-05 4.510348205566406 0.1 0.1 61 
-2.2100580310821534 0.003 0.002 0.9999736938873927 5e-06 8e-06 0.997886849840482 0.0003 0.0003 4.44580657641093 0.3 0.3 62 
-2.224566593170166 0.002 0.001 0.999982603987058 8e-06 5e-05 0.9999949755271276 4e-06 3e-05 4.511765368779501 0.2 0.1 63 
-2.2237538623809816 0.002 0.001 0.9999827545881271 1e-05 2e-05 0.9999724632501602 2e-05 2e-05 4.510513795216879 0.1 0.1 68 
-2.2242576853434244 0.003 0.002 0.9999874450763067 9e-06 2e-05 0.9999893913666408 8e-06 2e-05 4.510866475105286 0.2 0.2 70 
-2.225209941864014 0.002 0.001 0.9999918071428935 5e-06 1e-05 0.9999978778759638 2e-06 4e-06 4.511459414164225 0.09 0.1 72 
-2.2194774309794107 0.007 0.003 0.9999426076809566 3e-05 0.0001 0.9999825511376063 1e-05 1e-05 4.5068120749791465 0.1 0.1 75 
-2.2245441023508707 0.0005 0.0004 0.9999919056892395 3e-06 4e-06 0.9999946252504984 2e-06 2e-06 4.510779930750529 0.09 0.09 76 
-2.2218100388844806 0.001 0.0008 0.9999691834052403 8e-06 7e-06 0.9999232093493143 2e-05 2e-05 4.506459398269653 0.1 0.1 78 
-2.2257764593760174 0.0004 0.0003 0.9999927826722463 3e-06 5e-06 0.9999788896242777 1e-05 2e-05 4.511858638127645 0.08 0.08 79 
-2.2245201206207277 0.0008 0.0006 0.9999899546305339 5e-06 9e-06 0.9999695922931036 1e-05 2e-05 4.511250772476196 0.1 0.1 82 
-2.223962084452311 0.003 0.001 0.9999783277511597 2e-05 7e-05 0.9999823758999506 2e-05 4e-05 4.510498913129171 0.1 0.1 83 
-2.224229418436686 0.002 0.001 0.9999867695569992 8e-06 3e-05 0.9999698003133138 2e-05 6e-05 4.5109199460347496 0.2 0.1 85 
-2.223261203765869 0.002 0.001 0.9999838731686275 6e-06 2e-05 0.9999871859947841 1e-05 3e-05 4.5103190231323245 0.1 0.1 86 
-2.2234097067515055 0.003 0.001 0.999985986550649 6e-06 3e-05 0.9999774511655172 1e-05 4e-05 4.5104138469696045 0.1 0.1 90 
-2.2176045831044515 0.005 0.003 0.9999600611130397 2e-05 3e-05 0.9996615652243296 0.0001 0.0001 4.483708437283834 0.3 0.3 91 
-2.2254434967041017 0.0006 0.0004 0.9999911606311798 4e-06 8e-06 0.9999664149681727 2e-05 3e-05 4.511490430831909 0.1 0.1 92 
-2.2239548047383626 0.004 0.002 0.9999803308645884 1e-05 7e-05 0.9999761774142584 2e-05 9e-05 4.510652850468953 0.09 0.1 94 
-2.2236778863271076 0.003 0.0007 0.9999824959039688 9e-06 7e-05 0.999996906320254 1e-06 1e-05 4.510489228566487 0.06 0.1 95 
-2.223491350809733 0.0008 0.0007 0.9999817041556041 6e-06 1e-05 0.9999905542532603 4e-06 3e-06 4.510870463053386 0.1 0.1 96 
-2.22399569829305 0.004 0.001 0.9999890987078349 7e-06 3e-05 0.9999583746989568 2e-05 7e-05 4.507830975850423 0.1 0.2 97 
-2.2241933886210123 0.002 0.001 0.9999880663553874 8e-06 4e-05 0.9999788983662923 1e-05 3e-05 4.510652896563212 0.08 0.09 98 
