-2.2193036556243895 0.0001 0.0001 0.9998294190565745 1e-05 1e-05 0.9996197360754013 1e-06 1e-06 4.510683884620667 0.2 0.2 1 
-1.717017370859782 0.002 0.001 0.9956738821665446 0.0006 0.0006 0.9655681294202805 0.0002 0.0002 3.6976139465967814 0.3 0.3 2 
-2.181841417948405 0.006 0.003 0.9996379031737646 0.0001 0.0002 0.9974949719508489 0.0001 0.0003 4.415243419011434 0.3 0.3 4 
-2.1955468400319416 0.006 0.005 0.999734050432841 5e-05 7e-05 0.9996641882260641 3e-05 3e-05 4.478295321464539 0.5 0.5 5 
-2.21826366742452 0.002 0.002 0.9997014526526133 4e-05 3e-05 0.9999237728118896 3e-05 5e-05 4.510577254295349 0.2 0.2 6 
-2.1938708051045737 0.0009 0.001 0.9997816133499146 2e-05 1e-05 0.9991162870327631 3e-05 5e-05 4.501811820665996 0.3 0.2 7 
-2.2042966747283934 0.001 0.0007 0.9998879500230153 3e-05 3e-05 0.9991541141271592 4e-06 4e-06 4.492200652758281 0.2 0.2 8 
-2.2015422280629475 0.0008 0.0008 0.999527265826861 3e-05 3e-05 0.9996102774143218 1e-05 1e-05 4.511558845837911 0.2 0.2 10 
-1.8255072244008381 0.005 0.005 0.9959887288014094 0.0003 0.0003 0.9931100183725357 0.002 0.002 4.001833736896515 0.5 0.5 11 
-2.101745049158732 0.0006 0.0007 0.999600581129392 0.0001 0.0001 0.9482642155885697 0.0005 0.0005 3.6780579201380412 0.3 0.3 13 
-0.3925581137339274 0.001 0.0006 0.8361314855019252 0.009 0.009 0.7948782912890117 0.0002 0.0002 1.1631668627262115 0.04 0.04 16 
-2.204989096323649 0.0004 0.0004 0.9999218746026357 1e-05 1e-05 0.9976219497124355 6e-05 6e-05 4.506271705627442 0.2 0.2 19 
-1.1919735527038575 0.03 0.02 0.9212375722328822 0.0002 0.0002 0.9969767699639003 4e-05 6e-05 4.444223343531291 0.4 0.4 20 
-2.1142299620310467 0.0003 0.0003 0.9987676868836085 4e-05 4e-05 0.9988191026449204 3e-05 3e-05 4.4142446708679195 0.2 0.2 23 
-2.2201831404368084 0.0002 0.0002 0.9998874020576477 8e-06 8e-06 0.9999758364756902 2e-06 2e-06 4.509488927523295 0.1 0.1 24 
-0.2654103485743205 0.001 0.0008 0.7659456600745519 0.007 0.007 0.6139757225910822 8e-05 0.0002 1.3959245467185974 0.1 0.1 25 
-0.3860965379079183 0.0002 0.0002 0.817791227499644 0.006 0.006 0.9828150405486424 0.0005 0.0005 2.4055523665746055 0.2 0.2 26 
-2.2075326855977377 0.001 0.001 0.999875629345576 1e-05 3e-05 0.9987203035751978 1e-05 1e-05 4.505353649457295 0.2 0.2 27 
-2.2115295950571694 0.002 0.001 0.999910927216212 3e-05 4e-05 0.9999393514792124 9e-06 1e-05 4.5066699727376305 0.3 0.3 31 
-0.3041029755274455 0.001 0.001 0.7759246722857157 0.01 0.01 0.9753017441431682 0.006 0.005 2.164237318436305 0.3 0.3 32 
-2.2148019949595135 0.0001 0.0001 0.9998962608973185 4e-06 4e-06 0.9999596126874288 2e-06 2e-06 4.506753377914428 0.1 0.1 33 
-1.9776850732167561 0.007 0.002 0.9994075838724772 3e-05 4e-05 0.9004946857690811 0.0002 0.0002 3.14449268023173 0.1 0.1 36 
-0.3688208023707072 0.003 0.002 0.8190359232823053 0.02 0.008 0.9672286675373714 0.008 0.007 2.562393443584442 0.4 0.4 37 
-1.5698908805847167 0.0008 0.001 0.9951275503635406 0.0006 0.0006 0.7947348642349243 0.0003 0.0003 2.196630234718323 0.1 0.1 38 
-1.9979464944203695 0.02 0.02 0.9989675400654475 6e-05 6e-05 0.9469071785608928 0.006 0.006 5.107869564692179 1.0 1.0 39 
-2.1186628627777098 0.0002 0.0002 0.9987912901242574 8e-05 8e-05 0.998362760146459 6e-05 6e-05 4.425255977312724 0.2 0.2 41 
-1.8452066930135091 0.0003 0.0004 0.996198816895485 5e-05 5e-05 0.9924553487698237 0.0004 0.0004 4.287675604820252 0.3 0.3 42 
-2.194532527923584 0.0006 0.0006 0.9998876372973124 3e-05 3e-05 0.9977686415115993 4e-05 4e-05 4.500524086952209 0.3 0.3 43 
-2.2004870700836183 0.0003 0.0003 0.9999005762736003 1e-05 1e-05 0.999093226591746 1e-05 1e-05 4.4825597031911215 0.2 0.2 44 
-2.2179366906483966 0.005 0.002 0.999872141679128 2e-05 3e-05 0.9998091473182042 4e-05 8e-05 4.506001385052999 0.2 0.2 45 
-0.0921287210782369 0.001 0.001 0.5702344634135564 0.005 0.005 0.7941199598709742 0.0002 0.0002 0.578981414437294 0.05 0.05 46 
-0.23590600808461507 0.02 0.02 0.8926000702381134 0.01 0.01 0.9557040015856425 0.007 0.008 2.900980243682861 0.6 0.6 48 
-2.207263485590617 0.006 0.003 0.9997523981332779 8e-05 0.0001 0.9997876048088074 2e-05 3e-05 4.518939258257548 0.4 0.4 50 
-2.1943271859486897 0.001 0.001 0.9999084154764811 2e-05 3e-05 0.9989985036849975 7e-05 7e-05 4.490151977539062 0.2 0.2 52 
-2.2088972663879396 0.0005 0.0005 0.9999076465765635 8e-06 8e-06 0.9981098157167435 8e-05 8e-05 4.512931863466899 0.2 0.2 53 
-2.2045791308085123 0.03 0.01 0.9997726440429687 0.0001 0.0006 0.9997492688894272 0.0001 0.0008 4.499001666704814 0.4 0.4 55 
-2.02588329633077 0.03 0.03 0.9980257248878479 0.0003 0.0003 0.996720857222875 4e-05 4e-05 4.425924770037333 0.6 0.6 56 
-0.38829145272572835 0.0002 0.0002 0.819713400999705 0.001 0.001 0.9825079611937205 0.001 0.001 2.418020238876343 0.1 0.1 58 
-1.8726562722524007 0.02 0.006 0.9967975753545761 0.0008 0.0007 0.9993442370494207 0.0001 0.001 4.283561919530233 0.3 0.2 59 
-2.2147603861490883 0.0007 0.0008 0.9998899501562118 4e-06 8e-06 0.9981194567680359 6e-05 6e-05 4.52343115011851 0.2 0.2 60 
-2.204153242111206 0.0005 0.0005 0.9999321339527766 1e-05 1e-05 0.9991204979022345 5e-06 5e-06 4.486440501213074 0.2 0.2 61 
-2.2127786350250243 0.0001 0.0001 0.9998834546407064 5e-06 5e-06 0.9999500370025635 4e-07 3e-07 4.503538138071696 0.1 0.1 63 
-2.2182060718536376 0.006 0.003 0.9998893884817759 4e-05 8e-05 0.9998850278059641 5e-05 0.0001 4.507642246882121 0.3 0.2 64 
-2.2046523825327555 0.004 0.003 0.999777248899142 3e-05 3e-05 0.9986548693974813 4e-05 5e-05 4.5138451321919755 0.2 0.2 67 
-2.1493071142832436 0.01 0.01 0.9994728531440099 1e-05 1e-05 0.9920868784189224 0.002 0.002 4.224307049115499 0.6 0.6 68 
-1.24957976659139 0.004 0.003 0.9811819185813268 0.001 0.001 0.7941311957438787 0.0004 0.0005 1.9790417051315308 0.07 0.07 72 
-0.3877643648783366 0.0005 0.0003 0.8201102540890376 0.004 0.004 0.9846181283394496 0.001 0.001 2.40852477312088 0.1 0.1 73 
-1.2462128925323486 0.005 0.003 0.9819238750139873 0.002 0.002 0.793890348871549 0.0006 0.0008 1.977500395377477 0.1 0.1 75 
-0.3809920899073283 0.0008 0.0007 0.8170937091112137 0.004 0.004 0.9813790313402811 0.0003 0.0003 2.3976968789100646 0.3 0.3 76 
-1.580479434331258 0.02 0.004 0.9948156273365021 0.0009 0.001 0.7946881800889969 0.0004 0.0007 2.1963147950172424 0.1 0.1 77 
-2.114553772608439 0.002 0.002 0.9986862405141195 7e-05 8e-05 0.9984392750263215 7e-05 7e-05 4.426405151685079 0.2 0.2 79 
-2.199229809443156 0.0003 0.0003 0.9998313268025716 2e-05 2e-05 0.9983183310429256 1e-06 1e-06 4.494809338251749 0.2 0.2 80 
-0.3742559226353963 0.0002 0.0002 0.8128321860233942 0.003 0.003 0.9834618031978607 0.0003 0.0003 2.3675428676605224 0.2 0.2 82 
-2.194042132695516 0.0007 0.0007 0.9995302863915762 3e-05 3e-05 0.9991169297695159 2e-05 2e-05 4.489689908027649 0.3 0.3 83 
-2.1532904275258384 0.03 0.02 0.9977130436897278 0.0005 0.0007 0.9903326229254404 0.0007 0.002 4.585855489571889 1.0 1.0 84 
-1.3409351380666097 0.0006 0.0006 0.9842782811323801 0.001 0.001 0.8991926103830338 3e-05 3e-05 3.6800829537709556 0.3 0.3 85 
-2.212308022181193 0.0002 0.0002 0.999865638812383 8e-06 8e-06 0.9983641362190246 5e-05 5e-05 4.52676152865092 0.2 0.2 86 
-2.20980388323466 0.003 0.002 0.9998885341485342 1e-05 1e-05 0.9970017155011495 0.0003 0.0003 4.3934335613250735 0.2 0.2 87 
-2.2034457302093506 0.001 0.001 0.9995671059687933 4e-05 4e-05 0.9955899826685588 0.0003 0.0003 4.576987412770589 0.4 0.4 88 
-0.3675025749206543 0.0005 0.0004 0.8110186662276586 0.003 0.003 0.9914524720112483 0.002 0.002 2.253775208791097 0.1 0.1 95 
-0.34663125991821286 6e-05 6e-05 0.7994194549322128 0.004 0.004 0.974916984240214 0.0004 0.0004 2.297457847595215 0.1 0.1 96 
-0.8342125606536865 0.0003 0.0002 0.9350028489033381 0.005 0.005 0.9924712286392847 0.0007 0.0007 3.2412708528836567 0.2 0.2 97 
-2.2161863644917807 0.001 0.001 0.999772961139679 5e-05 6e-05 0.9998130842049917 2e-05 2e-05 4.5045475610097245 0.3 0.3 99 
