-2.2256429449717205 0.001 0.0006 0.9999959746996562 2e-06 1e-05 0.9999842270215352 1e-05 5e-05 4.512008210817973 0.1 0.1 141 
-2.2256320571899413 0.002 0.0007 0.9999948132038117 3e-06 1e-05 0.9999874732891718 1e-05 6e-05 4.511940251986186 0.1 0.1 105 
-2.225636943181356 0.0009 0.0004 0.9999945857127508 2e-06 3e-06 0.999988140463829 9e-06 3e-05 4.512062056859334 0.1 0.1 2 
-2.225493933359782 0.002 0.0006 0.999993856549263 2e-06 3e-06 0.9999846851825714 9e-06 5e-05 4.512021923065186 0.1 0.1 77 
-2.2256146240234376 0.0007 0.0004 0.9999946377674739 2e-06 3e-06 0.9999871947367986 9e-06 3e-05 4.512292793591818 0.09 0.1 13 
-2.225494867960612 0.0003 0.0003 0.9999945902824402 2e-06 3e-06 0.99998392979304 9e-06 2e-05 4.512110912005107 0.08 0.08 58 
-2.225668017069499 0.002 0.0006 0.9999954648812612 2e-06 7e-06 0.999987378915151 1e-05 6e-05 4.512018248240153 0.1 0.1 111 
-2.2256146812438966 0.0008 0.0004 0.9999946568409602 2e-06 3e-06 0.9999874703089396 1e-05 3e-05 4.512156440416972 0.1 0.1 7 
-2.2256121412913004 0.002 0.0006 0.9999952214956284 3e-06 1e-05 0.9999859255552291 1e-05 5e-05 4.512004435857137 0.1 0.1 27 
-2.2254486719767255 0.0005 0.0004 0.9999926821390788 2e-06 4e-06 0.9999842192729315 9e-06 2e-05 4.512380056381225 0.09 0.09 148 
-2.2255170345306396 0.0005 0.0003 0.9999948793649673 1e-06 3e-06 0.9999832701683045 1e-05 3e-05 4.512089368502299 0.09 0.09 71 
-2.2255947748819986 0.002 0.0006 0.9999950248003006 3e-06 9e-06 0.9999853450059891 1e-05 6e-05 4.512025931676229 0.1 0.1 134 
-2.225564791361491 0.0006 0.0004 0.9999935841560363 2e-06 3e-06 0.9999860429763794 9e-06 3e-05 4.512321209907531 0.09 0.09 15 
-2.2256147893269858 0.001 0.0005 0.9999947259823482 2e-06 2e-06 0.9999875022967657 9e-06 4e-05 4.512096179326376 0.1 0.1 75 
-2.2255900700887046 0.001 0.0005 0.9999943355719249 2e-06 3e-06 0.9999874832232793 9e-06 4e-05 4.51200870513916 0.1 0.1 39 
-2.2255708154042564 0.001 0.0006 0.9999954789876938 3e-06 9e-06 0.9999832918246587 1e-05 5e-05 4.5121380201975505 0.1 0.1 44 
-2.2256870460510254 0.002 0.0005 0.9999950283765793 3e-06 9e-06 0.9999880603949229 9e-06 5e-05 4.512145868937174 0.1 0.1 94 
-2.225638370513916 0.0009 0.0004 0.9999945259094238 2e-06 3e-06 0.9999879119793574 9e-06 3e-05 4.512112746238708 0.1 0.1 137 
-2.225592009226481 0.0007 0.0004 0.9999941039085388 2e-06 3e-06 0.9999869596958161 9e-06 3e-05 4.512061359087626 0.1 0.1 109 
-2.2256337547302247 0.0009 0.0004 0.9999947601556778 2e-06 3e-06 0.9999878418445587 9e-06 3e-05 4.512115106582642 0.1 0.1 40 
