-2.2261298179626463 0.0002 0.0001 0.9999972754716873 8e-07 1e-06 0.9999941885471344 3e-06 8e-06 4.512251965204874 0.06 0.06 0 
-2.226184228261312 0.0001 0.0001 0.9999980187416077 8e-07 2e-06 0.9999933811028798 3e-06 7e-06 4.512176016171773 0.06 0.06 1 
-2.2262174034118654 0.0002 0.0001 0.9999981168905894 8e-07 1e-06 0.9999951076507568 3e-06 8e-06 4.512249875068664 0.06 0.06 2 
-2.2261762460072836 0.0002 0.0001 0.9999976269404094 8e-07 1e-06 0.9999952238798141 3e-06 7e-06 4.512253719965617 0.06 0.06 3 
-2.22619421005249 0.0002 0.0001 0.9999980195363363 8e-07 1e-06 0.9999941442410151 3e-06 8e-06 4.512160590489706 0.06 0.06 4 
-2.2262048308054605 0.0001 0.0001 0.9999981286128362 7e-07 1e-06 0.9999949975808462 3e-06 6e-06 4.512220330238343 0.06 0.06 5 
-2.2261431344350178 2e-05 2e-05 0.9999978417158126 5e-07 6e-07 0.9999924689531327 2e-06 2e-06 4.512214946746826 0.04 0.04 6 
-2.2261125882466635 7e-06 6e-06 0.9999976001183192 3e-07 3e-07 0.9999907644589742 2e-07 2e-07 4.512191201845805 0.04 0.04 7 
-2.2261908054351807 8e-05 7e-05 0.9999980904658635 7e-07 1e-06 0.9999938476085662 3e-06 5e-06 4.51218993028005 0.05 0.05 8 
-2.226197983423869 0.0009 0.0002 0.999998162984848 1e-06 1e-06 0.999995012084643 4e-06 2e-05 4.512316215833028 0.09 0.09 9 
-2.2261613273620604 5e-06 5e-06 0.9999980302651723 2e-07 2e-07 0.9999908922115962 3e-07 4e-07 4.512149550120036 0.03 0.03 10 
-2.2260892963409424 0.0002 0.0002 0.9999966700871785 1e-06 2e-06 0.9999948670466741 3e-06 7e-06 4.512377955118815 0.07 0.07 11 
-2.2261487452189126 9e-06 7e-06 0.9999977779388428 4e-07 4e-07 0.9999904714028041 1e-06 1e-06 4.512152393658956 0.04 0.04 12 
-2.2261491870880126 7e-05 6e-05 0.9999975709120432 6e-07 1e-06 0.9999918675422669 3e-06 5e-06 4.512271378835043 0.05 0.05 13 
-2.2262086232503253 0.0001 0.0001 0.9999980459610621 8e-07 1e-06 0.9999957873423895 3e-06 6e-06 4.5121704196929935 0.06 0.06 14 
-2.226218818028768 0.0002 0.0001 0.9999981067577998 7e-07 1e-06 0.999995575149854 3e-06 7e-06 4.512211597760518 0.06 0.06 15 
-2.2261303011576334 6e-06 6e-06 0.999997631907463 3e-07 4e-07 0.9999912919600805 2e-07 2e-07 4.512212243080139 0.04 0.04 16 
-2.226169621149699 0.0002 0.0001 0.9999973011016846 9e-07 1e-06 0.9999950102965037 3e-06 8e-06 4.512208752632141 0.06 0.06 17 
-2.2261459922790525 0.0004 0.0002 0.9999971149365107 9e-07 1e-06 0.9999954640865326 3e-06 9e-06 4.512294305165609 0.07 0.07 18 
-2.2261286894480388 0.0006 0.0002 0.9999976529677709 1e-06 2e-06 0.9999942882855734 4e-06 2e-05 4.512266228993734 0.09 0.09 19 
-2.226167910893758 0.0003 0.0001 0.9999974437554677 8e-07 1e-06 0.9999955354134241 3e-06 9e-06 4.51222065448761 0.07 0.07 20 
-2.2261455472310385 4e-05 4e-05 0.9999977858861288 6e-07 8e-07 0.9999912667274475 2e-06 3e-06 4.512154046694437 0.05 0.05 21 
-2.2262188816070556 0.0002 0.0001 0.9999984447161356 7e-07 2e-06 0.9999942413965861 3e-06 6e-06 4.512156980832418 0.05 0.05 22 
-2.2261943022410073 0.0005 0.0001 0.9999978389342626 6e-07 8e-07 0.9999957009156545 3e-06 1e-05 4.5121119054158525 0.07 0.07 23 
-2.226142203013102 7e-05 6e-05 0.9999974324305853 7e-07 1e-06 0.9999935515721639 3e-06 5e-06 4.512279238700867 0.05 0.05 24 
-2.2261972999572754 0.0005 0.0002 0.9999979962905248 6e-07 1e-06 0.9999959586064021 3e-06 1e-05 4.51225032488505 0.08 0.08 25 
-2.2262227153778076 0.001 0.0003 0.9999981699387233 1e-06 6e-06 0.999995282292366 3e-06 1e-05 4.512332173983256 0.07 0.07 26 
-2.2261823431650796 0.0004 0.0002 0.999997797012329 2e-06 3e-06 0.9999954851468404 3e-06 1e-05 4.512126328150432 0.08 0.08 27 
-2.226202586491903 0.0003 0.0001 0.9999981959660847 1e-06 2e-06 0.9999956448872884 3e-06 6e-06 4.512168560028076 0.06 0.06 28 
-2.2261785221099855 0.0009 0.0002 0.999998340010643 1e-06 5e-06 0.9999935762087504 2e-06 4e-06 4.512214209238688 0.06 0.06 29 
-2.22617049853007 0.0002 0.0001 0.9999982132514318 8e-07 2e-06 0.9999926374355952 3e-06 5e-06 4.512182188034058 0.05 0.05 30 
-2.2262164243062337 0.0002 0.0001 0.9999980799357097 8e-07 1e-06 0.9999961435794831 3e-06 8e-06 4.512166048685709 0.06 0.06 31 
-2.2261261558532714 5e-06 6e-06 0.9999976569414138 3e-07 3e-07 0.9999914381901424 2e-07 1e-07 4.512219060262044 0.04 0.04 32 
-2.2262047958374023 0.0002 0.0001 0.9999980739752452 8e-07 1e-06 0.9999954928954442 3e-06 9e-06 4.512248249053955 0.07 0.07 33 
-2.226230812072754 0.0002 0.0001 0.9999983352422714 8e-07 1e-06 0.9999958314498265 3e-06 7e-06 4.512171934445699 0.06 0.06 34 
-2.226166814168294 0.0005 0.0002 0.9999977819124858 5e-07 9e-07 0.999992006222407 4e-06 2e-05 4.512317301432292 0.07 0.07 35 
-2.226179774602254 0.0003 0.0001 0.9999983620643615 1e-06 2e-06 0.9999924951791763 3e-06 5e-06 4.512111914952596 0.05 0.05 36 
-2.226154015858968 0.0002 0.0001 0.9999968848625819 9e-07 1e-06 0.9999957354863485 3e-06 7e-06 4.512275846799215 0.06 0.06 37 
-2.226197099685669 0.0001 0.0001 0.9999979962905248 8e-07 1e-06 0.9999938221772512 3e-06 7e-06 4.51220074335734 0.06 0.06 38 
-2.226231581370036 0.0002 0.0001 0.9999982964992523 7e-07 1e-06 0.9999953601757685 3e-06 9e-06 4.512198127110799 0.06 0.06 39 
-2.2261557737986246 4e-05 3e-05 0.9999979863564173 6e-07 8e-07 0.9999909965197246 2e-06 3e-06 4.512153914769491 0.05 0.05 40 
-2.226192223230998 0.0002 0.0001 0.9999978532393773 9e-07 1e-06 0.9999958542982738 3e-06 8e-06 4.512245683670044 0.07 0.07 41 
-2.226188688278198 0.0002 0.0001 0.9999977908531825 8e-07 1e-06 0.9999946536620458 3e-06 8e-06 4.512231815656026 0.07 0.07 42 
-2.2262017091115314 0.0001 9e-05 0.9999983781576156 7e-07 1e-06 0.9999926288922628 3e-06 6e-06 4.512178368568421 0.05 0.05 43 
-2.226190767288208 0.0003 0.0001 0.9999976452191671 6e-07 8e-07 0.9999955811103185 3e-06 9e-06 4.512301438649495 0.06 0.06 44 
-2.2261675643920897 5e-06 6e-06 0.999998023112615 2e-07 3e-07 0.9999921542406082 3e-07 3e-07 4.512149421374003 0.04 0.04 45 
-2.2261833922068277 3e-05 3e-05 0.9999981427192688 4e-07 6e-07 0.9999911747376125 2e-06 3e-06 4.512145608266195 0.04 0.04 46 
-2.2261763763427735 0.0003 0.0002 0.9999971673885981 1e-06 2e-06 0.9999955846865972 3e-06 8e-06 4.512295467058817 0.07 0.07 47 
-2.226188433965047 7e-05 6e-05 0.9999980656305949 7e-07 9e-07 0.9999927280346552 3e-06 5e-06 4.512194951375325 0.05 0.05 48 
-2.2261524041493734 0.0002 0.0001 0.9999980739752452 9e-07 2e-06 0.9999921590089798 2e-06 4e-06 4.512166045506795 0.05 0.05 49 
-2.2262152004241944 0.0002 0.0001 0.9999980227152506 7e-07 1e-06 0.9999957426389059 3e-06 7e-06 4.512205808957418 0.06 0.06 50 
-2.226172720591227 0.0002 0.0001 0.9999982426563899 9e-07 2e-06 0.9999922885497411 3e-06 5e-06 4.512145066261292 0.05 0.05 51 
-2.226198762257894 0.0002 0.0001 0.999997946023941 7e-07 1e-06 0.9999949804941813 3e-06 9e-06 4.512258237202962 0.06 0.06 52 
-2.2262465731302896 0.0007 0.0002 0.9999985126654307 8e-07 2e-06 0.999995402097702 4e-06 2e-05 4.512165064811707 0.09 0.08 53 
-2.226089677810669 6e-06 6e-06 0.9999970650672912 4e-07 3e-07 0.999988928437233 3e-07 3e-07 4.512261886596679 0.04 0.04 54 
-2.226227642695109 0.0002 0.0001 0.9999984033902486 8e-07 2e-06 0.9999945271015167 3e-06 7e-06 4.5121719328562415 0.06 0.06 55 
-2.226126759847005 0.0002 0.0001 0.9999972901741664 7e-07 1e-06 0.9999939344326655 3e-06 7e-06 4.512196801503499 0.06 0.06 56 
-2.2261635144551595 0.0002 0.0001 0.9999976209799448 8e-07 1e-06 0.9999938027064006 3e-06 8e-06 4.512299270629883 0.06 0.07 57 
-2.226160494486491 6e-06 5e-06 0.9999980566898982 2e-07 3e-07 0.9999924351771673 4e-07 4e-07 4.512153871854147 0.04 0.04 58 
-2.2261805884043375 0.0001 0.0001 0.999998217622439 8e-07 2e-06 0.999992643793424 3e-06 7e-06 4.512120728492737 0.05 0.05 59 
-2.2261708990732827 0.0002 0.0001 0.9999972401062648 9e-07 1e-06 0.999995503226916 3e-06 7e-06 4.512218233744304 0.06 0.06 60 
-2.2261320400238036 5e-06 5e-06 0.9999976364771525 2e-07 3e-07 0.9999903853734334 3e-07 3e-07 4.512205438613892 0.04 0.04 61 
-2.226212803522746 0.0002 0.0001 0.9999980807304383 8e-07 1e-06 0.9999961187442143 3e-06 8e-06 4.512187023162841 0.07 0.07 62 
-2.2262302525838216 0.0003 0.0002 0.9999981641769409 8e-07 1e-06 0.9999961930513382 3e-06 1e-05 4.512082659403483 0.07 0.07 63 
-2.226175317764282 0.0004 0.0002 0.9999975552161534 9e-07 1e-06 0.9999950569868088 3e-06 9e-06 4.512258106867472 0.07 0.07 64 
-2.2262546253204345 0.0003 0.0001 0.9999983710050583 6e-07 9e-07 0.9999960172176361 3e-06 1e-05 4.512239527702332 0.06 0.06 65 
-2.2261691888173423 0.0004 0.0002 0.9999974904457728 7e-07 1e-06 0.9999952505032221 3e-06 1e-05 4.5122556320826215 0.07 0.07 66 
-2.2261958726247153 0.0006 0.0002 0.9999979503949483 7e-07 1e-06 0.9999953977266948 3e-06 1e-05 4.512223801612854 0.08 0.08 67 
-2.2261548900604247 0.0004 0.0002 0.9999973632891973 8e-07 1e-06 0.9999950353304545 3e-06 1e-05 4.51236274878184 0.07 0.08 68 
-2.226192518870036 0.0004 0.0002 0.9999978903929393 6e-07 9e-07 0.9999947530031205 3e-06 1e-05 4.512284836769104 0.06 0.07 69 
-2.2262663300832113 0.0003 0.0001 0.9999984979629517 7e-07 1e-06 0.9999968554576238 2e-06 9e-06 4.512120974858602 0.07 0.07 70 
-2.226139081319173 6e-06 6e-06 0.999997828801473 3e-07 3e-07 0.9999911524852116 3e-07 3e-07 4.51217635790507 0.04 0.04 71 
-2.226225878397624 0.0002 0.0001 0.9999984755118688 9e-07 2e-06 0.9999937289953231 3e-06 6e-06 4.512177972793579 0.05 0.05 72 
-2.226180337270101 0.0003 0.0002 0.999997465411822 8e-07 1e-06 0.9999958264827729 3e-06 1e-05 4.512261481285095 0.07 0.07 73 
-2.2261537647247316 0.0002 0.0001 0.999997436205546 9e-07 1e-06 0.9999955997864405 3e-06 7e-06 4.512280604044596 0.06 0.06 74 
-2.2262120882670087 0.0002 0.0001 0.9999981810649236 7e-07 1e-06 0.999995222290357 3e-06 7e-06 4.51218652566274 0.06 0.06 75 
-2.226192477544149 0.0004 0.0002 0.9999985192219416 1e-06 3e-06 0.9999925518035888 3e-06 5e-06 4.512143810590108 0.05 0.05 76 
-2.2261183579762776 6e-06 5e-06 0.9999974644184113 3e-07 3e-07 0.9999893526236217 3e-07 2e-07 4.512204996744791 0.04 0.04 77 
-2.2261823336283366 9e-05 8e-05 0.999998008608818 7e-07 1e-06 0.9999908804893494 3e-06 6e-06 4.512256706555684 0.05 0.05 78 
-2.2261194006601968 4e-05 4e-05 0.9999974695841471 6e-07 9e-07 0.9999909538030625 2e-06 3e-06 4.512211691538493 0.05 0.05 79 
-2.2261869780222576 0.0001 9e-05 0.9999979186058044 7e-07 1e-06 0.9999960488080979 3e-06 6e-06 4.512200643221537 0.05 0.06 80 
-2.2261710516611735 0.0002 0.0002 0.9999975870052974 1e-06 2e-06 0.9999952232837677 3e-06 8e-06 4.51219262599945 0.07 0.07 81 
-2.2261663977305095 0.0002 0.0001 0.9999982710679373 8e-07 2e-06 0.9999929038683574 3e-06 4e-06 4.512154053052266 0.05 0.05 82 
-2.2261870098114014 0.0001 8e-05 0.9999982108672459 8e-07 1e-06 0.9999935791889827 3e-06 5e-06 4.5122480360666914 0.05 0.05 83 
-2.226206970214844 0.0004 0.0002 0.9999979724486668 7e-07 1e-06 0.9999959423144659 3e-06 9e-06 4.512210556666056 0.07 0.07 84 
-2.2261320400238036 0.0003 0.0001 0.9999973082542419 9e-07 1e-06 0.9999949661890666 3e-06 8e-06 4.512287735939026 0.06 0.07 85 
-2.226114171346029 0.0003 0.0001 0.999997485478719 1e-06 3e-06 0.9999915728966395 2e-06 4e-06 4.512117959658305 0.06 0.06 86 
-2.226188751856486 0.0004 0.0002 0.9999981695413589 1e-06 3e-06 0.9999939948320389 3e-06 5e-06 4.512241660753886 0.06 0.06 87 
-2.226209977467855 0.0003 0.0001 0.9999983290831248 9e-07 2e-06 0.9999926694234212 3e-06 6e-06 4.512192428906759 0.06 0.06 88 
-2.226218369801839 0.0002 0.0001 0.9999982625246048 8e-07 2e-06 0.9999956091245016 3e-06 7e-06 4.512269590695699 0.06 0.06 89 
-2.226130084991455 5e-06 6e-06 0.9999976436297099 3e-07 3e-07 0.99998887916406 3e-07 3e-07 4.5121783288319905 0.04 0.04 90 
-2.2261623668670656 4e-05 4e-05 0.9999981236457824 6e-07 7e-07 0.9999913603067399 2e-06 3e-06 4.512181215286255 0.05 0.05 91 
-2.226158358256022 6e-06 6e-06 0.9999978991349538 3e-07 3e-07 0.9999923330545425 3e-07 3e-07 4.512159787813823 0.04 0.04 92 
-2.2261627260843913 0.0005 0.0002 0.9999973326921463 7e-07 1e-06 0.9999941146373749 3e-06 1e-05 4.512387515703837 0.07 0.07 93 
-2.2261684385935467 4e-05 4e-05 0.9999981963634491 6e-07 8e-07 0.9999929881095886 2e-06 3e-06 4.5121286042531334 0.05 0.05 94 
-2.226143407821655 6e-06 6e-06 0.9999978893995285 3e-07 3e-07 0.9999907354513804 3e-07 2e-07 4.512180185317993 0.03 0.03 95 
-2.2262007840474447 0.0001 9e-05 0.9999981488784154 7e-07 1e-06 0.9999937738974889 3e-06 6e-06 4.512261824607849 0.05 0.05 96 
-2.2261401240030922 6e-06 6e-06 0.9999978399276733 3e-07 3e-07 0.9999912665287654 3e-07 3e-07 4.512175205548604 0.04 0.04 97 
-2.2261863231658934 7e-05 6e-05 0.9999980276823044 6e-07 1e-06 0.9999936254819234 3e-06 5e-06 4.512226564089457 0.05 0.05 98 
-2.2261451212565104 0.0002 0.0001 0.9999979392687479 9e-07 2e-06 0.9999926819403966 3e-06 5e-06 4.512188933690389 0.06 0.06 99 
-2.226166426340739 3e-05 3e-05 0.9999981329838434 5e-07 7e-07 0.9999917616446813 2e-06 3e-06 4.512180883089702 0.04 0.04 100 
-2.22615564028422 0.0003 0.0002 0.9999972373247147 7e-07 1e-06 0.9999957712491353 3e-06 8e-06 4.51226983388265 0.06 0.06 101 
-2.226136687596639 0.0005 0.0002 0.9999973632891973 1e-06 2e-06 0.9999950623512268 3e-06 1e-05 4.512376537322998 0.08 0.08 102 
-2.226143109003703 6e-05 5e-05 0.9999978615840276 8e-07 1e-06 0.9999921447038651 2e-06 3e-06 4.512192214330037 0.05 0.05 103 
-2.2261784013112385 0.0006 0.0002 0.999997874101003 6e-07 8e-07 0.9999935468037923 4e-06 2e-05 4.512178425788879 0.07 0.07 104 
-2.226212739944458 0.0002 0.0001 0.9999982943137486 8e-07 2e-06 0.9999934534231821 4e-06 9e-06 4.512264714241028 0.06 0.06 105 
-2.226217886606852 0.0001 9e-05 0.9999984047810236 6e-07 1e-06 0.9999936932325363 3e-06 6e-06 4.512204664548238 0.05 0.05 106 
-2.2261923631032308 0.0002 0.0001 0.9999976734320323 8e-07 2e-06 0.9999958662192027 3e-06 8e-06 4.512267271677653 0.07 0.07 107 
-2.2261501661936443 4e-05 4e-05 0.9999980322519938 7e-07 8e-07 0.9999916026989619 2e-06 3e-06 4.512194129625956 0.05 0.05 108 
-2.226146593093872 0.0002 0.0001 0.9999973640839259 7e-07 1e-06 0.9999957851568858 3e-06 8e-06 4.512240120569865 0.06 0.06 109 
-2.2262410418192546 0.0005 0.0002 0.9999982851743698 7e-07 1e-06 0.9999963235855103 3e-06 1e-05 4.512131029764811 0.07 0.07 110 
-2.226131725311279 5e-06 5e-06 0.9999977137645085 3e-07 2e-07 0.9999914606412251 4e-07 3e-07 4.512172269821167 0.04 0.04 111 
-2.226182730992635 0.0005 0.0002 0.9999979637066523 6e-07 9e-07 0.9999939568837484 4e-06 2e-05 4.512259356180826 0.07 0.07 112 
-2.2261320877075197 0.0002 0.0001 0.9999971602360408 6e-07 1e-06 0.9999951694409053 3e-06 7e-06 4.512259289423625 0.06 0.06 113 
-2.2261863136291504 0.0001 0.0001 0.9999983551104864 8e-07 1e-06 0.9999915907780329 3e-06 5e-06 4.512128240267436 0.05 0.05 114 
-2.2261926905314127 0.0007 0.0002 0.9999982883532842 1e-06 5e-06 0.9999935150146484 3e-06 6e-06 4.512161661783854 0.06 0.06 115 
-2.2261491044362387 0.0003 0.0002 0.9999977542956671 1e-06 2e-06 0.999990754922231 3e-06 7e-06 4.512263760566712 0.06 0.06 116 
-2.22615605990092 7e-05 6e-05 0.99999793668588 7e-07 1e-06 0.9999918959538142 3e-06 4e-06 4.5121440076828 0.05 0.05 117 
-2.2261683400472005 0.001 0.0003 0.9999979162216186 1e-06 7e-06 0.9999903283516566 4e-06 1e-05 4.512125285466512 0.08 0.08 118 
-2.226131130854289 3e-05 3e-05 0.999997661113739 6e-07 6e-07 0.9999915379285812 2e-06 2e-06 4.512208280563354 0.05 0.05 119 
-2.226236406962077 0.0002 0.0001 0.9999982506036759 7e-07 1e-06 0.9999956639607748 3e-06 7e-06 4.512161119778951 0.06 0.06 120 
-2.2262071228027343 0.0001 0.0001 0.9999981252352397 7e-07 1e-06 0.9999940903981527 3e-06 6e-06 4.512164352734883 0.06 0.06 121 
-2.2261546357472737 0.0005 0.0002 0.9999974785248439 9e-07 1e-06 0.9999954501787821 3e-06 1e-05 4.5122499895095824 0.07 0.07 122 
-2.226192585627238 8e-05 7e-05 0.999998152256012 7e-07 1e-06 0.9999931514263153 3e-06 5e-06 4.512186697324117 0.05 0.05 123 
-2.2261500390370688 0.0002 0.0001 0.9999972925583521 9e-07 1e-06 0.9999957074721654 3e-06 8e-06 4.512344891230265 0.07 0.07 124 
-2.2261878649393716 0.0001 0.0001 0.9999980109930039 7e-07 1e-06 0.9999932839473089 3e-06 7e-06 4.512224888801574 0.05 0.05 125 
-2.226142683029175 6e-05 5e-05 0.9999978488683701 7e-07 1e-06 0.9999891517559687 2e-06 3e-06 4.512176537513733 0.05 0.05 126 
-2.2261450131734213 0.0002 0.0001 0.9999973865350088 8e-07 1e-06 0.9999951112270355 3e-06 7e-06 4.512223423322042 0.06 0.06 127 
-2.2261950047810872 0.0002 0.0001 0.9999978325764338 9e-07 1e-06 0.9999960698684056 3e-06 7e-06 4.51226885954539 0.06 0.06 128 
-2.2261557070414226 0.0001 8e-05 0.999998097618421 8e-07 1e-06 0.9999893893798192 3e-06 4e-06 4.512166474660238 0.05 0.05 129 
-2.2262129243214925 0.0004 0.0002 0.9999981256326039 7e-07 1e-06 0.9999948541323344 3e-06 1e-05 4.512193272908529 0.07 0.07 130 
-2.2261299896240234 0.0003 0.0002 0.9999972009658813 8e-07 1e-06 0.9999945789575577 3e-06 9e-06 4.512241988182068 0.07 0.07 131 
-2.2261653327941895 6e-05 5e-05 0.9999977684020996 6e-07 9e-07 0.9999928295612335 3e-06 4e-06 4.512221778233846 0.05 0.05 132 
-2.226223783493042 0.0004 0.0002 0.9999983882904053 1e-06 3e-06 0.9999943582216898 3e-06 6e-06 4.512184909184774 0.05 0.05 133 
-2.2261570835113527 0.0002 0.0001 0.9999975925683975 7e-07 1e-06 0.9999955594539642 3e-06 7e-06 4.512253216107687 0.06 0.06 134 
-2.226248648961385 0.0002 0.0001 0.9999984097480774 6e-07 1e-06 0.9999963680903117 3e-06 7e-06 4.512173527081807 0.06 0.06 135 
-2.226195049285889 0.0008 0.0002 0.9999979444344839 1e-06 5e-06 0.99999562839667 3e-06 1e-05 4.512219886779786 0.06 0.06 136 
-2.226190678278605 0.0001 9e-05 0.999998137553533 7e-07 1e-06 0.9999936771392822 3e-06 6e-06 4.512219243049621 0.05 0.05 137 
-2.2261334005991618 6e-06 6e-06 0.999997763633728 2e-07 3e-07 0.9999884670972824 2e-07 2e-07 4.5121891339619955 0.04 0.04 138 
-2.226206188201904 0.0003 0.0001 0.9999979597330093 8e-07 2e-06 0.9999959059556325 3e-06 8e-06 4.512154246966044 0.07 0.07 139 
-2.226200615564982 0.0002 0.0001 0.9999977586666743 6e-07 1e-06 0.9999958650271098 3e-06 7e-06 4.512165972391764 0.06 0.06 140 
-2.226140610376994 5e-05 4e-05 0.9999978651603063 6e-07 9e-07 0.9999920904636384 2e-06 3e-06 4.512160782814026 0.05 0.05 141 
-2.2261617469787596 2e-05 2e-05 0.9999981331825256 4e-07 5e-07 0.9999918053547542 2e-06 2e-06 4.512156934738159 0.04 0.04 142 
-2.2261883068084716 0.0002 0.0001 0.9999982416629791 1e-06 2e-06 0.9999929827451706 3e-06 5e-06 4.512173822720846 0.06 0.06 143 
-2.2260939089457192 5e-06 5e-06 0.9999975329637527 3e-07 3e-07 0.999990183909734 2e-07 2e-07 4.512191815376282 0.04 0.04 144 
-2.2261911646525063 0.0002 0.0001 0.9999982066949209 7e-07 2e-06 0.9999930135409038 3e-06 7e-06 4.512231965065002 0.06 0.06 145 
-2.22613618850708 0.0003 0.0002 0.9999971767266591 9e-07 1e-06 0.9999952234824498 3e-06 9e-06 4.51220370610555 0.07 0.07 146 
-2.226202885309855 0.0002 0.0001 0.9999979948997497 8e-07 1e-06 0.9999956142902374 3e-06 7e-06 4.512225597699484 0.06 0.06 147 
-2.2261412080128986 0.0001 9e-05 0.9999979895353317 8e-07 2e-06 0.9999909804264704 3e-06 4e-06 4.512162003517151 0.05 0.05 148 
-2.2262191073099773 0.0004 0.0001 0.9999980904658635 7e-07 7e-07 0.999996086359024 3e-06 1e-05 4.5121215693155925 0.06 0.06 149 
