-2.226308358510335 0.0007 0.0002 0.9999989235401153 9e-07 3e-06 0.9999927884340286 7e-06 4e-05 4.512108686765035 0.05 0.06 99 
-2.226309134165446 0.0006 0.0002 0.9999989028771719 9e-07 3e-06 0.9999927401542663 7e-06 3e-05 4.512188838322957 0.06 0.05 35 
-2.2263934326171877 0.0005 0.0002 0.9999986658493678 1e-06 5e-06 0.999997251033783 3e-06 9e-06 4.512208811442057 0.05 0.05 12 
-2.226321938832601 0.0007 0.0002 0.9999988963206609 9e-07 3e-06 0.9999938287337621 6e-06 2e-05 4.512343891461691 0.06 0.05 97 
-2.2263939348856607 0.0004 0.0001 0.9999988218148549 1e-06 3e-06 0.9999969979127248 3e-06 9e-06 4.512224734624227 0.05 0.05 78 
-2.22638321240743 0.0003 0.0001 0.9999987653891246 1e-06 4e-06 0.9999964580933253 3e-06 1e-05 4.512191737492879 0.04 0.04 39 
-2.2263758087158205 0.0004 0.0001 0.9999987367788951 1e-06 4e-06 0.9999964435895284 2e-06 9e-06 4.5120943101247155 0.05 0.05 23 
-2.226390431722005 0.0006 0.0001 0.9999988466501236 1e-06 3e-06 0.9999966176350912 2e-06 8e-06 4.512164185841878 0.05 0.04 3 
-2.2263964430491128 0.0005 0.0001 0.9999987902243932 1e-06 4e-06 0.9999969605604807 3e-06 2e-05 4.511915651957194 0.04 0.05 20 
-2.2264067268371583 0.0004 0.0001 0.9999987490971883 1e-06 3e-06 0.9999974219004313 2e-06 2e-05 4.512124361991883 0.05 0.06 96 
-2.2263962173461915 0.0005 0.0001 0.9999986970424652 1e-06 6e-06 0.9999970346689224 2e-06 1e-05 4.512241298357646 0.04 0.05 77 
-2.226395324071248 0.0003 0.0001 0.9999988236029943 1e-06 3e-06 0.9999971097707748 3e-06 1e-05 4.512036770184835 0.05 0.05 30 
-2.2263310718536378 0.0006 0.0002 0.9999987169106801 1e-06 4e-06 0.9999942634503046 5e-06 4e-05 4.512305337587993 0.06 0.05 24 
-2.226375141143799 0.0007 0.0001 0.9999986380338669 1e-06 8e-06 0.9999964028596878 2e-06 8e-06 4.512071258227031 0.06 0.04 18 
-2.2264356231689453 0.0003 0.0001 0.9999989165862402 1e-06 2e-06 0.9999977835019429 2e-06 8e-06 4.5122703997294105 0.05 0.04 58 
-2.2263706302642823 0.0005 0.0001 0.9999986189603806 1e-06 5e-06 0.9999962157011032 3e-06 9e-06 4.5121786578496295 0.05 0.05 7 
-2.2263003476460774 0.0009 0.0002 0.9999988307555516 1e-06 5e-06 0.9999924017985662 7e-06 3e-05 4.5122061395645146 0.06 0.06 92 
-2.2263952096303306 0.0005 0.0001 0.9999988633394241 1e-06 4e-06 0.9999966633319854 2e-06 7e-06 4.512225885391235 0.04 0.05 88 
-2.2263898944854734 0.0005 0.0001 0.999998730023702 1e-06 5e-06 0.9999969947338104 3e-06 1e-05 4.5120558214187625 0.05 0.06 29 
-2.226410338083903 0.0003 0.0001 0.9999989624818166 9e-07 3e-06 0.9999976036945979 2e-06 9e-06 4.512312936782837 0.06 0.04 75 
