-1.5103476492563883 0.7 0.2 0.9838552216688792 0.01 0.03 0.7023547843595346 0.2 0.5 5.8818938708305355 7.0 3.0 0 
-2.224840933481852 0.001 0.0009 0.9999856847524643 1e-05 1e-05 0.999988566438357 6e-06 9e-06 4.512849987347921 0.07 0.06 1 
-2.22469256401062 0.0007 0.0005 0.9999879604578018 1e-05 1e-05 0.9999721209208171 2e-05 3e-05 4.510932774543762 0.08 0.08 2 
-1.3274570846557616 1.0 0.3 0.9770562024911245 0.02 0.06 0.8130295210580031 0.1 0.6 4.785996491909027 5.0 2.0 3 
-1.5913537883758544 0.4 0.09 0.9880528700351715 0.01 0.04 0.7928266541163127 0.1 0.3 4.969686388174693 5.0 3.0 4 
-2.2248828188578287 0.001 0.0007 0.9999890085061391 7e-06 1e-05 0.9999860614538193 8e-06 9e-06 4.511148982048034 0.07 0.07 5 
-1.5827870241800943 0.5 0.2 0.9899724102020264 0.007 0.01 0.9058023488521576 0.08 0.3 4.6619467647870385 5.0 3.0 6 
-1.6701280244191488 0.005 0.005 0.9919259359439214 0.001 0.001 0.9732782804965973 0.004 0.004 4.2872047551472985 1.0 1.0 7 
-2.2245766925811767 0.001 0.001 0.9999883325894674 9e-06 1e-05 0.9999762141704559 1e-05 2e-05 4.510920065244039 0.08 0.09 8 
-2.22513303120931 0.002 0.0009 0.9999903720617295 7e-06 1e-05 0.9999909385045369 6e-06 8e-06 4.511629096666971 0.07 0.07 9 
-2.224811824162801 0.001 0.0008 0.9999907888968785 6e-06 8e-06 0.9999862408638001 9e-06 1e-05 4.511759791374207 0.07 0.07 10 
-2.225368003845215 0.0003 0.0002 0.9999850004911423 4e-06 6e-06 0.9999822421868643 5e-06 6e-06 4.511517146428426 0.07 0.07 11 
-2.2246213563283286 0.0009 0.0007 0.9999872241417567 1e-05 1e-05 0.9999787042538325 1e-05 2e-05 4.51109321753184 0.08 0.08 12 
-2.224896256128947 0.001 0.0008 0.9999890422821045 8e-06 1e-05 0.9999881649017334 8e-06 9e-06 4.51155086517334 0.07 0.07 13 
-2.224862159093221 0.001 0.0007 0.9999901276826858 7e-06 9e-06 0.9999868323405584 8e-06 1e-05 4.511550811131795 0.07 0.07 14 
-2.2248972606658937 0.001 0.0009 0.9999877476692199 9e-06 1e-05 0.999989462296168 7e-06 9e-06 4.511671183904012 0.06 0.06 15 
-2.2250510247548423 0.001 0.0006 0.9999897595246633 7e-06 9e-06 0.9999842343727747 1e-05 2e-05 4.511540619532267 0.08 0.08 16 
-2.2247548580169676 0.0007 0.0006 0.9999890846014022 8e-06 9e-06 0.9999737344185511 2e-05 2e-05 4.511119403839111 0.08 0.08 17 
-2.2247874768575033 0.001 0.0009 0.9999872706333797 8e-06 1e-05 0.9999886838595072 6e-06 7e-06 4.511869241396586 0.06 0.05 18 
-1.5810175132751465 0.06 0.07 0.9902541579802832 0.002 0.002 0.8879519603649775 0.02 0.03 4.409199016094208 1.0 1.0 19 
-1.686830809911092 0.1 0.1 0.9917486327886581 0.005 0.005 0.9448059876759847 0.04 0.09 4.460871855417888 2.0 2.0 20 
-2.225138308207194 0.0006 0.0005 0.9999918125073115 4e-06 5e-06 0.9999819334348042 9e-06 2e-05 4.511308290163676 0.1 0.1 21 
-2.224751853942871 0.001 0.0008 0.9999893561999003 8e-06 1e-05 0.9999837527672449 1e-05 1e-05 4.5114514350891115 0.07 0.07 22 
-1.5331541379292806 0.6 0.2 0.9841732537746429 0.01 0.03 0.8056892816225688 0.1 0.5 4.951616968313853 7.0 3.0 23 
-1.5331259600321452 0.7 0.2 0.9877272097269694 0.009 0.03 0.7795770325263341 0.2 0.4 5.169529875119527 7.0 3.0 24 
-1.6994859854380289 0.08 0.06 0.9934535531202952 0.001 0.001 0.9813332692782084 0.003 0.006 4.297971665859222 2.0 1.0 25 
-2.2248090362548827 0.001 0.0007 0.9999881223837535 9e-06 1e-05 0.9999848582347234 1e-05 1e-05 4.511604806582133 0.07 0.07 26 
-1.5274424680074057 0.6 0.2 0.9868884096542995 0.01 0.03 0.7498832057416439 0.2 0.5 5.4130406014124555 8.0 3.0 27 
-2.026215206782023 0.001 0.001 0.9988139365116755 0.0004 0.0004 0.9928446604808172 0.0001 0.0001 4.390057896773021 0.7 0.7 28 
-2.224480759302775 0.0009 0.0007 0.9999867828687032 9e-06 1e-05 0.9999733177820841 2e-05 2e-05 4.5111532322565715 0.09 0.09 29 
-2.224721581141154 0.0002 0.0002 0.9999897903203965 6e-06 7e-06 0.9999597054719925 3e-05 4e-05 4.511005551020304 0.1 0.1 30 
-2.225220937728882 0.002 0.0007 0.999991274078687 6e-06 1e-05 0.999989178776741 7e-06 1e-05 4.511554547945658 0.08 0.08 31 
-2.225069386164347 0.001 0.0008 0.9999907569090525 7e-06 1e-05 0.9999893601735433 7e-06 9e-06 4.511470540364583 0.07 0.07 32 
-1.7786506080627442 0.1 0.1 0.9938856838146846 0.004 0.008 0.9588985081513722 0.03 0.09 4.525207614898681 4.0 2.0 33 
-2.224806127548218 0.001 0.0007 0.9999884736537933 8e-06 1e-05 0.9999859158198039 9e-06 1e-05 4.511435070037842 0.08 0.07 34 
-1.588280102411906 0.9 0.3 0.991138426065445 0.005 0.01 0.8928745566805204 0.09 0.7 4.853753496408462 8.0 4.0 35 
-1.5862945238749186 0.5 0.1 0.9902033038934072 0.008 0.03 0.8632915648818016 0.1 0.6 4.726049785614014 7.0 2.0 36 
-2.225277624130249 0.001 0.0008 0.9999902701377869 7e-06 1e-05 0.999989562034607 7e-06 1e-05 4.5121444288889565 0.07 0.06 37 
-2.2246444702148436 0.001 0.0008 0.9999876713752747 9e-06 1e-05 0.9999816441535949 1e-05 1e-05 4.511411067644755 0.08 0.08 38 
-2.225084733963013 0.001 0.0007 0.9999905465046565 7e-06 1e-05 0.9999873775243759 9e-06 2e-05 4.511510968208313 0.08 0.08 39 
-2.225379161834717 0.001 0.0008 0.9999933763345082 4e-06 7e-06 0.9999794938166936 2e-05 4e-05 4.511499684651692 0.08 0.09 40 
-1.4100359948476155 1.0 0.3 0.9820227970679601 0.01 0.04 0.8092464536428452 0.1 0.5 4.891876545747121 4.0 2.0 41 
-2.224924023946126 0.001 0.0008 0.9999899766842524 6e-06 1e-05 0.9999886180957158 7e-06 8e-06 4.511496941248576 0.06 0.06 42 
-2.2254862848917645 0.0005 0.0005 0.9999936689933141 2e-06 3e-06 0.999974109530449 2e-05 4e-05 4.512441997528076 0.09 0.09 43 
-2.2249528566996255 0.001 0.0008 0.9999887798229853 8e-06 1e-05 0.9999871585766474 8e-06 1e-05 4.511759821573893 0.07 0.07 44 
-2.2247986030578613 0.001 0.0008 0.9999888563156127 8e-06 1e-05 0.9999829602241516 1e-05 1e-05 4.511582551002502 0.08 0.07 45 
-2.2249875450134278 0.001 0.0007 0.9999908938010533 7e-06 9e-06 0.9999854387839635 8e-06 1e-05 4.511468364397685 0.08 0.08 46 
-2.2249663829803468 0.001 0.0008 0.9999907720088959 7e-06 1e-05 0.9999872942765554 7e-06 1e-05 4.511332947413127 0.07 0.07 47 
-2.2247732226053873 0.0009 0.0007 0.9999897444248199 9e-06 9e-06 0.9999779909849167 1e-05 2e-05 4.51096125125885 0.08 0.08 48 
-1.396967706680298 0.3 0.2 0.9801220689217249 0.01 0.02 0.8440083932876586 0.09 0.08 4.505687256654103 1.0 1.0 49 
-2.225001080830892 0.001 0.0008 0.9999891636768977 8e-06 1e-05 0.9999898205200831 6e-06 7e-06 4.511545612017314 0.07 0.07 50 
-1.5025116539001464 0.7 0.2 0.9802740041414897 0.02 0.05 0.7959151265025138 0.1 0.4 4.943111412525177 5.0 3.0 51 
-2.2246468925476073 0.0009 0.0007 0.9999871784448624 9e-06 1e-05 0.9999777456124623 1e-05 2e-05 4.511031665802002 0.07 0.07 52 
-1.5738233184814454 0.07 0.06 0.9896914766232172 0.002 0.003 0.8740672220786413 0.03 0.04 4.4597122406959535 1.0 1.0 53 
-2.225082359313965 0.0007 0.0004 0.9999893925587336 7e-06 8e-06 0.9999831722180048 1e-05 2e-05 4.511320977210999 0.08 0.08 54 
-2.224842602411906 0.001 0.0009 0.9999884629249572 9e-06 1e-05 0.9999759989976883 2e-05 2e-05 4.511463057200114 0.09 0.09 55 
-1.558458547592163 0.2 0.1 0.9891390172640483 0.006 0.008 0.8865858463446299 0.1 0.3 4.733807436625162 5.0 3.0 56 
-2.2242681694030764 0.001 0.001 0.9999867210785548 1e-05 2e-05 0.9999757609764734 1e-05 2e-05 4.510937589009603 0.1 0.1 57 
-1.4054197311401366 0.8 0.3 0.9810536881287892 0.01 0.03 0.7940602984031041 0.2 0.5 4.911565731366475 5.0 2.0 58 
-1.5224041557312011 0.7 0.2 0.9881446685393651 0.007 0.02 0.7018408649166425 0.2 0.5 6.042783620357514 9.0 3.0 59 
-2.15342173576355 0.07 0.04 0.9998533920447031 5e-05 8e-05 0.9986903254191081 0.0006 0.0009 4.490761953194936 2.0 1.0 60 
-2.2248792775472004 0.001 0.0008 0.999988423983256 9e-06 1e-05 0.9999883578221003 7e-06 8e-06 4.5114948320388795 0.07 0.07 61 
-2.224672473271688 0.001 0.0009 0.9999866195519765 1e-05 2e-05 0.9999796132246653 1e-05 1e-05 4.511011571884155 0.09 0.09 62 
-2.2250729592641196 0.002 0.0009 0.9999878033002217 9e-06 2e-05 0.9999908139308293 5e-06 7e-06 4.511772559483846 0.06 0.06 63 
-2.2247655487060545 0.001 0.0007 0.9999890969196955 8e-06 1e-05 0.9999843525886536 1e-05 1e-05 4.511274021466573 0.07 0.07 64 
-2.224834140141805 0.001 0.0007 0.9999877236286799 9e-06 1e-05 0.9999855780601501 9e-06 1e-05 4.511223413149516 0.08 0.07 65 
-2.1744984213511147 0.05 0.03 0.9999226472775141 3e-05 5e-05 0.9993455751736959 0.0003 0.0003 4.488898777167003 1.0 1.0 66 
-2.225268535614014 0.001 0.0007 0.9999907803535462 7e-06 1e-05 0.9999886341889699 6e-06 9e-06 4.511651721000671 0.07 0.07 67 
-2.2249044227600097 0.001 0.0007 0.9999888104200363 9e-06 1e-05 0.999980608423551 1e-05 1e-05 4.511514832178752 0.08 0.08 68 
-2.224550905227661 0.0009 0.0007 0.9999829034010569 1e-05 1e-05 0.9999745498100917 2e-05 2e-05 4.511345640818278 0.08 0.08 69 
-2.224772717158 0.0009 0.0007 0.9999882358312607 8e-06 1e-05 0.9999752525488536 2e-05 2e-05 4.511440410614013 0.08 0.08 70 
-1.4642232036590577 0.7 0.2 0.980817899107933 0.02 0.05 0.7287587676445643 0.2 0.5 5.601743753751119 6.0 3.0 71 
-1.7886701043446858 0.06 0.04 0.9953969496488572 0.002 0.004 0.9756902740399043 0.01 0.02 4.2802634835243225 1.0 1.0 72 
-2.2247001266479494 0.0007 0.0006 0.9999888950586319 8e-06 9e-06 0.9999795718987783 1e-05 2e-05 4.511643308003744 0.08 0.08 73 
-1.4294448216756186 1.0 0.3 0.9820226766665776 0.01 0.05 0.8314935381213824 0.1 0.5 4.715301783084869 4.0 2.0 74 
-2.224860258102417 0.001 0.0007 0.9999895157416662 7e-06 8e-06 0.9999867745240529 8e-06 9e-06 4.511818165779114 0.07 0.07 75 
-2.224789168039958 0.0007 0.0006 0.9999899039665858 9e-06 1e-05 0.9999742984771729 2e-05 2e-05 4.510797338485718 0.08 0.08 76 
-1.628493398030599 0.2 0.07 0.9913468343019486 0.004 0.004 0.9388490804036458 0.03 0.1 4.392949469884237 3.0 2.0 77 
-2.2248070748647053 0.0002 0.0003 0.9999889985720316 8e-06 8e-06 0.9999522334337234 4e-05 5e-05 4.511217827796936 0.09 0.09 78 
-1.4850968424479167 0.6 0.2 0.9868915289640426 0.01 0.02 0.698327859044075 0.2 0.5 6.02055560986201 7.0 4.0 79 
-2.2248400433858238 0.001 0.0008 0.9999883683522542 8e-06 1e-05 0.9999872118234634 7e-06 8e-06 4.511493968963623 0.07 0.07 80 
-2.2249256706237794 0.001 0.0007 0.9999899214506149 8e-06 9e-06 0.99998340010643 1e-05 1e-05 4.511432147026062 0.08 0.07 81 
-2.2247133827209473 0.0007 0.0005 0.9999882584810257 8e-06 1e-05 0.999971455335617 2e-05 3e-05 4.511186437606812 0.08 0.08 82 
-1.5473752562204997 0.6 0.2 0.988120565811793 0.01 0.02 0.7427424176534017 0.2 0.6 5.587134224573771 7.0 3.0 83 
-2.2247524865468344 0.0008 0.0007 0.9999889477094015 1e-05 1e-05 0.9999759856859843 2e-05 2e-05 4.511098133722941 0.08 0.08 84 
-2.2247678915659588 0.001 0.0008 0.9999832920233409 1e-05 1e-05 0.9999858687321345 8e-06 1e-05 4.510801742871602 0.08 0.07 85 
-2.224993937810262 0.001 0.0008 0.9999900245666504 8e-06 1e-05 0.9999892805020014 6e-06 9e-06 4.511447618802388 0.08 0.08 86 
-2.22480562210083 0.001 0.0007 0.9999898862838745 7e-06 1e-05 0.9999845892190933 1e-05 1e-05 4.511481733322143 0.07 0.07 87 
-2.2247321033477783 0.0003 0.0004 0.9999904674291611 8e-06 6e-06 0.9999457061290741 5e-05 6e-05 4.511119375228882 0.08 0.08 88 
-2.224675267537435 0.0005 0.0005 0.9999877353509267 9e-06 8e-06 0.9999733891089757 2e-05 2e-05 4.511384119987488 0.09 0.09 89 
-2.22491525332133 0.0007 0.0005 0.9999912269910176 7e-06 8e-06 0.9999779564142227 1e-05 2e-05 4.511409821510315 0.08 0.08 90 
-2.224265181223551 0.0005 0.0004 0.9999868035316467 7e-06 9e-06 0.9999516493082047 3e-05 4e-05 4.511164283752441 0.1 0.1 91 
-2.2245653661092124 0.001 0.0008 0.9999878031015396 1e-05 1e-05 0.9999774966637294 1e-05 2e-05 4.511461199124654 0.08 0.08 92 
-2.224655958811442 0.0007 0.0006 0.999987493356069 9e-06 1e-05 0.9999731077750524 2e-05 2e-05 4.51111315091451 0.08 0.08 93 
-1.2458590459823609 1.0 0.4 0.9771972568829854 0.02 0.03 0.8564696713288625 0.1 0.4 4.773662645419439 7.0 3.0 94 
-1.5746207205454508 0.4 0.1 0.9903400693337122 0.007 0.009 0.8845992436011633 0.09 0.3 4.909654801686605 6.0 3.0 95 
-2.1809681701660155 0.001 0.001 0.9998559085528056 8e-06 1e-05 0.9998079433043798 3e-05 3e-05 4.48974006652832 0.07 0.07 96 
-2.224915714263916 0.001 0.0008 0.9999879540999731 8e-06 1e-05 0.999988720814387 7e-06 7e-06 4.5116747903823855 0.06 0.06 97 
-2.2247637494405113 0.0008 0.0006 0.9999893530209859 8e-06 1e-05 0.9999778137604396 2e-05 2e-05 4.511177137692769 0.07 0.07 98 
-2.2246360206604003 0.001 0.0008 0.999986797173818 1e-05 1e-05 0.9999783275524775 2e-05 2e-05 4.511149803797404 0.08 0.08 99 
