-2.2244820181528726 8e-05 6e-05 0.9999913360675176 4e-07 3e-07 0.9999301848808925 2e-06 2e-06 4.511605618794759 0.08 0.08 1 
-2.214306697845459 0.006 0.003 0.9999491637945175 1e-05 2e-05 0.9999656707048417 2e-05 6e-05 4.505862418810526 0.2 0.2 2 
-2.104451812108358 8e-05 8e-05 0.9997747882207235 8e-05 8e-05 0.9908239227533341 1e-05 1e-05 4.424596048990885 0.1 0.1 3 
-2.2248015562693277 0.0004 0.0002 0.9999699928363164 4e-06 5e-06 0.9999806459744771 2e-06 2e-06 4.511753265062968 0.1 0.1 4 
-2.2226953156789144 8e-05 8e-05 0.99996040503184 4e-06 4e-06 0.9999053915341695 5e-06 5e-06 4.511686668395996 0.1 0.1 5 
-2.2255122756958006 0.0004 0.0003 0.9999890987078349 1e-06 2e-06 0.9999537553389867 1e-05 2e-05 4.50632289091746 0.08 0.08 7 
-2.225101779301961 0.0007 0.0003 0.9999877931674321 3e-06 6e-06 0.99997434536616 8e-06 3e-05 4.511631291707356 0.1 0.1 8 
-2.216674461364746 5e-05 5e-05 0.9999699970086415 3e-07 4e-07 0.9997759447495143 2e-06 3e-06 4.5097926219304405 0.09 0.09 9 
-2.22509682337443 0.0002 0.0001 0.9999812090396881 2e-06 2e-06 0.9999930113554001 3e-06 7e-06 4.511501340866089 0.09 0.09 10 
-2.2224070580800372 0.0001 0.0001 0.9999220993121465 6e-06 6e-06 0.9993308238188425 1e-05 1e-05 4.5151792955398555 0.1 0.1 12 
-0.3766619555155436 4e-05 4e-05 0.8128702068328857 0.002 0.002 0.9825524836778641 0.0009 0.0009 2.3720701265335085 0.07 0.07 14 
-2.213724978764852 0.002 0.0008 0.9998512651522954 1e-05 4e-05 0.9985965303579967 1e-05 2e-05 4.516240911483765 0.1 0.1 16 
-2.2109431902567547 5e-05 5e-05 0.9999826194842657 4e-06 4e-06 0.999204162756602 9e-07 8e-07 4.498842002550761 0.1 0.1 17 
-2.2090467611948648 0.03 0.01 0.9997820508480072 8e-05 0.0003 0.9998625520865122 5e-05 0.0001 4.502512834866842 0.1 0.1 18 
-2.2097560755411783 0.004 0.001 0.9999579066038131 7e-06 2e-05 0.9991873369614284 9e-06 2e-05 4.500901854832967 0.2 0.2 19 
-2.2240123335520425 8e-05 8e-05 0.9999782039721807 2e-06 2e-06 0.9999813630183538 9e-07 8e-07 4.5104046599070236 0.1 0.1 20 
-2.1785824934641522 0.002 0.001 0.9998183252414068 3e-05 6e-05 0.9976473851998647 6e-05 7e-05 4.461283814112345 0.2 0.2 21 
-2.2144024181365967 0.001 0.001 0.9999084975322088 1e-05 2e-05 0.9999215473731359 4e-06 8e-06 4.505932399431864 0.2 0.2 24 
-2.214648634592692 0.01 0.005 0.999940128326416 9e-06 1e-05 0.9954591451088587 0.0003 0.0006 4.5542743158340455 0.5 0.5 25 
-1.8791937732696533 4e-05 4e-05 0.9969110049804052 0.0002 0.0002 0.9995476035277049 2e-05 2e-05 4.291086999575297 0.09 0.09 26 
-1.8800513776143393 0.0008 0.0004 0.9968845452864965 0.0003 0.0004 0.9996274514993032 3e-05 4e-05 4.289630584716797 0.08 0.07 27 
-2.2255744965871176 7e-05 9e-05 0.999993100365003 9e-07 1e-06 0.999886129697164 7e-07 7e-07 4.511990834871928 0.07 0.07 29 
-2.1874005667368572 0.0009 0.001 0.9983150492111842 0.0001 0.0001 0.9971454052130381 0.0002 0.0002 4.592971485455831 0.3 0.3 31 
-2.2085969638824463 0.0001 0.0001 0.9999688704808553 1e-05 1e-05 0.9992208621899287 8e-06 8e-06 4.4981615241368615 0.2 0.2 33 
-2.2081454881032307 0.007 0.003 0.9999647655089696 8e-06 2e-05 0.9977304603656133 5e-05 0.0001 4.514101777076721 0.2 0.2 36 
-2.217212251027425 0.0002 0.0002 0.9999747457106908 1e-06 1e-06 0.9985643615325291 2e-05 2e-05 4.52308694044749 0.08 0.08 38 
-1.8785020605723064 8e-05 8e-05 0.9968851115306219 6e-05 6e-05 0.9996880767742793 5e-05 5e-05 4.288382438023885 0.1 0.1 40 
-2.2208437220255535 0.003 0.002 0.9999286325772604 1e-05 2e-05 0.9998218268156052 7e-05 0.0001 4.496368322372437 0.2 0.2 41 
-2.2259746170043946 0.0004 0.0002 0.9999957690636317 2e-06 6e-06 0.9999985406796138 1e-06 3e-06 4.5120652564366655 0.05 0.05 42 
-2.218556849161784 0.001 0.002 0.9999466087420782 3e-05 0.0001 0.9988607041041057 0.0004 0.0003 4.485381606419881 0.3 0.3 43 
-1.8787830225626627 5e-05 5e-05 0.9969033841292063 0.0003 0.0003 0.9997136839230856 3e-05 4e-05 4.288771665891011 0.1 0.1 47 
-1.8798503716786703 0.0002 0.0001 0.9968882548809052 8e-05 8e-05 0.9997368417183559 4e-05 5e-05 4.28745806535085 0.08 0.08 48 
-2.2250437482198078 4e-05 4e-05 0.9999530975023906 3e-06 3e-06 0.9999906581640243 6e-07 1e-06 4.511025609970093 0.1 0.1 50 
-0.8407795969645182 3e-05 3e-05 0.9354623977343242 0.002 0.002 0.9918833031256994 0.0002 0.0002 3.263601802190145 0.09 0.09 53 
-0.38931284109751385 0.0001 8e-05 0.8195803974072139 0.004 0.004 0.9845070799191793 0.0007 0.0007 2.4118039846420287 0.1 0.1 55 
-1.5707884661356608 0.002 0.001 0.9943470400571823 0.0002 0.0003 0.7939523694912592 0.0005 0.0008 2.181690890789032 0.05 0.05 56 
-2.115133320490519 0.0002 0.0001 0.9998972866932551 1e-05 2e-05 0.9484086261192958 0.0003 0.0003 3.6752584624290465 0.08 0.08 57 
-2.224613202412923 0.0006 0.0004 0.9999720470110576 4e-06 6e-06 0.9998778873682022 7e-06 9e-06 4.512004419962565 0.1 0.1 59 
-2.225623912811279 0.0004 0.0003 0.9999928677082062 1e-06 2e-06 0.9998459291458129 5e-06 6e-06 4.512166266441345 0.09 0.09 60 
-2.224207051595052 0.0003 0.0002 0.9999865915377935 2e-06 2e-06 0.9999388657013575 1e-05 1e-05 4.505657887458801 0.1 0.1 62 
-0.3905184841156006 0.0001 5e-05 0.8196689053376516 0.005 0.005 0.9833924043178558 0.0006 0.0007 2.4190984837214153 0.09 0.09 63 
-2.2097682603200277 0.003 0.001 0.9999622750282288 5e-06 9e-06 0.9977845575412114 3e-05 9e-05 4.516187399228414 0.1 0.1 66 
-2.2219407685597736 0.0008 0.0007 0.9999486833810807 7e-06 9e-06 0.9998655352989833 2e-05 2e-05 4.504489374160767 0.2 0.2 67 
-0.30978976408640546 3e-05 2e-05 0.7742546850442886 0.002 0.002 0.9787596565485001 0.0006 0.0006 2.150520826180776 0.08 0.08 68 
-2.2170437399546303 0.002 0.001 0.9999712723493576 6e-06 1e-05 0.9998747762044271 5e-06 1e-05 4.508545401891072 0.1 0.1 69 
-2.222897253036499 0.003 0.002 0.9999214388926824 2e-05 3e-05 0.9998576847712198 1e-05 4e-05 4.513386826515198 0.2 0.2 71 
-1.567328666051229 0.0004 0.0004 0.9943502505620321 0.0008 0.0008 0.7939822129408518 0.0004 0.0004 2.1783485643068947 0.07 0.07 74 
-2.223804410298665 0.004 0.002 0.9999756628274917 1e-05 5e-05 0.9999133386214574 2e-05 5e-05 4.507582831382751 0.2 0.2 77 
-0.37777052879333495 4e-05 4e-05 0.8139379290739696 0.002 0.002 0.9828144564231237 0.0002 0.0002 2.3822496930758157 0.09 0.09 78 
-2.211083552042643 0.004 0.001 0.9999789909521739 1e-05 0.0001 0.999067117969195 1e-05 9e-05 4.500491398175558 0.2 0.2 79 
-2.2235697396596272 0.0003 0.0002 0.9999641889333725 4e-06 4e-06 0.9997394766410191 2e-05 3e-05 4.498720056215922 0.1 0.1 84 
-2.2169740517934162 0.0002 0.0002 0.9999715874592463 3e-06 3e-06 0.9999478115638097 3e-06 4e-06 4.507004941304524 0.09 0.09 88 
-2.2096902052561442 0.02 0.007 0.999966832002004 1e-05 3e-05 0.9995220436652501 0.0004 0.001 4.468821288744609 0.4 0.4 90 
-2.2242141914367677 0.001 0.0006 0.9999635616938273 6e-06 9e-06 0.9999695591131846 7e-06 8e-06 4.511866976420085 0.1 0.1 92 
-2.201333360671997 0.0006 0.0005 0.9999687564373017 2e-06 5e-06 0.9991669185956319 2e-05 6e-05 4.492669601440429 0.1 0.1 93 
-0.3900885486602783 0.0003 0.0002 0.8204718722899755 0.001 0.001 0.9840021987756093 0.0003 0.0004 2.4214887126286824 0.1 0.1 94 
-0.39068063418070476 3e-05 3e-05 0.8204153943061828 0.001 0.001 0.9840196895599366 0.0001 0.0001 2.4209583735466005 0.07 0.07 96 
-1.863028999964396 6e-05 6e-05 0.9966965820391973 0.0001 0.0001 0.998932620882988 2e-05 2e-05 4.273167368570964 0.1 0.1 97 
-2.2216038068135577 0.0001 0.0001 0.9999477791786194 5e-06 5e-06 0.9999581887324651 2e-06 2e-06 4.510535567601522 0.2 0.2 98 
