-2.2242054017384847 0.001 0.001 0.9999794812997183 1e-05 1e-05 0.9999747633934021 2e-05 2e-05 4.511386183102926 0.1 0.1 47 
-2.2244196128845215 0.0009 0.0007 0.9999836230278015 1e-05 1e-05 0.9999737554788589 2e-05 2e-05 4.511761719385783 0.1 0.1 45 
-2.2242992369333905 0.0009 0.0008 0.9999801178773244 1e-05 1e-05 0.999972015619278 2e-05 2e-05 4.512947753270467 0.1 0.09 67 
-2.224427588780721 0.0009 0.0008 0.9999808762470881 1e-05 1e-05 0.9999768632650375 2e-05 2e-05 4.5124383036295574 0.09 0.08 43 
-2.224424031575521 0.0009 0.0008 0.9999840933084488 1e-05 1e-05 0.9999738401174545 2e-05 2e-05 4.511429991722107 0.09 0.09 89 
-2.2243425877889 0.001 0.0009 0.9999694180488586 1e-05 1e-05 0.9999772532780965 2e-05 2e-05 4.513218887646993 0.08 0.08 81 
-2.224298502604167 0.0007 0.0006 0.999980030854543 8e-06 8e-06 0.9999719321727752 2e-05 2e-05 4.512236394882202 0.1 0.1 17 
-2.224176851908366 0.0008 0.0007 0.999977838397026 1e-05 1e-05 0.9999708433945974 2e-05 2e-05 4.511842282613118 0.1 0.1 19 
-2.224342746734619 0.001 0.0009 0.9999828469753266 1e-05 1e-05 0.9999752781788508 2e-05 2e-05 4.511462410291036 0.09 0.09 88 
-2.2242113908131915 0.0009 0.0008 0.9999846694866816 1e-05 1e-05 0.9999698255459467 2e-05 2e-05 4.511097269058228 0.1 0.1 8 
-2.2249601523081464 0.001 0.001 0.9999786257743836 6e-06 9e-06 0.9999818831682206 1e-05 3e-05 4.512489182154337 0.1 0.1 7 
-2.2248511918385825 0.0008 0.0006 0.999982550740242 9e-06 8e-06 0.9999773073196411 1e-05 2e-05 4.512838419278463 0.08 0.08 27 
-2.223880491256714 0.001 0.001 0.99997798482577 7e-06 7e-06 0.9999308228492737 6e-05 9e-05 4.512750525474548 0.1 0.1 18 
-2.2243920199076332 0.0009 0.0008 0.9999813228845597 1e-05 1e-05 0.9999725331862768 2e-05 2e-05 4.511336390177409 0.1 0.1 12 
-2.2237565676371256 0.001 0.0008 0.9999829842646917 1e-05 1e-05 0.999959197640419 2e-05 3e-05 4.510619087219238 0.1 0.1 68 
-2.224253708521525 0.001 0.001 0.9999808861811956 1e-05 1e-05 0.9999747608105342 2e-05 2e-05 4.51156460126241 0.1 0.1 79 
-2.2238495540618897 0.0003 0.0005 0.9999775344133377 8e-06 9e-06 0.9999269793430964 4e-05 6e-05 4.512271701494853 0.1 0.1 16 
-2.224397980372111 0.003 0.0009 0.9999835554758708 7e-06 3e-05 0.9999749686320623 6e-06 2e-05 4.512324662208557 0.1 0.1 5 
-2.223947534561157 0.003 0.001 0.999940750002861 1e-05 4e-05 0.9999654086430868 2e-05 8e-05 4.512153902053833 0.2 0.2 95 
-2.224322214126587 0.002 0.001 0.9999801953633626 6e-06 6e-06 0.9999690578381221 1e-05 5e-05 4.513103059132894 0.2 0.2 69 
