-2.224945863087972 0.0006 0.0004 0.9999917087952296 6e-06 7e-06 0.9999780035018921 2e-05 2e-05 4.511173957188924 0.08 0.08 0 
-2.225399773915609 0.002 0.0009 0.9999907094240189 7e-06 2e-05 0.9999791032075882 1e-05 4e-05 4.511355249087016 0.08 0.08 1 
-1.791520617802938 0.4 0.09 0.9959896461168924 0.002 0.003 0.9572119424740474 0.03 0.3 4.440025616486867 5.0 3.0 2 
-2.2255917263031004 0.0003 0.0003 0.999996527036031 2e-06 3e-06 0.9999831736087799 1e-05 1e-05 4.511747196515401 0.09 0.09 3 
-1.5216526158650716 0.6 0.2 0.9877150756120682 0.01 0.02 0.773111315369606 0.2 0.5 5.1530138611793515 7.0 3.0 4 
-1.6143729082743328 0.09 0.09 0.9911502329508464 0.004 0.008 0.8827857613563538 0.08 0.2 4.72363913377126 3.0 2.0 5 
-2.224975875218709 0.0009 0.0007 0.999991582830747 7e-06 8e-06 0.9999860765536627 9e-06 1e-05 4.5113378349939985 0.08 0.08 6 
-2.2246880594889324 0.001 0.0007 0.999988406697909 9e-06 1e-05 0.999981995622317 1e-05 1e-05 4.511522110303243 0.08 0.08 7 
-2.225182752609253 0.001 0.0008 0.9999926328659058 6e-06 1e-05 0.9999900623162588 6e-06 8e-06 4.511520048777262 0.08 0.08 8 
-2.2249431864420575 0.001 0.0009 0.9999895944197973 8e-06 1e-05 0.9999887094895045 6e-06 7e-06 4.511428961753845 0.07 0.07 9 
-1.7073605028788248 0.3 0.2 0.9936583842833837 0.004 0.01 0.9537881084283193 0.03 0.09 4.633466030756632 4.0 3.0 10 
-1.5583460267384848 0.5 0.2 0.9865836971998214 0.01 0.04 0.7686080640057723 0.2 0.6 5.151912808418274 6.0 3.0 11 
-1.7571409511566163 0.2 0.1 0.9951279628276825 0.003 0.005 0.9745534632603328 0.01 0.03 4.45644412279129 3.0 2.0 12 
-2.2245014476776124 0.0008 0.0006 0.9999877854188284 8e-06 1e-05 0.9999719754854838 2e-05 2e-05 4.510702274640401 0.09 0.08 13 
-2.2246695232391356 0.001 0.0009 0.9999679927031199 8e-06 1e-05 0.9999621192614238 2e-05 4e-05 4.511002513567607 0.1 0.1 14 
-1.4340112272898355 1.0 0.3 0.981878582239151 0.02 0.06 0.7863911953568459 0.2 0.5 5.121012994448344 6.0 3.0 15 
-1.7108805656433106 0.1 0.1 0.9931033331155777 0.004 0.008 0.944696281750997 0.04 0.1 4.507274949153264 3.0 3.0 16 
-2.224960832595825 0.001 0.0007 0.9999897919098536 8e-06 1e-05 0.9999861439069112 8e-06 1e-05 4.511674590110779 0.07 0.06 17 
-1.8027130540211995 0.3 0.07 0.9962575614452363 0.001 0.003 0.9644299908479055 0.01 0.09 4.407849740982056 4.0 2.0 18 
-2.224919859568278 0.001 0.0008 0.9999890218178431 9e-06 1e-05 0.9999875795841217 7e-06 9e-06 4.511486722628276 0.07 0.07 19 
-2.224722038904826 0.001 0.0008 0.9999879906574886 1e-05 1e-05 0.9999845844507217 9e-06 1e-05 4.511410724322001 0.08 0.08 20 
-2.2247285493214926 0.0007 0.0005 0.9999867643912633 7e-06 8e-06 0.9999727549155554 2e-05 2e-05 4.511005727450053 0.07 0.07 21 
-2.224789733886719 0.0009 0.0007 0.9999885149796803 8e-06 9e-06 0.9999824720621109 1e-05 1e-05 4.5120352904001875 0.08 0.07 22 
-2.2250417709350585 0.001 0.0007 0.9999918409188588 6e-06 8e-06 0.9999861737092336 8e-06 1e-05 4.511164986292521 0.08 0.08 23 
-1.4675344530741374 0.7 0.2 0.9801427533229192 0.02 0.04 0.619225352605184 0.3 0.4 6.719454889297485 7.0 4.0 24 
-2.224361464182536 0.0008 0.0007 0.9999891434113185 8e-06 8e-06 0.9999745444456736 1e-05 2e-05 4.510548114776611 0.09 0.08 25 
-2.224335667292277 0.001 0.0007 0.9999867637952169 6e-06 7e-06 0.9999325251579285 6e-05 0.0001 4.510031569798787 0.1 0.1 26 
-2.2215849494934083 0.005 0.004 0.9998821483055751 1e-05 1e-05 0.999795760512352 0.0002 0.0002 4.5258087571462 0.2 0.2 27 
-2.2249348894755046 0.001 0.0008 0.999989366531372 9e-06 1e-05 0.999987197915713 7e-06 1e-05 4.511345291137696 0.07 0.07 28 
-2.2247662512461344 0.0008 0.0006 0.9999894758065542 8e-06 1e-05 0.9999783213933309 2e-05 2e-05 4.511182643572489 0.08 0.08 29 
-1.4156483109792073 1.0 0.3 0.9815627408027648 0.01 0.03 0.8627926129102707 0.1 0.6 4.5317922520637515 4.0 2.0 30 
-1.52463786760966 0.7 0.2 0.9879593292872111 0.008 0.02 0.714878635207812 0.2 0.6 5.919179493586222 8.0 3.0 31 
-2.2253511555989585 3e-05 3e-05 0.999995358188947 6e-07 7e-07 0.9999668306112289 1e-06 2e-06 4.512042282422383 0.06 0.06 32 
-2.2247509797414144 0.001 0.0009 0.9999870459238688 1e-05 1e-05 0.9999874311685563 8e-06 1e-05 4.511236608823141 0.08 0.07 33 
-2.2248692607879637 0.001 0.0007 0.9999900054931641 8e-06 9e-06 0.9999852369228999 1e-05 1e-05 4.51167772769928 0.07 0.07 34 
-1.6108564535776775 0.4 0.1 0.9909909160931906 0.006 0.009 0.8632135752836864 0.1 0.3 4.861454434394837 4.0 2.0 35 
-1.3970667266845702 0.2 0.2 0.9809414013226827 0.02 0.02 0.8276846353212992 0.1 0.1 4.617959907054901 1.0 1.0 36 
-1.6299679025014242 0.2 0.1 0.9917194038629532 0.003 0.006 0.9550504740079244 0.02 0.1 4.346265562772751 3.0 2.0 37 
-2.224685265223185 0.0009 0.0007 0.9999863729874293 8e-06 9e-06 0.99997924943765 1e-05 1e-05 4.511185143788656 0.09 0.09 38 
-2.2245945517222085 0.0008 0.0007 0.9999886238574982 9e-06 1e-05 0.9999778322378794 2e-05 2e-05 4.5112824614842735 0.1 0.09 39 
-1.486565163930257 0.5 0.2 0.9842350735267004 0.01 0.03 0.6074283539752166 0.3 0.4 6.9812194164594015 10.0 4.0 40 
-1.4790269343058269 0.6 0.2 0.9831741108496984 0.01 0.04 0.6893537862598896 0.2 0.5 5.9812841741244 7.0 3.0 41 
-1.5604388078053792 0.5 0.2 0.9892855280637741 0.008 0.02 0.8256396942337354 0.1 0.5 4.860435345967611 7.0 3.0 42 
-2.2246525224049885 0.0008 0.0005 0.9999881802002589 7e-06 1e-05 0.9999748931328456 2e-05 2e-05 4.511161192258199 0.1 0.09 43 
-2.2250892798105877 0.001 0.0008 0.9999919255574544 7e-06 1e-05 0.9999890514214833 7e-06 1e-05 4.511478578249614 0.08 0.08 44 
-2.2249191919962565 0.001 0.0007 0.9999910811583201 7e-06 9e-06 0.9999862078825633 8e-06 1e-05 4.511238408088684 0.08 0.08 45 
-2.224596274693807 0.0008 0.0007 0.9999878170092901 1e-05 1e-05 0.999974445104599 2e-05 2e-05 4.510943209330241 0.08 0.08 46 
-1.73738551457723 0.02 0.03 0.9935338705778122 0.004 0.006 0.94182313144207 0.03 0.06 4.520571680863698 2.0 2.0 47 
-2.224742259979248 0.0007 0.0005 0.9999897662798564 7e-06 8e-06 0.9999733525514602 2e-05 2e-05 4.510886131922404 0.08 0.08 48 
-2.225040216445923 0.001 0.0007 0.9999892073869705 7e-06 1e-05 0.9999847014745077 9e-06 2e-05 4.511518505414327 0.09 0.09 49 
-2.2250746568044026 0.0007 0.0005 0.9999887027343114 8e-06 9e-06 0.9999861655632655 9e-06 1e-05 4.511554525693257 0.07 0.06 50 
-1.4789202912648518 0.7 0.2 0.9830366891622543 0.01 0.04 0.7248389019568762 0.2 0.5 5.762703007062276 10.0 3.0 51 
-2.224810702006022 0.001 0.0008 0.999984659353892 1e-05 1e-05 0.9999856299161911 9e-06 1e-05 4.512283908526102 0.08 0.07 52 
-2.2254292488098146 0.001 0.0007 0.9999933262666066 3e-06 1e-05 0.9999779899915059 2e-05 4e-05 4.511847801208496 0.09 0.1 53 
-2.2245232264200845 0.0008 0.0006 0.9999859162171681 9e-06 1e-05 0.9999717646837234 2e-05 3e-05 4.511086767514547 0.08 0.08 54 
-1.5010389264424642 0.8 0.2 0.9874618073304494 0.009 0.02 0.7622130826115608 0.2 0.5 5.352654407024383 8.0 3.0 55 
-2.2247582976023357 0.0009 0.0007 0.9999895791212717 9e-06 1e-05 0.999976870616277 2e-05 2e-05 4.510891545613607 0.07 0.07 56 
-2.2245856793721517 0.0007 0.0006 0.9999878529707591 9e-06 1e-05 0.999974293311437 2e-05 2e-05 4.511121819814046 0.09 0.09 57 
-1.5339624754587808 0.9 0.2 0.9887947062651317 0.009 0.02 0.7611130966742834 0.2 0.5 5.356604072252909 10.0 3.0 58 
-1.5010945733388266 0.7 0.2 0.9868806956211725 0.01 0.02 0.7546675742169221 0.2 0.6 5.506445341110229 8.0 3.0 59 
-2.224673042297363 0.001 0.0008 0.9999875849485398 1e-05 1e-05 0.9999841334422429 1e-05 1e-05 4.510625405311584 0.08 0.08 60 
-2.2243111101786295 0.001 0.001 0.9999839039643605 1e-05 1e-05 0.9999726210037867 2e-05 2e-05 4.511099478403727 0.1 0.09 61 
-2.2247687212626137 0.001 0.0008 0.999989490310351 9e-06 1e-05 0.9999843474229176 9e-06 1e-05 4.511479406356812 0.08 0.07 62 
-2.2255557918548585 0.0004 0.0003 0.9999929807583491 4e-06 5e-06 0.9999815948804219 1e-05 2e-05 4.511840931574503 0.07 0.07 63 
-2.225430037180583 0.0006 0.0005 0.9999957370758057 1e-06 2e-06 0.9999670527378718 2e-05 3e-05 4.512067804336548 0.07 0.07 64 
-1.4199588330586752 0.3 0.3 0.9835690508286158 0.01 0.06 0.8126513929665089 0.1 0.7 4.869420764446258 8.0 3.0 65 
-2.224963490168254 0.001 0.0008 0.9999909689029057 7e-06 1e-05 0.9999877601861954 6e-06 9e-06 4.511484751701355 0.08 0.08 66 
-2.2251970259348552 0.0007 0.0006 0.9999910080432892 7e-06 6e-06 0.9999854520956675 7e-06 7e-06 4.512205530802409 0.05 0.05 67 
-2.224924119313558 0.0006 0.0006 0.9999912325541178 7e-06 7e-06 0.9999653120835622 3e-05 4e-05 4.5106235694885255 0.1 0.1 68 
-2.225134302775065 0.002 0.001 0.9999918347597122 6e-06 2e-05 0.9999736160039902 2e-05 0.0001 4.512224114735921 0.1 0.1 69 
-2.225008907318115 0.001 0.0008 0.9999895779291789 8e-06 1e-05 0.9999879560867946 7e-06 1e-05 4.511482795079549 0.07 0.07 70 
-2.2244761848449706 0.0009 0.0007 0.9999878458182017 9e-06 1e-05 0.9999736219644546 2e-05 2e-05 4.510725843111674 0.09 0.09 71 
-2.2248677603403726 0.001 0.0007 0.999989515542984 9e-06 1e-05 0.9999829037984213 1e-05 1e-05 4.511391056378683 0.07 0.07 72 
-2.2248164558410646 0.0008 0.0006 0.9999893579880397 8e-06 1e-05 0.999979398449262 1e-05 2e-05 4.511377561887105 0.08 0.08 73 
-1.5653943188985189 0.5 0.2 0.9894794682661693 0.007 0.01 0.8535651953021686 0.1 0.4 4.866369291941325 6.0 2.0 74 
-2.2247351296742757 0.001 0.0009 0.9999888728062312 8e-06 1e-05 0.9999859843651454 9e-06 1e-05 4.511799308458964 0.07 0.07 75 
-2.2235509808858236 0.001 0.0009 0.999992329676946 3e-06 7e-06 0.9999475336074829 2e-05 2e-05 4.512515145937602 0.2 0.2 76 
-1.612948408126831 0.04 0.04 0.9914802996317545 0.003 0.003 0.9062821253140767 0.02 0.02 4.4014180827140805 2.0 2.0 77 
-1.3848831526438394 0.5 0.2 0.9835262779394786 0.01 0.02 0.8509070411324501 0.1 0.6 4.732099970181783 6.0 2.0 78 
-1.519229695002238 0.6 0.2 0.9884272672732671 0.007 0.02 0.7934666689236959 0.1 0.5 4.994306489626567 8.0 2.0 79 
-2.2252792231241862 0.0006 0.0004 0.9999898209174474 4e-06 5e-06 0.9999805422623952 1e-05 2e-05 4.51156184832255 0.08 0.08 80 
-2.2245419788360596 0.0005 0.0005 0.9999880808591842 8e-06 1e-05 0.9999670710166295 2e-05 3e-05 4.511303904851277 0.1 0.1 81 
-1.475814905166626 0.7 0.2 0.9854915503660838 0.01 0.03 0.6921991554896036 0.2 0.5 5.898066071669261 10.0 3.0 82 
-2.225664256413778 0.002 0.0008 0.9999890478452047 9e-06 2e-05 0.9999904151757558 9e-06 7e-05 4.511441550254822 0.06 0.06 83 
-2.2245937252044676 0.001 0.0008 0.999987071553866 1e-05 1e-05 0.999978615840276 1e-05 1e-05 4.51116970539093 0.09 0.09 84 
-1.5649482123057048 0.6 0.2 0.9874534318844478 0.009 0.03 0.7766074328621229 0.2 0.5 5.207746783892314 6.0 3.0 85 
-2.2245745340983074 0.0008 0.0006 0.9999869777758916 8e-06 1e-05 0.9999737614393234 2e-05 2e-05 4.511057198842367 0.08 0.08 86 
-2.224839696884155 0.001 0.0008 0.9999881301323573 8e-06 1e-05 0.9999861105283101 8e-06 1e-05 4.511499838829041 0.07 0.07 87 
-2.2253772894541424 0.0008 0.0007 0.9999933363993962 3e-06 4e-06 0.9999805049101511 2e-05 3e-05 4.511595803896586 0.08 0.08 88 
-2.224511283238729 0.0008 0.0006 0.9999889117479325 8e-06 1e-05 0.9999688885609309 2e-05 2e-05 4.51132732073466 0.09 0.09 89 
-2.2253213500976563 0.001 0.0005 0.9999917729695638 5e-06 9e-06 0.9999875068664551 8e-06 2e-05 4.511493323644002 0.09 0.09 90 
-2.2229007053375245 0.0009 0.0006 0.9999850074450175 4e-06 6e-06 0.9999282602469126 1e-05 2e-05 4.510190946261088 0.2 0.2 91 
-1.4932912540435792 0.6 0.2 0.9795887992779414 0.02 0.05 0.7984087534745534 0.1 0.4 4.922305945555369 5.0 3.0 92 
-1.7500138568878174 0.09 0.08 0.9936687646309534 0.004 0.007 0.9655695815881093 0.02 0.04 4.468980205059052 3.0 2.0 93 
-2.2253416538238526 0.0003 0.0002 0.9999898328383764 3e-06 5e-06 0.9999855099121729 4e-06 5e-06 4.511530814170837 0.07 0.07 94 
-1.37395889600118 1.0 0.3 0.9817101931571961 0.01 0.04 0.799606028397878 0.2 0.5 4.9660794917742415 4.0 2.0 95 
-2.2248052883148195 0.0007 0.0005 0.9999915605783463 7e-06 8e-06 0.9999750488996506 2e-05 2e-05 4.511105469067892 0.08 0.08 96 
-2.225271453857422 0.001 0.0007 0.9999915045499802 7e-06 1e-05 0.9999899623791376 7e-06 1e-05 4.511776779492696 0.07 0.07 97 
-2.2250106875101725 0.001 0.0005 0.9999869910875956 6e-06 9e-06 0.9999704504013062 1e-05 2e-05 4.509626126289367 0.06 0.05 98 
-1.4934884262084962 0.8 0.2 0.9855599715312322 0.01 0.02 0.7025395124405622 0.2 0.6 6.0976828130086265 10.0 3.0 99 
-2.224695978164673 0.0007 0.0006 0.9999890782435735 9e-06 1e-05 0.999973026116689 2e-05 2e-05 4.510860498746236 0.08 0.08 100 
-2.2248860104878743 0.001 0.0008 0.9999882543087005 8e-06 1e-05 0.9999882674217224 7e-06 8e-06 4.511461153030395 0.07 0.07 101 
-1.5994966316223145 0.2 0.1 0.9905173728863398 0.005 0.007 0.908202529946963 0.08 0.2 4.522166322469712 4.0 3.0 102 
-1.6465699863433838 0.2 0.08 0.9920189513762792 0.003 0.004 0.9370275715986888 0.04 0.2 4.443892391522725 4.0 2.0 103 
-1.2755682309468588 1.0 0.4 0.9780382126569748 0.02 0.03 0.7794959148764611 0.2 0.6 5.422113378047943 10.0 4.0 104 
-2.2258128197987874 0.0005 0.0002 0.9999960782130559 1e-06 2e-06 0.9999859130382538 6e-06 5e-06 4.511819454828898 0.06 0.06 105 
-1.4933920097351074 0.7 0.2 0.9831018304824829 0.01 0.05 0.7804296723008156 0.2 0.4 5.202605210940043 6.0 3.0 106 
-2.224668951034546 0.001 0.0009 0.9999863215287527 1e-05 1e-05 0.9999854123592377 9e-06 1e-05 4.511076982816061 0.08 0.08 107 
-2.2247535133361818 0.001 0.0008 0.9999888706207275 9e-06 1e-05 0.9999838950236638 9e-06 1e-05 4.511287720998128 0.08 0.08 108 
-1.714797862370809 0.03 0.04 0.9934308099746704 0.002 0.003 0.9571724585692087 0.02 0.03 4.372826408545176 2.0 2.0 109 
-2.199332176844279 0.0002 0.0002 0.9998563746611278 1e-06 1e-06 0.9996954460938772 4e-06 6e-06 4.500882482528686 0.03 0.03 110 
-2.224848092397054 0.001 0.0008 0.9999883745114009 8e-06 1e-05 0.999987654487292 7e-06 9e-06 4.512079772949218 0.07 0.07 111 
-2.224903246561686 0.001 0.0007 0.9999898797273636 7e-06 9e-06 0.9999862299362818 8e-06 1e-05 4.51133948802948 0.07 0.08 112 
-2.224777797063192 0.0007 0.0006 0.9999875636895498 1e-05 1e-05 0.9999714320898057 2e-05 2e-05 4.511736542383829 0.09 0.09 113 
-2.224617338180542 0.0008 0.0006 0.9999878646930059 1e-05 1e-05 0.9999724582831064 2e-05 2e-05 4.511245711644491 0.09 0.09 114 
-2.2247170384724937 0.0008 0.0006 0.9999884728590648 9e-06 1e-05 0.9999756366014481 2e-05 2e-05 4.511043548583984 0.07 0.07 115 
-1.3671011479695638 0.3 0.4 0.9805056899785995 0.02 0.07 0.8104192361235618 0.1 0.6 4.818788921833038 3.0 2.0 116 
-2.2247599506378175 0.0007 0.0005 0.9999889608224233 8e-06 9e-06 0.9999741832415263 2e-05 2e-05 4.511031560897827 0.08 0.08 117 
-2.224549160003662 0.0008 0.0006 0.9999870282411575 1e-05 1e-05 0.999969241420428 2e-05 3e-05 4.511413232485453 0.09 0.09 118 
-1.476805451711019 0.7 0.2 0.9833690909544627 0.01 0.04 0.7410887148976326 0.2 0.6 5.516527852217356 7.0 3.0 119 
-1.4931536833445231 0.8 0.3 0.9841092707713445 0.01 0.05 0.8716774334510168 0.1 0.6 4.750566085974375 7.0 3.0 120 
-2.2248284880320233 0.001 0.0007 0.9999892876545589 8e-06 1e-05 0.9999843311309814 1e-05 1e-05 4.51115395228068 0.07 0.07 121 
-2.224800335566203 0.0009 0.0007 0.9999890625476837 9e-06 1e-05 0.9999799863497416 1e-05 2e-05 4.511230999628703 0.08 0.08 122 
-2.2247992738087974 0.001 0.0008 0.9999888084332148 9e-06 1e-05 0.9999848383665085 9e-06 1e-05 4.511218922932943 0.08 0.08 123 
-2.22475310643514 0.001 0.0007 0.9999881221850713 9e-06 1e-05 0.9999834724267324 1e-05 1e-05 4.5114342864354455 0.07 0.07 124 
-1.5273620478312175 1.0 0.2 0.9880805285771688 0.009 0.04 0.8468600457906723 0.1 0.4 4.653664186795552 3.0 2.0 125 
-2.2244677702585856 0.001 0.0008 0.9999849480390549 1e-05 1e-05 0.9999719395240148 2e-05 3e-05 4.511114660898844 0.08 0.08 126 
-2.224397926330566 0.0009 0.0007 0.9999866898854574 1e-05 1e-05 0.9999717744191488 2e-05 2e-05 4.5107223955790205 0.1 0.1 127 
-2.2243695418039957 0.0007 0.0006 0.9999800393978755 1e-05 1e-05 0.9999667179584503 2e-05 3e-05 4.511202716827393 0.1 0.1 128 
-2.2251480770111085 0.002 0.0009 0.9999934770663579 5e-06 1e-05 0.9999873167276383 6e-06 7e-06 4.511464715003967 0.09 0.09 129 
-1.9470553429921469 0.03 0.03 0.9981556385755539 0.0007 0.001 0.9942685715357462 0.0007 0.002 4.386016205151876 1.0 1.0 130 
-2.22482453028361 0.001 0.0008 0.9999882517258326 9e-06 1e-05 0.9999856865406036 8e-06 1e-05 4.511406593322754 0.08 0.08 131 
-1.734745283126831 0.1 0.07 0.9941079513231913 0.001 0.002 0.9703476975361506 0.02 0.05 4.345969359079997 3.0 2.0 132 
-1.2879772885640461 0.6 0.4 0.9756637644767762 0.02 0.06 0.7579379949470361 0.2 0.5 5.078930911223094 4.0 2.0 133 
-1.8625568389892577 0.3 0.05 0.9972267111142477 0.001 0.002 0.9798954979578653 0.005 0.05 4.366180895566941 3.0 2.0 134 
-2.2246641159057616 0.0008 0.0006 0.9999874363342921 1e-05 1e-05 0.999976432522138 2e-05 2e-05 4.510854239463806 0.08 0.08 135 
-2.2248507912953697 0.001 0.0009 0.9999891126155853 8e-06 1e-05 0.9999882084131241 7e-06 9e-06 4.5115939251581825 0.06 0.06 136 
-2.224743064244588 0.0009 0.0007 0.999989385008812 8e-06 9e-06 0.9999762346347173 2e-05 2e-05 4.5114734760920205 0.07 0.07 137 
-2.2246650886535644 0.001 0.0008 0.9999859619140625 1e-05 1e-05 0.9999813886483511 1e-05 1e-05 4.5117325671513875 0.08 0.08 138 
-1.3647990894317628 1.0 0.3 0.9782828013102214 0.02 0.04 0.8568565640846888 0.1 0.3 4.467153246402741 4.0 1.0 139 
-1.7348366451263428 0.2 0.1 0.9943264098962148 0.004 0.006 0.9092874966065089 0.05 0.2 4.59003257671992 3.0 2.0 140 
-2.224710505803426 0.0008 0.0006 0.9999864101409912 1e-05 1e-05 0.99997088154157 2e-05 2e-05 4.511672046979268 0.09 0.08 141 
-2.2248129336039226 0.001 0.0009 0.99999050060908 8e-06 1e-05 0.9999862676858902 8e-06 1e-05 4.511157035827637 0.09 0.09 142 
-1.3350256967544556 0.7 0.3 0.9723469577232997 0.02 0.05 0.7214651176333428 0.2 0.4 5.506725103060404 6.0 2.0 143 
-1.5365919399261474 0.2 0.1 0.9879959162076314 0.006 0.006 0.8775723886489868 0.05 0.1 4.628928201993307 3.0 2.0 144 
-2.2246847502390543 0.0008 0.0006 0.9999881583452225 9e-06 1e-05 0.9999710061152776 2e-05 2e-05 4.511082755724589 0.07 0.08 145 
-1.5278054141998292 0.4 0.2 0.9816393846273422 0.02 0.05 0.7810615247488022 0.2 0.5 5.084150961240133 4.0 3.0 146 
-1.3298350334167481 1.0 0.3 0.9804857355356217 0.01 0.02 0.7513808910548687 0.2 0.6 5.389095422824224 20.0 4.0 147 
-1.4358160622914633 0.8 0.3 0.9815569776296615 0.02 0.04 0.7571580770611763 0.2 0.4 5.494221173922221 9.0 3.0 148 
-2.2249740600585937 0.0005 0.0004 0.9999915573994319 6e-06 7e-06 0.9999735075235366 2e-05 2e-05 4.5112090555826825 0.08 0.08 149 
