-2.2237340132395427 0.002 0.001 0.9999881704648336 6e-06 1e-05 0.9999670940637588 3e-05 0.0001 4.510649124781291 0.07 0.07 26 
-2.226420440673828 3e-06 3e-06 0.9999976338942845 3e-07 3e-07 0.9999977684020996 3e-07 3e-07 4.512335286140442 0.03 0.03 77 
-2.2262162144978843 0.002 0.0002 0.999995106458664 1e-06 3e-06 0.9999981472889582 5e-07 2e-06 4.512168734868368 0.04 0.04 76 
-2.226234982808431 5e-05 6e-05 0.999996485710144 5e-07 5e-07 0.9999969844023386 9e-07 1e-06 4.512215453783671 0.04 0.04 37 
-2.2261084365844725 0.0007 0.0004 0.9999950567881266 4e-06 1e-05 0.9999966088930766 3e-06 5e-06 4.512325744628907 0.06 0.06 66 
-2.226199893951416 4e-05 4e-05 0.9999891259272893 7e-07 7e-07 0.9999967646598816 9e-07 8e-07 4.512271100680033 0.05 0.05 80 
-2.2246353594462076 0.001 0.0009 0.9999749918778738 1e-05 1e-05 0.999984759092331 1e-05 0.0001 4.511977351506551 0.1 0.1 55 
-2.2246182123819986 0.002 0.001 0.9999874528249105 8e-06 3e-05 0.9999828372399012 1e-05 8e-05 4.51169115225474 0.1 0.1 91 
-2.226229721705119 0.0001 0.0001 0.9999970610936483 5e-07 6e-07 0.9999984568357467 3e-07 2e-07 4.512214736938477 0.04 0.04 28 
-2.2261966292063393 6e-05 6e-05 0.9999945992231369 5e-07 6e-07 0.9999977139631907 3e-07 3e-07 4.512307190895081 0.04 0.04 30 
-2.2250052452087403 0.001 0.0006 0.9999896055459976 6e-06 1e-05 0.9999871667226156 1e-05 8e-05 4.511824893951416 0.08 0.09 18 
-2.2261851755777995 0.0002 8e-05 0.9999903378883997 7e-07 9e-07 0.9999977473417918 2e-07 4e-07 4.5124387375513715 0.06 0.06 89 
-2.226148392359416 0.0002 0.0002 0.9999961507320404 1e-06 2e-06 0.9999982845783234 1e-06 2e-06 4.511965832710266 0.05 0.05 59 
-2.2261690298716226 2e-05 2e-05 0.9999869360526403 9e-07 9e-07 0.9999973769982656 2e-07 2e-07 4.512565746307373 0.06 0.06 16 
-2.226275978088379 0.0002 0.0001 0.9999969404935837 9e-07 2e-06 0.9999978164831798 2e-06 4e-06 4.5122896067301435 0.06 0.05 70 
-2.226200294494629 7e-05 8e-05 0.9999919551610946 2e-06 2e-06 0.9999966138601303 8e-07 9e-07 4.512368001937866 0.05 0.05 14 
-2.2262277444203695 0.0002 0.0002 0.9999948233366013 1e-06 3e-06 0.9999976015090942 2e-06 2e-06 4.512263582547505 0.05 0.05 48 
-2.224800453186035 0.002 0.001 0.9999889894326528 7e-06 2e-05 0.9999795168638229 2e-05 9e-05 4.511611542701721 0.08 0.08 4 
-2.2262845865885414 0.0001 7e-05 0.9999984335899353 3e-07 4e-07 0.9999982186158498 3e-07 3e-07 4.512157675425212 0.03 0.03 83 
-2.226277977625529 9e-05 7e-05 0.99999642709891 6e-07 7e-07 0.9999981345733007 4e-07 4e-07 4.512253119150798 0.04 0.04 85 
