-2.2139477348327636 0.03 0.009 0.9998734652996063 0.0001 0.0003 0.9996858290831248 0.0002 0.0006 4.503267722129822 0.3 0.2 0 
-2.213945198059082 0.02 0.008 0.9998690233627955 0.0001 0.0002 0.9996944355964661 0.0002 0.0004 4.503759746551514 0.2 0.2 1 
-2.2139524014790855 0.02 0.008 0.9998691229025523 0.0001 0.0002 0.9996943217515946 0.0002 0.0004 4.503863155047099 0.2 0.2 2 
-2.217456413904826 0.01 0.004 0.999934605161349 4e-05 4e-05 0.9997467156251272 0.0001 0.0002 4.506360952059428 0.1 0.1 4 
-2.2139384810129803 0.02 0.008 0.9998692737023036 0.0001 0.0002 0.9996947081883748 0.0002 0.0004 4.503634123802185 0.2 0.2 6 
-2.2177990754445394 0.003 0.002 0.9999488137165705 3e-05 5e-05 0.999744939605395 0.0001 0.0001 4.506124490102132 0.08 0.08 11 
-2.2139354038238523 0.02 0.01 0.9998717937866847 0.0001 0.0003 0.9996930919090907 0.0003 0.0007 4.503949516614278 0.3 0.2 12 
-2.2151318359375 0.003 0.004 0.999927914539973 4e-05 4e-05 0.9996999627351761 0.0001 0.0001 4.504678209622701 0.09 0.09 14 
-2.213985799153646 0.02 0.008 0.999869175752004 0.0001 0.0002 0.9996957961718241 0.0002 0.0005 4.503765560785929 0.2 0.2 15 
-2.213903662363688 0.03 0.008 0.9998689542214075 0.0001 0.0002 0.9996927507718404 0.0002 0.0004 4.503734153111775 0.2 0.2 21 
-2.2139258098602297 0.02 0.008 0.9998687807718912 0.0001 0.0002 0.9996943944692611 0.0002 0.0004 4.503819929758707 0.2 0.2 22 
-2.2139514827728273 0.01 0.009 0.999875130256017 9e-05 0.0003 0.9996858022610347 0.0002 0.0005 4.504122020403544 0.3 0.2 23 
-2.2139898363749184 0.01 0.008 0.9998764957984289 9e-05 0.0002 0.9996867001056671 0.0002 0.0005 4.504026487668355 0.3 0.2 24 
-2.2152328077952066 0.03 0.006 0.9999091327190399 6e-05 0.0001 0.9996882746617 0.0002 0.0005 4.505121924082438 0.2 0.2 26 
-2.213938194910685 0.02 0.008 0.9998687358697256 0.0001 0.0002 0.9996945224205653 0.0002 0.0004 4.5037296724319456 0.2 0.2 27 
-2.213886365890503 0.02 0.008 0.9998686927556991 0.0001 0.0002 0.9996937908728918 0.0002 0.0004 4.503884590466817 0.2 0.2 28 
-2.2140002059936523 0.02 0.009 0.9998712885379791 0.0001 0.0003 0.9996922383705775 0.0003 0.0006 4.504029884338379 0.3 0.2 29 
-2.2138882001241047 0.02 0.008 0.9998686184485753 0.0001 0.0002 0.9996938570340475 0.0002 0.0004 4.503739255269369 0.2 0.2 30 
-2.2139338556925456 0.02 0.008 0.9998687795797984 0.0001 0.0002 0.999694306453069 0.0002 0.0004 4.503790157636007 0.2 0.2 32 
-2.2139005025227863 0.02 0.009 0.999874463280042 9e-05 0.0003 0.9996862745285034 0.0002 0.0006 4.503665335973104 0.3 0.2 36 
-2.2149471696217855 0.005 0.004 0.9999143767356873 4e-05 4e-05 0.9996978032588959 0.0001 0.0001 4.504762404759725 0.1 0.1 38 
-2.214078048070272 0.01 0.008 0.9998768524328867 9e-05 0.0003 0.9996856514612834 0.0002 0.0005 4.504043157895406 0.3 0.2 43 
-2.2140485032399497 0.02 0.009 0.9998740710814794 0.0001 0.0003 0.9996902175744374 0.0003 0.0006 4.504411719640096 0.3 0.2 44 
-2.2139415391286215 0.04 0.009 0.9998717294136683 0.0001 0.0003 0.9996904599666595 0.0002 0.0004 4.503262670834859 0.3 0.2 46 
-2.213936382929484 0.02 0.008 0.9998690768082936 0.0001 0.0002 0.9996947864691417 0.0002 0.0004 4.503789785703023 0.2 0.2 53 
-2.2175410715738932 0.009 0.004 0.9999328128496806 4e-05 5e-05 0.9997486301263173 0.0001 0.0002 4.506226641337077 0.1 0.1 57 
-2.214052817026774 0.01 0.008 0.9998783161242802 9e-05 0.0003 0.999685764114062 0.0002 0.0005 4.5039961671829225 0.3 0.2 59 
-2.2139445463816325 0.03 0.009 0.9998754417896271 9e-05 0.0003 0.9996859274307887 0.0002 0.0007 4.5038290723164875 0.3 0.2 61 
-2.2152342955271402 0.02 0.005 0.999907765785853 6e-05 0.0001 0.9996889249483745 0.0002 0.0004 4.504801508585612 0.1 0.1 62 
-2.213902670542399 0.02 0.008 0.9998674317200978 0.0001 0.0002 0.9996956272919972 0.0002 0.0004 4.503973615964254 0.2 0.2 65 
-2.2139840126037598 0.02 0.008 0.9998694815238317 0.0001 0.0002 0.9996949185927709 0.0002 0.0005 4.503658404350281 0.2 0.2 70 
-2.213932555516561 0.03 0.008 0.9998690245548884 0.0001 0.0002 0.9996934382120768 0.0002 0.0004 4.503855703671773 0.2 0.2 81 
-2.2140355428059895 0.02 0.009 0.9998760952552159 9e-05 0.0003 0.9996861112117768 0.0002 0.0006 4.504058329264323 0.3 0.2 82 
-2.2139590867360432 0.02 0.008 0.9998694245020548 0.0001 0.0002 0.9996949185927709 0.0002 0.0004 4.504113798141479 0.2 0.2 88 
-2.2140139071146647 0.02 0.009 0.9998754737774531 9e-05 0.0003 0.999683893720309 0.0002 0.0005 4.503862059911092 0.3 0.2 92 
-2.2139272499084472 0.02 0.008 0.9998686599731446 0.0001 0.0002 0.9996935739119848 0.0002 0.0004 4.503767940203349 0.2 0.2 95 
-2.2205644512176512 0.005 0.001 0.9999432623386383 3e-05 0.0001 0.9996534864107768 6e-05 0.0001 4.510684076944987 0.1 0.1 96 
-2.2139114570617675 0.01 0.009 0.9998756110668182 9e-05 0.0003 0.9996835114558538 0.0002 0.0005 4.503836727142334 0.3 0.2 97 
