-2.2109634113311767 0.004 0.001 0.9999922255674998 4e-06 1e-05 0.9992190889517466 2e-05 7e-05 4.499182566006978 0.2 0.2 0 
-2.2250882816314697 0.002 0.0005 0.9999722429116567 3e-06 7e-06 0.9999947049220403 2e-06 3e-06 4.511550421714783 0.1 0.1 1 
9.203031595461653e-07 2 
-2.2092757097880047 0.003 0.002 0.9999718757470449 2e-05 4e-05 0.9992130637168884 2e-05 2e-05 4.498407972653707 0.1 0.1 3 
-0.3909835354487101 0.0007 0.0002 0.8194437623023987 0.002 0.002 0.9840075929959615 0.0006 0.001 2.4185628080368042 0.08 0.08 4 
0.011585790663957596 5 
-2.225161345799764 0.0005 0.0003 0.9999946282307307 3e-06 4e-06 0.9999924745162329 6e-06 1e-05 4.511400125821432 0.09 0.09 6 
-2.2249377091725666 0.007 0.001 0.9999780982732773 4e-06 2e-05 0.9999868126710256 9e-06 5e-05 4.510988788604736 0.2 0.2 7 
-2.211180788675944 0.003 0.001 0.9999881833791733 5e-06 5e-05 0.9992350786924362 5e-06 3e-05 4.498844963709513 0.2 0.2 8 
-2.2247667121887207 0.003 0.001 0.9999702900648118 4e-06 9e-06 0.9999878185987473 6e-06 9e-06 4.511356585820516 0.2 0.2 9 
9.199728879139002e-07 10 
-2.2108781401316326 5e-05 5e-05 0.9999895666042964 1e-06 1e-06 0.9992261612415314 4e-06 4e-06 4.49958793481191 0.08 0.08 11 
-2.2111798095703126 0.0007 0.0003 0.9999732943375905 3e-06 9e-06 0.9992317726214727 5e-06 9e-06 4.499367149670919 0.1 0.1 12 
-2.22494935353597 0.004 0.001 0.9999915999174118 5e-06 3e-05 0.9999936191240947 6e-06 4e-05 4.511311902999878 0.2 0.2 13 
-2.225071137746175 0.002 0.0007 0.9999743191401164 3e-06 7e-06 0.9999945640563965 3e-06 5e-06 4.51173311551412 0.1 0.1 14 
-2.210689713160197 0.0004 0.0003 0.9999752992391586 2e-06 4e-06 0.9992229481538136 7e-06 9e-06 4.4985251188278195 0.1 0.1 15 
-0.391013560295105 0.002 0.0004 0.8193878026803335 0.003 0.003 0.9840214063723882 0.0008 0.001 2.418334106604258 0.2 0.1 16 
-2.2109511629740397 0.002 0.001 0.9999733219544092 5e-06 1e-05 0.9992304515838623 8e-06 1e-05 4.499097642898559 0.1 0.1 17 
-2.224979057312012 0.002 0.001 0.9999777148167293 4e-06 9e-06 0.9999925545851389 6e-06 1e-05 4.511624066034953 0.1 0.1 18 
-2.2246061166127524 0.006 0.002 0.9999766167004903 5e-06 1e-05 0.999990850687027 9e-06 7e-05 4.51089549223582 0.2 0.2 19 
0.014639189466834068 20 
-2.225247383117676 0.0003 0.0002 0.9999971135457357 9e-07 1e-06 0.9999906100829442 2e-06 3e-06 4.511519807179769 0.09 0.09 21 
9.202185538015328e-07 22 
-2.2250883547465006 0.004 0.001 0.9999777855475743 3e-06 7e-06 0.9999912559986115 7e-06 3e-05 4.511335660616557 0.2 0.2 23 
9.203110721500707e-07 24 
-2.2249019559224448 0.004 0.001 0.9999796696503958 5e-06 2e-05 0.999992235104243 6e-06 2e-05 4.51154203414917 0.2 0.2 25 
-2.2247246869405113 0.001 0.001 0.999969767332077 4e-06 1e-05 0.9999872493743897 7e-06 7e-06 4.511282087961833 0.1 0.1 26 
-2.225105546315511 0.003 0.001 0.9999790128072102 4e-06 3e-05 0.9999920499324798 6e-06 2e-05 4.511493773460388 0.2 0.2 27 
-0.3910279417037964 0.0007 0.0003 0.8194333446025849 0.004 0.003 0.984014219045639 0.0005 0.0005 2.4184163308143614 0.09 0.09 28 
9.202937803820532e-07 29 
9.202125625051849e-07 30 
-2.225211731592814 0.003 0.0009 0.9999778604507447 3e-06 7e-06 0.9999947851896286 4e-06 6e-06 4.511370952924093 0.1 0.1 31 
-2.2247816054026286 0.002 0.0008 0.9999720573425293 4e-06 9e-06 0.9999897023042043 8e-06 1e-05 4.511405331293742 0.1 0.1 32 
9.20313152619201e-07 33 
-2.224941266377767 0.001 0.0007 0.9999783974885941 3e-06 6e-06 0.9999908836682637 6e-06 1e-05 4.5115348180135095 0.2 0.1 34 
9.20312152175029e-07 35 
9.203111972055922e-07 36 
-2.2109500281016032 0.002 0.001 0.999971374074618 8e-06 2e-05 0.9992287600040436 1e-05 3e-05 4.49919207572937 0.2 0.2 37 
9.20312902508158e-07 38 
-2.225186882019043 0.002 0.0008 0.9999773172537486 3e-06 7e-06 0.9999921443065007 4e-06 4e-06 4.511524809201559 0.1 0.1 39 
-2.2253568681081135 0.001 0.0005 0.9999974250793457 2e-06 4e-06 0.9999891714255015 4e-06 6e-06 4.511535545984904 0.09 0.1 40 
-2.2251392141977946 0.003 0.001 0.9999755525588989 4e-06 2e-05 0.99999589463075 3e-06 1e-05 4.511314436594645 0.2 0.2 41 
-0.3909786335627238 0.0005 0.0002 0.8194396680593491 0.001 0.001 0.9840120456616084 0.0005 0.0005 2.418402468363444 0.09 0.1 42 
-2.225136963526408 0.007 0.001 0.9999957364797593 3e-06 2e-05 0.9999810870488485 1e-05 0.0001 4.511596954663594 0.2 0.3 43 
-2.2251258023579914 0.001 0.0007 0.9999798069397609 2e-06 3e-06 0.9999946463108063 2e-06 3e-06 4.511444449424744 0.1 0.1 44 
-2.225208829243978 0.002 0.001 0.9999923894802729 3e-06 2e-05 0.9999910326798757 8e-06 3e-05 4.511474401156107 0.1 0.1 45 
-2.211207752227783 0.001 0.0008 0.9999749606847763 4e-06 1e-05 0.9992262093226115 9e-06 2e-05 4.49941358089447 0.1 0.1 46 
-2.2250029532114666 0.0009 0.0006 0.999974586168925 3e-06 6e-06 0.9999909166495006 3e-06 1e-05 4.511454254786173 0.1 0.1 47 
-2.2248444684346516 5e-05 5e-05 0.9999796303113302 3e-07 4e-07 0.9999820011854171 7e-07 7e-07 4.511064728101094 0.1 0.1 48 
-2.2254118474324542 0.001 0.0006 0.9999941792090734 3e-06 6e-06 0.9999936052163442 4e-06 9e-06 4.511668027242025 0.1 0.1 49 
-2.225285835266113 0.002 0.0005 0.9999869946638743 2e-06 7e-06 0.9999938611189524 3e-06 5e-06 4.511783884366353 0.1 0.1 50 
-2.224896256128947 3e-06 3e-06 0.9999834211667379 3e-07 2e-07 0.996409995953242 5e-06 5e-06 4.559733273188273 0.01 0.01 51 
-2.2249608771006266 0.002 0.0009 0.9999708630641302 4e-06 7e-06 0.9999931420882543 4e-06 3e-06 4.511257729530334 0.1 0.1 52 
-2.224906225204468 0.002 0.0009 0.9999775526920954 4e-06 1e-05 0.9999915899833044 6e-06 2e-05 4.511254868507385 0.1 0.1 53 
-2.2108027776082357 0.0001 0.0001 0.9999729736646017 9e-07 1e-06 0.9992296199003855 5e-06 5e-06 4.499255901972453 0.1 0.1 54 
-2.2246634070078533 0.002 0.0008 0.9999940601984659 3e-06 6e-06 0.9999841596682867 7e-06 1e-05 4.511164116859436 0.1 0.1 55 
-2.225125748316447 0.004 0.001 0.9999755022923151 4e-06 2e-05 0.9999948211510976 4e-06 2e-05 4.511273897488912 0.2 0.2 56 
-2.2247747548421226 0.005 0.001 0.9999741868178049 5e-06 1e-05 0.9999935926993688 5e-06 2e-05 4.511079699198405 0.2 0.2 57 
nan 58 
-2.2108725039164225 0.002 0.001 0.9999762592713038 5e-06 1e-05 0.9992202405134837 1e-05 1e-05 4.499231274922689 0.1 0.1 59 
-0.39095754782358805 0.0002 0.0002 0.819474708835284 0.002 0.002 0.9840100355943044 0.0005 0.0006 2.418457526365916 0.08 0.08 60 
9.202123806062446e-07 61 
-2.225447161992391 0.0004 0.0003 0.9999808365106583 1e-06 1e-06 0.9999924457073212 3e-06 5e-06 4.511651387214661 0.09 0.09 62 
-2.225103562672933 0.0002 0.0002 0.9999907650550206 1e-06 2e-06 0.9999928369124731 1e-06 1e-06 4.51165150642395 0.09 0.09 63 
-0.3910897366205851 0.001 0.0003 0.819466378291448 0.002 0.003 0.9840292217334111 0.0008 0.0009 2.4186247777938843 0.09 0.09 64 
-2.22502095858256 0.002 0.0008 0.9999788691600163 3e-06 8e-06 0.9999883639812469 7e-06 1e-05 4.511473491986592 0.1 0.1 65 
-0.3909681304295858 0.0008 0.0003 0.8194488728046417 0.001 0.002 0.9840101357301076 0.0006 0.001 2.4182690064112347 0.09 0.1 66 
-2.2251112778981526 0.003 0.001 0.9999948936700821 3e-06 1e-05 0.9999805702765783 2e-05 9e-05 4.511524771054586 0.2 0.2 67 
-2.225289306640625 0.001 0.0005 0.9999851592381795 1e-06 2e-06 0.9999935066699982 2e-06 3e-06 4.511679663658142 0.1 0.1 68 
9.197930467053084e-07 69 
-0.3910051520665487 3e-05 3e-05 0.8194442119201024 0.0005 0.0005 0.9840141759316127 0.0005 0.0005 2.4183620619773865 0.05 0.05 70 
-2.2250889841715495 0.003 0.001 0.9999718258778254 3e-06 6e-06 0.9999940713246663 4e-06 7e-06 4.511269357999166 0.2 0.2 71 
-2.2249939473470053 0.001 0.0008 0.9999751297632853 3e-06 5e-06 0.9999939362208049 2e-06 4e-06 4.511336159706116 0.1 0.1 72 
9.203129138768418e-07 73 
9.202198839375342e-07 74 
-2.2247034899393716 0.004 0.001 0.9999763041734695 4e-06 2e-05 0.9999619277318319 3e-05 0.0001 4.512184087435404 0.2 0.2 75 
-2.2250295861562095 0.002 0.0005 0.9999663597345352 3e-06 8e-06 0.9999930373827617 5e-06 2e-05 4.511586016019185 0.1 0.1 76 
-2.2248793125152586 0.002 0.0007 0.9999792142709096 3e-06 1e-05 0.9999904523293177 6e-06 1e-05 4.5113505347569784 0.1 0.1 77 
-2.2108198579152427 0.002 0.0008 0.9999892781178157 7e-06 2e-05 0.9992210555076599 2e-05 3e-05 4.498850464820862 0.1 0.1 78 
9.202147339237854e-07 79 
9.203127319779015e-07 80 
9.203128797707905e-07 81 
-2.210936638514201 0.002 0.001 0.9999882604678472 5e-06 1e-05 0.9992272271712621 9e-06 2e-05 4.4990866629282635 0.1 0.1 82 
-0.39105724334716796 0.0005 0.0002 0.8193932165702184 0.0004 0.0003 0.9840242636203765 0.0004 0.0004 2.418280665079753 0.08 0.08 83 
-2.1799195988972984 7e-06 4e-06 0.999751607577006 1e-06 1e-06 0.9963096233208975 6e-06 6e-06 4.526625692049662 0.02 0.02 84 
9.198751854455623e-07 85 
-2.2250688521067303 0.003 0.001 0.9999892868598302 4e-06 1e-05 0.9999938484032949 5e-06 2e-05 4.511635680198669 0.1 0.1 86 
-2.2246839300791423 0.002 0.001 0.9999684103329977 5e-06 9e-06 0.999995869199435 3e-06 8e-06 4.51155847231547 0.1 0.1 87 
-2.22494029045105 0.004 0.001 0.9999924186865489 4e-06 3e-05 0.999990038673083 9e-06 4e-05 4.510934947331746 0.2 0.2 88 
-0.391032706896464 0.0003 0.0002 0.8193957326809566 0.001 0.001 0.9840308517217636 0.0005 0.0005 2.418040344715118 0.08 0.07 89 
-0.39081331094106037 4e-05 4e-05 0.819482853213946 0.0005 0.0005 0.9840043359994888 0.0006 0.0005 2.4183959873517353 0.07 0.07 90 
-2.2249018287658693 0.002 0.0008 0.9999670604864757 3e-06 1e-05 0.9999916607141495 3e-06 2e-06 4.511641097068787 0.1 0.1 91 
9.203126296597475e-07 92 
-2.2251196098327637 0.006 0.001 0.999975004196167 7e-06 1e-05 0.9999922943115235 7e-06 3e-05 4.511333732604981 0.2 0.2 93 
-2.2238887691497804 0.002 0.001 0.9999826794862747 9e-07 7e-07 0.9999461019039154 2e-05 5e-05 4.511073490778605 0.2 0.2 94 
nan 95 
-2.224976100921631 0.002 0.001 0.9999935779968897 3e-06 7e-06 0.9999870330095291 1e-05 4e-05 4.511194966634115 0.1 0.2 96 
-2.224985574086507 0.005 0.001 0.9999871909618377 7e-06 5e-05 0.9999899844328562 9e-06 5e-05 4.510889039039612 0.2 0.2 97 
-2.2251862907409667 0.003 0.001 0.9999908127387365 4e-06 2e-05 0.9999933753410976 6e-06 2e-05 4.511587896347046 0.1 0.2 98 
9.202378123518429e-07 99 
-2.2250491491953532 0.003 0.001 0.9999717269341151 5e-06 3e-05 0.9999913805723191 6e-06 2e-05 4.511851668357849 0.1 0.2 100 
9.203119361700374e-07 101 
nan 102 
-2.2107366530100503 0.001 0.0009 0.9999884090820949 5e-06 1e-05 0.9992269921302795 8e-06 1e-05 4.499179733594259 0.1 0.1 103 
-2.2250632731119793 0.0007 0.0004 0.9999724517265955 2e-06 2e-06 0.9999913974603017 2e-06 2e-06 4.511487251917521 0.1 0.1 104 
-2.2250756549835207 0.0001 0.0001 0.9999962468942006 3e-07 3e-07 0.9999896913766861 3e-06 1e-05 4.511539654731751 0.1 0.1 105 
9.198956263389846e-07 106 
-2.224916645685832 0.001 0.0006 0.9999761627117792 3e-06 6e-06 0.9999886230627696 5e-06 1e-05 4.511553209622701 0.1 0.1 107 
9.203121976497642e-07 108 
-2.2109446811676023 0.004 0.001 0.9999768664439519 4e-06 9e-06 0.9992227605978647 2e-05 9e-05 4.499194606145223 0.2 0.2 109 
-2.2248996353149413 0.002 0.0009 0.9999784012635549 3e-06 7e-06 0.9999897833665212 7e-06 2e-05 4.511240237553914 0.1 0.1 110 
-2.224651304880778 0.002 0.0009 0.9999693568547566 4e-06 8e-06 0.9999934784571329 3e-06 9e-06 4.51080662727356 0.1 0.1 111 
-2.224864524205526 0.002 0.0009 0.9999788858493169 3e-06 5e-06 0.9999861945708592 7e-06 8e-06 4.5112403949101765 0.1 0.1 112 
-2.224698225657145 0.002 0.0006 0.9999749094247818 3e-06 8e-06 0.9999887800216675 5e-06 1e-05 4.511398046811422 0.1 0.1 113 
-2.225246082941691 0.001 0.0006 0.9999927717447281 2e-06 3e-06 0.99999207675457 5e-06 3e-06 4.511342124938965 0.1 0.1 114 
-2.2245810572306315 0.01 0.002 0.9999752207597097 5e-06 3e-05 0.999989567399025 8e-06 3e-05 4.5110412168502805 0.2 0.2 115 
-2.2245429515838624 0.003 0.001 0.9999785552422206 3e-06 9e-06 0.9999881414572398 8e-06 1e-05 4.51095888932546 0.2 0.2 116 
-2.224878234863281 0.005 0.001 0.9999682887395223 1e-05 2e-05 0.99999453941981 5e-06 2e-05 4.511165026028951 0.2 0.2 117 
-2.22501771291097 0.0007 0.0003 0.9999786406755448 2e-06 3e-06 0.9999855802456538 2e-06 4e-06 4.511432387034098 0.09 0.09 118 
-2.224900789260864 0.002 0.001 0.9999784417947133 4e-06 8e-06 0.9999910259246826 5e-06 8e-06 4.511062293052674 0.1 0.1 119 
-2.224995985031128 0.002 0.0006 0.9999729828039805 3e-06 5e-06 0.9999938754240671 3e-06 4e-06 4.511433841387431 0.1 0.1 120 
-2.2253303146362304 0.0002 0.0002 0.9999959576129913 6e-07 8e-07 0.9999945080280304 2e-06 6e-06 4.511588927904765 0.09 0.09 121 
-2.2250333913167317 0.0009 0.0005 0.999976722796758 1e-06 3e-06 0.9999907364447912 3e-06 2e-06 4.511471834182739 0.1 0.1 122 
-2.224723726908366 0.002 0.001 0.9999894307057062 4e-06 1e-05 0.9999925349156061 6e-06 2e-05 4.511438558896383 0.2 0.2 123 
9.199234796142264e-07 124 
-2.2250399684906004 0.008 0.001 0.9999792315562566 4e-06 4e-05 0.9999960501988728 4e-06 2e-05 4.511162101427714 0.2 0.2 125 
0.010994981415569783 126 
-2.2246894232432046 0.003 0.001 0.9999647496143976 3e-06 1e-05 0.9999920125802358 5e-06 1e-05 4.51148557027181 0.1 0.1 127 
9.199093824463489e-07 128 
-2.2108828035990395 0.007 0.001 0.999974365234375 7e-06 3e-05 0.9992277139425277 1e-05 0.0001 4.498762108484904 0.2 0.2 129 
9.202128239849116e-07 130 
-2.211009947458903 0.0008 0.0005 0.9999740872780482 3e-06 6e-06 0.9992306498686473 6e-06 7e-06 4.498975520133972 0.1 0.1 131 
-2.21109886487325 0.002 0.0007 0.9999891227483749 5e-06 1e-05 0.9992279543479283 9e-06 3e-05 4.499150180816651 0.1 0.1 132 
-2.22467321395874 0.003 0.001 0.999969656864802 7e-06 2e-05 0.9999883643786113 9e-06 2e-05 4.511662510236104 0.1 0.2 133 
9.202104934047383e-07 134 
-2.2248315970102945 0.003 0.001 0.9999708261092504 4e-06 1e-05 0.9999874730904897 3e-06 4e-06 4.5113810427983605 0.1 0.1 135 
-0.3910060914357503 0.0007 0.0002 0.8194301166137059 0.001 0.001 0.9840152827898662 0.0006 0.0007 2.41833154519399 0.09 0.1 136 
-2.2246603043874105 0.006 0.001 0.9999646745125452 5e-06 1e-05 0.9999846084912618 1e-05 6e-05 4.511131372451782 0.2 0.2 137 
-0.39101086775461835 0.002 0.0004 0.8194659729798635 0.005 0.004 0.9839726444085439 0.0008 0.001 2.4187083196640016 0.1 0.1 138 
-2.225158001581828 0.003 0.001 0.9999798174699147 4e-06 1e-05 0.999995343486468 4e-06 5e-06 4.511261137326558 0.1 0.1 139 
-2.2106913185119628 0.003 0.0009 0.9999695549408595 7e-06 2e-05 0.9992271961768469 1e-05 4e-05 4.498941152890524 0.1 0.1 140 
-2.2251609834035238 0.0009 0.0005 0.9999652642011643 2e-06 3e-06 0.9999911653995514 4e-06 8e-06 4.511722923914592 0.09 0.09 141 
-2.224759848912557 0.003 0.001 0.9999889069795609 4e-06 1e-05 0.9999887961149215 9e-06 5e-05 4.511136747996012 0.2 0.2 142 
-0.3910662953058879 9e-05 6e-05 0.8194545982281367 0.0003 0.0003 0.9840230335791905 0.0004 0.0004 2.4184291489919025 0.05 0.05 143 
-2.224872938791911 0.001 0.0008 0.999970406293869 4e-06 3e-06 0.9999908727407455 4e-06 1e-05 4.511394785245259 0.1 0.1 144 
-2.2250137265523273 0.002 0.0008 0.9999776216348012 3e-06 5e-06 0.9999903299411138 5e-06 7e-06 4.5115363931655885 0.1 0.1 145 
-2.211219447453817 5e-05 4e-05 0.9999916940927506 9e-07 9e-07 0.9992278484503428 4e-06 4e-06 4.499292885462443 0.07 0.07 146 
0.011747007444500922 147 
9.202806836583477e-07 148 
9.202355613524559e-07 149 
