-2.225025291442871 0.0007 0.0004 0.9999763345718384 4e-06 7e-06 0.9999911628166834 5e-06 2e-05 4.512279319763183 0.1 0.1 80 
-2.2247659969329834 0.002 0.0009 0.9999902431170146 4e-06 9e-06 0.9999830989042918 1e-05 4e-05 4.511827073097229 0.2 0.2 39 
-2.224251998265584 0.004 0.001 0.9999054465691248 8e-06 2e-05 0.9999867165088654 1e-05 8e-05 4.513195645014445 0.2 0.2 42 
-2.2247978019714356 0.001 0.0006 0.9999740795294444 2e-06 5e-06 0.9999879852930704 8e-06 4e-05 4.511667000452677 0.1 0.1 57 
-2.224105164210002 0.005 0.002 0.9999472777048747 1e-05 3e-05 0.9999811458587646 2e-05 6e-05 4.512112650871277 0.2 0.2 73 
-2.224976946512858 0.003 0.001 0.9999800902605057 6e-06 2e-05 0.9999867389599483 1e-05 9e-05 4.512035878499349 0.1 0.2 88 
-2.225035743713379 0.002 0.0008 0.9999862976868947 5e-06 1e-05 0.9999850831429163 6e-06 3e-05 4.51164363861084 0.1 0.1 63 
-2.224567486445109 0.001 0.0008 0.9999932760000229 4e-06 3e-05 0.9999837923049927 1e-05 3e-05 4.5110752503077185 0.1 0.1 71 
-2.224619528452555 0.002 0.0008 0.9999732335408529 3e-06 5e-06 0.9999871408939361 8e-06 4e-05 4.511965667406718 0.2 0.2 70 
-2.2255038897196453 0.005 0.001 0.9999791258573532 1e-05 6e-05 0.9999797693888346 2e-05 0.0001 4.51627925713857 0.2 0.2 0 
-2.22504363377889 0.002 0.001 0.9999806847174962 7e-06 2e-05 0.9999852879842123 1e-05 5e-05 4.511828351020813 0.1 0.1 5 
-2.2249907048543296 0.003 0.001 0.9999878525733947 4e-06 1e-05 0.9999874617656072 1e-05 6e-05 4.511790126164755 0.2 0.2 90 
-2.225241731007894 0.006 0.001 0.9999922484159469 5e-06 3e-05 0.9999844974279404 1e-05 9e-05 4.511430617968242 0.2 0.2 45 
-2.2253846009572347 0.006 0.001 0.9999835634231568 5e-06 2e-05 0.9999853277206421 1e-05 0.0001 4.511240255037944 0.2 0.2 78 
-2.2242210992177327 0.005 0.002 0.9999826045831045 1e-05 4e-05 0.9999797429641087 1e-05 0.0001 4.511051330566406 0.2 0.2 52 
-2.2249321111043296 0.0009 0.0005 0.9999775809049606 3e-06 1e-05 0.9999877492586772 5e-06 2e-05 4.512184003194173 0.1 0.1 61 
-2.2251004632314046 0.006 0.001 0.9999882465600968 5e-06 2e-05 0.9999848572413127 1e-05 6e-05 4.51199249903361 0.2 0.2 49 
-2.2249203077952067 0.0007 0.0004 0.9999910837411881 2e-06 2e-06 0.9999898652235667 6e-06 2e-05 4.5116619459788 0.1 0.1 26 
-2.224646342595418 0.05 0.002 0.999980547229449 5e-06 9e-05 0.9999789470434188 2e-05 0.003 4.511250594456991 0.2 0.3 86 
-2.224087387720744 0.005 0.002 0.9999848602215449 7e-06 3e-05 0.9999525155623754 2e-05 0.0002 4.511347738901774 0.2 0.2 74 
