-2.2254028669993082 0.0003 0.0002 0.9999922263622284 2e-06 3e-06 0.99998244424661 7e-06 9e-06 4.512550864219666 0.07 0.07 0 
-2.225476551055908 0.0002 0.0002 0.9999921248356501 2e-06 3e-06 0.9999860926469167 7e-06 1e-05 4.512565267880758 0.07 0.07 1 
-2.225343891779582 2e-05 2e-05 0.9999922100702922 5e-07 6e-07 0.9999829667806626 8e-07 7e-07 4.512363877296448 0.05 0.05 2 
-2.225554911295573 0.0002 0.0002 0.9999938251574835 2e-06 2e-06 0.9999851930141449 8e-06 1e-05 4.5123473676045736 0.07 0.07 3 
-2.2255855496724446 0.0002 0.0002 0.9999938549598059 1e-06 2e-06 0.9999833756685257 7e-06 1e-05 4.512355216344198 0.07 0.07 4 
-2.2254256947835285 0.0002 0.0002 0.999991875688235 2e-06 3e-06 0.9999873705705007 6e-06 1e-05 4.512507362365723 0.07 0.07 5 
-2.225639737447103 0.0002 0.0002 0.9999945936600367 1e-06 2e-06 0.9999875664710999 7e-06 1e-05 4.5122776222229 0.07 0.07 6 
-2.225619331995646 0.0002 0.0002 0.9999942197402318 1e-06 3e-06 0.9999877119064331 6e-06 1e-05 4.512353337605794 0.07 0.07 7 
-2.225497687657674 0.0001 0.0001 0.999994158744812 1e-06 2e-06 0.9999836377302805 5e-06 8e-06 4.512237052917481 0.07 0.07 8 
-2.2255132897694905 0.0002 0.0002 0.999993639588356 2e-06 3e-06 0.9999855436881383 8e-06 1e-05 4.512418632507324 0.08 0.08 9 
-2.2254750823974607 0.0002 0.0002 0.9999928400913874 2e-06 3e-06 0.9999859209855397 8e-06 1e-05 4.512451893488566 0.08 0.08 10 
-2.2254631996154783 0.0002 0.0002 0.9999928722778956 1e-06 3e-06 0.9999859790007274 6e-06 1e-05 4.512262603441874 0.07 0.07 11 
-2.2253080368041993 2e-05 2e-05 0.9999921876192093 6e-07 6e-07 0.9999799547592799 9e-07 8e-07 4.512387674649556 0.06 0.06 12 
-2.225578632354736 0.0002 0.0001 0.9999940353631973 1e-06 2e-06 0.9999860378106435 6e-06 1e-05 4.512161037127177 0.07 0.07 13 
-2.2254954210917153 0.0002 0.0002 0.9999932595094045 2e-06 2e-06 0.9999855681260427 7e-06 1e-05 4.512337911923726 0.08 0.08 14 
-2.225546115239461 0.0002 0.0001 0.999993667602539 1e-06 2e-06 0.9999867502848307 6e-06 1e-05 4.512199986775716 0.07 0.07 15 
-2.2253688748677574 0.0001 0.0001 0.9999917719761531 2e-06 2e-06 0.9999827325344086 7e-06 1e-05 4.512517031033834 0.08 0.08 16 
-2.2253390630086263 0.0001 0.0001 0.9999914316336314 2e-06 2e-06 0.999984993537267 6e-06 1e-05 4.512592005729675 0.08 0.08 17 
-2.2254640833536783 2e-05 2e-05 0.9999936258792878 4e-07 4e-07 0.9999814720948538 8e-07 8e-07 4.512252421379089 0.05 0.05 18 
-2.225383056004842 2e-05 2e-05 0.9999929877122243 5e-07 5e-07 0.9999799893299739 8e-07 7e-07 4.512284189860026 0.05 0.05 19 
-2.2255092016855875 0.0002 0.0002 0.9999930936098099 2e-06 3e-06 0.9999870055913925 7e-06 1e-05 4.512375431060791 0.08 0.08 20 
-2.225523373285929 0.0003 0.0002 0.9999931665261587 2e-06 2e-06 0.9999867540597915 6e-06 1e-05 4.512257542610168 0.07 0.08 21 
-2.225437812805176 0.0002 0.0002 0.999992171327273 2e-06 3e-06 0.9999855492512385 7e-06 1e-05 4.512410856882731 0.08 0.08 22 
-2.225524787902832 0.0002 0.0002 0.9999939920504888 2e-06 2e-06 0.9999852150678634 8e-06 1e-05 4.512393345832825 0.08 0.08 23 
-2.225511039098104 0.0002 0.0002 0.9999919380744299 2e-06 3e-06 0.9999850145975748 7e-06 1e-05 4.5123311742146806 0.07 0.07 24 
-2.22540052096049 0.0002 0.0002 0.9999914902448654 2e-06 3e-06 0.9999848635991414 8e-06 1e-05 4.512477496465047 0.08 0.08 25 
-2.225501289367676 0.0002 0.0002 0.9999924562374751 2e-06 3e-06 0.9999855134884517 8e-06 1e-05 4.512401989301046 0.08 0.08 26 
-2.2255099042256674 0.0002 0.0002 0.9999927709499995 2e-06 3e-06 0.9999859215815862 7e-06 1e-05 4.512479852040609 0.08 0.08 27 
-2.22552765528361 0.0003 0.0002 0.9999927912155787 2e-06 4e-06 0.9999867296218872 6e-06 1e-05 4.5126052618026735 0.07 0.07 28 
-2.2254974365234377 0.0002 0.0001 0.999993392030398 1e-06 3e-06 0.9999859954913457 6e-06 1e-05 4.5122982724507645 0.07 0.07 29 
-2.2255315653483074 7e-05 6e-05 0.9999944015343984 1e-06 1e-06 0.999983408053716 5e-06 6e-06 4.512247999509175 0.06 0.06 30 
-2.225514736175537 0.0002 0.0002 0.9999932332833608 2e-06 3e-06 0.9999876286586126 7e-06 1e-05 4.512368823687235 0.08 0.08 31 
-2.225412492752075 0.0002 0.0002 0.9999916807810465 2e-06 3e-06 0.9999852963288625 7e-06 1e-05 4.512508188883464 0.08 0.08 32 
-2.2255284500122072 0.0002 0.0002 0.9999934242169062 2e-06 3e-06 0.99998748421669 7e-06 1e-05 4.51236813545227 0.08 0.08 33 
-2.225383294423421 0.0002 0.0002 0.9999913720289866 2e-06 3e-06 0.9999855891863505 7e-06 1e-05 4.512524752616883 0.08 0.08 34 
-2.2254389921824136 5e-05 5e-05 0.999993057847023 1e-06 1e-06 0.9999828205506007 3e-06 4e-06 4.512314375241598 0.06 0.06 35 
-2.2254576683044434 0.0002 0.0001 0.9999925935268402 2e-06 3e-06 0.9999859595298767 7e-06 1e-05 4.51232963403066 0.07 0.07 36 
-2.225476837158203 0.0004 0.0003 0.9999928506215413 2e-06 3e-06 0.9999848832686742 1e-05 2e-05 4.512379163106282 0.09 0.09 37 
-2.2254171816507977 0.0003 0.0002 0.9999919984738032 2e-06 4e-06 0.9999855381250381 6e-06 8e-06 4.512529349327087 0.08 0.08 38 
-2.225443407694499 2e-05 2e-05 0.9999936558802922 4e-07 4e-07 0.9999834907054901 7e-07 7e-07 4.512244995435079 0.05 0.05 39 
-2.225498536427816 0.0002 0.0002 0.9999931814273199 2e-06 2e-06 0.9999842049678167 8e-06 1e-05 4.512396869659423 0.08 0.08 40 
-2.2254431279500326 0.0002 0.0002 0.9999926247199377 2e-06 3e-06 0.9999829582373301 8e-06 1e-05 4.512450515429179 0.08 0.08 41 
-2.2254575284322105 2e-05 2e-05 0.9999942648410797 4e-07 3e-07 0.9999824490149816 7e-07 7e-07 4.512212974230448 0.05 0.05 42 
-2.2255409812927245 0.0002 0.0001 0.9999931206305822 2e-06 3e-06 0.9999868100881577 6e-06 1e-05 4.512452464103699 0.07 0.07 43 
-2.2255532614390057 2e-05 2e-05 0.9999943431218465 3e-07 3e-07 0.9999838938315709 7e-07 6e-07 4.512212777137757 0.05 0.05 44 
-2.2257170486450195 0.0002 0.0002 0.9999957120418549 1e-06 2e-06 0.9999882394075393 7e-06 1e-05 4.511965401967367 0.06 0.07 45 
-2.2255479176839192 0.0002 0.0002 0.9999938621123632 2e-06 3e-06 0.9999873493115107 7e-06 1e-05 4.5123174858093265 0.08 0.08 46 
-2.225509204864502 0.0002 0.0002 0.999993039170901 2e-06 2e-06 0.9999874832232793 6e-06 1e-05 4.512432947158813 0.07 0.07 47 
-2.225418955485026 0.0002 0.0002 0.999992086092631 2e-06 3e-06 0.9999854278564453 8e-06 1e-05 4.512533540725708 0.08 0.08 48 
-2.2254231039683026 2e-05 2e-05 0.9999930153290431 4e-07 5e-07 0.999981472492218 8e-07 8e-07 4.512274641990661 0.05 0.05 49 
-2.225395590464274 0.0002 0.0001 0.9999917628367742 2e-06 2e-06 0.9999861665566763 7e-06 1e-05 4.512410489718119 0.08 0.08 50 
-2.225225763320923 2e-05 2e-05 0.9999906833966573 7e-07 6e-07 0.9999789605538051 8e-07 8e-07 4.512572113672892 0.06 0.06 51 
-2.225528882344564 0.0002 0.0002 0.9999939237038294 2e-06 3e-06 0.9999857656160991 8e-06 2e-05 4.512261637051901 0.08 0.08 52 
-2.225369160970052 0.0002 0.0001 0.9999928971131643 2e-06 3e-06 0.9999828247229258 6e-06 9e-06 4.512467652956644 0.07 0.07 53 
-2.2254378763834635 0.0002 0.0002 0.9999924967686336 2e-06 3e-06 0.999985170563062 7e-06 1e-05 4.512389127413432 0.07 0.07 54 
-2.2255672200520835 0.0002 0.0002 0.9999937574068706 2e-06 2e-06 0.999987257917722 7e-06 1e-05 4.512369831403096 0.08 0.08 55 
-2.2255492877960203 0.0002 0.0002 0.9999934715032578 1e-06 2e-06 0.9999861530462901 8e-06 1e-05 4.512351059913636 0.07 0.07 56 
-2.2255470975240073 0.0002 0.0001 0.9999934858083726 1e-06 2e-06 0.9999854238828023 7e-06 1e-05 4.512309761047363 0.07 0.07 57 
-2.225380818049113 0.0004 0.0002 0.9999915440877278 2e-06 4e-06 0.9999832727511724 7e-06 1e-05 4.512666467030843 0.08 0.08 58 
-2.2252071857452393 0.0003 0.0002 0.9999874413013459 3e-06 4e-06 0.9999842955668767 6e-06 8e-06 4.513045741717021 0.08 0.08 59 
-2.2254334545135497 2e-05 2e-05 0.99999338666598 4e-07 4e-07 0.9999801174799601 8e-07 9e-07 4.512237140337626 0.05 0.05 60 
-2.225475403467814 0.0002 0.0001 0.9999933375914891 2e-06 2e-06 0.9999845127264658 7e-06 1e-05 4.5124315786361695 0.08 0.08 61 
-2.225482521057129 0.0002 0.0002 0.9999926255146663 2e-06 3e-06 0.9999870038032532 7e-06 1e-05 4.512508277893066 0.08 0.08 62 
-2.225346927642822 0.0002 0.0002 0.9999917570749919 2e-06 3e-06 0.999983137845993 7e-06 1e-05 4.512771862347921 0.08 0.08 63 
-2.225532480875651 0.0002 0.0002 0.9999935305118561 2e-06 3e-06 0.9999874989191692 6e-06 1e-05 4.512415742874145 0.08 0.08 64 
-2.2255538018544514 0.0002 0.0002 0.999993514418602 1e-06 2e-06 0.9999858675400416 8e-06 1e-05 4.512260270118714 0.07 0.07 65 
-2.2253970877329508 0.0002 0.0002 0.9999918194611868 2e-06 3e-06 0.9999843672911326 8e-06 1e-05 4.512497172355652 0.08 0.08 66 
-2.225472606023153 9e-05 7e-05 0.9999937631686528 1e-06 2e-06 0.9999824361006419 4e-06 6e-06 4.512234892845154 0.06 0.06 67 
-2.2254236920674644 0.0002 0.0001 0.9999926706155141 2e-06 2e-06 0.9999845602114995 8e-06 1e-05 4.5125174204508465 0.08 0.08 68 
-2.225373649597168 7e-05 6e-05 0.9999929960568746 1e-06 2e-06 0.9999816006422043 3e-06 5e-06 4.512382162412008 0.07 0.07 69 
-2.2252804247538247 0.0002 0.0002 0.9999891624848047 2e-06 3e-06 0.9999843764305115 7e-06 1e-05 4.512753254572551 0.08 0.08 70 
-2.2255759239196777 0.0002 0.0002 0.9999939618508021 1e-06 3e-06 0.9999873787164688 6e-06 1e-05 4.512285550435384 0.07 0.07 71 
-2.225453135172526 0.0003 0.0002 0.9999917282660802 2e-06 4e-06 0.9999860312541325 7e-06 1e-05 4.512539560000102 0.08 0.08 72 
-2.2255145645141603 2e-05 2e-05 0.9999916791915894 8e-07 6e-07 0.9999898725748062 5e-07 5e-07 4.51254600683848 0.04 0.04 73 
-2.225608606338501 0.0002 0.0002 0.9999941955010097 1e-06 2e-06 0.9999862613280615 8e-06 2e-05 4.5122994565963745 0.07 0.07 74 
-2.225495840708415 0.0002 0.0001 0.999993371963501 2e-06 3e-06 0.9999850928783417 6e-06 1e-05 4.51222271601359 0.07 0.07 75 
-2.2254544830322267 0.0002 0.0002 0.9999924465020498 2e-06 2e-06 0.9999865821997325 7e-06 1e-05 4.5123809734980265 0.07 0.07 76 
-2.225545644760132 0.0002 0.0002 0.9999930395682652 2e-06 3e-06 0.999988377292951 6e-06 1e-05 4.512351805369059 0.07 0.07 77 
-2.2254533545176187 0.0002 0.0002 0.999992000857989 2e-06 3e-06 0.9999878468116125 6e-06 1e-05 4.512553383509318 0.08 0.08 78 
-2.2254603131612143 2e-05 1e-05 0.9999936558802922 4e-07 4e-07 0.9999806837240854 8e-07 8e-07 4.512270212173462 0.05 0.05 79 
-2.225499277114868 0.0002 0.0001 0.9999929569164911 1e-06 2e-06 0.9999856448173523 7e-06 1e-05 4.51243422349294 0.07 0.07 80 
-2.2254664071400962 0.0002 0.0002 0.9999926712115605 2e-06 3e-06 0.9999876934289932 6e-06 1e-05 4.512469871838888 0.07 0.07 81 
-2.2256896781921385 0.0002 0.0002 0.9999949085712433 1e-06 2e-06 0.9999877687295278 7e-06 1e-05 4.512259459495544 0.07 0.07 82 
-2.2255578581492106 0.0002 0.0002 0.9999934349457423 2e-06 2e-06 0.9999855850140253 7e-06 1e-05 4.512369233767192 0.07 0.07 83 
-2.2253975009918214 4e-05 4e-05 0.9999929662545523 1e-06 1e-06 0.9999816171328226 2e-06 3e-06 4.512318302790324 0.07 0.07 84 
-2.2254857126871745 5e-05 5e-05 0.9999938368797302 1e-06 1e-06 0.999983549118042 4e-06 5e-06 4.512250034014384 0.06 0.06 85 
-2.225526386896769 0.0001 0.0001 0.999993596871694 1e-06 2e-06 0.9999847020705541 6e-06 7e-06 4.51234599908193 0.06 0.06 86 
-2.225452321370443 0.0002 0.0002 0.999992703795433 2e-06 3e-06 0.9999851055939992 7e-06 1e-05 4.5124054511388145 0.08 0.08 87 
-2.225485471089681 0.0002 0.0001 0.9999927671750387 2e-06 2e-06 0.9999852579832077 7e-06 1e-05 4.5123962370554604 0.07 0.07 88 
-2.225503857930501 0.0002 0.0002 0.999992677172025 2e-06 3e-06 0.9999851224819819 6e-06 1e-05 4.5123810323079425 0.07 0.07 89 
-2.2253871599833173 2e-05 2e-05 0.999993174870809 4e-07 4e-07 0.999981069167455 8e-07 8e-07 4.512286434173584 0.05 0.05 90 
-2.2253261025746665 0.0003 0.0002 0.9999895751476288 2e-06 4e-06 0.9999857221047084 7e-06 1e-05 4.512719591458638 0.08 0.08 91 
-2.225535977681478 0.0002 0.0002 0.9999933369954427 2e-06 3e-06 0.9999880178769429 6e-06 1e-05 4.512453010876974 0.08 0.07 92 
-2.22542599995931 0.0002 0.0001 0.999992015560468 2e-06 3e-06 0.9999831982453664 7e-06 1e-05 4.512465306917826 0.08 0.08 93 
-2.2253292655944823 0.0005 0.0003 0.9999900126457214 3e-06 5e-06 0.9999851189057032 7e-06 1e-05 4.512734376589457 0.08 0.08 94 
-2.2256201903025308 0.0002 0.0002 0.9999943741162618 2e-06 2e-06 0.9999870280424754 8e-06 2e-05 4.512302455902099 0.07 0.07 95 
-2.2254254881540936 0.0002 0.0001 0.9999924635887146 2e-06 2e-06 0.9999841658274332 7e-06 1e-05 4.512445947329203 0.08 0.08 96 
-2.225655829111735 0.0002 0.0001 0.99999502658844 1e-06 2e-06 0.9999882475535075 6e-06 1e-05 4.512330354054769 0.07 0.07 97 
-2.2254408105214436 0.0003 0.0002 0.9999928027391434 2e-06 3e-06 0.9999857405821483 7e-06 9e-06 4.512472205162048 0.07 0.07 98 
-2.225522197087606 0.0002 0.0002 0.999993260105451 2e-06 3e-06 0.9999869624773662 6e-06 1e-05 4.51247127532959 0.08 0.08 99 
