-2.2256026299794516 0.0003 0.0002 0.9999942002693812 2e-06 3e-06 0.9999879030386607 7e-06 2e-05 4.512199926376343 0.08 0.08 0 
-2.2255837949117026 0.0005 0.0003 0.9999948914845784 2e-06 3e-06 0.9999868702888489 1e-05 3e-05 4.512178786595663 0.09 0.09 1 
-2.2256597963968914 0.0004 0.0003 0.9999949343999227 2e-06 4e-06 0.99998872478803 8e-06 2e-05 4.512263701756795 0.09 0.08 2 
-2.2256962362925212 0.0004 0.0002 0.9999953496456147 2e-06 3e-06 0.9999899450937907 7e-06 2e-05 4.512050112088521 0.08 0.08 3 
-2.2255492719014485 0.0004 0.0003 0.9999942205349605 2e-06 4e-06 0.9999873628218968 8e-06 2e-05 4.512272939682007 0.08 0.08 4 
-2.225607592264811 0.0005 0.0003 0.9999948998292287 2e-06 3e-06 0.9999863710006078 1e-05 2e-05 4.512178004582723 0.09 0.09 5 
-2.2255674616495766 0.0001 0.0001 0.9999955447514852 1e-06 2e-06 0.9999836415052414 7e-06 1e-05 4.512099150021871 0.07 0.07 6 
-2.2256058661142983 0.0004 0.0003 0.9999944643179576 2e-06 4e-06 0.9999879791339239 8e-06 2e-05 4.512229905128479 0.08 0.08 7 
-2.225674273173014 0.0003 0.0003 0.9999949047962825 2e-06 3e-06 0.9999886979659398 7e-06 1e-05 4.512250569661458 0.07 0.07 8 
-2.225576066970825 0.0004 0.0003 0.999994535446167 2e-06 3e-06 0.9999856750170389 1e-05 2e-05 4.5122524325052895 0.09 0.09 9 
-2.225599349339803 0.0003 0.0003 0.9999947579701741 2e-06 3e-06 0.9999871095021565 8e-06 2e-05 4.512252775828044 0.08 0.08 10 
-2.2255999024709068 0.0003 0.0003 0.9999946029980977 2e-06 3e-06 0.9999870866537094 9e-06 2e-05 4.512213346163432 0.08 0.08 11 
-2.225603634516398 0.0003 0.0002 0.9999957207838694 2e-06 3e-06 0.9999841723839442 8e-06 2e-05 4.512109910647075 0.07 0.07 12 
-2.2254987716674806 0.0004 0.0003 0.9999937015771866 2e-06 4e-06 0.9999867522716522 8e-06 1e-05 4.512302624384562 0.09 0.09 13 
-2.2256020800272625 0.0005 0.0003 0.9999949737389883 2e-06 3e-06 0.9999862289428711 1e-05 3e-05 4.5121714274088545 0.09 0.09 14 
-2.2256160672505696 0.0004 0.0003 0.9999941579500834 2e-06 3e-06 0.9999867343902588 9e-06 2e-05 4.5122548135121665 0.08 0.08 15 
-2.225619773864746 0.0003 0.0002 0.9999949644009273 2e-06 3e-06 0.9999876447518666 8e-06 2e-05 4.512124183972676 0.08 0.08 16 
-2.22564967473348 0.0003 0.0003 0.9999949779113134 2e-06 3e-06 0.9999882372220358 8e-06 2e-05 4.512286671002706 0.08 0.08 17 
-2.225582243601481 0.0005 0.0003 0.9999941909313201 2e-06 3e-06 0.9999861121177673 1e-05 2e-05 4.512208573023478 0.09 0.09 18 
-2.2255761432647705 0.0003 0.0003 0.9999944518009821 2e-06 3e-06 0.9999866545200348 9e-06 2e-05 4.512138888041179 0.08 0.08 19 
-2.2256152470906576 0.0003 0.0003 0.999994289080302 2e-06 3e-06 0.9999874490499496 8e-06 2e-05 4.512187717755635 0.08 0.08 20 
-2.225591293970744 0.0002 0.0001 0.9999956613779069 1e-06 2e-06 0.9999831326802572 8e-06 1e-05 4.512046375274658 0.07 0.07 21 
-2.2254141839345296 2e-05 2e-05 0.9999935253461202 4e-07 4e-07 0.9999825338522593 7e-07 7e-07 4.512216471036275 0.06 0.06 22 
-2.225384171803792 0.0004 0.0003 0.9999919784069061 2e-06 4e-06 0.9999774928887685 8e-06 2e-05 4.512457110087077 0.09 0.08 23 
-2.2255630397796633 0.0005 0.0003 0.9999947430690129 2e-06 3e-06 0.9999861651659012 1e-05 3e-05 4.512171328862508 0.09 0.09 24 
-2.22560733795166 0.0003 0.0003 0.9999947847922643 2e-06 3e-06 0.9999876896540324 8e-06 2e-05 4.512188088099162 0.08 0.08 25 
-2.2254469426472983 2e-05 2e-05 0.9999943427244822 3e-07 4e-07 0.9999815885225932 8e-07 7e-07 4.512157203356425 0.05 0.05 26 
-2.225503158569336 0.0003 0.0002 0.9999933451414108 2e-06 3e-06 0.9999865078926087 8e-06 2e-05 4.512305517196655 0.08 0.08 27 
-2.2255239200592043 0.0003 0.0003 0.9999940027793248 2e-06 3e-06 0.9999862839778264 9e-06 2e-05 4.512289837201436 0.08 0.08 28 
-2.225604607264201 0.0004 0.0003 0.9999942477544149 2e-06 3e-06 0.9999862561623255 8e-06 2e-05 4.512220147450765 0.08 0.08 29 
-2.225584805806478 0.0003 0.0002 0.9999944643179576 2e-06 3e-06 0.9999871824185054 8e-06 2e-05 4.512173077265421 0.08 0.08 30 
-2.2254912185668947 7e-05 7e-05 0.9999945521354675 1e-06 1e-06 0.9999838358163834 4e-06 6e-06 4.512144114176432 0.07 0.07 31 
-2.2255965773264568 0.0003 0.0003 0.9999943013985951 2e-06 3e-06 0.9999873876571655 8e-06 2e-05 4.512239953676859 0.08 0.08 32 
-2.2255822658538817 0.0003 0.0003 0.9999944297472636 2e-06 3e-06 0.9999863237142563 8e-06 2e-05 4.512175037066142 0.08 0.08 33 
-2.225616677602132 0.0004 0.0003 0.9999953524271648 2e-06 3e-06 0.9999865704774856 9e-06 2e-05 4.512224143346151 0.08 0.08 34 
-2.2255633290608725 0.0003 0.0002 0.9999936825037002 2e-06 3e-06 0.999986278017362 8e-06 2e-05 4.512181404431661 0.08 0.08 35 
-2.2255512428283692 0.0005 0.0003 0.9999942149718603 2e-06 3e-06 0.9999863362312317 1e-05 3e-05 4.512335324287415 0.09 0.09 36 
-2.2256525866190593 0.0003 0.0003 0.999994985461235 2e-06 3e-06 0.999987308382988 8e-06 2e-05 4.512217431068421 0.08 0.07 37 
-2.2255696392059328 0.0004 0.0003 0.9999942952394485 2e-06 4e-06 0.9999871953328451 8e-06 2e-05 4.512260862986246 0.08 0.08 38 
-2.225553118387858 0.0004 0.0003 0.9999941402673721 2e-06 4e-06 0.9999874665339787 8e-06 2e-05 4.512288935979208 0.08 0.08 39 
-2.225477746327718 2e-05 2e-05 0.9999945028622945 3e-07 4e-07 0.9999837666749954 7e-07 6e-07 4.512132918039958 0.05 0.05 40 
-2.225605920155843 0.0003 0.0002 0.9999945727984111 2e-06 3e-06 0.9999881060918172 7e-06 2e-05 4.512111988067627 0.08 0.08 41 
-2.2255934047698975 0.0003 0.0003 0.9999941740433375 2e-06 3e-06 0.999987086057663 8e-06 2e-05 4.512229735056559 0.08 0.08 42 
-2.2255766359965006 0.0002 0.0002 0.9999954028924306 1e-06 3e-06 0.9999843245744705 8e-06 2e-05 4.51213376045227 0.07 0.07 43 
-2.225451437632243 2e-05 2e-05 0.9999940488735835 3e-07 4e-07 0.9999824621280035 7e-07 6e-07 4.512197467486064 0.05 0.05 44 
-2.2254622109731037 0.0003 0.0003 0.9999930735429128 2e-06 4e-06 0.9999872903029124 7e-06 2e-05 4.512393929163615 0.08 0.08 45 
-2.2256152566274006 0.0003 0.0003 0.9999944160381953 2e-06 4e-06 0.9999882876873016 8e-06 2e-05 4.512244941393535 0.08 0.08 46 
-2.225534925460815 0.0004 0.0003 0.999993768731753 2e-06 3e-06 0.9999848258495331 1e-05 2e-05 4.512207791010539 0.08 0.08 47 
-2.2255962467193604 0.0003 0.0003 0.9999943025906881 2e-06 3e-06 0.9999850821495057 9e-06 2e-05 4.512317171096802 0.08 0.08 48 
-2.2255832608540853 0.0003 0.0002 0.9999945592880249 2e-06 3e-06 0.9999871861934662 8e-06 2e-05 4.512208673159281 0.08 0.08 49 
-2.225632117589315 0.0005 0.0003 0.9999950283765793 2e-06 3e-06 0.9999869213501612 9e-06 3e-05 4.512204691569011 0.08 0.08 50 
-2.225570262273153 0.0009 0.0004 0.9999940035740534 2e-06 3e-06 0.9999872950712839 1e-05 4e-05 4.51208505153656 0.09 0.09 51 
-2.2255109850565593 0.0003 0.0002 0.9999937293926875 2e-06 3e-06 0.9999853867292404 9e-06 2e-05 4.512267832756042 0.08 0.08 52 
-2.22564177831014 0.0005 0.0003 0.9999943923950195 2e-06 4e-06 0.9999876918395361 8e-06 2e-05 4.512100779215495 0.08 0.08 53 
-2.225590531031291 0.0003 0.0002 0.9999945271015167 2e-06 3e-06 0.9999873671929042 8e-06 2e-05 4.512223380406698 0.08 0.08 54 
-2.225573279062907 0.0003 0.0003 0.9999938631057739 2e-06 3e-06 0.9999862680832545 8e-06 2e-05 4.512201255162557 0.08 0.08 55 
-2.225658105214437 0.0004 0.0003 0.9999947681029637 2e-06 3e-06 0.9999888982375463 8e-06 2e-05 4.512121551831563 0.08 0.08 56 
-2.225570233662923 0.0003 0.0002 0.9999951775868734 2e-06 3e-06 0.9999848971764247 8e-06 1e-05 4.512064347267151 0.07 0.07 57 
-2.2255603822072345 0.0003 0.0003 0.9999942992130916 2e-06 3e-06 0.9999863529205322 9e-06 2e-05 4.512301910718282 0.08 0.09 58 
-2.2256076176961264 0.0004 0.0003 0.999994720419248 2e-06 3e-06 0.9999865702788036 9e-06 2e-05 4.512272168795268 0.08 0.08 59 
-2.2255377419789633 0.0005 0.0003 0.9999945517381033 2e-06 5e-06 0.9999866435925165 7e-06 2e-05 4.512177228927612 0.09 0.09 60 
-2.2255013179779053 0.0003 0.0002 0.9999931301673254 2e-06 3e-06 0.9999840118487676 8e-06 2e-05 4.512263717651368 0.08 0.08 61 
-2.22565336227417 0.0005 0.0004 0.9999946620066961 2e-06 4e-06 0.9999884885549545 7e-06 2e-05 4.512163400650024 0.08 0.08 62 
-2.2257139619191486 0.0006 0.0003 0.9999957086642584 2e-06 3e-06 0.999988629023234 9e-06 3e-05 4.512118269602458 0.08 0.08 63 
-2.225479558308919 0.0003 0.0002 0.9999936638275783 2e-06 3e-06 0.999985531369845 9e-06 2e-05 4.512289500236511 0.08 0.08 64 
-2.225547440846761 0.0003 0.0002 0.9999936858812968 2e-06 3e-06 0.9999873201052348 8e-06 2e-05 4.512298487027486 0.08 0.08 65 
-2.225509262084961 0.0003 0.0003 0.9999941446383794 2e-06 3e-06 0.9999854497114817 9e-06 2e-05 4.5123632510503136 0.08 0.08 66 
-2.225588191350301 0.0003 0.0002 0.9999941486120224 2e-06 3e-06 0.9999866483608881 8e-06 2e-05 4.5122838894526165 0.08 0.08 67 
-2.2254036045074463 2e-05 2e-05 0.9999936530987422 4e-07 4e-07 0.9999824068943659 7e-07 7e-07 4.51224158445994 0.05 0.05 68 
-2.225567715962728 0.0004 0.0003 0.9999945642550786 2e-06 3e-06 0.9999862134456634 9e-06 2e-05 4.512202758789062 0.08 0.08 69 
-2.225535275141398 0.0004 0.0003 0.999993900458018 2e-06 4e-06 0.9999875018994013 8e-06 2e-05 4.512382111549377 0.09 0.09 70 
-2.225558303197225 0.0004 0.0003 0.9999945507446925 2e-06 3e-06 0.9999858929713568 9e-06 2e-05 4.512235752741495 0.09 0.09 71 
-2.2255045318603517 8e-05 7e-05 0.9999946590264638 9e-07 1e-06 0.9999832926193873 6e-06 8e-06 4.512197233835856 0.06 0.06 72 
-2.22544366200765 0.0004 0.0003 0.9999927908182145 2e-06 4e-06 0.9999864761034648 8e-06 2e-05 4.512289137840271 0.08 0.08 73 
-2.225541868209839 0.0003 0.0003 0.9999941970904668 2e-06 3e-06 0.9999863030513128 9e-06 2e-05 4.512366882960001 0.08 0.08 74 
-2.2254955863952635 0.0004 0.0003 0.9999934371312459 2e-06 3e-06 0.9999862130482992 7e-06 2e-05 4.512300632794698 0.08 0.08 75 
-2.2255198446909588 0.0003 0.0002 0.9999938011169434 2e-06 3e-06 0.9999860390027364 8e-06 2e-05 4.512237532933553 0.08 0.08 76 
-2.2256201108296714 0.0004 0.0003 0.9999945362408956 2e-06 4e-06 0.9999887333313624 8e-06 2e-05 4.5123228820165 0.08 0.08 77 
-2.2254724979400633 2e-05 2e-05 0.9999943288167318 4e-07 3e-07 0.9999832717577616 9e-07 9e-07 4.512159506479899 0.05 0.05 78 
-2.2255946572621665 0.0003 0.0002 0.9999955171346664 2e-06 3e-06 0.9999844594796499 8e-06 2e-05 4.512124934196472 0.08 0.08 79 
-2.22550173441569 0.0004 0.0002 0.9999940625826518 2e-06 4e-06 0.9999850606918335 6e-06 1e-05 4.512305677731832 0.07 0.07 80 
-2.2254714520772296 2e-05 2e-05 0.9999943089485168 3e-07 3e-07 0.9999825721979141 7e-07 7e-07 4.512155572573344 0.05 0.05 81 
-2.2256754875183105 0.0003 0.0003 0.9999951684474945 2e-06 3e-06 0.9999884386857351 8e-06 2e-05 4.512140739758809 0.08 0.08 82 
-2.2255075613657636 0.001 0.0005 0.9999942570924759 2e-06 4e-06 0.9999868567784628 1e-05 4e-05 4.512358724276225 0.1 0.1 83 
-2.225607074101766 0.0006 0.0004 0.9999948052565256 2e-06 3e-06 0.9999865508079528 1e-05 3e-05 4.512145713170369 0.09 0.09 84 
-2.225373544692993 0.0004 0.0003 0.9999918665488561 2e-06 4e-06 0.9999855573972066 8e-06 1e-05 4.512610529263815 0.09 0.09 85 
-2.225661627451579 0.0004 0.0003 0.9999962429205577 1e-06 3e-06 0.9999842166900634 1e-05 3e-05 4.511985920270284 0.07 0.07 86 
-2.2255362192789714 0.0004 0.0003 0.999993843237559 2e-06 3e-06 0.9999857445557913 9e-06 2e-05 4.51232844988505 0.09 0.09 87 
-2.2255947081247967 0.0005 0.0003 0.9999948000907898 2e-06 3e-06 0.9999868977069855 1e-05 3e-05 4.512240252494812 0.09 0.09 88 
-2.2255834770202636 0.0004 0.0003 0.9999949395656585 2e-06 3e-06 0.9999863715966543 9e-06 2e-05 4.512270420392355 0.09 0.09 89 
-2.2255115509033203 0.0003 0.0002 0.9999938627084096 2e-06 3e-06 0.9999867606163025 8e-06 2e-05 4.5123100105921425 0.08 0.08 90 
-2.2254986731211344 2e-05 1e-05 0.9999949602286021 2e-07 2e-07 0.9999839309851328 6e-07 6e-07 4.512081497510274 0.05 0.05 91 
-2.22562692006429 0.0004 0.0003 0.999994950890541 2e-06 3e-06 0.9999875825643539 8e-06 2e-05 4.512230938275655 0.08 0.08 92 
-2.2255622641245525 0.0003 0.0003 0.9999940208594005 2e-06 3e-06 0.9999841332435608 9e-06 2e-05 4.512222696940104 0.08 0.08 93 
-2.2255226802825927 0.0004 0.0003 0.9999943155050278 2e-06 3e-06 0.9999859106540679 1e-05 3e-05 4.512287190755209 0.09 0.09 94 
-2.2255903561909993 0.0004 0.0003 0.999994309147199 2e-06 3e-06 0.9999871665239334 9e-06 2e-05 4.512220362027486 0.09 0.09 95 
-2.225662466684977 0.0006 0.0003 0.9999956423044205 1e-06 3e-06 0.9999869837363561 1e-05 3e-05 4.512038308779399 0.09 0.09 96 
-2.2256617101033527 0.0003 0.0003 0.9999954068660736 2e-06 3e-06 0.99998805920283 8e-06 2e-05 4.512185777028401 0.08 0.08 97 
-2.225662975311279 0.0004 0.0003 0.9999950756629308 2e-06 3e-06 0.9999879755576452 8e-06 2e-05 4.5122153170903525 0.08 0.08 98 
-2.225565128326416 0.0003 0.0002 0.9999940143028895 2e-06 3e-06 0.9999866618712743 8e-06 2e-05 4.512137028376261 0.08 0.08 99 
