-2.2219994195302326 0.005 0.002 0.9999654773871104 2e-05 6e-05 0.9999166566133499 4e-05 0.0001 4.507252672513326 0.1 0.1 1 
-2.2212839317321778 0.007 0.003 0.9999115681648254 5e-05 0.0002 0.9999654934803645 2e-05 4e-05 4.51175985177358 0.2 0.2 3 
-2.220675427118937 0.001 0.0007 0.9999154327313106 1e-05 2e-05 0.9999816795190175 4e-06 8e-06 4.509690322875977 0.2 0.2 5 
-2.2209779421488443 0.002 0.001 0.9999452571074168 1e-05 2e-05 0.999911012450854 5e-05 5e-05 4.502461791038513 0.2 0.2 6 
-2.2223875904083252 0.0006 0.0005 0.9998904238144557 5e-05 0.0001 0.9999958966175715 1e-06 2e-06 4.50977060953776 0.1 0.1 11 
-2.2009174156188966 0.004 0.003 0.9996121446291606 5e-05 9e-05 0.9999594394365946 6e-06 6e-06 4.498253127733866 0.4 0.4 16 
-2.1980766932169598 0.0006 0.0005 0.9999417322874069 5e-06 6e-06 0.9991796614726385 2e-05 5e-05 4.490003163019816 0.1 0.1 18 
-2.224461409250895 0.001 0.0007 0.9999749096234639 5e-06 1e-05 0.9998408055305481 1e-05 1e-05 4.508612686793009 0.1 0.1 20 
-0.37790372053782145 0.0008 0.0004 0.8150875530640285 0.004 0.004 0.9829072328408559 0.0008 0.0007 2.386401871840159 0.1 0.1 23 
-2.2161805693308514 0.0002 0.0002 0.9999451019366582 3e-06 3e-06 0.9997316052516302 9e-06 1e-05 4.508420807520548 0.1 0.1 24 
-2.2219631703694662 0.0002 0.0002 0.9999654243389765 5e-06 5e-06 0.9999502485990525 3e-06 3e-06 4.509705890019735 0.1 0.1 26 
-2.2219383621215822 0.0001 0.0001 0.9999128689368566 9e-06 9e-06 0.9999575134118398 1e-06 2e-06 4.510774003664652 0.2 0.2 29 
-2.2209084860483803 0.0003 0.0003 0.9999511973063151 1e-05 1e-05 0.9999524281422297 7e-06 7e-06 4.512311809857686 0.2 0.2 32 
-2.221470111211141 0.002 0.001 0.9999460933605829 1e-05 2e-05 0.999976452589035 2e-05 4e-05 4.510766379038492 0.2 0.2 33 
-2.212732963562012 0.0005 0.0004 0.999922147989273 1e-05 1e-05 0.9999763149023057 6e-06 1e-05 4.505597869555156 0.2 0.2 34 
-2.221175883611043 0.005 0.002 0.9999740646282832 1e-05 2e-05 0.9985392423470815 6e-05 0.0001 4.515489209493001 0.2 0.2 37 
-2.20426589012146 0.0005 0.0005 0.9999653979142507 5e-06 5e-06 0.9990936078627904 2e-05 2e-05 4.48028640906016 0.2 0.2 40 
-2.222722387313843 0.001 0.0006 0.9999246905247371 2e-05 1e-05 0.9999449207385381 3e-05 4e-05 4.514790722529093 0.2 0.2 42 
-2.2157297039031985 0.0009 0.0009 0.9998353052139283 4e-05 4e-05 0.9998631298542022 6e-05 6e-05 4.496121455828349 0.3 0.3 49 
-2.2229415861765545 0.0004 0.0003 0.9999661107858022 5e-06 6e-06 0.9999692879120509 2e-06 3e-06 4.509644157091777 0.1 0.1 50 
-2.213045517603556 0.02 0.006 0.9998123317956924 6e-05 0.0001 0.9999006867408753 7e-05 0.0002 4.50379502137502 0.4 0.4 52 
-2.214777495066325 0.002 0.001 0.99989974518617 2e-05 2e-05 0.9999121630191803 6e-06 5e-06 4.503018536567688 0.4 0.4 54 
-0.39008275667826336 0.002 0.0008 0.8200411148866018 0.008 0.009 0.9840562822421391 0.001 0.001 2.41971395333608 0.2 0.1 55 
-2.2113438193003336 0.003 0.001 0.9998519271612167 2e-05 3e-05 0.9998901363213857 2e-05 4e-05 4.500588857332866 0.2 0.2 57 
-2.223419920603434 0.0007 0.0006 0.9999649508794148 9e-06 1e-05 0.9999673406283061 7e-06 1e-05 4.508581206003825 0.2 0.2 60 
-0.37929559071858726 0.004 0.003 0.8521525567770004 0.008 0.009 0.9827612084150315 0.001 0.001 2.571391901175181 0.4 0.4 61 
-2.218747434616089 0.0004 0.0004 0.99990141193072 1e-05 1e-05 0.9999534213542938 1e-06 3e-06 4.510113412539164 0.3 0.3 62 
-2.214369586308797 0.003 0.003 0.9998234117031097 3e-05 4e-05 0.999838585058848 3e-05 4e-05 4.514431807200114 0.3 0.3 63 
-2.222586088180542 0.0004 0.0003 0.9999320149421692 1e-05 1e-05 0.9994916824499765 7e-06 1e-05 4.518263850212097 0.2 0.2 65 
-2.209733362197876 8e-05 8e-05 0.9999777549505233 6e-06 6e-06 0.9992146797974905 4e-06 4e-06 4.493105597496033 0.1 0.1 66 
-2.2226770877838136 0.005 0.002 0.9999552990992864 2e-05 7e-05 0.9999597589174907 2e-05 2e-05 4.507627474466959 0.2 0.2 67 
-0.38942669073740643 0.0002 0.0002 0.8198752307891846 0.004 0.004 0.9841047581036886 0.0008 0.0008 2.4169432584444683 0.1 0.1 70 
-2.2053108247121176 0.2 0.003 0.9998966389894486 2e-05 0.0003 0.9990021719535191 0.0001 0.01 4.498595085144043 0.3 0.3 71 
-2.224547789891561 0.002 0.001 0.9999707720677058 2e-05 4e-05 0.9998891443014145 3e-06 5e-06 4.511670861244202 0.1 0.1 74 
-0.6724929714202881 0.0004 0.0002 0.9057149906953176 0.002 0.002 0.9886620539426804 0.0006 0.0006 2.986018218199412 0.1 0.1 78 
-2.2243674596150718 0.0007 0.0003 0.9999791618188222 5e-06 5e-06 0.9999719647566477 2e-05 6e-05 4.509262426694234 0.1 0.1 80 
-2.2031653849283854 0.001 0.001 0.9998735964298249 2e-05 2e-05 0.9982803028821945 0.0001 0.0001 4.45890322526296 0.4 0.4 81 
-2.221979646682739 0.0002 0.0002 0.9999867073694865 7e-07 7e-07 0.9998226139942805 4e-05 4e-05 4.492667902310689 0.2 0.2 83 
-2.2098886871337893 0.002 0.001 0.9999746845165889 6e-06 1e-05 0.9991922573248545 3e-05 7e-05 4.4995023012161255 0.1 0.1 84 
-2.204598280588786 0.0004 0.0004 0.9999369456370671 7e-06 7e-06 0.9991965440909067 9e-06 9e-06 4.496497351328532 0.2 0.2 85 
-0.37642860412597656 0.0009 0.0007 0.8144399855534236 0.009 0.009 0.9828833661476771 0.0008 0.0009 2.378923476537069 0.1 0.1 88 
-2.205006399154663 0.001 0.0009 0.999936669866244 5e-06 6e-06 0.9990339940786361 5e-05 5e-05 4.4764741516113284 0.2 0.2 89 
-2.2230387051900227 0.002 0.0007 0.9999566024541855 2e-05 1e-05 0.9985323476791382 3e-05 6e-05 4.528493967056274 0.2 0.2 91 
-2.2103521696726482 7e-05 8e-05 0.9999735099077225 6e-07 6e-07 0.9992324121793111 2e-06 2e-06 4.499834621747334 0.1 0.1 95 
-2.1681870460510253 0.003 0.003 0.9985443673531215 0.0002 0.0002 0.9977803327639898 3e-05 3e-05 4.5278037722905475 0.3 0.3 97 
