-2.2257491874694826 0.002 0.0005 0.9999747629960378 4e-06 1e-05 0.9999955248832703 4e-06 2e-05 4.514970191319784 0.02 0.02 80 
-2.223773129781087 0.001 0.001 0.9998181108633677 2e-05 2e-05 0.9999622895320257 1e-05 2e-05 4.524395658175151 0.05 0.05 61 
-2.225956694285075 0.0004 0.0003 0.9999784775575002 1e-05 1e-05 0.9999966184298198 3e-06 7e-06 4.512620504697164 0.02 0.02 26 
-2.226470947265625 0.0003 8e-05 0.9999971137444178 2e-06 7e-06 0.9999988224109014 1e-06 3e-06 4.512123977343242 0.02 0.02 66 
-2.2223093795776365 0.002 0.001 0.9996114428838094 0.0001 0.0002 0.9998801143964132 7e-05 0.0001 4.539701186815898 0.04 0.04 19 
-2.2264250914255777 0.0002 6e-05 0.9999980539083481 2e-06 6e-06 0.9999992762009303 5e-07 2e-06 4.512158128420512 0.04 0.04 40 
-2.226297311782837 0.0005 0.0002 0.9999922678867976 4e-06 1e-05 0.9999977703889211 2e-06 9e-06 4.512101941108703 0.04 0.05 72 
-2.225366646448771 0.001 0.0008 0.9999374167124431 2e-05 2e-05 0.9999953013658524 3e-06 4e-06 4.515443336168925 0.03 0.03 46 
-2.226442750295003 0.0002 0.0001 0.9999955346186956 1e-06 5e-06 0.9999993566672007 6e-07 1e-06 4.5127373870213825 0.02 0.02 60 
-2.2262829621632894 0.0004 0.0001 0.999997434814771 2e-06 7e-06 0.9999980427821478 1e-06 6e-06 4.51195689201355 0.04 0.04 39 
-2.226253604888916 0.0002 8e-05 0.9999986867109935 7e-07 3e-06 0.999999406337738 4e-07 6e-07 4.512088640530904 0.02 0.03 78 
-2.226234038670858 0.0006 0.0002 0.9999833516279857 2e-06 6e-06 0.9999927753210067 3e-06 5e-06 4.514450745582581 0.04 0.03 23 
-2.2262362480163573 5e-05 2e-05 0.999992934068044 6e-07 1e-06 0.9999976452191671 1e-06 1e-06 4.5126982005437215 0.01 0.01 32 
-2.2260004711151122 0.001 0.0004 0.9999931486447652 4e-06 2e-05 0.9999983284870784 1e-06 4e-06 4.512272523244222 0.06 0.07 38 
-2.226455135345459 0.0001 9e-05 0.9999991204341253 5e-07 8e-07 0.9999982359011969 2e-06 3e-06 4.5121263996760055 0.02 0.02 93 
-2.226352933247884 0.0003 8e-05 0.9999928317467371 8e-07 2e-06 0.9999914004405339 2e-06 4e-06 4.513376959164938 0.02 0.02 17 
-2.225272356669108 0.0009 0.0006 0.9999501393238703 1e-05 2e-05 0.9999795571962993 2e-05 3e-05 4.5119897667566935 0.04 0.04 95 
-2.2259105332692464 0.001 0.0006 0.9999870349963506 5e-06 1e-05 0.999996550877889 3e-06 6e-06 4.512952621777853 0.05 0.06 50 
-2.2252793661753336 0.002 0.001 0.9999657915035883 2e-05 7e-05 0.999980569879214 2e-05 5e-05 4.514444265365601 0.06 0.06 64 
-2.220541976292928 0.005 0.003 0.9989783376455307 0.0005 0.0007 0.9999141190449397 7e-05 0.0002 4.564747201601664 0.07 0.05 91 
