-2.2247616132100423 0.0005 0.0005 0.9999911065896352 8e-06 9e-06 0.99996972878774 2e-05 3e-05 4.511172340710957 0.08 0.07 0 
-2.225349957148234 0.0006 0.0005 0.9999933061997096 3e-06 3e-06 0.999986443122228 1e-05 1e-05 4.511861130396525 0.06 0.06 1 
-2.224543752670288 0.0007 0.0007 0.999986605644226 1e-05 1e-05 0.9999718197186788 2e-05 2e-05 4.511210826237996 0.08 0.08 2 
-2.224647363026937 0.0006 0.0006 0.9999881982803345 9e-06 9e-06 0.9999705910682678 2e-05 2e-05 4.511023904482523 0.08 0.08 3 
-2.2243465677897136 0.0008 0.0007 0.9999854449431101 1e-05 1e-05 0.9999682658910751 2e-05 3e-05 4.511188581784566 0.09 0.09 4 
-2.2245908705393473 0.0006 0.0006 0.9999875773986181 1e-05 1e-05 0.9999700464804967 2e-05 2e-05 4.510843739509583 0.09 0.08 5 
-2.22458748181661 0.0006 0.0006 0.999988597035408 9e-06 1e-05 0.9999708406130473 2e-05 2e-05 4.511018083890279 0.09 0.08 6 
-2.224800262451172 0.0006 0.0005 0.9999914658069611 8e-06 9e-06 0.9999706359704336 2e-05 3e-05 4.511109636624654 0.07 0.07 7 
-2.224907601674398 0.0009 0.0007 0.9999898517131806 6e-06 8e-06 0.9999828253189723 1e-05 1e-05 4.511165928840637 0.09 0.09 8 
-2.22436759630839 0.0008 0.0007 0.9999843484163284 1e-05 1e-05 0.9999710720777512 2e-05 2e-05 4.510720583597819 0.1 0.09 9 
-2.22459298769633 0.0007 0.0006 0.9999887382984162 1e-05 1e-05 0.9999716458717982 2e-05 2e-05 4.510740092595419 0.08 0.08 10 
-1.5111780516306559 0.8 0.2 0.983243215282758 0.01 0.04 0.6132925873994828 0.3 0.5 6.863234895070394 10.0 4.0 11 
-2.224670785268148 0.0006 0.0006 0.9999889606237411 9e-06 1e-05 0.9999711799621582 2e-05 2e-05 4.511037170092265 0.08 0.08 12 
-2.225059754053752 0.0006 0.0004 0.9999909861882528 5e-06 5e-06 0.9999799062808354 1e-05 2e-05 4.511507735252381 0.09 0.09 13 
-2.2242944399515787 0.0008 0.0007 0.9999863074223201 1e-05 1e-05 0.9999712053934733 2e-05 2e-05 4.510804677009583 0.1 0.1 14 
-1.513096809387207 0.2 0.1 0.9880614084005356 0.007 0.009 0.777100649078687 0.1 0.3 5.07396213054657 3.0 2.0 15 
-2.224208869934082 0.0007 0.0007 0.999985716342926 9e-06 1e-05 0.9999666130542755 2e-05 2e-05 4.510972506205241 0.1 0.1 16 
-2.2253347873687743 0.0002 0.0002 0.999993356068929 3e-06 3e-06 0.9999809616804123 2e-05 2e-05 4.511557040214538 0.05 0.05 17 
-2.2245000648498534 0.0006 0.0006 0.999981912970543 1e-05 1e-05 0.9999697516361873 2e-05 2e-05 4.510790839195251 0.09 0.09 18 
-2.2246501445770264 0.0007 0.0006 0.9999890941381454 9e-06 1e-05 0.9999730612834294 2e-05 2e-05 4.5107742071151735 0.08 0.08 19 
-1.6086842600504558 0.3 0.1 0.9907920555273692 0.006 0.01 0.8835957668224971 0.07 0.2 4.5612260111172995 3.0 1.0 20 
-2.224359916051229 0.0007 0.0007 0.9999865774313609 9e-06 1e-05 0.9999687091509502 2e-05 2e-05 4.510729624430339 0.1 0.1 21 
-2.224792544047038 0.0005 0.0004 0.9999858673413594 8e-06 7e-06 0.999975129365921 2e-05 2e-05 4.511171902020772 0.09 0.09 22 
-2.224781484603882 0.0008 0.0007 0.9999902057647705 8e-06 9e-06 0.9999788339932759 2e-05 2e-05 4.51102578163147 0.06 0.06 23 
-1.519363203048706 0.3 0.2 0.9882835946480433 0.007 0.01 0.7997174694140752 0.1 0.3 4.9486002365748085 5.0 3.0 24 
-1.5122198661168416 0.7 0.2 0.982012922167778 0.02 0.06 0.8237811182936032 0.1 0.5 4.759518056313197 8.0 3.0 25 
-2.2245922406514484 0.0006 0.0006 0.9999878189961116 8e-06 9e-06 0.9999701104561488 2e-05 2e-05 4.5107804330190024 0.08 0.08 26 
-2.224563659032186 0.0006 0.0006 0.9999835715691249 1e-05 2e-05 0.999969563682874 2e-05 3e-05 4.510639341672261 0.08 0.08 27 
-2.2245954767862957 0.0006 0.0006 0.9999889886379242 9e-06 1e-05 0.9999703292051951 2e-05 2e-05 4.510952750841777 0.09 0.08 28 
-2.1439222653706866 0.1 0.05 0.9998406044642131 5e-05 0.0001 0.9973816285530727 0.0009 0.002 4.501028026739756 2.0 2.0 29 
-2.224577086766561 0.0007 0.0007 0.9999860799312592 1e-05 1e-05 0.9999726575613022 2e-05 2e-05 4.510952056248983 0.08 0.08 30 
-1.5441336599985758 0.3 0.1 0.9892122286558152 0.007 0.008 0.7883026318748793 0.1 0.4 5.059696134726207 4.0 3.0 31 
-1.5068737856547039 0.7 0.2 0.9869566716750463 0.01 0.02 0.7610035901268323 0.2 0.4 5.307393797238668 8.0 3.0 32 
-2.222977809906006 0.003 0.002 0.999991485675176 3e-06 3e-06 0.9998126127322515 2e-05 2e-05 4.511143646240234 0.2 0.2 33 
-2.2243752002716066 0.0008 0.0008 0.9999876821041107 1e-05 1e-05 0.9999711734056472 2e-05 2e-05 4.510781817436218 0.09 0.09 34 
-2.2245759709676105 0.0007 0.0006 0.9999887071053187 9e-06 1e-05 0.9999724539120992 2e-05 2e-05 4.511033322016398 0.08 0.08 35 
-2.224454460144043 0.0009 0.0008 0.999986801147461 1e-05 1e-05 0.9999740080038706 2e-05 2e-05 4.511134847005208 0.09 0.08 36 
nan 37 
-2.2246516609191893 0.0007 0.0006 0.9999895322322846 9e-06 1e-05 0.9999726949135462 2e-05 2e-05 4.510966728528341 0.08 0.08 38 
-2.223229379653931 0.0008 0.0007 0.999982172648112 9e-06 1e-05 0.9999476740757625 3e-05 3e-05 4.510155957539876 0.1 0.1 39 
-2.2243503888448077 0.0007 0.0007 0.9999867526690165 9e-06 9e-06 0.9999689294894536 2e-05 2e-05 4.510745048522949 0.1 0.09 40 
-2.2245680395762126 0.0007 0.0006 0.9999862068891525 1e-05 1e-05 0.999970916112264 2e-05 2e-05 4.510835270881653 0.08 0.08 41 
-2.224718662897746 0.0007 0.0006 0.999987694422404 1e-05 1e-05 0.9999758126338323 2e-05 2e-05 4.511101673444112 0.08 0.08 42 
-2.2244056924184163 0.0008 0.0007 0.9999850656588872 1e-05 1e-05 0.9999716691176097 2e-05 2e-05 4.51099396387736 0.09 0.09 43 
-1.5976057879130046 0.2 0.1 0.9880698770284653 0.007 0.01 0.9207996259133021 0.04 0.05 4.368387424151103 3.0 2.0 44 
-2.2252347246805826 0.0002 0.0002 0.9999943999449412 3e-06 3e-06 0.999975018898646 2e-05 2e-05 4.511564011573792 0.08 0.08 45 
-2.224523830413818 0.0007 0.0007 0.9999870379765828 1e-05 1e-05 0.9999720416466396 2e-05 2e-05 4.511058446566264 0.08 0.08 46 
-2.2247107219696045 0.0006 0.0006 0.9999902500708898 8e-06 9e-06 0.9999713174502055 2e-05 2e-05 4.5110226853688555 0.08 0.08 47 
-1.509747823079427 0.4 0.2 0.9868209119637807 0.01 0.03 0.7692387616634369 0.2 0.4 5.235872076352437 6.0 3.0 48 
-2.22510955174764 0.0006 0.0004 0.9999908649921417 5e-06 5e-06 0.9999789887666702 1e-05 2e-05 4.511408929824829 0.08 0.08 49 
-2.2246616967519124 0.0007 0.0006 0.9999891183773677 9e-06 1e-05 0.9999721469481786 2e-05 2e-05 4.510970743497213 0.08 0.08 50 
-1.539362112681071 0.4 0.1 0.9892582972844441 0.006 0.009 0.8569115062554677 0.08 0.4 4.619320049285888 5.0 2.0 51 
-2.2246311410268147 0.0008 0.0008 0.9999872926870982 1e-05 1e-05 0.9999819505214691 1e-05 1e-05 4.511040576299032 0.08 0.08 52 
-2.2241900730133057 0.0007 0.0007 0.9999842307964961 9e-06 1e-05 0.9999655689795812 2e-05 3e-05 4.510794084866841 0.1 0.1 53 
-1.6457999451955159 1.0 0.2 0.9911954271793365 0.006 0.02 0.8944533745447795 0.07 0.3 4.566626816590627 5.0 2.0 54 
-2.2245373662312824 0.0006 0.0006 0.9999885006745657 9e-06 1e-05 0.9999693858623505 2e-05 3e-05 4.510980819066366 0.09 0.08 55 
-2.2240955607096353 0.0005 0.0007 0.9999900559584299 6e-06 9e-06 0.9999581815799078 3e-05 3e-05 4.511283499399821 0.1 0.1 56 
-2.224568525950114 0.0007 0.0007 0.999985404809316 1e-05 1e-05 0.9999719643592835 2e-05 2e-05 4.510914228757223 0.09 0.09 57 
-2.2245386123657225 0.0007 0.0007 0.9999891128142675 7e-06 8e-06 0.9999734807014465 2e-05 2e-05 4.511058384577433 0.08 0.07 58 
-2.224483283360799 0.0007 0.0007 0.9999856579303742 1e-05 1e-05 0.9999686553080877 2e-05 2e-05 4.5111201445261635 0.08 0.08 59 
-2.224520893096924 0.0008 0.0007 0.999988161722819 1e-05 1e-05 0.9999729168415069 2e-05 2e-05 4.510860215822856 0.09 0.08 60 
-1.814639860788981 0.01 0.01 0.9955687648057938 0.002 0.004 0.977838953534762 0.009 0.01 4.341172391573588 2.0 1.0 61 
-2.2245816548665363 0.0007 0.0007 0.9999869153896968 1e-05 1e-05 0.999971544543902 2e-05 2e-05 4.511071441968282 0.08 0.08 62 
-2.2246286551157635 0.0005 0.0005 0.9999861886103948 8e-06 8e-06 0.9999681293964386 2e-05 3e-05 4.510833743413289 0.08 0.08 63 
-2.223152494430542 0.002 0.001 0.9999761547644933 8e-06 3e-05 0.9999115967750549 2e-05 3e-05 4.510776799519856 0.09 0.09 64 
-1.520948003133138 0.2 0.1 0.9882615182797114 0.007 0.01 0.805276191631953 0.1 0.3 4.892398503621419 4.0 2.0 65 
nan 66 
-2.2245335292816164 0.0007 0.0007 0.9999883790810903 9e-06 1e-05 0.9999722754955291 2e-05 2e-05 4.511093214352925 0.08 0.08 67 
-2.2242270533243813 0.0008 0.0008 0.999984104235967 1e-05 1e-05 0.9999693683783213 2e-05 2e-05 4.510490902264913 0.1 0.1 68 
-2.2252838675181073 0.0006 0.0006 0.9999932736158371 5e-06 8e-06 0.9999711296955744 2e-05 3e-05 4.511690545082092 0.07 0.07 69 
-2.2245665391286216 0.0007 0.0006 0.9999862376848857 9e-06 1e-05 0.9999711213509241 2e-05 2e-05 4.510662145614624 0.08 0.08 70 
-2.2246399052937824 0.0006 0.0006 0.9999893655379614 8e-06 1e-05 0.9999689706166586 2e-05 3e-05 4.510810298919678 0.08 0.08 71 
-2.2245454025268554 0.0007 0.0006 0.999987553358078 9e-06 1e-05 0.999970049460729 2e-05 2e-05 4.510775024096171 0.09 0.08 72 
-2.224719915390015 0.0005 0.0005 0.9999896862109502 7e-06 8e-06 0.9999693987766901 2e-05 2e-05 4.511110703150432 0.07 0.07 73 
-2.224632689158122 0.0006 0.0006 0.9999886693557104 9e-06 1e-05 0.9999716862042745 2e-05 2e-05 4.511073528925578 0.08 0.08 74 
-2.224273188908895 0.0009 0.0008 0.9999837710460027 1e-05 1e-05 0.9999708964427312 2e-05 2e-05 4.5108316024144495 0.09 0.09 75 
-2.2242829100290935 0.0008 0.0007 0.9999867741266887 9e-06 1e-05 0.9999690616130829 2e-05 2e-05 4.510937876701355 0.1 0.09 76 
-2.2243313153584796 0.0008 0.0007 0.9999860541025798 9e-06 1e-05 0.9999698736270268 2e-05 2e-05 4.510719035466512 0.1 0.09 77 
-2.224258991877238 0.0006 0.0006 0.9999870431423187 8e-06 8e-06 0.9999664382139841 2e-05 3e-05 4.510727931658427 0.1 0.1 78 
-2.2243559233347576 0.0008 0.0008 0.9999863711992899 1e-05 1e-05 0.9999705902735392 2e-05 2e-05 4.5108176501592 0.1 0.09 79 
-2.224603519439697 0.0007 0.0006 0.9999877967437109 1e-05 1e-05 0.999970913529396 2e-05 2e-05 4.5109182596206665 0.08 0.08 80 
-2.224463780721029 0.0008 0.0007 0.9999876821041107 1e-05 1e-05 0.999972735842069 2e-05 2e-05 4.511131353378296 0.09 0.09 81 
nan 82 
-2.2251774406433107 0.0006 0.0004 0.9999908198912938 5e-06 5e-06 0.9999809704224268 1e-05 1e-05 4.511581385930379 0.08 0.08 83 
-2.224307257334391 0.0007 0.0007 0.9999871538082759 9e-06 9e-06 0.9999683870871862 2e-05 2e-05 4.51090470790863 0.1 0.1 84 
-2.2249838511149087 0.0009 0.0006 0.9999903557697932 4e-06 5e-06 0.9999787402153015 1e-05 2e-05 4.511776611010234 0.1 0.1 85 
-2.2251246865590413 0.0006 0.0004 0.9999888604879379 5e-06 5e-06 0.9999771225452423 1e-05 2e-05 4.511534366607666 0.08 0.08 86 
-2.224419803619385 0.0008 0.0008 0.9999864359696706 1e-05 1e-05 0.9999723358949025 2e-05 2e-05 4.510932173728943 0.09 0.08 87 
-2.22473121325175 0.0006 0.0006 0.9999901616573333 9e-06 1e-05 0.9999714509646098 2e-05 2e-05 4.511212147076924 0.07 0.07 88 
-2.2246447817484536 0.0006 0.0006 0.9999893490473429 8e-06 9e-06 0.9999708167711894 2e-05 2e-05 4.510908977190653 0.08 0.08 89 
-2.224188912709554 0.0008 0.0007 0.9999857556819916 1e-05 1e-05 0.9999666814009348 2e-05 2e-05 4.510756295522054 0.1 0.1 90 
-2.2242665672302246 0.0007 0.0007 0.9999858486652374 1e-05 1e-05 0.9999683531125386 2e-05 2e-05 4.511096631685893 0.1 0.1 91 
-1.6124421342213948 1.0 0.2 0.9906718669335047 0.007 0.02 0.8689583547910055 0.09 0.3 4.6579272747039795 3.0 1.0 92 
-2.224265912373861 0.0007 0.0007 0.9999864349762598 9e-06 1e-05 0.999968008796374 2e-05 2e-05 4.510976126988729 0.1 0.1 93 
nan 94 
-2.2245352840423585 0.0007 0.0007 0.9999871130784352 1e-05 1e-05 0.9999718185265859 2e-05 2e-05 4.510761795043945 0.08 0.08 95 
-2.2251481088002523 0.0006 0.0004 0.9999901554981867 6e-06 6e-06 0.9999839983383815 1e-05 1e-05 4.511643956502279 0.08 0.08 96 
-2.224958448410034 0.0009 0.0007 0.999989804426829 7e-06 8e-06 0.9999821561574936 1e-05 1e-05 4.511336569786072 0.07 0.07 97 
-2.2245410919189452 0.0006 0.0006 0.9999897030989329 8e-06 9e-06 0.9999694774548212 2e-05 3e-05 4.511133991877238 0.09 0.08 98 
-2.2242712847391766 0.0006 0.0006 0.9999865166346232 9e-06 1e-05 0.9999671290318172 2e-05 2e-05 4.510742486317953 0.1 0.1 99 
-2.224559653600057 0.0007 0.0007 0.9999879801273346 1e-05 1e-05 0.9999723686774572 2e-05 2e-05 4.510869024594625 0.08 0.08 100 
-2.2233369668324787 0.0008 0.0008 0.9999810731410981 9e-06 9e-06 0.9999511120716731 3e-05 3e-05 4.5099835189183555 0.1 0.1 101 
-1.5362855275472005 0.5 0.2 0.9861786435047786 0.01 0.02 0.6889972773194313 0.2 0.4 6.32413196404775 10.0 3.0 102 
-2.2243661467234292 0.0007 0.0007 0.9999862770239513 1e-05 1e-05 0.9999673048655192 3e-05 3e-05 4.510641420682271 0.09 0.09 103 
-1.5466221523284913 0.3 0.1 0.9893740121523539 0.007 0.009 0.7980037874976794 0.1 0.4 4.985147298971812 5.0 3.0 104 
-2.224680477778117 0.0006 0.0006 0.9999894670645396 9e-06 9e-06 0.9999712560574213 2e-05 2e-05 4.5110219287872315 0.08 0.08 105 
-2.2242220401763917 0.0008 0.0007 0.9999879540999731 9e-06 1e-05 0.9999681194623311 2e-05 2e-05 4.510735011100769 0.1 0.1 106 
-1.46873259862264 0.08 0.05 0.9849813852707545 0.002 0.002 0.9113591545820237 0.04 0.2 4.274271907011668 1.0 1.0 107 
-2.225237019856771 0.0004 0.0004 0.9999901034434636 4e-06 3e-06 0.9999736609061559 9e-06 2e-05 4.51165767510732 0.09 0.09 108 
-2.224450575510661 0.0007 0.0006 0.9999874792496364 9e-06 1e-05 0.9999705121914546 2e-05 2e-05 4.510845635732015 0.09 0.09 109 
-2.224607992172241 0.0007 0.0006 0.9999863924582799 1e-05 1e-05 0.9999709274371466 2e-05 2e-05 4.510638357798259 0.08 0.08 110 
-2.2244303957621256 0.0008 0.0008 0.9999864880243937 1e-05 1e-05 0.9999737050135931 2e-05 2e-05 4.511223044395447 0.09 0.09 111 
-1.5602556292215983 1.0 0.2 0.9898713181416193 0.008 0.02 0.7875525014599164 0.2 0.5 5.2245322438081105 10.0 3.0 112 
-2.2243728669484457 0.0007 0.0007 0.9999863310654958 9e-06 1e-05 0.9999697848161062 2e-05 2e-05 4.511053345998128 0.1 0.09 113 
-2.223564567565918 0.001 0.001 0.9999741784731547 1e-05 1e-05 0.9999563785394033 2e-05 2e-05 4.510053731600443 0.1 0.1 114 
-2.2246871916453044 0.0006 0.0006 0.9999897164106369 8e-06 9e-06 0.9999719421068828 2e-05 2e-05 4.511031792958577 0.08 0.07 115 
-2.2243965021769205 0.0008 0.0007 0.9999860386053722 1e-05 1e-05 0.9999701635042826 2e-05 2e-05 4.510728480021159 0.09 0.09 116 
-2.2245627212524415 0.0007 0.0007 0.9999880174795787 9e-06 1e-05 0.9999717992544174 2e-05 2e-05 4.511064430872599 0.08 0.08 117 
-2.225058247248332 0.0007 0.0007 0.9999924914042155 2e-06 3e-06 0.9999786218007406 2e-05 3e-05 4.511560427347819 0.09 0.09 118 
-1.9702165762583415 0.3 0.1 0.9986335057020187 0.0004 0.0007 0.9903328851858775 0.004 0.01 4.343036211331685 2.0 2.0 119 
-2.224746583302816 0.0006 0.0004 0.9999909291664759 6e-06 7e-06 0.999976262251536 2e-05 2e-05 4.511312812169393 0.09 0.09 120 
-2.224318513870239 0.0008 0.0007 0.9999871911605199 1e-05 1e-05 0.9999689902861914 2e-05 3e-05 4.5109334580103555 0.09 0.09 121 
-2.223623914718628 0.0008 0.0007 0.9999840261538824 9e-06 1e-05 0.9999552665154139 2e-05 3e-05 4.510224302609761 0.1 0.1 122 
-2.2245487531026202 0.0007 0.0008 0.9999890913565953 8e-06 1e-05 0.9999721425771714 2e-05 2e-05 4.51088374932607 0.09 0.08 123 
-1.532973362604777 0.6 0.2 0.9857700119415919 0.01 0.03 0.6827662703891595 0.2 0.5 6.1946131459871925 10.0 4.0 124 
-2.2246533203125 0.0007 0.0006 0.9999889467159907 9e-06 1e-05 0.9999719512462616 2e-05 2e-05 4.5108699703216555 0.08 0.08 125 
-2.225201005935669 0.0006 0.0005 0.9999884180227916 5e-06 6e-06 0.9999883977572123 7e-06 7e-06 4.511600664456686 0.06 0.06 126 
-2.157088715235392 0.002 0.002 0.9996652263402939 0.0001 0.0001 0.9973733661572138 0.0004 0.0004 4.483591785430908 0.4 0.4 127 
-2.224167553583781 0.0007 0.0007 0.9999852752685547 1e-05 1e-05 0.9999658654133479 2e-05 3e-05 4.511088433265686 0.1 0.1 128 
-2.224377024968465 0.0007 0.0006 0.9999869006872177 9e-06 9e-06 0.9999690465132396 2e-05 2e-05 4.510917412439982 0.1 0.1 129 
-1.5522232341766358 0.3 0.1 0.9895258216063182 0.003 0.01 0.8042188675204913 0.1 0.4 5.040656308333079 7.0 3.0 130 
-2.2234862359364826 0.0008 0.0008 0.9999814244111379 9e-06 9e-06 0.99995378891627 2e-05 3e-05 4.510170029004414 0.1 0.1 131 
-2.224368880589803 0.0007 0.0007 0.9999868681033452 9e-06 1e-05 0.9999691929419835 2e-05 2e-05 4.510913847287496 0.1 0.1 132 
-2.224581314722697 0.0007 0.0006 0.9999889163176219 1e-05 1e-05 0.9999712653954824 2e-05 2e-05 4.511057341893514 0.08 0.08 133 
-2.2245056756337482 0.0007 0.0007 0.999985475341479 1e-05 1e-05 0.9999720197916031 2e-05 2e-05 4.510814811388651 0.09 0.08 134 
-2.2245643107096353 0.0008 0.0006 0.9999851608276367 9e-06 1e-05 0.9999683145682017 2e-05 3e-05 4.510630464553833 0.08 0.08 135 
-1.5288780593872071 1.0 0.2 0.98856818318367 0.008 0.01 0.7782033789157867 0.2 0.4 5.140505378643672 7.0 3.0 136 
-2.148483397165934 0.06 0.05 0.9998355265458425 7e-05 9e-05 0.9982439835866292 0.0006 0.001 4.498283811410269 1.0 1.0 137 
-2.224638973871867 0.0006 0.0006 0.9999881255626678 9e-06 1e-05 0.9999714320898057 2e-05 2e-05 4.5110331773757935 0.08 0.08 138 
-2.224736620585124 0.0008 0.0007 0.9999897396564483 8e-06 9e-06 0.9999805583556494 1e-05 1e-05 4.5111585680643715 0.08 0.08 139 
-2.2244874636332193 0.0008 0.0008 0.9999867824713389 1e-05 1e-05 0.9999737189213435 2e-05 2e-05 4.511074212392171 0.09 0.09 140 
-2.224639024734497 0.0007 0.0007 0.9999887903531393 9e-06 1e-05 0.9999740682045619 2e-05 2e-05 4.51099515914917 0.08 0.08 141 
-2.2245778973897297 0.0006 0.0006 0.9999890853961309 9e-06 1e-05 0.9999716293811798 2e-05 2e-05 4.511217214266459 0.09 0.09 142 
-1.5070844332377116 0.7 0.2 0.9808611238002777 0.02 0.05 0.8401631128787994 0.1 0.3 4.645295956929525 4.0 3.0 143 
-1.5154601160685222 0.2 0.1 0.9881574227412542 0.007 0.008 0.8007834539810816 0.1 0.2 4.909541397094727 3.0 2.0 144 
-2.224582913716634 0.0007 0.0006 0.999985902706782 1e-05 1e-05 0.9999716448783874 2e-05 2e-05 4.511233024597168 0.08 0.08 145 
-2.224316250483195 0.0007 0.0007 0.9999861977497737 1e-05 1e-05 0.9999686674276987 2e-05 2e-05 4.511082572937012 0.1 0.1 146 
-2.22494260152181 0.0006 0.0004 0.9999909673134486 4e-06 5e-06 0.9999759519100189 1e-05 2e-05 4.511347800890604 0.1 0.1 147 
-2.225147008895874 0.002 0.0009 0.9999888743956884 9e-06 1e-05 0.999990448753039 5e-06 6e-06 4.511325260798136 0.07 0.07 148 
-2.2245731258392336 0.0007 0.0007 0.9999864892164866 1e-05 1e-05 0.9999719752868017 2e-05 2e-05 4.511268889109294 0.08 0.08 149 
