-2.2260402234395347 9e-05 8e-05 0.9999969724814097 2e-06 2e-06 0.9999913746118545 7e-06 8e-06 4.512015803654989 0.05 0.05 4 
-2.225694850285848 0.0002 0.0002 0.9999946121374766 3e-06 3e-06 0.9999892568588257 7e-06 7e-06 4.511779441833496 0.06 0.06 115 
-2.225819025039673 0.0002 0.0002 0.9999959429105123 3e-06 3e-06 0.9999906547864278 6e-06 7e-06 4.5117187484105425 0.05 0.05 60 
-2.225777161916097 0.0003 0.0002 0.9999958753585816 3e-06 4e-06 0.9999923717975616 5e-06 5e-06 4.51177457968394 0.05 0.05 142 
-2.2260002835591632 9e-05 8e-05 0.999997611840566 2e-06 2e-06 0.9999854618310928 1e-05 1e-05 4.512012758255005 0.06 0.06 97 
-2.225790580113729 0.0002 0.0002 0.9999960192044576 3e-06 3e-06 0.9999911659955978 6e-06 6e-06 4.511668203671773 0.05 0.05 2 
-2.225871458053589 0.0002 0.0002 0.9999962862332662 3e-06 3e-06 0.9999910261233648 6e-06 6e-06 4.51178514957428 0.05 0.05 70 
-2.225895751317342 0.0002 0.0002 0.9999974765380224 1e-06 1e-06 0.9999760415156682 1e-05 1e-05 4.511643096605937 0.06 0.06 44 
-2.2258361752827964 0.0002 0.0002 0.999996401667595 3e-06 3e-06 0.999992180665334 5e-06 5e-06 4.511851606369018 0.04 0.04 123 
-2.2258732573191327 0.0002 0.0002 0.999996833006541 3e-06 3e-06 0.9999908806880315 6e-06 6e-06 4.511720943450928 0.05 0.04 26 
-2.2258508268992108 0.0002 0.0001 0.9999959462881088 3e-06 3e-06 0.9999882209300995 7e-06 8e-06 4.511760711669922 0.05 0.05 135 
-2.2256894397735594 0.0003 0.0003 0.999993626276652 3e-06 3e-06 0.9999905743201574 6e-06 6e-06 4.511711621284485 0.06 0.06 0 
-2.225892381668091 0.0001 0.0001 0.9999962987502417 2e-06 2e-06 0.9999897837638855 8e-06 8e-06 4.51165662765503 0.06 0.06 5 
-2.2257406584421795 0.0002 0.0002 0.9999950645367305 3e-06 3e-06 0.9999898838996887 6e-06 6e-06 4.511795349121094 0.06 0.06 31 
-2.225889221827189 9e-05 8e-05 0.9999959776798885 2e-06 2e-06 0.9999818889300028 1e-05 1e-05 4.511838760375976 0.06 0.06 64 
-2.2259713331858317 8e-05 8e-05 0.9999965113401413 2e-06 2e-06 0.9999837938944499 1e-05 1e-05 4.511869926452636 0.06 0.06 42 
-2.2257501633961994 0.0003 0.0002 0.9999945471684138 4e-06 4e-06 0.9999851344029108 1e-05 1e-05 4.511791609128316 0.06 0.06 147 
-2.2257644748687744 0.0001 7e-05 0.9999955294529597 2e-06 2e-06 0.9999817311763763 9e-06 1e-05 4.511590189933777 0.06 0.06 140 
-2.2258214569091797 7e-05 9e-05 0.9999964640537897 2e-06 2e-06 0.9999815014998118 1e-05 1e-05 4.511904379526774 0.06 0.06 110 
-2.225787731806437 0.0002 0.0002 0.9999960297346115 3e-06 3e-06 0.9999920012553533 5e-06 5e-06 4.5116670767466225 0.05 0.05 7 
