-2.225605640411377 0.0002 0.0001 0.9999962759017944 1e-06 3e-06 0.9999849468469619 5e-06 7e-06 4.512029790878296 0.07 0.07 76 
-2.2256567255655924 0.0004 0.0003 0.9999956154823303 2e-06 4e-06 0.9999870777130127 7e-06 1e-05 4.511996647516886 0.08 0.08 15 
-2.2254795392354327 0.0001 8e-05 0.9999950659275055 1e-06 2e-06 0.9999841084082921 4e-06 5e-06 4.51207542737325 0.07 0.07 47 
-2.225576032002767 0.0004 0.0003 0.9999947843949 2e-06 3e-06 0.9999875921010971 7e-06 9e-06 4.512158414522807 0.08 0.08 99 
-2.2255558808644613 0.0001 0.0001 0.9999953995148341 1e-06 2e-06 0.9999865645170212 6e-06 1e-05 4.512041487693787 0.08 0.08 83 
-2.2256179269154868 0.0002 0.0001 0.9999957704544067 1e-06 3e-06 0.9999865317344665 6e-06 1e-05 4.512109847068786 0.08 0.08 63 
-2.2256213855743407 0.0002 0.0001 0.999995981057485 1e-06 2e-06 0.9999861071507136 6e-06 1e-05 4.512037744522095 0.08 0.08 80 
-2.2254909070332847 0.0002 0.0001 0.9999952387809753 1e-06 3e-06 0.9999847964445749 5e-06 6e-06 4.51206026395162 0.07 0.07 39 
-2.225628801981608 0.0002 0.0001 0.9999959931770961 1e-06 2e-06 0.999985231757164 6e-06 1e-05 4.512135543823242 0.08 0.08 58 
-2.2256132984161376 0.0001 0.0001 0.9999951273202896 1e-06 2e-06 0.9999862883488337 6e-06 1e-05 4.512145325342814 0.07 0.07 33 
-2.2256293869018555 0.0002 0.0001 0.9999958026409149 1e-06 2e-06 0.9999871186415354 6e-06 1e-05 4.5120984681447345 0.08 0.08 19 
-2.2256096108754475 0.0002 0.0001 0.9999959365526835 1e-06 2e-06 0.9999859722455343 7e-06 1e-05 4.511995902061463 0.08 0.08 51 
-2.2256386534372967 0.0002 0.0001 0.9999961858987808 1e-06 2e-06 0.9999867471059164 6e-06 1e-05 4.511872150103251 0.08 0.08 89 
-2.2256126181284586 0.0002 0.0001 0.999995774825414 1e-06 2e-06 0.999985491236051 5e-06 8e-06 4.512037307421366 0.07 0.07 78 
-2.2254318745930988 0.0003 0.0001 0.9999943125247955 2e-06 4e-06 0.9999857834974925 5e-06 6e-06 4.512241673469544 0.08 0.08 1 
-2.2256042416890462 0.0002 0.0002 0.999995493888855 1e-06 3e-06 0.9999875066677729 6e-06 9e-06 4.5120909865697225 0.07 0.07 22 
-2.2255903180440266 0.0002 0.0002 0.9999954529603322 1e-06 2e-06 0.9999864947795868 6e-06 9e-06 4.512108681996663 0.08 0.08 61 
-2.2255569903055825 0.0002 0.0001 0.9999953232208888 1e-06 3e-06 0.9999861707290013 6e-06 1e-05 4.512086884180705 0.08 0.08 57 
-2.22564227104187 0.0002 0.0002 0.9999959075450897 2e-06 3e-06 0.9999858383337656 6e-06 1e-05 4.512141259511312 0.08 0.08 35 
-2.225619977315267 0.0002 0.0001 0.9999955691893896 1e-06 2e-06 0.9999865130583445 5e-06 9e-06 4.512092892328898 0.08 0.08 41 
