-2.225956497192383 0.0006 0.0003 0.9999894718329112 9e-06 1e-05 0.9999970602989197 2e-06 5e-06 4.512119391759237 0.09 0.09 25 
-2.2259825611114503 0.0005 0.0003 0.9999899605909983 7e-06 1e-05 0.999997039437294 2e-06 5e-06 4.511872448921204 0.08 0.08 29 
-2.225948886871338 0.0004 0.0003 0.9999895477294922 7e-06 1e-05 0.9999969281752904 2e-06 6e-06 4.511968347231547 0.08 0.08 105 
-2.2259877204895018 0.0005 0.0002 0.999990218480428 8e-06 1e-05 0.9999973165988922 2e-06 5e-06 4.511787293752034 0.08 0.09 100 
-2.2259694639841716 0.0004 0.0003 0.9999897289276123 7e-06 1e-05 0.9999970237414042 2e-06 5e-06 4.511944142977397 0.08 0.08 47 
-2.225989859898885 0.0005 0.0002 0.9999903460343679 7e-06 1e-05 0.9999974220991135 2e-06 4e-06 4.511945729255676 0.09 0.09 148 
-2.2259872341156006 0.0004 0.0002 0.9999900913238525 7e-06 1e-05 0.9999972041447958 2e-06 4e-06 4.511892205874125 0.08 0.08 122 
-2.225977554321289 0.0006 0.0002 0.9999899325768152 8e-06 1e-05 0.9999970155954361 2e-06 4e-06 4.511849910418192 0.09 0.09 20 
-2.226001609166463 0.0005 0.0002 0.9999901111920675 8e-06 1e-05 0.9999974505106608 2e-06 4e-06 4.512015221913655 0.09 0.09 5 
-2.2259778881073 0.0004 0.0002 0.9999899540344874 8e-06 1e-05 0.9999969498316447 2e-06 5e-06 4.511979028383891 0.08 0.08 61 
-2.2259798876444497 0.0005 0.0002 0.9999902548392614 8e-06 1e-05 0.9999974278608957 2e-06 3e-06 4.512014975547791 0.08 0.08 70 
-2.2260000801086424 0.0006 0.0002 0.9999903929233551 8e-06 1e-05 0.9999973766009013 2e-06 4e-06 4.511898187001546 0.09 0.09 9 
-2.225969285964966 0.0005 0.0003 0.9999901340405146 8e-06 1e-05 0.9999970120191574 2e-06 5e-06 4.511818871498108 0.08 0.09 54 
-2.2259777355194093 0.0007 0.0003 0.999989776412646 8e-06 1e-05 0.9999972275892893 2e-06 5e-06 4.512221946716308 0.1 0.1 65 
-2.2259766483306884 0.0004 0.0003 0.9999897632996241 8e-06 1e-05 0.9999972846110662 2e-06 5e-06 4.511982301076253 0.09 0.09 72 
-2.225933977762858 0.0006 0.0003 0.9999893989165624 8e-06 1e-05 0.9999967827399572 2e-06 5e-06 4.512021484375 0.09 0.09 43 
-2.225974915822347 0.0004 0.0002 0.9999897142251333 8e-06 1e-05 0.9999971491098404 2e-06 5e-06 4.511984219551087 0.08 0.08 18 
-2.2259730688730874 0.0005 0.0003 0.9999896643559137 8e-06 1e-05 0.9999969516197841 2e-06 5e-06 4.512013297080994 0.09 0.09 130 
-2.22595401763916 0.0005 0.0002 0.9999880643685659 9e-06 1e-05 0.9999965057770411 3e-06 8e-06 4.512083430290222 0.07 0.07 82 
-2.225988219579061 0.0004 0.0002 0.999990368882815 8e-06 1e-05 0.9999972919623057 2e-06 5e-06 4.512045262654622 0.08 0.08 145 
