-2.220313440958659 0.001 0.001 0.9999634337425232 6e-06 9e-06 0.9999424088001251 1e-05 2e-05 4.508876730600993 0.1 0.1 7 
-2.223118092219035 0.005 0.002 0.9999742647012074 8e-06 2e-05 0.9999571047226588 2e-05 6e-05 4.510511132876078 0.2 0.2 34 
-2.222084051767985 0.01 0.003 0.9999767736593882 2e-05 3e-05 0.9998442335923513 0.0001 0.0003 4.5075443728764855 0.2 0.3 42 
-2.2250824292500813 0.001 0.001 0.99999438504378 4e-06 1e-05 0.9999805921316147 2e-05 5e-05 4.511619620323181 0.2 0.2 45 
-2.2204543272654216 0.01 0.004 0.999932730793953 4e-05 0.0001 0.9997475387652716 0.0002 0.0007 4.505863726933797 0.2 0.2 46 
-2.2250532341003417 0.0008 0.0006 0.9999693083763123 4e-06 7e-06 0.9999900768200557 6e-06 9e-06 4.51104922135671 0.1 0.1 51 
-2.22386994043986 0.001 0.0009 0.9999707619349162 6e-06 1e-05 0.999967544277509 2e-05 4e-05 4.510601104100545 0.2 0.2 54 
-2.2243457063039145 0.003 0.001 0.9999695654710133 6e-06 2e-05 0.9999616519610087 2e-05 6e-05 4.511047418912252 0.1 0.1 57 
-2.220104004542033 0.001 0.0009 0.9999760697285335 6e-06 8e-06 0.9999276280403138 1e-05 2e-05 4.508302885691325 0.1 0.1 75 
-2.2207152144114177 0.007 0.004 0.9999393540620803 8e-06 1e-05 0.9998519855737686 0.0001 0.0002 4.509717472394308 0.3 0.3 77 
