-2.216657247543335 0.02 0.007 0.999798099398613 9e-05 0.0003 0.9997518422206243 0.0002 0.0005 4.508903428713481 0.3 0.3 0 
-2.2134056027730304 0.04 0.01 0.9997770943244298 0.0001 0.0005 0.9997512386242549 0.0002 0.0005 4.5029924790064495 0.5 0.4 3 
-2.219095656077067 0.01 0.004 0.9997590982913971 0.0001 0.0007 0.9997731933991114 0.0002 0.0004 4.513951493899028 0.4 0.4 4 
-2.2128574879964193 0.02 0.008 0.9997841868797938 0.0001 0.0003 0.9996868429581324 0.0002 0.0006 4.5050898456573485 0.3 0.3 7 
-2.2133119455973307 0.02 0.008 0.9998246711492539 0.0001 0.0003 0.9996887783209483 0.0002 0.0005 4.505929373105367 0.3 0.3 11 
-2.2132919279734296 0.02 0.008 0.9998236771424611 0.0001 0.0002 0.9996899733940761 0.0002 0.0005 4.506138648986816 0.3 0.3 15 
-2.2069680309295654 0.01 0.008 0.999688154856364 0.0002 0.0003 0.9996563752492269 0.0002 0.0004 4.498652257919312 0.4 0.4 17 
-2.2129987462361655 0.03 0.01 0.999799220363299 0.0001 0.0004 0.9996875731150309 0.0003 0.0009 4.504845468203227 0.4 0.4 18 
-2.213350477218628 0.02 0.009 0.9998253200451533 9e-05 0.0002 0.9996857476234436 0.0002 0.0005 4.506439747810364 0.3 0.3 19 
-2.2166912873586018 0.01 0.007 0.9997981365521749 9e-05 0.0003 0.9997526043653489 0.0002 0.0006 4.508476711908976 0.3 0.3 22 
-2.212807683944702 0.02 0.008 0.9997843408584595 0.0001 0.0003 0.9996851853529612 0.0002 0.0007 4.504661253293356 0.3 0.3 23 
-2.2134811878204346 0.02 0.009 0.9998256735006968 9e-05 0.0003 0.9996878159046173 0.0002 0.0005 4.505855735143026 0.3 0.3 26 
-2.2133711051940916 0.03 0.009 0.999824051062266 9e-05 0.0002 0.9996871620416641 0.0002 0.0005 4.506139006614685 0.3 0.3 27 
-2.216637503306071 0.02 0.008 0.9998035724957784 9e-05 0.0003 0.9997509535153707 0.0002 0.0005 4.508092991511027 0.3 0.3 33 
-2.2131961091359456 0.02 0.008 0.9998248970508575 0.0001 0.0003 0.999687271118164 0.0002 0.0005 4.5063009468714395 0.3 0.3 38 
-2.212773186365763 0.02 0.008 0.9997857785224915 0.0001 0.0003 0.9996854531764984 0.0002 0.0006 4.504809756278991 0.3 0.3 40 
-2.216712185541789 0.01 0.008 0.9998033165931701 9e-05 0.0004 0.999749220808347 0.0002 0.0006 4.508682664235433 0.3 0.3 49 
-2.213288237253825 0.02 0.008 0.9998230862617493 0.0001 0.0002 0.9996869393189748 0.0002 0.0005 4.505835752487183 0.3 0.3 50 
-2.213184436162313 0.02 0.008 0.9998224884271621 0.0001 0.0002 0.9996870064735413 0.0002 0.0005 4.505649161338806 0.3 0.3 53 
-2.216732145945231 0.01 0.007 0.999803541302681 9e-05 0.0004 0.9997495681047439 0.0002 0.0006 4.5084154987335205 0.3 0.3 55 
-2.2136852963765463 0.02 0.01 0.9998440088828405 9e-05 0.0002 0.9996858900785446 0.0002 0.0006 4.504689332644145 0.3 0.3 58 
-2.213429126739502 0.02 0.008 0.9998258976141612 0.0001 0.0003 0.999690500497818 0.0002 0.0005 4.505501170158386 0.3 0.3 60 
-2.2128544648488364 0.02 0.008 0.9997836542129517 0.0001 0.0003 0.9996873736381531 0.0002 0.0006 4.505144538879395 0.3 0.3 61 
-2.213495194117228 0.02 0.01 0.9998375880718231 9e-05 0.0003 0.999691898226738 0.0002 0.0005 4.503471587498983 0.3 0.3 63 
-2.216687574386597 0.02 0.007 0.9997928927342097 9e-05 0.0003 0.9997567637761434 0.0002 0.0005 4.508703638712565 0.3 0.3 66 
-2.213996597925822 0.01 0.008 0.9998137448231379 8e-05 0.0002 0.9996538140376409 0.0002 0.0007 4.509081732432048 0.3 0.3 68 
-2.213453868230184 0.02 0.008 0.9998244671026866 0.0001 0.0002 0.9996899380286535 0.0002 0.0005 4.5055486138661704 0.3 0.3 69 
-2.2165711530049643 0.03 0.007 0.9997932827472686 0.0001 0.0005 0.9997563497225443 0.0002 0.0007 4.508368258476257 0.4 0.3 70 
-2.213278169631958 0.02 0.008 0.9998277431726456 9e-05 0.0002 0.9996894484758377 0.0002 0.0005 4.505370294253032 0.3 0.3 72 
-2.21328950881958 0.02 0.008 0.9998292068640391 0.0001 0.0003 0.9996903099616369 0.0002 0.0005 4.505558574994405 0.3 0.3 75 
-2.216713015238444 0.01 0.007 0.999801788131396 9e-05 0.0004 0.999753374059995 0.0002 0.0005 4.508139936129252 0.3 0.3 77 
-2.216187082926432 0.01 0.007 0.9998010607560476 0.0001 0.0003 0.9997559163967769 0.0002 0.0005 4.507381075223287 0.3 0.3 80 
-2.2132970110575356 0.02 0.008 0.9998256689310074 0.0001 0.0003 0.9996885679165523 0.0002 0.0005 4.506159262657166 0.3 0.3 81 
-2.2167112414042154 0.006 0.006 0.9998045066992441 8e-05 0.0003 0.9997514067093531 0.0002 0.0004 4.508632119496664 0.3 0.3 82 
-2.2127289549509683 0.02 0.008 0.9997834273179372 0.0001 0.0003 0.9996846842765809 0.0002 0.0007 4.504687676429748 0.3 0.3 83 
-2.213156957626343 0.02 0.008 0.9998263774315516 0.0001 0.0003 0.9996864916880925 0.0002 0.0005 4.505706067085266 0.3 0.3 84 
-2.213246145248413 0.02 0.008 0.9998241283496221 0.0001 0.0003 0.9996881022055943 0.0002 0.0005 4.505561118125915 0.3 0.3 85 
-2.2109795824686684 0.02 0.01 0.9996430691083272 0.0001 0.0007 0.9996758055686951 0.0002 0.0006 4.508405079841614 0.4 0.4 91 
-2.2131967830657957 0.02 0.008 0.9998242696126302 0.0001 0.0003 0.9996883891026179 0.0002 0.0005 4.506373308499654 0.3 0.3 93 
-2.213350019454956 0.02 0.008 0.9998276551564534 0.0001 0.0003 0.9996906705697377 0.0002 0.0005 4.5053737370173135 0.3 0.3 95 
-2.218052008946737 0.007 0.004 0.9997940158843994 0.0001 0.0002 0.9997559756040573 0.0001 0.0002 4.5095649417241415 0.3 0.3 96 
