-2.225094741185506 0.003 0.001 0.9999877776702245 4e-06 1e-05 0.9999849192301432 1e-05 6e-05 4.51149661064148 0.2 0.2 4 
-2.2240226745605467 0.008 0.002 0.9999253525336583 8e-06 2e-05 0.9999827132622401 2e-05 7e-05 4.510962681770325 0.3 0.3 7 
-2.2218020407358807 0.02 0.003 0.9999555162588756 1e-05 7e-05 0.9958107020457586 0.0001 0.0002 4.5657927004496255 0.3 0.3 11 
-2.2229981009165445 0.005 0.002 0.9999567776918411 5e-06 1e-05 0.9999837811787923 1e-05 2e-05 4.5129739220937095 0.2 0.2 24 
-2.223444547653198 0.003 0.001 0.9999300438165665 8e-06 1e-05 0.9999900903304418 8e-06 6e-05 4.51175895690918 0.2 0.2 28 
-2.223586819966634 0.01 0.002 0.9999486380815505 2e-05 0.0002 0.9999728745222092 2e-05 6e-05 4.511008014678955 0.2 0.3 31 
-2.2238484732309978 0.002 0.001 0.9999672967195511 2e-06 3e-06 0.9999715514977773 9e-06 9e-06 4.510417764981588 0.2 0.2 35 
-2.2231707127888996 0.003 0.001 0.9999446713924408 4e-06 6e-06 0.9999523852268855 3e-05 5e-05 4.511684619585673 0.1 0.1 46 
-2.2234557819366456 0.002 0.0009 0.9999406850337982 5e-06 7e-06 0.9999852170546849 6e-06 1e-05 4.512353509267172 0.1 0.1 49 
-2.222955099741618 0.006 0.003 0.9999304169416428 2e-05 5e-05 0.9999875628948212 1e-05 4e-05 4.512416516939799 0.2 0.2 51 
-2.2244728565216065 0.002 0.0006 0.9999664811293284 2e-06 1e-05 0.9999790692329407 9e-06 2e-05 4.511024583180745 0.1 0.1 56 
-2.224802548090617 0.002 0.0009 0.9999940999348959 3e-06 6e-06 0.9999849518140157 8e-06 1e-05 4.511114390691121 0.1 0.1 59 
-2.2238224156697592 0.008 0.002 0.9999474843343099 6e-06 3e-05 0.999963458776474 3e-05 7e-05 4.512252535820007 0.1 0.1 63 
-2.223959410985311 0.005 0.002 0.9999503409862518 5e-06 3e-05 0.9999627349774043 2e-05 0.0002 4.511029122670491 0.2 0.2 69 
-2.2247673956553142 0.003 0.001 0.9999526367584864 4e-06 1e-05 0.999952278137207 4e-06 6e-06 4.510456153551737 0.2 0.2 87 
-2.221760778427124 0.02 0.004 0.9998047222693761 2e-05 6e-05 0.9999825555086136 1e-05 6e-05 4.51082240263621 0.3 0.3 96 
-2.22273912747701 0.003 0.002 0.999940546353658 8e-06 2e-05 0.9999286756912867 5e-05 0.0001 4.510896768569946 0.2 0.2 98 
