-1.9325593407948811 0.004 0.003 0.9976852363348008 0.0005 0.0005 0.9982399408022563 0.0001 0.0002 4.330740332603455 0.2 0.2 0 
-2.22217303276062 0.0004 0.0002 0.9999314850568771 1e-05 7e-06 0.9999588362375895 6e-06 7e-06 4.506961121559143 0.2 0.2 1 
-2.1649259599049886 0.1 0.04 0.9991708020369212 0.0004 0.001 0.9996308825413386 0.0003 0.002 4.49943061431249 1.0 1.0 3 
-2.0997640959421795 0.002 0.002 0.9986555697520574 0.0001 0.0001 0.999051692088445 4e-05 4e-05 4.389431627591451 0.2 0.2 5 
-2.168557332356771 0.006 0.005 0.9991277949015299 0.0001 0.0001 0.9990292551120122 6e-05 6e-05 4.444966215292613 0.5 0.5 6 
-1.861347090403239 0.06 0.06 0.9974352576335271 0.002 0.002 0.9866793109973272 0.002 0.002 4.145937890211741 1.0 1.0 9 
-2.1997902901967366 0.02 0.008 0.9998350367943446 5e-05 0.0001 0.9979999879995982 8e-05 0.0002 4.517354394594828 0.3 0.3 10 
-1.8520812320709228 0.005 0.004 0.9966878932714462 0.0003 0.0003 0.998284537990888 7e-05 7e-05 4.306551411946614 0.4 0.4 11 
-0.6576007445653279 0.02 0.009 0.9249329515298208 0.008 0.007 0.758517886598905 0.002 0.002 2.732522684733073 0.5 0.4 14 
-2.19598606745402 0.0004 0.0004 0.9998789562781651 4e-06 4e-06 0.9991213997205098 5e-06 5e-06 4.485331562360128 0.2 0.2 16 
-2.0993771680196125 0.05 0.03 0.9995194538434347 7e-05 0.0002 0.995493976076444 0.0007 0.0009 4.37864940404892 1.0 1.0 18 
-2.156243724822998 0.004 0.004 0.998285610874494 0.0002 0.0002 0.9972024669249853 0.0001 0.0001 4.464420878092448 0.4 0.4 20 
-1.5599962457021077 0.0004 0.0004 0.9944116326173147 0.0003 0.0003 0.7939676547050476 0.0004 0.0004 2.1790853691101075 0.08 0.08 21 
-2.197549575169881 0.0003 0.0003 0.9990474549929301 1e-05 8e-06 0.9983521962165832 5e-05 6e-05 4.491059004465739 0.2 0.2 22 
-2.2207460498809812 0.0002 0.0002 0.9999061159292857 2e-05 2e-05 0.9998647608359654 7e-06 7e-06 4.509153911272684 0.2 0.2 23 
-1.7980546474456787 0.007 0.006 0.9951612675189971 0.0004 0.0004 0.9961901293198268 0.0009 0.001 4.331184711456299 0.5 0.5 24 
-2.1718399206797283 0.004 0.004 0.9997917550802231 3e-05 3e-05 0.9979612082242966 4e-05 4e-05 4.4847426478068035 0.2 0.2 25 
-1.5420758565266928 0.002 0.002 0.9940340614318848 0.001 0.001 0.7939052295684814 0.0006 0.0006 2.173365687529246 0.1 0.1 27 
-1.8707872327168782 0.0005 0.0005 0.9969360740979513 0.0003 0.0003 0.9975602589050929 0.0002 0.0002 4.289279195467631 0.2 0.2 32 
-0.08457220236460368 0.001 0.0007 0.5551190998156865 0.003 0.003 0.794411828716596 4e-05 0.0003 0.5611168126265208 0.06 0.06 33 
-2.209765723546346 0.005 0.003 0.9997588296731313 8e-05 9e-05 0.998522282242775 5e-05 0.0002 4.5167800156275435 0.3 0.3 36 
-2.1867549482981365 0.03 0.02 0.9996758423248927 0.0002 0.0004 0.9986316448450089 0.0002 0.0008 4.490786333084106 0.8 0.7 37 
-2.213969249725342 0.02 0.01 0.9997680866718293 7e-05 0.0002 0.9998133124907812 0.0002 0.0005 4.509990102450053 0.4 0.4 38 
-2.173719504674276 0.004 0.002 0.999643223285675 0.0001 0.0002 0.998956067164739 8e-05 0.0001 4.4642959690094 0.4 0.4 39 
-2.182452621459961 0.06 0.03 0.9997131661574046 0.0001 0.0002 0.99985282599926 2e-05 0.0001 4.498127117156982 0.7 0.6 42 
-1.8718345705668131 0.02 0.007 0.9968389493227005 0.0004 0.0004 0.9994423703352611 0.0003 0.0007 4.280256573359171 0.3 0.3 45 
-0.3725170914332072 0.0003 0.0003 0.8191665331522624 0.005 0.005 0.9815283368031184 0.001 0.001 2.4037985491752623 0.1 0.1 48 
-2.1828900369008384 0.003 0.003 0.9996913349628449 3e-06 3e-06 0.9990384809176127 1e-05 1e-05 4.490823469161987 0.3 0.3 51 
-2.224146283467611 0.002 0.0009 0.999966348807017 1e-05 1e-05 0.9999521138270696 2e-05 5e-05 4.504503930409749 0.1 0.2 52 
-2.203033364613851 0.0005 0.0005 0.9997589153051376 3e-06 2e-06 0.9988250915209452 3e-05 3e-05 4.473452019691467 0.2 0.2 53 
-1.5507298278808594 0.02 0.009 0.9952499993642171 0.0004 0.0004 0.7938173119227091 0.0006 0.002 2.183507384856542 0.2 0.2 54 
-0.37345078309377033 0.005 0.002 0.816142536799113 0.005 0.005 0.9819430949290594 0.002 0.002 2.384882433414459 0.2 0.2 56 
-2.210025504430135 0.004 0.002 0.9998740684986115 2e-05 2e-05 0.9998983512322108 4e-05 5e-05 4.5075249767303465 0.3 0.3 57 
-2.221541840235392 0.0006 0.0005 0.9999195295572281 9e-06 1e-05 0.9985188194115957 2e-05 2e-05 4.522698060671488 0.1 0.1 59 
-2.195437968571981 0.004 0.003 0.9998195020357767 4e-05 4e-05 0.9985570047299067 0.0002 0.0001 4.454155139923095 0.4 0.4 61 
-2.2165020529429116 0.0006 0.0006 0.9999539182583491 8e-06 8e-06 0.9997688009341558 5e-06 5e-06 4.510964144070943 0.2 0.2 62 
-2.202276070912679 0.0004 0.0004 0.9998298011223475 8e-06 8e-06 0.9984516050418218 8e-05 8e-05 4.4591478872299195 0.2 0.2 63 
-0.38975528240203855 3e-05 3e-05 0.8204562719662984 0.002 0.002 0.9837625279029211 0.001 0.001 2.4221438694000246 0.08 0.08 64 
-2.221335064570109 0.01 0.005 0.9999458291133245 5e-05 0.0002 0.999930833975474 3e-05 0.0001 4.506536706288656 0.3 0.3 69 
-2.210627889633179 0.0007 0.0004 0.9998040443658829 2e-06 1e-06 0.9960105989376704 0.0002 0.0002 4.559081260363261 0.2 0.2 74 
-0.3856331157684326 0.0005 0.0005 0.8216960028807322 0.004 0.004 0.986756088733673 0.002 0.002 2.3976354829470314 0.2 0.2 75 
-2.1802893193562825 0.003 0.003 0.999457585811615 0.0001 0.0001 0.9969291939338049 0.0002 0.0002 4.441973921457927 0.4 0.4 76 
-2.2168006960550946 0.008 0.004 0.9998511481285095 3e-05 5e-05 0.999814905722936 4e-05 6e-05 4.496844237645467 0.3 0.3 77 
-2.2117758146921793 0.003 0.002 0.9998723008235295 1e-05 1e-05 0.9985748517513275 2e-05 2e-05 4.517939259211222 0.1 0.1 79 
-2.1712766742706298 0.02 0.008 0.9996593431631724 7e-05 0.0001 0.9979465846220652 5e-05 8e-05 4.479000132083893 0.6 0.6 80 
-2.2092226123809815 0.008 0.004 0.9997797220945358 6e-05 8e-05 0.999749537507693 6e-05 6e-05 4.490153943697612 0.3 0.3 82 
-1.8745827611287436 0.0006 0.0005 0.9969733901818594 0.0003 0.0003 0.999617244998614 9e-05 9e-05 4.273969723383586 0.2 0.2 84 
-2.1904716142018636 0.009 0.004 0.9995874671141306 0.0001 0.0001 0.9985222033659618 4e-05 5e-05 4.519930731455485 0.4 0.4 85 
-2.2113432025909425 0.003 0.003 0.9997703812519709 6e-05 7e-05 0.9998241458336512 3e-05 5e-05 4.4994917472203575 0.3 0.3 86 
-2.1991805775960285 0.002 0.001 0.9999315289656321 2e-05 4e-05 0.9992223958174388 1e-05 1e-05 4.496876675287883 0.2 0.2 88 
-2.196765546798706 0.01 0.006 0.9998910007874171 3e-05 6e-05 0.9984894180297852 0.0001 0.0002 4.463635118802388 0.4 0.4 93 
-2.220707426071167 0.003 0.002 0.9999621850252152 2e-05 2e-05 0.9999356166521708 3e-05 9e-05 4.510898652076722 0.2 0.2 94 
-2.1777121861775717 0.04 0.02 0.9997350664933523 7e-05 0.0001 0.997610665957133 0.0001 0.0003 4.470419224103292 0.4 0.4 96 
-2.1823820527394613 0.004 0.005 0.9997033776839575 7e-06 8e-06 0.9985021563371023 5e-05 5e-05 4.498337740898132 0.2 0.2 97 
-2.063658768335978 0.002 0.001 0.9982856893539429 4e-05 4e-05 0.9892589883009593 1e-05 2e-05 4.441804687182109 0.2 0.3 98 
-0.38654215653737384 0.002 0.001 0.821629678606987 0.002 0.002 0.9890676999092102 0.003 0.003 2.3675494011243186 0.1 0.2 99 
