-2.2256372769673667 0.0005 0.0006 0.9999741993347804 2e-05 2e-05 0.9999964924653372 2e-06 3e-06 4.511755531628927 0.06 0.06 5 
-2.220299968719482 0.001 0.0009 0.9999486688772837 3e-05 3e-05 0.999612595240275 5e-05 8e-05 4.5111730162302655 0.1 0.1 7 
-2.22577153523763 0.0007 0.0006 0.9999863527218501 1e-05 2e-05 0.9999918284018835 7e-06 1e-05 4.511653490066529 0.07 0.07 9 
-2.2257389322916667 0.0004 0.0006 0.9999778074026108 2e-05 2e-05 0.9999980433781942 1e-06 1e-06 4.511893723805746 0.06 0.06 10 
-2.2260874144236245 0.0002 0.0003 0.9999911961952845 6e-06 6e-06 0.99999831477801 9e-07 8e-07 4.511915020942688 0.05 0.05 14 
-2.224534282684326 0.002 0.001 0.9999628776311874 2e-05 4e-05 0.9999768372376759 2e-05 2e-05 4.511329803466797 0.07 0.07 20 
-2.2254864915211994 0.0009 0.0007 0.999971360762914 2e-05 3e-05 0.9999940965572993 4e-06 6e-06 4.511886444091797 0.07 0.06 23 
-2.2255112012227376 0.0006 0.0006 0.9999745615323384 2e-05 2e-05 0.9999938436349233 4e-06 6e-06 4.511759142875672 0.07 0.06 29 
-2.2228677622477213 0.002 0.001 0.9999500787258149 3e-05 4e-05 0.9998725936810176 7e-05 8e-05 4.510504344304403 0.09 0.09 30 
-2.226035788853963 0.0002 0.0003 0.999989445010821 6e-06 6e-06 0.9999979923168818 1e-06 9e-07 4.511966404914856 0.05 0.05 31 
-2.225560566584269 0.0009 0.0007 0.9999674862623215 2e-05 4e-05 0.9999851270516713 1e-05 2e-05 4.513738233248393 0.04 0.04 42 
-2.220576696395874 0.0009 0.0006 0.9999631035327912 2e-05 2e-05 0.999567133585612 4e-05 7e-05 4.511137617429098 0.1 0.1 44 
-2.2202205435434976 0.001 0.0009 0.9999476496378581 3e-05 3e-05 0.9996093249320984 5e-05 8e-05 4.5107350730896 0.1 0.1 45 
-2.22546023050944 0.0007 0.0006 0.9999739805857341 2e-05 2e-05 0.9999929147958756 5e-06 6e-06 4.511807537078857 0.07 0.07 48 
-2.2255608145395915 0.0008 0.0005 0.9999733601013819 2e-05 3e-05 0.9999952522913614 3e-06 4e-06 4.511969307263692 0.07 0.07 80 
-2.225515044530233 0.0007 0.0005 0.9999748736619949 2e-05 2e-05 0.9999922003348668 5e-06 7e-06 4.511796875 0.06 0.06 83 
-2.2257809511820477 0.0006 0.0003 0.9999791077772776 9e-06 2e-05 0.9999954932928086 3e-06 3e-06 4.511448265711467 0.04 0.04 89 
