-2.2222996743520103 0.005 0.002 0.9999357092380524 2e-05 4e-05 0.9999416861931483 4e-05 0.0001 4.513453030586243 0.2 0.2 75 
-2.2204362106323243 0.01 0.005 0.9998831844329834 5e-05 0.0003 0.9999206831057866 7e-05 0.0003 4.512402839660645 0.4 0.4 84 
-2.2235002676645914 0.002 0.001 0.9999416406949361 2e-05 2e-05 0.9999197502930959 2e-05 4e-05 4.512979324658712 0.2 0.2 7 
-2.2215362962086997 0.006 0.003 0.9998380897442499 0.0001 0.0001 0.999891394575437 4e-05 0.0001 4.513417410850525 0.2 0.2 35 
-2.2214168707529702 0.009 0.004 0.999946938753128 3e-05 6e-05 0.9998716090122859 0.0001 0.0003 4.510568466186523 0.2 0.3 52 
-2.2224632676442466 0.003 0.002 0.9999607189496358 2e-05 2e-05 0.9999042101701101 6e-05 0.0002 4.512074869473775 0.2 0.2 38 
-2.2226997884114583 0.006 0.003 0.9999475757280986 3e-05 0.0001 0.9999360843499502 5e-05 0.0002 4.512656393051148 0.2 0.2 61 
-2.2213991610209147 0.01 0.003 0.9999641148249309 2e-05 0.0001 0.9998414407173792 9e-05 0.0002 4.509479769070944 0.2 0.2 133 
-2.221737937927246 0.006 0.003 0.9999317818880081 4e-05 0.0002 0.9999192561705907 5e-05 0.0002 4.511359481811524 0.3 0.3 102 
-2.2225642522176106 0.006 0.003 0.999958969950676 2e-05 9e-05 0.999929509361585 6e-05 0.0002 4.5117407894134525 0.2 0.2 107 
-2.2221731472015382 0.005 0.002 0.9999631675084432 2e-05 3e-05 0.9999066897233327 6e-05 0.0002 4.510834824244181 0.2 0.2 24 
-2.220133015314738 0.01 0.004 0.9998987597227097 5e-05 0.0001 0.9998563392957052 0.0001 0.0005 4.511922475496928 0.3 0.3 55 
-2.2209011363983153 0.01 0.003 0.9999064767360687 5e-05 7e-05 0.9998308777809143 8e-05 0.0002 4.510660552978516 0.2 0.2 47 
-2.220497515996297 0.004 0.003 0.9999179722865422 4e-05 0.0001 0.9999067238966624 8e-05 0.0002 4.512893126805623 0.3 0.3 1 
-2.221666227976481 0.008 0.003 0.9999377781152725 3e-05 9e-05 0.9999040110905966 8e-05 0.0004 4.512076881726583 0.3 0.3 66 
-2.221747833887736 0.007 0.003 0.9999408864974976 3e-05 6e-05 0.9998589593172074 7e-05 0.0002 4.512885796229044 0.3 0.3 45 
-2.2203755728403727 0.02 0.005 0.9999008735020956 5e-05 0.0002 0.9998762426773707 0.0001 0.0007 4.510729279518127 0.3 0.3 81 
-2.22290522257487 0.008 0.002 0.9999720998605093 1e-05 5e-05 0.999940451780955 5e-05 0.0002 4.5114486169815065 0.1 0.2 128 
-2.2208494186401366 0.003 0.002 0.9999332390228908 3e-05 5e-05 0.9998910623788834 8e-05 0.0001 4.511652956008911 0.2 0.2 98 
-2.220486869812012 0.01 0.004 0.9999208295345307 5e-05 0.0001 0.9998503343264262 0.0001 0.0005 4.511164048512777 0.3 0.3 63 
