-2.2227542781829834 0.006 0.002 0.9999471839269002 3e-05 0.0001 0.9999512553215026 4e-05 0.0001 4.512374366124471 0.3 0.3 0 
9.203757372233667e-07 1 
9.203429499393678e-07 2 
9.203308763972018e-07 3 
-2.2246608193715414 0.002 0.001 0.9999787348508835 1e-05 3e-05 0.9999862130482992 1e-05 4e-05 4.511583674748739 0.1 0.1 4 
1836.6196044921876 5 
187.00102844238282 6 
-2.222349402109782 0.008 0.003 0.9999764452377955 1e-05 4e-05 0.9998639498154323 0.0001 0.0004 4.5096767155329385 0.1 0.2 7 
-2.222889534632365 0.006 0.002 0.9999682275454204 2e-05 8e-05 0.9999200079838435 7e-05 0.0003 4.511290782292684 0.2 0.2 8 
9.196409450851206e-07 9 
785.0539916992187 10 
149.90308837890626 11 
1123.620703125 12 
9.201308557749143e-07 13 
9.200672252518416e-07 14 
-2.221558230717977 0.007 0.002 0.9999571559826533 3e-05 4e-05 0.9998580050468445 0.0001 0.0003 4.510147252082825 0.2 0.2 15 
-2.223764918645223 0.003 0.002 0.9999743549029032 2e-05 6e-05 0.999922412832578 7e-05 0.0002 4.511137973467509 0.1 0.1 16 
239.47472534179687 17 
-2.223592176437378 0.004 0.002 0.9999571464459102 2e-05 5e-05 0.9999661256869634 3e-05 9e-05 4.511757006645203 0.2 0.2 18 
9.199915780300216e-07 19 
-2.2224325211842855 0.006 0.002 0.9999624021848043 3e-05 6e-05 0.9999388953049978 5e-05 0.0001 4.510456943511963 0.2 0.2 20 
-2.222817455927531 0.01 0.003 0.9999708771705628 2e-05 6e-05 0.9999568794171015 4e-05 0.0001 4.5113005526860555 0.2 0.2 21 
-2.2239432239532473 0.003 0.002 0.9999604791402816 2e-05 8e-05 0.9999644708633423 3e-05 0.0001 4.512613104184468 0.2 0.2 22 
-2.21968962987264 0.008 0.005 0.9999523506561915 3e-05 0.0001 0.9998249888420105 0.0001 0.0004 4.50681438446045 0.3 0.3 23 
9.202160072163678e-07 24 
9.203457693729433e-07 25 
9.203652211908774e-07 26 
688.0370361328125 27 
426.8692199707031 28 
-2.2228092320760093 0.007 0.002 0.9999771084388097 1e-05 3e-05 0.9999007187287012 9e-05 0.0005 4.511107133229573 0.1 0.2 29 
9.203385275213804e-07 30 
-2.223708051045736 0.004 0.002 0.9999640989303589 2e-05 6e-05 0.9999535004297893 4e-05 8e-05 4.511744141578674 0.2 0.2 31 
9.200814133691893e-07 32 
9.200448062074429e-07 33 
9.201008538184397e-07 34 
147.9222625732422 35 
773.3752563476562 36 
663.7478759765625 37 
690.0723388671875 38 
9.203617878483783e-07 39 
9.200952376886562e-07 40 
9.203557397086115e-07 41 
331.85150756835935 42 
-2.223821331659953 0.006 0.002 0.9999716774622599 2e-05 6e-05 0.999956410129865 4e-05 0.0002 4.5114775657653805 0.2 0.2 43 
9.200287991006917e-07 44 
9.200105637319211e-07 45 
-2.223440685272217 0.006 0.002 0.9999720797936121 2e-05 0.0001 0.9999366664886474 6e-05 0.0003 4.510943225224813 0.1 0.2 46 
9.20344541555096e-07 47 
686.6184814453125 48 
9.200292879540939e-07 49 
-2.222677927017212 0.004 0.003 0.9999562106529871 2e-05 6e-05 0.9999151510000229 8e-05 0.0003 4.511798841158549 0.2 0.2 50 
nan 51 
9.203649369737831e-07 52 
-2.2216645844777427 0.005 0.003 0.9999318027496338 4e-05 0.0001 0.9999402469396591 5e-05 0.0001 4.5124088430404665 0.3 0.3 53 
-2.223245948155721 0.002 0.001 0.9999598562717438 3e-05 3e-05 0.9999541868766149 3e-05 3e-05 4.511352477073669 0.2 0.2 54 
150.064111328125 55 
9.200313002111216e-07 56 
-2.0092068099975586 0.02 0.02 0.988107271194458 0.002 0.002 0.9545713990926743 0.001 0.001 4.8629746929804485 0.3 0.3 57 
9.200627687278029e-07 58 
-2.2228576787312826 0.003 0.002 0.9999616742134094 3e-05 3e-05 0.9999446590741475 4e-05 4e-05 4.510743288993836 0.1 0.2 59 
9.199955684380256e-07 60 
nan 61 
9.200533099829045e-07 62 
-2.2232387320200604 0.007 0.002 0.9999740018447241 2e-05 4e-05 0.9999366122484207 4e-05 0.0001 4.510204901695252 0.2 0.2 63 
-2.219137452443441 0.01 0.005 0.999882386525472 6e-05 0.0002 0.9998825198411941 9e-05 0.0004 4.511337264378866 0.3 0.4 64 
-2.224328934351603 0.005 0.002 0.9999749141931534 2e-05 9e-05 0.9999805333216986 2e-05 8e-05 4.5117131646474204 0.2 0.2 65 
-2.2221880340576172 0.01 0.003 0.999966179728508 2e-05 5e-05 0.9998634159564972 0.0001 0.0006 4.509821548461914 0.2 0.2 66 
9.199718533636769e-07 67 
9.203474519381416e-07 68 
9.203478498420736e-07 69 
9.200473300552404e-07 70 
9.200515137308685e-07 71 
-2.2200311533610027 0.009 0.005 0.9999160387118657 4e-05 0.0001 0.9998595772186915 0.0001 0.0005 4.51148557027181 0.3 0.3 72 
9.200841077472433e-07 73 
-2.222640209197998 0.003 0.001 0.999946903983752 3e-05 8e-05 0.9999520633618036 3e-05 0.0001 4.512053446769714 0.2 0.2 74 
-2.222642873128255 0.006 0.003 0.9999610871076584 3e-05 7e-05 0.9999437473217646 5e-05 9e-05 4.5108749834696455 0.2 0.2 75 
9.202325941259915e-07 76 
-2.2242352104187013 0.001 0.001 0.9999620314439138 3e-05 4e-05 0.9999659607807795 3e-05 4e-05 4.512381663322449 0.1 0.1 77 
821.7000122070312 78 
9.193789992423263e-07 79 
-2.2225518798828126 0.003 0.002 0.9999559875329336 3e-05 6e-05 0.9999502966801326 4e-05 8e-05 4.511327077547709 0.2 0.2 80 
-2.2237885729471842 0.005 0.002 0.9999697562058767 2e-05 3e-05 0.9999618889888128 3e-05 0.0001 4.511965368588766 0.2 0.2 81 
9.199709325002914e-07 82 
9.204115713146166e-07 83 
347.1735534667969 84 
9.200477620652237e-07 85 
438.7181457519531 86 
-2.2212554963429767 0.01 0.004 0.9999631683031718 3e-05 7e-05 0.9998319456974666 0.0001 0.0006 4.508999265034993 0.2 0.2 87 
-2.222688862482707 0.003 0.001 0.9999395177761714 3e-05 7e-05 0.9999471116065979 4e-05 3e-05 4.512718397776286 0.2 0.2 88 
-2.222623701095581 0.007 0.003 0.999941877524058 4e-05 0.0001 0.999924599925677 7e-05 0.0003 4.510913497606913 0.2 0.2 89 
9.200396448250103e-07 90 
-2.2231808694203696 0.005 0.002 0.9999478002389272 3e-05 6e-05 0.9999680246909459 3e-05 7e-05 4.512220896085103 0.2 0.2 91 
9.203382319356024e-07 92 
-2.2223316383361817 0.003 0.002 0.9999636340141297 2e-05 4e-05 0.9998939766486485 9e-05 0.0002 4.511050124168396 0.1 0.1 93 
-2.2241192213694254 0.003 0.001 0.9999808659156163 9e-06 1e-05 0.9999796106417974 2e-05 5e-05 4.511993942260742 0.1 0.1 94 
9.201954640047916e-07 95 
-2.224359868367513 0.002 0.002 0.9999728014071783 1e-05 4e-05 0.9999781115849813 2e-05 5e-05 4.511651708285014 0.2 0.2 96 
9.201438388117822e-07 97 
9.20043999030895e-07 98 
-2.2221949354807538 0.01 0.003 0.9999712498982748 2e-05 5e-05 0.9998639617363612 0.0001 0.0004 4.51040515422821 0.2 0.2 99 
9.200272643283825e-07 100 
-2.22305113474528 0.004 0.001 0.9999531382322311 2e-05 0.0001 0.9999533532063166 4e-05 0.0001 4.511943407058716 0.2 0.2 101 
-2.223815927505493 0.004 0.002 0.9999614242712657 2e-05 8e-05 0.9999563821156819 4e-05 0.0001 4.512208038965861 0.2 0.2 102 
9.200869044434512e-07 103 
-2.224280014038086 0.002 0.001 0.999977397720019 1e-05 3e-05 0.9999513252576192 5e-05 0.0001 4.5119545396169025 0.1 0.1 104 
9.20021943784377e-07 105 
-2.2230071862538656 0.004 0.002 0.9999559915065765 3e-05 0.0002 0.9999529683589935 4e-05 0.0001 4.511264777183532 0.2 0.2 106 
438.7121643066406 107 
9.199853934660495e-07 108 
-2.2221057192484537 0.006 0.003 0.999935112396876 4e-05 0.0001 0.9999047291278839 4e-05 0.0002 4.511669348080953 0.2 0.2 109 
9.200578574564133e-07 110 
481.68101806640624 111 
-2.220965216954549 0.01 0.004 0.9999435744682947 3e-05 0.0001 0.9999117785692215 8e-05 0.0002 4.510404132207235 0.2 0.3 112 
-2.2241311931610106 0.003 0.002 0.9999644100666046 3e-05 7e-05 0.9999703421195348 2e-05 9e-05 4.511585350036621 0.2 0.2 113 
146.75112609863282 114 
9.200938052345009e-07 115 
9.200404292641906e-07 116 
-2.1858017349243166 0.09 0.02 0.9983043428262075 0.0005 0.001 0.9992422429720561 0.0005 0.003 4.551231888135274 0.6 0.6 117 
476.05144653320315 118 
9.200019803756732e-07 119 
9.201284456139547e-07 120 
1203.53994140625 121 
-2.2201389122009276 0.001 0.001 0.9999503521124522 1e-05 2e-05 0.9998222972949345 6e-05 8e-05 4.509831824302673 0.1 0.1 122 
-2.220934823354085 0.009 0.004 0.999950949549675 3e-05 9e-05 0.999865783850352 0.0001 0.0006 4.510485502878825 0.1 0.2 123 
-2.223659029006958 0.003 0.001 0.9999613247315089 3e-05 4e-05 0.9999627707401911 3e-05 8e-05 4.511384207407634 0.1 0.1 124 
-2.2241641108194985 0.003 0.001 0.9999549764394761 3e-05 7e-05 0.9999706300099691 3e-05 6e-05 4.51231473604838 0.2 0.2 125 
-2.222620662053426 0.003 0.002 0.9999304682016372 4e-05 4e-05 0.9999316185712814 6e-05 8e-05 4.512301108042399 0.2 0.2 126 
-2.221706371307373 0.003 0.002 0.9999386288722356 3e-05 8e-05 0.9999410859743754 4e-05 4e-05 4.51110582669576 0.2 0.2 127 
-2.2223353672027586 0.006 0.003 0.9999551091591518 3e-05 8e-05 0.9999136167764664 7e-05 0.0002 4.511468381881714 0.2 0.2 128 
9.200137355946936e-07 129 
9.196536439048941e-07 130 
9.200421118293889e-07 131 
454.4243408203125 132 
-2.2215833059946695 0.007 0.003 0.9999621655543646 2e-05 3e-05 0.999869850675265 7e-05 0.0002 4.510309584935507 0.2 0.2 133 
-2.2242169125874836 0.003 0.001 0.9999783398707708 1e-05 2e-05 0.9999810969829559 2e-05 4e-05 4.512325421969096 0.1 0.1 134 
-2.2253786818186443 0.0001 0.0001 0.9999791870514552 4e-06 4e-06 0.9999960937102635 6e-07 6e-07 4.513259913126627 0.1 0.1 135 
9.193711548505235e-07 136 
-2.223505407969157 0.004 0.001 0.9999766874313355 1e-05 2e-05 0.9999780164162317 2e-05 8e-05 4.5116641060511276 0.1 0.1 137 
9.200737622450106e-07 138 
2604.13154296875 139 
-2.223017772038778 0.005 0.002 0.9999643818537394 2e-05 8e-05 0.9999248121182124 6e-05 0.0002 4.511229488054911 0.2 0.2 140 
-2.223905652364095 0.002 0.001 0.9999624202648799 2e-05 3e-05 0.999972868959109 2e-05 5e-05 4.512308144569397 0.1 0.1 141 
-2.2247896639506024 0.003 0.001 0.9999737095832825 2e-05 6e-05 0.9999589918057123 3e-05 0.0001 4.511415669123331 0.2 0.2 142 
9.199965347761462e-07 143 
9.206710956277675e-07 144 
-2.1950923124949138 0.01 0.008 0.9998300739129384 3e-05 9e-05 0.9993761748075485 0.0005 0.001 4.499597016970316 0.2 0.3 145 
-2.224262908299764 0.002 0.001 0.9999644682804744 2e-05 3e-05 0.9999834762016933 1e-05 4e-05 4.512265087763469 0.1 0.1 146 
1350.29892578125 147 
-2.2234932136535646 0.003 0.002 0.9999743372201919 2e-05 4e-05 0.9999317695697149 6e-05 0.0002 4.5112957747777305 0.1 0.2 148 
-2.224254665374756 0.003 0.001 0.9999709326028824 2e-05 4e-05 0.9999764164288839 2e-05 5e-05 4.512022175788879 0.1 0.2 149 
