-2.2248692607879637 0.001 0.0007 0.9999900054931641 8e-06 9e-06 0.9999852369228999 1e-05 1e-05 4.51167772769928 0.07 0.07 34 
-2.2246847502390543 0.0008 0.0006 0.9999881583452225 9e-06 1e-05 0.9999710061152776 2e-05 2e-05 4.511082755724589 0.07 0.08 145 
-2.224924119313558 0.0006 0.0006 0.9999912325541178 7e-06 7e-06 0.9999653120835622 3e-05 4e-05 4.5106235694885255 0.1 0.1 68 
-2.225430037180583 0.0006 0.0005 0.9999957370758057 1e-06 2e-06 0.9999670527378718 2e-05 3e-05 4.512067804336548 0.07 0.07 64 
-2.2249348894755046 0.001 0.0008 0.999989366531372 9e-06 1e-05 0.999987197915713 7e-06 1e-05 4.511345291137696 0.07 0.07 28 
-2.224596274693807 0.0008 0.0007 0.9999878170092901 1e-05 1e-05 0.999974445104599 2e-05 2e-05 4.510943209330241 0.08 0.08 46 
-2.224839696884155 0.001 0.0008 0.9999881301323573 8e-06 1e-05 0.9999861105283101 8e-06 1e-05 4.511499838829041 0.07 0.07 87 
-2.2246650886535644 0.001 0.0008 0.9999859619140625 1e-05 1e-05 0.9999813886483511 1e-05 1e-05 4.5117325671513875 0.08 0.08 138 
-2.2253213500976563 0.001 0.0005 0.9999917729695638 5e-06 9e-06 0.9999875068664551 8e-06 2e-05 4.511493323644002 0.09 0.09 90 
-2.224673042297363 0.001 0.0008 0.9999875849485398 1e-05 1e-05 0.9999841334422429 1e-05 1e-05 4.510625405311584 0.08 0.08 60 
-2.2246695232391356 0.001 0.0009 0.9999679927031199 8e-06 1e-05 0.9999621192614238 2e-05 4e-05 4.511002513567607 0.1 0.1 14 
-2.2248677603403726 0.001 0.0007 0.999989515542984 9e-06 1e-05 0.9999829037984213 1e-05 1e-05 4.511391056378683 0.07 0.07 72 
-2.225399773915609 0.002 0.0009 0.9999907094240189 7e-06 2e-05 0.9999791032075882 1e-05 4e-05 4.511355249087016 0.08 0.08 1 
-2.2248860104878743 0.001 0.0008 0.9999882543087005 8e-06 1e-05 0.9999882674217224 7e-06 8e-06 4.511461153030395 0.07 0.07 101 
-2.225271453857422 0.001 0.0007 0.9999915045499802 7e-06 1e-05 0.9999899623791376 7e-06 1e-05 4.511776779492696 0.07 0.07 97 
-2.2247351296742757 0.001 0.0009 0.9999888728062312 8e-06 1e-05 0.9999859843651454 9e-06 1e-05 4.511799308458964 0.07 0.07 75 
-2.2251480770111085 0.002 0.0009 0.9999934770663579 5e-06 1e-05 0.9999873167276383 6e-06 7e-06 4.511464715003967 0.09 0.09 129 
-2.2248284880320233 0.001 0.0007 0.9999892876545589 8e-06 1e-05 0.9999843311309814 1e-05 1e-05 4.51115395228068 0.07 0.07 121 
-2.224668951034546 0.001 0.0009 0.9999863215287527 1e-05 1e-05 0.9999854123592377 9e-06 1e-05 4.511076982816061 0.08 0.08 107 
-2.2245945517222085 0.0008 0.0007 0.9999886238574982 9e-06 1e-05 0.9999778322378794 2e-05 2e-05 4.5112824614842735 0.1 0.09 39 
