-2.222791697184245 0.002 0.002 0.9999418330192565 2e-05 3e-05 0.9999638756116231 2e-05 3e-05 4.514612847963969 0.1 0.1 81 
-2.2223421319325767 0.0005 0.0004 0.9998187935352325 1e-05 1e-05 0.9999052200714748 1e-05 1e-05 4.519566181500752 0.1 0.1 55 
-2.2244433561960855 0.0006 0.0007 0.9999817337592443 1e-05 9e-06 0.9999738301833471 2e-05 2e-05 4.512445306777954 0.09 0.09 2 
-2.2244172064463297 0.0009 0.0008 0.9999857499202093 9e-06 1e-05 0.9999734493096669 2e-05 2e-05 4.511321404774984 0.1 0.1 77 
-2.2214880402882895 0.002 0.002 0.9999234102169673 8e-06 1e-05 0.9998791140317916 6e-05 9e-05 4.508552988370259 0.2 0.2 73 
-2.2246621735890706 0.0006 0.0005 0.9999894479910533 7e-06 7e-06 0.9999728159109751 2e-05 2e-05 4.510973874727885 0.09 0.09 75 
-2.224338556925456 0.0009 0.0007 0.9999778693914414 9e-06 1e-05 0.9999736883242925 2e-05 2e-05 4.512641503016154 0.1 0.1 18 
-2.224144369761149 0.001 0.001 0.9999782051642736 1e-05 2e-05 0.9999744266271591 2e-05 2e-05 4.512173619270325 0.1 0.1 25 
-2.22294181505839 0.0008 0.0004 0.9999752060572307 5e-06 9e-06 0.9998476449648539 4e-06 9e-06 4.510877307256063 0.1 0.1 42 
-2.224478925069173 0.0007 0.0006 0.9999876922369003 7e-06 9e-06 0.9999710889657338 2e-05 2e-05 4.510817920366923 0.09 0.09 11 
-2.2239756933848063 0.0009 0.0006 0.9999825815359752 8e-06 1e-05 0.9999613585074743 2e-05 3e-05 4.510408007303874 0.1 0.1 48 
-2.224523375829061 0.001 0.0008 0.9999849323431651 1e-05 1e-05 0.9999769395589828 2e-05 2e-05 4.5116053501764934 0.09 0.09 53 
-2.224509344100952 0.0008 0.0006 0.9999855176607768 9e-06 1e-05 0.9999721171458562 2e-05 2e-05 4.511720201174418 0.1 0.1 15 
-2.224653228123983 0.0007 0.0006 0.9999863010644913 8e-06 8e-06 0.9999757172664007 2e-05 2e-05 4.511971594492595 0.09 0.09 76 
-2.224551499684652 4e-05 4e-05 0.999977241953214 3e-06 3e-06 0.9999787233273189 1e-06 1e-06 4.514023337364197 0.08 0.08 43 
-2.224200563430786 0.002 0.0007 0.9999809934695562 9e-06 1e-05 0.9999365884065629 5e-05 0.0001 4.511866334279378 0.1 0.1 31 
-2.223090476989746 0.0008 0.0007 0.9999468809366227 1e-05 1e-05 0.9999448688824971 3e-05 5e-05 4.50966850121816 0.2 0.2 13 
-2.223655344645182 6e-05 7e-05 0.9999679444233577 1e-06 1e-06 0.9999462763468424 3e-06 3e-06 4.510932154655457 0.07 0.07 72 
-2.2239519023895262 0.001 0.0009 0.9999842011928558 1e-05 1e-05 0.9999607773621877 3e-05 4e-05 4.511246824264527 0.1 0.1 59 
-2.225417963663737 3e-05 3e-05 0.9999838944276174 2e-06 2e-06 0.9999802519877752 1e-06 1e-06 4.512602829933167 0.07 0.07 79 
