-2.2264636452992757 0.0002 8e-05 0.9999991112947464 9e-07 3e-06 0.9999983320633571 1e-06 5e-06 4.512144586245219 0.05 0.04 14 
-2.226419932047526 0.0005 0.0001 0.9999988392988841 1e-06 4e-06 0.9999975804487864 2e-06 1e-05 4.512171901067098 0.04 0.05 58 
-2.226461181640625 0.0002 8e-05 0.9999990781148275 8e-07 2e-06 0.999998375972112 2e-06 8e-06 4.512177391052246 0.05 0.04 95 
-2.2264459133148193 0.0004 0.0001 0.9999989867210388 1e-06 3e-06 0.9999980582793554 2e-06 8e-06 4.512007740338643 0.05 0.05 66 
-2.2264434560139974 0.0003 0.0001 0.9999989682435989 1e-06 3e-06 0.9999978550275167 2e-06 1e-05 4.512149701118469 0.05 0.06 21 
-2.226461585362752 0.0005 8e-05 0.9999989984432857 1e-06 3e-06 0.9999983960390091 1e-06 9e-06 4.512137382825216 0.05 0.06 86 
-2.2264485867818196 0.0002 9e-05 0.9999989736080169 1e-06 5e-06 0.9999982643127442 2e-06 6e-06 4.512102746963501 0.05 0.05 49 
-2.226439654032389 0.0004 0.0001 0.9999990862607956 9e-07 3e-06 0.9999980584780375 2e-06 6e-06 4.512129712104797 0.05 0.04 94 
-2.2264376004536945 0.0002 0.0001 0.9999989106257756 1e-06 4e-06 0.9999978472789128 2e-06 7e-06 4.512217556635539 0.05 0.04 56 
-2.2264117844899496 0.0004 0.0001 0.9999988836050033 1e-06 4e-06 0.9999968614180883 2e-06 9e-06 4.512121046384175 0.04 0.04 5 
-2.226434580485026 0.0004 0.0001 0.9999988689025243 1e-06 3e-06 0.9999976839621861 2e-06 8e-06 4.512217574119568 0.04 0.05 10 
-2.2264397970835366 0.0003 0.0001 0.9999990483125051 1e-06 3e-06 0.9999978379408518 2e-06 9e-06 4.51226691087087 0.05 0.05 62 
-2.2264306640625 0.0004 0.0001 0.9999988772471746 1e-06 3e-06 0.9999978812535604 2e-06 6e-06 4.512051331202189 0.04 0.04 12 
-2.2264437294006347 0.0003 0.0001 0.9999990393718083 1e-06 4e-06 0.9999979974826178 2e-06 6e-06 4.512101888656616 0.04 0.04 63 
-2.2264380200703937 0.0003 0.0001 0.9999986841281255 1e-06 3e-06 0.9999979307254155 2e-06 8e-06 4.512368459701538 0.05 0.04 93 
-2.2264410718282064 0.0002 8e-05 0.9999990373849869 1e-06 4e-06 0.9999973301092784 2e-06 8e-06 4.512190742492676 0.04 0.04 11 
-2.2264512093861897 0.0003 9e-05 0.9999991007645925 9e-07 4e-06 0.9999981224536896 2e-06 6e-06 4.51222880045573 0.05 0.04 44 
-2.226451629002889 0.0003 9e-05 0.9999990586439769 9e-07 3e-06 0.9999981476863226 2e-06 1e-05 4.5122062794367475 0.04 0.05 73 
-2.226425886154175 0.0005 9e-05 0.9999988389015197 1e-06 3e-06 0.999997139175733 2e-06 6e-06 4.512137222290039 0.04 0.04 4 
-2.226320053736369 0.0008 0.0002 0.9999991375207901 9e-07 3e-06 0.9999929386377334 6e-06 2e-05 4.512098043759664 0.05 0.05 52 
