-2.2232341051101683 0.003 0.002 0.9999815996204103 1e-05 3e-05 0.9999483291591916 3e-05 7e-05 4.510086328642709 0.1 0.1 2 
-2.222743344306946 0.003 0.002 0.9999774485826493 2e-05 3e-05 0.9999865406325885 1e-05 1e-05 4.509564054012299 0.1 0.1 19 
-2.222531819343567 0.002 0.001 0.9999798057334763 8e-06 1e-05 0.9999799055712564 2e-05 7e-05 4.509763767038073 0.1 0.1 48 
-2.223235430036272 0.002 0.001 0.9999822410089629 1e-05 3e-05 0.9999624405588422 1e-05 2e-05 4.509940820080893 0.09 0.09 26 
-2.223210573196411 0.001 0.0009 0.999983877156462 8e-06 2e-05 0.9999765534486089 2e-05 7e-05 4.509834085191999 0.1 0.1 15 
-2.2220179898398262 0.004 0.002 0.9999772599765233 2e-05 5e-05 0.9985621124505997 2e-05 6e-05 4.5257525546210156 0.09 0.1 32 
-2.2239211968013217 0.002 0.001 0.9999870849507195 7e-06 2e-05 0.9999837830662728 1e-05 6e-05 4.51036297593798 0.1 0.1 44 
-2.2248526334762575 0.001 0.0007 0.9999931335449219 4e-06 1e-05 0.9999960824847222 4e-06 1e-05 4.511091300419399 0.07 0.07 41 
-2.222376448767526 0.007 0.002 0.9999816564576967 1e-05 3e-05 0.9999434319990022 5e-05 0.0003 4.50975216116224 0.1 0.1 46 
-2.223693806784494 0.0008 0.0006 0.9999905814017568 3e-06 5e-06 0.9997582033276557 1e-05 3e-05 4.513081353051322 0.07 0.08 9 
-2.223721354348319 0.002 0.001 0.9999865287116596 8e-06 2e-05 0.9999780563371522 2e-05 0.0001 4.510459995269775 0.1 0.1 8 
-2.223495306287493 0.002 0.001 0.9999915206006595 4e-06 8e-06 0.9999944829515048 4e-06 1e-05 4.510114119734083 0.06 0.07 17 
-2.223476529121399 0.002 0.001 0.999984934926033 9e-06 2e-05 0.9999871771250453 1e-05 6e-05 4.510349195344108 0.1 0.09 50 
-2.222511386871338 0.001 0.001 0.9999851954834802 7e-06 2e-05 0.9999769174626896 2e-05 4e-05 4.5098410470145085 0.1 0.09 11 
-2.22416410105569 0.002 0.001 0.9999932218875204 3e-06 7e-06 0.9999935876045908 1e-06 1e-06 4.510176013197218 0.04 0.04 25 
-2.223697406905038 0.0005 0.0004 0.99998670901571 4e-06 5e-06 0.9999975361994334 1e-06 3e-06 4.51068639925548 0.06 0.06 12 
-2.2237057072775706 0.001 0.001 0.9999847184334483 8e-06 3e-05 0.9999731662017959 2e-05 8e-05 4.50989476953234 0.1 0.1 23 
-2.2237838779176986 0.0005 0.0003 0.999988518016679 2e-06 3e-06 0.9999785365802901 1e-05 2e-05 4.51061122247151 0.05 0.05 1 
-2.2229436908449447 0.002 0.0009 0.9999853293810572 6e-06 1e-05 0.9999698685748236 2e-05 0.0001 4.5099986808640615 0.07 0.06 7 
-2.2234603370938983 0.0008 0.0005 0.9999872152294431 5e-06 1e-05 0.9999567744987351 2e-05 3e-05 4.510377361093249 0.06 0.06 49 
-2.224689681189401 0.002 0.0009 0.9999923889126097 4e-06 2e-05 0.9999907091259956 6e-06 1e-05 4.51076215165002 0.09 0.1 24 
-2.222042509487697 0.002 0.002 0.999979298881122 1e-05 2e-05 0.9999973833560943 2e-06 4e-06 4.509886384010315 0.1 0.1 5 
-2.2252839360918317 0.003 0.001 0.9999893807939121 9e-06 2e-05 0.9999909375395094 7e-06 2e-05 4.511004751069205 0.1 0.1 43 
-2.2242424147469655 0.002 0.0009 0.9999913198607309 4e-06 1e-05 0.999993941613606 5e-06 1e-05 4.510560238361359 0.09 0.09 3 
-2.2244133063725062 0.001 0.0007 0.9999891266226768 5e-06 9e-06 0.9999897871698652 6e-06 1e-05 4.510793045588902 0.1 0.1 51 
-2.2237904821123395 0.0008 0.0005 0.9999851984637124 7e-06 1e-05 0.9999922032867159 6e-06 2e-05 4.510715694086892 0.06 0.07 29 
-2.2226528917040143 0.004 0.003 0.9999767767531531 2e-05 3e-05 0.9999752704586301 2e-05 5e-05 4.509604176453181 0.09 0.09 47 
-2.2245342118399485 0.0007 0.0006 0.9999882353203637 5e-06 8e-06 0.9999782264232635 1e-05 3e-05 4.5102212531226025 0.09 0.09 18 
-2.2232953786849974 0.0003 0.0004 0.9999897022332463 2e-06 2e-06 0.9999956524797848 3e-06 6e-06 4.510367832865033 0.02 0.02 16 
-2.223228485243661 0.001 0.0007 0.9999833875468799 7e-06 1e-05 0.9999822152512414 1e-05 2e-05 4.51025367975235 0.06 0.06 22 
-2.2234097855431694 0.001 0.0009 0.9999856105872563 7e-06 1e-05 0.9999728981937681 2e-05 0.0001 4.5098173584256855 0.1 0.1 14 
-2.223807804925101 0.002 0.002 0.99998792133161 8e-06 4e-05 0.999989980672087 9e-06 4e-05 4.510546263626644 0.1 0.1 13 
-2.2233275720051355 0.0006 0.0005 0.9999863294618471 5e-06 1e-05 0.9999821528792381 9e-06 1e-05 4.510313425745283 0.05 0.05 10 
-2.2245388541902815 0.0008 0.0007 0.9999904189790998 5e-06 1e-05 0.9999670198985509 2e-05 5e-05 4.510733166762761 0.1 0.1 37 
-2.2250205550874984 0.0006 0.0003 0.9999922975897789 3e-06 7e-06 0.9997336866600173 7e-06 2e-05 4.514254805019924 0.09 0.09 27 
-2.2243472473961967 0.001 0.0009 0.9999897088323321 7e-06 2e-05 0.9999690986105374 1e-05 3e-05 4.510381291593824 0.1 0.1 4 
-2.2248312541416713 0.0009 0.0005 0.9999902618782861 2e-06 4e-06 0.9999853106481689 1e-05 5e-05 4.511103645392827 0.1 0.09 36 
-2.2243080377578734 0.0005 0.0005 0.9999919621007783 3e-06 4e-06 0.9999988291944776 1e-06 4e-06 4.511108158315931 0.07 0.07 30 
-2.22467029435294 0.002 0.001 0.9999902312244687 6e-06 3e-05 0.9999888107180596 8e-06 2e-05 4.510800961085728 0.1 0.1 34 
-2.2221191372190203 0.005 0.003 0.9999701378600938 2e-05 0.0001 0.9999479293823242 5e-05 0.0001 4.50913599899837 0.1 0.1 31 
-2.223034031050546 0.002 0.001 0.9999878870589393 6e-06 1e-05 0.9999738197241511 2e-05 0.0001 4.509944421904428 0.1 0.1 35 
-2.2231341396059308 0.001 0.001 0.9999804094433784 1e-05 2e-05 0.9999790378979274 2e-05 6e-05 4.510151386260986 0.08 0.09 20 
-2.2235831805637907 0.002 0.001 0.9999865540436336 8e-06 2e-05 0.9999641150236129 2e-05 3e-05 4.510124751499721 0.1 0.1 38 
-2.2244109528405325 0.002 0.001 0.9999890470079014 7e-06 1e-05 0.9999645903706551 3e-05 0.0001 4.510306247643062 0.1 0.1 42 
-2.2230533259255547 0.002 0.001 0.9999878653458186 5e-06 1e-05 0.9999780348369054 2e-05 7e-05 4.509375635215214 0.1 0.1 21 
-2.223217974390302 0.01 0.002 0.9999817420329367 1e-05 9e-05 0.9999526560306549 3e-05 9e-05 4.5099721125194 0.1 0.2 39 
-2.2225791113717217 0.0007 0.0004 0.9999883958271572 3e-06 1e-05 0.9985648536256382 2e-05 3e-05 4.525915166309901 0.07 0.06 45 
-2.2239748273577007 0.0007 0.0004 0.9999925434589386 2e-06 6e-06 0.9999911406210491 7e-06 3e-05 4.5103288599423 0.08 0.07 40 
-2.224156710079738 0.0005 0.0003 0.9999834237354143 7e-06 1e-05 0.999957578097071 1e-05 2e-05 4.510835455145155 0.05 0.05 6 
