-2.2246575696127757 0.005 0.002 0.9999842811908041 1e-05 7e-05 0.9999966930065837 3e-06 1e-05 4.5112686719213215 0.1 0.2 130 
-2.2216240406036376 0.004 0.002 0.9999721139669419 1e-05 4e-05 0.9999738299420902 1e-05 3e-05 4.509352937766484 0.1 0.1 160 
-2.223401529448373 0.005 0.002 0.9999823774610247 1e-05 3e-05 0.999985131408487 1e-05 5e-05 4.510289391449519 0.1 0.1 198 
-2.224886666025434 0.002 0.0007 0.999993034345763 3e-06 9e-06 0.9999820722000939 1e-05 2e-05 4.511167890684945 0.1 0.1 195 
-2.224358010292053 0.005 0.002 0.9999811229961258 1e-05 5e-05 0.9999776878527232 2e-05 4e-05 4.510390193121774 0.2 0.2 112 
-2.2241412741797313 0.002 0.001 0.9999866051333292 5e-06 1e-05 0.9999755148376738 1e-05 2e-05 4.510150728906904 0.1 0.1 151 
-2.22415714604514 0.006 0.002 0.9999869259340423 9e-06 3e-05 0.9999812820128032 2e-05 8e-05 4.510423496791295 0.2 0.2 117 
-2.2239935500281196 0.004 0.001 0.9999904521874019 7e-06 2e-05 0.9999302150947708 6e-05 0.0003 4.510371169022151 0.1 0.1 110 
-2.2244209834507536 0.002 0.0009 0.9999870144895144 5e-06 1e-05 0.9998135615672384 5e-06 2e-05 4.51309380361012 0.1 0.1 185 
-2.224924159049988 0.002 0.001 0.9999891864401954 7e-06 3e-05 0.999938916521413 3e-06 1e-05 4.511263721329826 0.1 0.1 196 
-2.2126166582107545 0.005 0.002 0.9998868007745062 3e-05 3e-05 0.9993752032518387 0.0003 0.0003 4.464386212825775 0.3 0.3 199 
-2.2240702867507935 0.002 0.001 0.9999858643327441 9e-06 3e-05 0.9999096832105092 1e-05 3e-05 4.5110375557627 0.09 0.09 177 
-2.225248462813241 0.0003 0.0003 0.9999934532812663 1e-06 1e-06 0.9999976884041514 1e-06 2e-06 4.511515331268311 0.07 0.07 172 
-2.225026818684169 0.003 0.0009 0.9999870662178312 8e-06 5e-05 0.9999956239547049 2e-06 6e-06 4.511217156478337 0.2 0.2 189 
-2.224805498123169 0.002 0.0007 0.9999943441578321 2e-06 5e-06 0.9999609323484557 1e-05 1e-05 4.511277236257281 0.1 0.1 162 
-2.2246987206595286 0.003 0.0008 0.9999879958374159 8e-06 4e-05 0.9999749773315021 2e-05 0.0001 4.510944615091597 0.1 0.1 114 
-2.217428834097726 0.004 0.003 0.9999170873846327 2e-05 2e-05 0.9998383057968957 8e-05 0.0001 4.489681397165571 0.3 0.3 103 
-2.2249381950923373 0.004 0.002 0.9999844029545784 1e-05 6e-05 0.9999924242496491 6e-06 2e-05 4.511068337304252 0.2 0.1 175 
-2.224238463810512 0.0009 0.0005 0.9999912977218628 2e-06 4e-06 0.9999580734542438 1e-05 2e-05 4.509781966890608 0.1 0.1 132 
-2.223175324712481 0.005 0.002 0.9999711688075746 2e-05 9e-05 0.9999662999595914 2e-05 8e-05 4.509327721595764 0.1 0.1 138 
-2.224870184489659 0.002 0.0007 0.9999929853848049 3e-06 1e-05 0.9999632394739559 7e-06 1e-05 4.511277174949646 0.09 0.09 113 
-2.2250224930899485 0.0005 0.0005 0.9999932657395091 3e-06 4e-06 0.9999839908310345 9e-06 2e-05 4.511440869740078 0.1 0.1 150 
-2.2249973024640766 0.003 0.001 0.9999878957867623 8e-06 2e-05 0.9999806795801435 2e-05 8e-05 4.511140406131744 0.1 0.1 139 
-2.2241398096084595 0.006 0.002 0.9999845136489187 1e-05 8e-05 0.9999789154955319 2e-05 6e-05 4.510702151911599 0.1 0.1 153 
