-2.223861827169146 0.0004 0.0003 0.999990618441786 3e-06 4e-06 0.9999390795826912 2e-05 2e-05 4.510399767330715 0.07 0.07 23 
-2.2253012895584106 0.0003 0.0002 0.9999929368495941 1e-06 2e-06 0.9999976769089699 8e-07 2e-06 4.511645432880947 0.06 0.06 48 
-2.2242038658687044 0.0009 0.0005 0.9999873625380652 4e-06 6e-06 0.9999885761312076 4e-06 7e-06 4.5112278291157315 0.08 0.08 20 
-2.2241395269121442 0.0006 0.0004 0.9999840893915721 5e-06 8e-06 0.999993649337973 3e-06 5e-06 4.510616813387189 0.08 0.08 25 
-2.224979169028146 0.0008 0.0004 0.9999905843819891 3e-06 5e-06 0.9999840383018767 1e-05 2e-05 4.511163032054901 0.1 0.1 10 
-2.224812459945679 0.002 0.001 0.999989937884467 7e-06 3e-05 0.9999701310481344 2e-05 4e-05 4.510756717409406 0.08 0.1 34 
-2.223004494394575 0.0002 0.0001 0.9999811538628169 4e-06 5e-06 0.999944066788469 7e-06 7e-06 4.509818385328566 0.02 0.02 18 
-2.224533074242728 0.0005 0.0003 0.9999895029834338 4e-06 6e-06 0.9999648264476231 1e-05 1e-05 4.511153405053275 0.09 0.09 22 
-2.2246208701814925 0.0007 0.0005 0.9999924574579512 2e-06 4e-06 0.9999969139695167 1e-06 2e-06 4.511147861821311 0.07 0.07 35 
-2.22395350251879 0.004 0.002 0.9999875419906208 1e-05 4e-05 0.9999605623739106 4e-05 0.0002 4.510286218779427 0.1 0.1 16 
-2.2248347009931293 0.0007 0.0004 0.9999870393957411 7e-06 2e-05 0.9999984119619642 1e-06 2e-06 4.5114673171724595 0.06 0.06 36 
-2.224651493344988 0.001 0.0008 0.9999863624572753 5e-06 1e-05 0.9999872454575129 8e-06 3e-05 4.511188299315316 0.1 0.1 24 
-2.224842231614249 0.006 0.001 0.999990907737187 9e-06 4e-05 0.9999753524150167 2e-05 8e-05 4.511165121623448 0.2 0.2 45 
-2.223591572897775 0.001 0.0008 0.9999861483063016 8e-06 2e-05 0.99997003780944 2e-05 5e-05 4.510574066638947 0.1 0.1 32 
-2.2229719161987305 0.003 0.001 0.9999839431473188 1e-05 2e-05 0.9985415586403438 6e-05 0.0002 4.521542567866189 0.2 0.2 39 
-2.224023175239563 0.002 0.001 0.9999841922095843 9e-06 1e-05 0.9999680572322437 3e-05 0.0001 4.510718262195587 0.1 0.1 40 
-2.224546582358224 0.003 0.001 0.9999870236430849 7e-06 2e-05 0.9999639513237136 3e-05 5e-05 4.510926626409803 0.1 0.1 28 
-2.223049548694066 0.0008 0.0006 0.9999741435050964 7e-06 1e-05 0.9999700927308628 1e-05 2e-05 4.510865468638284 0.08 0.08 31 
-2.2244957992008754 0.003 0.002 0.9999848037958146 1e-05 2e-05 0.9999978699854442 2e-06 4e-06 4.5108523947852 0.09 0.09 42 
-2.2247547490256174 0.002 0.0006 0.9999879385743823 4e-06 1e-05 0.999983417562076 2e-05 7e-05 4.511034064633506 0.1 0.1 50 
-2.225346619742257 0.0005 0.0004 0.999987798503467 3e-06 4e-06 0.9999851616365569 1e-05 3e-05 4.511203879969461 0.1 0.1 47 
-2.2247511182512554 0.0009 0.0007 0.9999941887600081 2e-06 4e-06 0.9999971945370947 2e-06 4e-06 4.5112715993608745 0.07 0.07 9 
-2.2242458479745046 0.002 0.0007 0.9999912396073342 4e-06 2e-05 0.9999615920441491 1e-05 4e-05 4.510875378336225 0.07 0.07 41 
-2.224532651901245 0.002 0.001 0.9999880880117417 6e-06 2e-05 0.9999965859310967 2e-06 4e-06 4.511106089183262 0.09 0.09 19 
-2.2246590001242503 0.001 0.0004 0.9999818789107459 5e-06 1e-05 0.9999763808080129 1e-05 2e-05 4.511625792298998 0.1 0.1 43 
-2.204196500778198 0.0006 0.001 0.999904872902802 2e-05 1e-05 0.9987997003964015 0.0004 0.0004 4.419416846547808 0.3 0.3 30 
-2.2245172670909334 0.0008 0.0005 0.9999918024454798 3e-06 8e-06 0.9999942055770329 4e-06 2e-05 4.511108105523245 0.07 0.07 5 
-2.224090143612453 0.002 0.0007 0.9999828981501716 9e-06 2e-05 0.9999510418091502 1e-05 1e-05 4.510611770834242 0.06 0.06 2 
-2.224087289401463 0.007 0.002 0.9999840996095113 1e-05 3e-05 0.9999768518975802 2e-05 5e-05 4.510496180398124 0.1 0.1 29 
-2.2249784810202464 0.001 0.0006 0.9999900492174285 3e-06 8e-06 0.9999973839947156 1e-06 4e-06 4.511545351573399 0.08 0.08 49 
-2.224884421484811 0.0004 0.0004 0.9999940527336938 2e-06 3e-06 0.9999973035284451 1e-06 3e-06 4.511182188987732 0.06 0.06 4 
