-0.38992084094456264 0.0001 0.0001 0.8198700687714986 0.001 0.001 0.9839229258043426 0.001 0.001 2.4148339697292873 0.09 0.09 25 
-2.1671077285494125 0.01 0.007 0.9967603951692581 0.0003 0.0004 0.9985319090741022 3e-05 7e-05 4.589304782663073 0.2 0.2 74 
-2.2148074729102 0.01 0.006 0.9997858894722802 9e-05 0.0001 0.999799394607544 1e-05 2e-05 4.498537717546736 0.3 0.3 35 
-2.220089020047869 0.002 0.001 0.9999340444803237 1e-05 1e-05 0.9999131798744202 2e-05 2e-05 4.505409279891423 0.2 0.2 13 
-2.213451177733285 0.06 0.01 0.9999182139124189 3e-05 0.0002 0.9996196191225734 0.0002 0.0005 4.500897714069912 0.3 0.3 5 
-2.220384080069406 0.0002 0.0002 0.9999282945479665 8e-06 8e-06 0.9985528794782502 2e-05 2e-05 4.524857582364763 0.2 0.2 55 
-2.1389114924839565 0.01 0.01 0.9990413840327944 2e-05 2e-05 0.9970623540026801 0.0004 0.0004 4.301504781416484 0.6 0.6 46 
-2.222320679255894 0.0002 0.0002 0.9999542464103017 3e-06 4e-06 0.9999484675271171 1e-05 2e-05 4.506532439163753 0.1 0.1 51 
-2.2155118533543177 0.005 0.003 0.99997227702822 9e-06 2e-05 0.9999842560717038 1e-05 2e-05 4.505890788350786 0.1 0.1 36 
-0.3902023264339992 0.0007 0.0006 0.8200664554323469 0.003 0.003 0.983819471512522 0.001 0.001 2.4172915382044655 0.1 0.1 96 
-2.207147329194205 0.001 0.0004 0.9999038251382965 2e-05 0.0003 0.9992016911506653 2e-05 2e-05 4.497149549211774 0.2 0.2 20 
-2.2223998308181763 0.007 0.003 0.9998707368969917 7e-05 0.0001 0.9998777619429997 7e-06 2e-05 4.512304077829634 0.2 0.2 48 
-2.2212178707122803 0.0008 0.0006 0.9999647017036165 7e-06 5e-06 0.999945724436215 2e-05 2e-05 4.502624264785221 0.2 0.2 14 
-2.202165154048375 0.009 0.007 0.9999014064669609 5e-05 0.0001 0.999142670418535 7e-05 0.0002 4.489136265005384 0.3 0.3 88 
-2.2075270789010184 0.003 0.002 0.9999784878322057 5e-06 9e-06 0.9991257808038166 3e-05 4e-05 4.489391097000667 0.2 0.2 79 
-2.220504437174116 0.001 0.001 0.9999528961522238 5e-06 9e-06 0.9998049144233976 8e-05 0.0001 4.492915218217032 0.2 0.2 26 
-0.3903176988874163 0.0009 0.0006 0.819641061765807 0.002 0.002 0.9840489066072873 0.0009 0.001 2.4179860523768832 0.1 0.1 34 
-1.5805278880255562 0.001 0.0009 0.9904020296675818 0.0003 0.0003 0.99873650180442 0.0002 0.0004 4.056879214729581 0.2 0.2 83 
-2.2198786394936696 0.0005 0.0005 0.9999438913805144 8e-06 8e-06 0.9998306661844254 1e-05 1e-05 4.502416576657977 0.2 0.2 72 
-2.2142761366707937 0.01 0.004 0.999938380931105 3e-05 0.0001 0.9995011880993843 9e-06 4e-05 4.5111366833959305 0.2 0.2 91 
-2.209109231403896 0.006 0.003 0.9999018558434077 1e-05 2e-05 0.9999757028051786 9e-06 1e-05 4.4983480538640706 0.3 0.3 4 
-0.38545217854636055 0.008 0.004 0.8192671718341964 0.009 0.01 0.9842459831918989 0.001 0.001 2.4041311195918493 0.2 0.3 16 
-2.2207916940961567 0.0003 0.0003 0.999908993925367 8e-06 8e-06 0.9985739495073046 3e-05 3e-05 4.5161193779536655 0.2 0.2 47 
-2.2010977506637572 0.005 0.004 0.999714111004557 5e-05 0.0001 0.9999060845800809 3e-05 5e-05 4.5074556810515265 0.3 0.3 58 
-2.207329075677054 0.009 0.004 0.9999287153993334 4e-05 0.0002 0.9991233936377935 6e-05 0.0003 4.494887719835554 0.3 0.3 73 
-2.220388272830418 0.02 0.005 0.9999237969517708 3e-05 0.0001 0.9991633230022021 1e-05 4e-05 4.510690028326852 0.3 0.3 98 
-0.37680417128971644 0.002 0.0009 0.8141915770513671 0.009 0.009 0.9819333400045123 0.001 0.001 2.383796066045761 0.1 0.1 31 
-2.21421332018716 0.03 0.005 0.9998312271067075 6e-05 0.0004 0.99726732224226 7e-05 0.0004 4.515881218229022 0.3 0.4 9 
-2.2173546178000314 0.0005 0.0005 0.9998852927769933 2e-05 2e-05 0.9999449934278216 8e-06 8e-06 4.511004093715123 0.3 0.3 89 
-2.2175263234547207 0.004 0.002 0.9999694087675639 7e-06 2e-05 0.9998809742076057 4e-05 6e-05 4.506327540533883 0.2 0.2 76 
-2.209958178656442 0.005 0.003 0.99993336136852 3e-05 3e-05 0.9998978108167649 2e-05 2e-05 4.4986547555242264 0.4 0.4 29 
