-2.222044723374503 0.003 0.002 0.9999850773385592 7e-06 2e-05 0.9999639913439751 1e-05 2e-05 4.509083184174129 0.06 0.06 49 
-2.2235689640045164 0.0007 0.0005 0.9999835819005967 6e-06 2e-05 0.999813847882407 6e-06 2e-05 4.51264500277383 0.07 0.07 24 
-2.224019547871181 0.0009 0.0007 0.9999876103230885 6e-06 1e-05 0.9999910997492927 7e-06 4e-05 4.510654982498714 0.1 0.1 3 
-2.2232876471110754 0.003 0.002 0.9999791183641978 1e-05 3e-05 0.9999638585107667 2e-05 7e-05 4.51079580272947 0.2 0.2 22 
-2.2236234937395367 0.0008 0.0004 0.9999908325927598 3e-06 8e-06 0.9999819397926331 6e-06 9e-06 4.510333003316607 0.05 0.05 30 
-2.224384719984872 0.002 0.001 0.9999861736382757 9e-06 4e-05 0.9999776214361191 1e-05 3e-05 4.510788071155548 0.1 0.1 35 
-2.224832660811288 0.005 0.001 0.9999903810875757 6e-06 3e-05 0.9999638116785459 2e-05 5e-05 4.511173149517604 0.08 0.08 25 
-2.2244623150144305 0.001 0.0007 0.9999910588775363 4e-06 9e-06 0.9999939164945058 4e-06 1e-05 4.51121712582452 0.08 0.08 36 
-2.2236353261130195 0.002 0.001 0.999987946663584 7e-06 2e-05 0.9999951022011894 4e-06 1e-05 4.510477302755628 0.06 0.06 14 
-2.2234928505761284 0.002 0.002 0.9999809807964734 5e-06 9e-06 0.9999959615724427 2e-06 2e-06 4.510582491329738 0.08 0.08 47 
-2.223260188102722 0.003 0.001 0.9999843322804995 1e-05 2e-05 0.9999595712338175 1e-05 2e-05 4.510092568397522 0.1 0.1 50 
-2.2247086218425207 0.001 0.0007 0.9999858956251826 9e-06 4e-05 0.9999790800469263 2e-05 8e-05 4.511315851552146 0.1 0.1 40 
-2.222566832814898 0.003 0.0009 0.9999836389507566 5e-06 1e-05 0.9999614849686622 4e-05 0.0002 4.5099214400563925 0.09 0.1 39 
-2.222893125670297 0.002 0.002 0.9999822331326348 8e-06 3e-05 0.9999851154429572 1e-05 5e-05 4.51000565631049 0.1 0.1 23 
-2.2244379043579103 0.001 0.001 0.9999888933130673 7e-06 2e-05 0.9999658099242619 2e-05 4e-05 4.510536456108094 0.1 0.1 48 
-2.2240684304918563 0.0006 0.0004 0.9999889742050853 5e-06 1e-05 0.9999947703310421 4e-06 8e-06 4.510479322501591 0.08 0.08 15 
-2.223678173337664 0.002 0.0008 0.9999893258724893 4e-06 1e-05 0.9999734718884741 2e-05 0.0001 4.510063653332846 0.1 0.1 26 
-2.224638571058001 0.0002 0.0002 0.999994623873915 1e-06 1e-06 0.9999930266823087 1e-06 3e-06 4.51069289956774 0.06 0.06 34 
-2.2226538726261684 0.004 0.002 0.9999831887228149 1e-05 3e-05 0.9999624831335885 4e-05 0.0002 4.509703763893673 0.1 0.1 28 
-2.2224452836172923 0.0009 0.0007 0.9999846356255667 6e-06 8e-06 0.9999279718313898 2e-05 3e-05 4.509322335038866 0.07 0.07 37 
-2.221967785699027 0.008 0.003 0.9999781987496785 2e-05 9e-05 0.9999391643064363 5e-05 0.0003 4.5091039146695815 0.2 0.2 42 
-2.223315964426313 0.002 0.001 0.9999770268797874 1e-05 5e-05 0.9999652658190046 3e-05 0.0001 4.510387970720019 0.2 0.1 43 
-2.22441007069179 0.0006 0.0005 0.9999903702310153 3e-06 4e-06 0.9999732332570213 6e-06 1e-05 4.510981626170022 0.08 0.08 21 
-2.2246697664260866 0.003 0.001 0.9999902537890843 6e-06 3e-05 0.9999720013567379 3e-05 0.0001 4.5105162586484635 0.1 0.1 9 
-2.2231471742902484 0.002 0.001 0.9999843484589032 7e-06 2e-05 0.999981481049742 2e-05 5e-05 4.510137140750885 0.1 0.1 13 
-2.223621106147766 0.0009 0.0006 0.9999878195779665 5e-06 1e-05 0.9999823970454079 1e-05 2e-05 4.510454343046461 0.09 0.09 5 
-2.223504298073905 0.002 0.001 0.9999880771551813 4e-06 2e-05 0.9999772097383227 2e-05 5e-05 4.510019387517657 0.1 0.1 2 
-2.2243307283946447 0.001 0.001 0.9999889718634741 7e-06 1e-05 0.9999958449176379 3e-06 2e-05 4.510980488572802 0.1 0.1 19 
-2.223294748578753 0.0006 0.0006 0.9999875628522464 5e-06 1e-05 0.9999943126525198 4e-06 7e-06 4.510240008149828 0.06 0.06 6 
-2.223103278023856 0.001 0.0007 0.9999896443315914 3e-06 7e-06 0.9999950196061815 2e-06 9e-06 4.5100325328963144 0.03 0.03 1 
-2.2241463354655675 0.001 0.0007 0.9999896196382386 6e-06 2e-05 0.9985688054135867 3e-05 5e-05 4.526449734824045 0.09 0.09 41 
-2.224312199865069 0.0008 0.0006 0.9999915327344622 5e-06 1e-05 0.9999844921486718 1e-05 3e-05 4.510098057133811 0.09 0.09 33 
-2.218453700201852 0.003 0.002 0.999965179179396 1e-05 1e-05 0.9999879532626696 9e-06 4e-05 4.507519967215401 0.09 0.09 10 
-2.2241763489586965 0.002 0.001 0.9999879315495491 7e-06 2e-05 0.9999855631164142 8e-06 3e-05 4.510169674668993 0.1 0.1 31 
-2.223954268864223 0.0008 0.0007 0.9999769368341991 1e-05 2e-05 0.9999642987336431 2e-05 3e-05 4.510070708819798 0.04 0.04 45 
-2.224705811909267 0.0004 0.0004 0.9999939192618642 3e-06 3e-06 0.998571217911584 1e-05 2e-05 4.527295534951346 0.05 0.05 18 
-2.223719368662153 0.0009 0.0009 0.9999893969723157 4e-06 7e-06 0.9999935009649822 5e-06 2e-05 4.510434521947588 0.07 0.08 7 
