-2.207285441671099 0.0008 0.0007 0.9997442428554807 2e-05 3e-05 0.9984012205685888 4e-05 4e-05 4.524460901532854 0.2 0.2 82 
-2.177002716064453 0.004 0.004 0.9997887230345182 3e-05 3e-05 0.9859203389712743 0.0005 0.0005 4.661551209006991 0.6 0.6 70 
-2.2114060265677318 0.0002 0.0003 0.9999099912387984 1e-05 1e-05 0.9984531360013145 2e-05 2e-05 4.513321934427534 0.2 0.2 50 
-0.8256458418709891 0.0005 0.0003 0.9339746720024518 0.002 0.002 0.9927465947610992 0.0005 0.0005 3.208708757162094 0.2 0.1 75 
-2.194800557409014 0.005 0.005 0.9998791549886976 3e-05 9e-05 0.9990708046725818 0.0002 0.0002 4.4325002772467474 0.3 0.3 30 
-2.107029618535723 0.002 0.001 0.9997294613293239 0.0001 0.0001 0.9910354603614125 2e-05 2e-05 4.431335493496486 0.3 0.3 63 
-2.20431398664202 0.001 0.0009 0.9994708872267178 8e-05 9e-05 0.9997349928532328 4e-05 4e-05 4.525042113236019 0.3 0.3 95 
-2.194140420641218 0.001 0.001 0.9997997418045997 1e-06 2e-06 0.9991490434323038 8e-06 8e-06 4.483220592566899 0.4 0.4 29 
-2.200711560249329 0.003 0.002 0.999833567227636 2e-05 2e-05 0.998930490229811 6e-06 9e-06 4.494482414211546 0.3 0.3 35 
-2.196507842200143 0.008 0.006 0.999557868710586 5e-05 5e-05 0.9987338883536202 0.0001 0.0001 4.478264390570777 0.3 0.3 2 
-2.1611785888671875 0.06 0.02 0.9996575676969119 0.0002 0.0003 0.9997182995080948 0.0002 0.0004 4.455358175720487 0.7 0.8 64 
-2.211753262792315 0.003 0.003 0.9998734493340765 2e-05 4e-05 0.9984352439641953 0.0001 0.0001 4.51355425630297 0.2 0.2 100 
-2.214239590508597 0.004 0.004 0.9997397173728262 7e-05 0.0001 0.9979921943375043 2e-05 2e-05 4.530567753314972 0.3 0.3 78 
-2.1838551419121877 0.002 0.002 0.9998261724199567 4e-05 4e-05 0.9991298432861055 2e-05 2e-05 4.481763247081211 0.2 0.2 46 
-0.3844173278127398 0.009 0.004 0.8185428106359073 0.006 0.007 0.9832786726100105 0.009 0.009 2.404415361370359 0.4 0.3 14 
-2.2026401111057825 0.08 0.02 0.9998351722955704 8e-05 0.0004 0.9980032846331597 0.0002 0.0004 4.544957493032728 0.6 0.5 10 
-2.1925406762531825 0.02 0.01 0.9998281606606074 0.0001 0.0003 0.999095412663051 3e-05 5e-05 4.480555440698351 0.2 0.2 8 
-2.2034548214503697 0.01 0.004 0.9997544128979955 4e-05 8e-05 0.999025225852217 4e-05 0.0001 4.494134654317583 0.4 0.4 86 
-1.8607139791761125 0.004 0.002 0.99664870010955 0.0006 0.0007 0.997411555477551 8e-05 0.0001 4.2802396212305345 0.2 0.2 45 
-2.1682926756995067 0.004 0.004 0.999553747688021 4e-05 4e-05 0.9953305489250592 0.0002 0.0002 4.505758422613144 0.6 0.6 48 
-2.1950461319514685 0.02 0.007 0.9998497000762394 4e-05 9e-05 0.9989529473440988 1e-05 4e-05 4.49002326812063 0.4 0.4 102 
-0.3337656004088266 0.002 0.003 0.8526382942284857 0.004 0.004 0.9835293178047453 0.002 0.002 2.4576577944414955 0.4 0.4 79 
-0.376966290814536 9e-05 8e-05 0.8137520615543637 0.005 0.005 0.9830922801579748 0.0009 0.0009 2.3792162801538197 0.1 0.1 15 
-2.1830537830080305 0.1 0.03 0.9987472123333386 0.0004 0.002 0.9992838418909482 3e-05 0.0002 4.517522073643548 1.0 1.0 31 
-2.2200992345809936 0.02 0.005 0.9998796803610666 4e-05 0.0002 0.9999626681208611 2e-05 5e-05 4.506010062353951 0.4 0.4 22 
-2.215305587223598 0.006 0.004 0.9998926135046141 2e-05 2e-05 0.9999276640159743 2e-05 5e-05 4.504340524332864 0.1 0.2 12 
-2.21402108669281 0.01 0.004 0.9999440718974386 2e-05 5e-05 0.9999265377010618 3e-05 9e-05 4.504122839655195 0.3 0.3 99 
-2.191624082837786 0.0006 0.0005 0.9997164117438453 5e-05 5e-05 0.9988900216562407 6e-05 6e-05 4.460037757669176 0.2 0.2 41 
-2.2087540115628923 0.01 0.006 0.9997070819139481 0.0001 0.0003 0.9988457958613123 0.0003 0.0006 4.529513037204742 0.5 0.6 17 
-2.205022290774754 0.002 0.001 0.9988028737051147 0.0002 0.0002 0.9980033997978482 0.0001 0.0001 4.569693429129464 0.3 0.3 91 
-2.2121966055461337 0.03 0.01 0.999855648619788 7e-05 0.0004 0.9985031528132302 3e-05 0.0001 4.520200276374817 0.4 0.5 83 
-2.193263305936541 0.001 0.0009 0.9997697344848088 2e-05 2e-05 0.9984480864235333 3e-06 5e-06 4.49158718415669 0.4 0.4 98 
-2.191257473400661 0.03 0.02 0.9996354916266033 0.0002 0.0003 0.9992822357586452 1e-05 2e-05 4.494402503967285 0.3 0.3 38 
-0.37982965537479946 0.04 0.009 0.8166749896747726 0.01 0.01 0.988442925470216 0.005 0.01 2.3368354094879966 0.4 0.4 85 
-2.2060564245496477 0.03 0.01 0.9998982548713684 3e-05 9e-05 0.9997180287327085 0.0001 0.0003 4.498852665935244 0.5 0.6 72 
-2.191162763323103 0.02 0.01 0.999498990390982 9e-05 0.0002 0.9989173633711679 0.0001 0.0006 4.491388270684651 0.5 0.5 19 
-0.8140326976776123 0.0005 0.0004 0.9325246534177235 0.005 0.005 0.9899599850177765 0.0005 0.0005 3.228424297060285 0.2 0.2 9 
-2.2002708843776158 0.03 0.01 0.9996201053261757 0.0002 0.0002 0.9982992549027715 0.0002 0.0004 4.502056006022862 0.6 0.6 68 
-2.2208124024527414 0.008 0.004 0.9999193372470992 2e-05 5e-05 0.9997912177017757 3e-05 7e-05 4.513721309389386 0.3 0.3 77 
-2.17643233026777 0.002 0.002 0.9995692306331225 5e-05 5e-05 0.9983614947114672 9e-06 8e-06 4.472817039489746 0.4 0.4 24 
-0.3846578649112156 0.0004 0.0004 0.8183195733598301 0.004 0.004 0.9868269726634026 0.002 0.002 2.3739533764975413 0.2 0.2 97 
-2.171844036238534 0.009 0.007 0.9994584453957421 0.0001 0.0002 0.9990533713783537 0.0001 0.0001 4.4741639299052105 0.5 0.5 193 
-0.8406912088394165 4e-05 4e-05 0.9358827484505517 0.0008 0.0008 0.9915670284203121 0.0005 0.0005 3.2708264717033932 0.09 0.09 170 
-0.37456829377583095 0.0003 0.0003 0.8123331995947021 0.003 0.003 0.983175433746406 0.0003 0.0003 2.369623231887817 0.2 0.2 152 
-2.187175696236747 0.06 0.03 0.9993990825755256 0.0002 0.0002 0.9999093722019877 2e-05 3e-05 4.52000800200871 0.3 0.3 198 
-2.200586598260062 0.003 0.002 0.9998390855533736 1e-05 1e-05 0.9981213620730809 0.0001 0.0002 4.497064178330557 0.2 0.2 131 
-0.2978402887071882 0.0009 0.0009 0.7713624424168042 0.009 0.009 0.9835631464208875 0.003 0.003 2.0820969756160466 0.2 0.2 145 
-2.20548769065312 0.0003 0.0003 0.9999495106084006 1e-05 1e-05 0.9987760950412069 4e-06 4e-06 4.499874084336417 0.2 0.2 181 
-0.3751389026641846 0.0004 0.0004 0.8140743519578661 0.003 0.003 0.9811977856925556 0.0002 0.0002 2.381520896298545 0.2 0.2 163 
-0.38670361382620677 0.0002 0.0003 0.8208083201731954 0.003 0.003 0.9841087945869991 0.002 0.002 2.412893330199378 0.2 0.2 139 
-2.220724678039551 0.004 0.003 0.99990506789514 3e-05 4e-05 0.9999469069497926 2e-05 5e-05 4.510780726160322 0.3 0.3 109 
-1.8594831466674804 0.003 0.002 0.9968481698206493 0.0002 0.0002 0.9907169167484556 0.001 0.001 4.392718894992556 0.4 0.4 194 
-2.1991558517728533 0.003 0.003 0.9997407378894942 4e-05 5e-05 0.9995708207998957 0.0001 0.0003 4.487571520464761 0.5 0.5 176 
-1.8251985618046351 0.04 0.02 0.9984190811003958 0.0004 0.0006 0.8895787339125361 0.005 0.006 3.01073385987963 0.4 0.4 143 
-2.172015701021467 0.004 0.004 0.9990617992622511 8e-05 8e-05 0.9983974497233118 1e-05 1e-05 4.487994749205453 0.4 0.4 116 
-2.1950811931065153 0.1 0.02 0.9998393940074103 6e-05 0.0001 0.997791038453579 0.0002 0.004 4.521506336757115 0.7 0.5 168 
-1.8742716516767228 0.0002 0.0002 0.9968306781990187 0.0005 0.0005 0.9996218132121223 0.0001 0.0001 4.2653937595231195 0.2 0.2 121 
-2.2156939847128734 0.002 0.001 0.9999368410025324 5e-06 6e-06 0.9982556928481374 0.0002 0.0002 4.460802221298218 0.3 0.3 187 
-0.36152443545205254 0.005 0.002 0.8085951790213585 0.004 0.004 0.9814056628516742 0.002 0.002 2.3400710446493966 0.3 0.3 195 
-2.2027295453207834 0.02 0.01 0.9996970304421016 0.0002 0.0003 0.9984699068324906 7e-05 0.0001 4.5253212707383295 0.2 0.2 151 
-2.219734958239964 0.007 0.003 0.9999366832630975 2e-05 4e-05 0.999751342194421 4e-05 6e-05 4.5035998821258545 0.3 0.3 134 
-2.221061304637364 0.002 0.001 0.999955834874085 9e-06 1e-05 0.9994042024016381 4e-05 5e-05 4.514094838074276 0.3 0.3 200 
-0.533363241808755 0.06 0.04 0.8229266145399639 0.02 0.01 0.8515619514243943 0.0001 0.0001 1.8772838277476174 0.1 0.1 124 
-2.195770723479135 0.0005 0.0005 0.9996679893561772 6e-06 6e-06 0.9989271413002695 5e-05 5e-05 4.463021458898272 0.1 0.1 123 
-2.2003763198852537 0.001 0.001 0.9998178452253341 4e-05 4e-05 0.9983230367302894 5e-05 5e-05 4.497569513320923 0.3 0.3 177 
-2.2071998800550188 0.001 0.0006 0.9998781321304185 2e-05 2e-05 0.9992122726781028 2e-06 3e-06 4.500739404133388 0.2 0.2 141 
-2.211931688444955 0.03 0.005 0.9999216301100594 1e-05 3e-05 0.9984406409519059 0.0002 0.001 4.513534251281193 0.5 0.5 133 
-2.205770138331822 0.003 0.002 0.9998500600457192 5e-05 6e-05 0.9998314291238785 1e-05 2e-05 4.491572904586792 0.2 0.2 197 
-2.1972063950129916 0.02 0.004 0.9997121668287686 5e-05 0.0002 0.9990654560072082 9e-05 0.0002 4.488417116233281 0.2 0.3 128 
-2.1811639751706804 0.03 0.02 0.9997423446604183 0.0002 0.0004 0.9963110295789582 0.0003 0.0003 4.4074357688426975 0.5 0.5 136 
-0.3851045301982335 0.0003 0.0003 0.8220430088894708 0.006 0.006 0.9838927181703704 0.001 0.001 2.4183502691132683 0.2 0.2 175 
-1.872938564845494 0.002 0.002 0.9967389504824365 0.0001 0.0001 0.9957616054586002 9e-05 0.0001 4.3238607934543065 0.2 0.2 118 
-2.2120334659303937 0.0004 0.0003 0.9998986041971616 8e-06 8e-06 0.9998743961964335 3e-06 6e-06 4.5028025422777445 0.3 0.3 182 
-2.1132964951651436 0.02 0.01 0.9991143809897559 0.0002 0.0001 0.9841895605836596 0.002 0.002 4.447356448003224 1.0 1.0 107 
-0.37828106709889003 0.005 0.002 0.8290999352931976 0.005 0.004 0.983128075514521 0.003 0.002 2.4541837317602977 0.3 0.3 135 
-1.3376795564379012 0.02 0.007 0.9841989404388837 0.003 0.003 0.8989301255771092 0.0001 0.0001 3.700499814748764 0.5 0.5 147 
-2.1852057218551635 0.001 0.001 0.999105972477368 2e-05 2e-05 0.9970484439815793 0.0002 0.0002 4.407874454770769 0.4 0.4 173 
-0.3730060747691563 0.006 0.005 0.8432649703962463 0.01 0.01 0.9852802764092173 0.004 0.005 2.4771183856895993 0.2 0.2 158 
-2.208554325784956 0.01 0.003 0.9998824758189065 2e-05 6e-05 0.998506427024092 7e-05 0.0001 4.51532723392759 0.2 0.2 172 
-2.0930491651807515 0.0007 0.0007 0.9996554325733866 1e-05 1e-05 0.9887323124068124 0.0002 0.0002 4.322048475061144 0.3 0.3 127 
-2.2141779456819806 0.0007 0.0007 0.9999348353062357 9e-06 9e-06 0.9993219345808029 8e-05 8e-05 4.45647281067712 0.2 0.2 174 
-1.8365288768495833 0.002 0.001 0.9963661600436483 0.0002 0.0002 0.9975238280636923 0.0002 0.0002 4.269084486791066 0.3 0.3 122 
