-2.2150063451131183 0.02 0.006 0.9999080175161361 6e-05 0.0001 0.9996851336956024 0.0002 0.0004 4.504739499092102 0.1 0.1 0 
-2.2256372769673667 0.0005 0.0006 0.9999741993347804 2e-05 2e-05 0.9999964924653372 2e-06 3e-06 4.511755531628927 0.06 0.06 5 
-2.2138783232371013 0.03 0.009 0.9998734843730926 0.0001 0.0002 0.9996893185377121 0.0002 0.0006 4.504288961092631 0.2 0.2 6 
-2.220299968719482 0.001 0.0009 0.9999486688772837 3e-05 3e-05 0.999612595240275 5e-05 8e-05 4.5111730162302655 0.1 0.1 7 
-2.22577153523763 0.0007 0.0006 0.9999863527218501 1e-05 2e-05 0.9999918284018835 7e-06 1e-05 4.511653490066529 0.07 0.07 9 
-2.2257389322916667 0.0004 0.0006 0.9999778074026108 2e-05 2e-05 0.9999980433781942 1e-06 1e-06 4.511893723805746 0.06 0.06 10 
-2.215346606572469 0.009 0.005 0.9999321709076564 4e-05 4e-05 0.9996907977263133 0.0002 0.0002 4.504959753354391 0.1 0.1 12 
-2.1790401490529376 0.03 0.02 0.9994455007712046 0.0004 0.0004 0.9992328248421352 0.0004 0.0002 4.473380989233653 0.6 0.6 13 
-2.2260874144236245 0.0002 0.0003 0.9999911961952845 6e-06 6e-06 0.99999831477801 9e-07 8e-07 4.511915020942688 0.05 0.05 14 
-2.224534282684326 0.002 0.001 0.9999628776311874 2e-05 4e-05 0.9999768372376759 2e-05 2e-05 4.511329803466797 0.07 0.07 20 
-2.2254864915211994 0.0009 0.0007 0.999971360762914 2e-05 3e-05 0.9999940965572993 4e-06 6e-06 4.511886444091797 0.07 0.06 23 
-2.213983243306478 0.02 0.009 0.999877640803655 9e-05 0.0003 0.9996841226021449 0.0002 0.0006 4.504248949686686 0.3 0.2 27 
-2.2255112012227376 0.0006 0.0006 0.9999745615323384 2e-05 2e-05 0.9999938436349233 4e-06 6e-06 4.511759142875672 0.07 0.06 29 
-2.2228677622477213 0.002 0.001 0.9999500787258149 3e-05 4e-05 0.9998725936810176 7e-05 8e-05 4.510504344304403 0.09 0.09 30 
-2.226035788853963 0.0002 0.0003 0.999989445010821 6e-06 6e-06 0.9999979923168818 1e-06 9e-07 4.511966404914856 0.05 0.05 31 
-2.213959503173828 0.02 0.01 0.9998769863446554 9e-05 0.0003 0.9996873295307159 0.0002 0.0006 4.503397425015767 0.3 0.2 38 
-2.2139835580190024 0.02 0.009 0.9998763563235601 9e-05 0.0003 0.9996876821915308 0.0002 0.0006 4.503861746788025 0.3 0.2 40 
-2.225560566584269 0.0009 0.0007 0.9999674862623215 2e-05 4e-05 0.9999851270516713 1e-05 2e-05 4.513738233248393 0.04 0.04 42 
-2.2169327449798586 0.002 0.002 0.9999396651983261 3e-05 4e-05 0.9997502410411835 0.0001 0.0001 4.505937817891438 0.1 0.1 43 
-2.220576696395874 0.0009 0.0006 0.9999631035327912 2e-05 2e-05 0.999567133585612 4e-05 7e-05 4.511137617429098 0.1 0.1 44 
-2.2202205435434976 0.001 0.0009 0.9999476496378581 3e-05 3e-05 0.9996093249320984 5e-05 8e-05 4.5107350730896 0.1 0.1 45 
-2.215334939956665 0.01 0.005 0.999932450056076 4e-05 4e-05 0.9996891850233078 0.0002 0.0002 4.505008282661438 0.1 0.1 46 
-2.22546023050944 0.0007 0.0006 0.9999739805857341 2e-05 2e-05 0.9999929147958756 5e-06 6e-06 4.511807537078857 0.07 0.07 48 
-2.2188112767537436 0.002 0.001 0.999958667755127 2e-05 2e-05 0.9997548286120097 0.0001 0.0001 4.506900661786397 0.05 0.05 51 
-2.2150165939331057 0.02 0.006 0.999907263914744 6e-05 0.0001 0.9996854708592097 0.0002 0.0004 4.504782997767131 0.1 0.1 55 
-2.2138801638285317 0.02 0.008 0.999869919816653 0.0001 0.0002 0.9996934966246287 0.0002 0.0004 4.503595250447591 0.2 0.2 56 
-2.215275004704793 0.02 0.007 0.9999128371477127 6e-05 0.0001 0.9996797207991283 0.0002 0.0009 4.50503612836202 0.2 0.2 59 
-2.2139216963450115 0.02 0.009 0.9998762329419454 9e-05 0.0003 0.9996890896558761 0.0002 0.0006 4.5039552847544355 0.3 0.2 60 
-2.2139825789133707 0.02 0.009 0.9998765583833059 9e-05 0.0003 0.9996890437602997 0.0002 0.0007 4.503938687642416 0.3 0.2 65 
-2.213925625483195 0.01 0.009 0.9998763398329417 9e-05 0.0003 0.9996849075953166 0.0002 0.0006 4.50369734287262 0.3 0.3 66 
-2.2139971669514975 0.03 0.008 0.9998685566584269 0.0001 0.0002 0.9996960514783859 0.0002 0.0006 4.5035479497909545 0.2 0.2 67 
-2.2140442180633544 0.02 0.01 0.9998776958386103 9e-05 0.0003 0.9996884896357854 0.0003 0.0008 4.504527616500854 0.3 0.2 70 
-2.215227565765381 0.02 0.005 0.9999083864688874 6e-05 0.0001 0.9996887350082397 0.0002 0.0004 4.504799683888753 0.1 0.1 71 
-2.2255608145395915 0.0008 0.0005 0.9999733601013819 2e-05 3e-05 0.9999952522913614 3e-06 4e-06 4.511969307263692 0.07 0.07 80 
-2.2151068210601808 0.02 0.006 0.9999082787831625 6e-05 0.0001 0.9996859188874563 0.0002 0.0004 4.504835063616435 0.1 0.1 82 
-2.225515044530233 0.0007 0.0005 0.9999748736619949 2e-05 2e-05 0.9999922003348668 5e-06 7e-06 4.511796875 0.06 0.06 83 
-2.2257809511820477 0.0006 0.0003 0.9999791077772776 9e-06 2e-05 0.9999954932928086 3e-06 3e-06 4.511448265711467 0.04 0.04 89 
-2.214066333770752 0.03 0.009 0.9998737535874049 0.0001 0.0003 0.9996917108694713 0.0003 0.0006 4.503684385617574 0.3 0.2 90 
-2.213970651626587 0.03 0.009 0.999877760608991 9e-05 0.0002 0.9996854382753372 0.0002 0.0006 4.503458530108134 0.3 0.2 96 
-2.2139194997151694 0.03 0.01 0.9998747330904006 0.0001 0.0003 0.9996900486946106 0.0003 0.001 4.5041641441981 0.3 0.3 97 
