-2.225336564381917 0.0003 0.0003 0.9999901344378789 2e-06 4e-06 0.99998506406943 9e-06 2e-05 4.512824279467265 0.09 0.09 15 
-2.2255859756469727 0.0005 0.0003 0.9999933501084646 2e-06 4e-06 0.9999877599875132 9e-06 2e-05 4.512344326972961 0.08 0.08 25 
-2.2253278414408366 0.0005 0.0003 0.9999896601835887 2e-06 4e-06 0.9999858458836873 9e-06 2e-05 4.512750272750854 0.08 0.08 78 
-2.2254767068227133 6e-05 5e-05 0.9999929889043172 1e-06 1e-06 0.9999823160966237 6e-06 7e-06 4.512387790679932 0.06 0.05 89 
-2.225216798782349 0.0003 0.0003 0.9999876048167546 3e-06 4e-06 0.9999849969148635 9e-06 2e-05 4.512873428662618 0.09 0.09 98 
-2.2253428363800047 0.0005 0.0003 0.9999894634882609 2e-06 4e-06 0.9999854212999344 9e-06 2e-05 4.512701943715413 0.09 0.09 45 
-2.2252490584055584 2e-05 2e-05 0.9999895755449931 8e-07 7e-07 0.9999808877706527 8e-07 8e-07 4.512635033925374 0.06 0.06 3 
-2.2253050327301027 2e-05 2e-05 0.999991142352422 7e-07 7e-07 0.9999803841114044 8e-07 8e-07 4.512542904218038 0.05 0.05 52 
-2.2255179023742677 0.0006 0.0004 0.9999924918015798 2e-06 3e-06 0.9999841936429341 1e-05 3e-05 4.5123997402191165 0.09 0.09 87 
-2.2253662522633872 0.0002 0.0001 0.9999919881423315 2e-06 3e-06 0.9999810173114141 8e-06 1e-05 4.512527489662171 0.07 0.07 26 
-2.2253384971618653 2e-05 2e-05 0.9999911385774612 6e-07 7e-07 0.9999760526418686 9e-07 8e-07 4.512529376347859 0.05 0.05 93 
-2.225489298502604 0.0005 0.0003 0.9999916088581086 2e-06 4e-06 0.9999865984916687 9e-06 2e-05 4.512471812566122 0.09 0.09 0 
-2.2255076217651366 0.0004 0.0003 0.9999925110737483 2e-06 4e-06 0.9999865355094274 9e-06 2e-05 4.512428531646728 0.08 0.08 24 
-2.2255043252309163 0.0005 0.0003 0.9999913867314657 2e-06 4e-06 0.999985301097234 1e-05 2e-05 4.512588062286377 0.08 0.08 16 
-2.225445515314738 0.0004 0.0003 0.9999911506970723 2e-06 4e-06 0.9999869892994563 9e-06 2e-05 4.512603363990784 0.08 0.08 63 
-2.2253888988494874 0.0004 0.0003 0.9999905125300089 2e-06 4e-06 0.9999844507376353 9e-06 2e-05 4.51255886554718 0.08 0.08 85 
-2.2250816090901693 0.0004 0.0003 0.9999842057625453 3e-06 4e-06 0.9999829665819804 1e-05 2e-05 4.513063640594482 0.09 0.09 84 
-2.2254114977518715 2e-05 2e-05 0.9999926620721817 6e-07 6e-07 0.9999812602996826 9e-07 8e-07 4.5124529377619425 0.05 0.05 27 
-2.225546391805013 0.0005 0.0003 0.9999929944674174 2e-06 4e-06 0.9999865126609803 9e-06 2e-05 4.512308278083801 0.08 0.08 92 
-2.2252681891123456 0.0004 0.0003 0.9999887537956238 3e-06 4e-06 0.9999855323632558 9e-06 2e-05 4.512787419954936 0.09 0.09 14 
