-2.2230131753285725 0.002 0.0004 0.999740910132726 1e-05 1e-05 0.9999808581670125 9e-06 5e-05 4.517126428286234 0.2 0.2 1 
-2.1687675762176513 0.003 0.002 0.991597032546997 0.0002 0.0002 0.9997849414745966 5e-05 0.0002 4.63336442788442 0.2 0.2 2 
-2.2239351240793863 0.005 0.002 0.9999612059195836 9e-06 5e-05 0.9999604549010594 4e-05 0.0001 4.51138674736023 0.2 0.2 3 
-2.2230122661590577 0.002 0.001 0.9998445719480514 7e-06 2e-05 0.9999535842736562 3e-05 0.0001 4.514642418225606 0.1 0.1 7 
-2.2128051567077636 0.005 0.002 0.9994556379318237 2e-05 3e-05 0.9999441289901734 4e-05 9e-05 4.517608472506205 0.2 0.2 8 
-2.201748186747233 0.004 0.001 0.9967560893297196 8e-05 9e-05 0.9998906638224919 3e-05 0.0002 4.561839771270752 0.2 0.2 9 
-2.222985652287801 0.004 0.002 0.9999518408377965 7e-06 3e-05 0.9999781453609466 1e-05 0.0001 4.510635123252869 0.2 0.3 10 
-2.2196577962239585 0.005 0.002 0.9991119132439296 3e-05 5e-05 0.9998378439744313 3e-05 0.0001 4.531413035392761 0.2 0.2 12 
-2.214152323404948 0.003 0.001 0.9988360967238744 3e-05 4e-05 0.9999584941069285 1e-05 8e-05 4.5292774120966595 0.2 0.2 13 
-2.2199684524536134 0.002 0.001 0.9994481283426285 2e-05 2e-05 0.9999503215154012 2e-05 5e-05 4.522192540168763 0.1 0.1 14 
-2.215690507888794 0.001 0.0006 0.9987996345758439 2e-05 3e-05 0.9999637947479884 9e-06 2e-05 4.531385526657105 0.1 0.1 16 
-2.2066495354970295 0.002 0.001 0.9968226005633672 7e-05 9e-05 0.9999065256118774 3e-05 0.0001 4.566192018191019 0.1 0.2 17 
-2.216010506947835 0.006 0.002 0.9999609903494517 1e-05 3e-05 0.9999546549717585 4e-05 0.0001 4.506003142992656 0.2 0.2 18 
-2.132872692743937 0.004 0.003 0.9997804955641428 9e-05 0.0002 0.9949724580844244 6e-05 8e-05 4.44323072274526 0.2 0.3 20 
-2.2235915915171307 0.002 0.001 0.9998975561062495 6e-06 2e-05 0.9999807906150818 2e-05 8e-05 4.512268568674723 0.1 0.2 25 
-2.224397274653117 0.002 0.0008 0.9999764825900396 4e-06 9e-06 0.9999779818455378 1e-05 7e-05 4.511587387720744 0.1 0.2 26 
-2.221769463221232 0.002 0.001 0.9995286623636882 2e-05 4e-05 0.9999709556500117 2e-05 9e-05 4.5229767370224 0.2 0.2 27 
-2.2240759754180908 0.003 0.001 0.9999033691485723 8e-06 3e-05 0.999812112847964 1e-05 4e-05 4.5124679406483965 0.2 0.2 28 
-2.224135907491048 0.002 0.0009 0.9999092710018158 6e-06 1e-05 0.9999840337038041 1e-05 4e-05 4.513164021174113 0.2 0.2 29 
-2.222334289550781 0.01 0.003 0.9997630494832993 2e-05 7e-05 0.9996168404817581 6e-05 0.0002 4.51776106039683 0.2 0.2 32 
-2.2236024856567385 0.003 0.002 0.9999222864707311 9e-06 3e-05 0.9999670294920603 3e-05 0.0001 4.512745353380839 0.1 0.2 35 
-1.719692989985148 0.009 0.004 0.9953687421480815 0.001 0.001 0.9641598361730576 0.0006 0.0005 4.07076770067215 0.2 0.2 36 
-2.2204361311594645 0.004 0.002 0.9994097659985225 2e-05 4e-05 0.9994168873627981 4e-05 0.0001 4.526175185839335 0.2 0.2 37 
-2.2226070022583007 0.002 0.001 0.9996921513477961 1e-05 3e-05 0.9999809449911118 1e-05 6e-05 4.518276085853577 0.2 0.2 38 
-2.2240977764129637 0.005 0.002 0.9999477964639664 1e-05 6e-05 0.9999581086635589 4e-05 0.0002 4.511408351262411 0.2 0.2 39 
-2.223050584793091 0.0009 0.0006 0.9998706001043319 4e-06 7e-06 0.9999912095069885 4e-06 1e-05 4.512280000050863 0.1 0.1 44 
-2.223559741973877 0.0007 0.0004 0.9998312666018804 5e-06 6e-06 0.999983305533727 8e-06 2e-05 4.5151816145579025 0.1 0.1 45 
-2.2236814562479656 0.002 0.0008 0.999915081858635 4e-06 8e-06 0.9999851926167806 8e-06 2e-05 4.511590547561646 0.1 0.1 46 
-2.2235478591918945 0.004 0.002 0.9997830855846405 1e-05 6e-05 0.9999772469202678 1e-05 6e-05 4.5167902358373 0.2 0.2 47 
-2.223344637552897 0.01 0.002 0.999833551843961 1e-05 4e-05 0.9999475737412771 2e-05 0.0006 4.515013197263082 0.2 0.2 49 
-2.2198402945200604 0.05 0.006 0.9997551721334458 2e-05 0.0002 0.9998715311288834 0.0001 0.001 4.515146746635437 0.2 0.2 52 
-2.218255354563395 0.003 0.001 0.9989108939965566 3e-05 4e-05 0.999963540037473 1e-05 7e-05 4.533746528625488 0.2 0.2 53 
-2.2222773106892904 0.003 0.001 0.9996944216887156 1e-05 4e-05 0.9999662864208222 1e-05 7e-05 4.516619316736857 0.2 0.2 54 
-2.2190455404917397 0.001 0.0004 0.9996764864524206 9e-06 9e-06 0.9999727565050125 5e-06 3e-05 4.512509489059449 0.1 0.1 55 
-1.6673369852701823 0.01 0.005 0.9924998950958251 0.0005 0.0006 0.9643326431512833 0.002 0.002 4.01264767408371 0.2 0.2 56 
-2.2087822564442954 0.03 0.008 0.9995329523086548 6e-05 0.0002 0.9999024500449498 9e-05 0.0005 4.501636862754822 0.2 0.2 57 
-2.221510823567708 0.0006 0.0004 0.9997115087509155 1e-05 1e-05 0.998602976401647 2e-05 5e-05 4.521830093065898 0.1 0.1 58 
-2.2069495487213135 0.01 0.003 0.9968146838744482 0.0001 0.0002 0.9999172655741374 2e-05 0.0001 4.566821029980978 0.2 0.2 60 
-2.2148072052001955 0.01 0.004 0.9994017165899277 3e-05 9e-05 0.9999006591240565 6e-05 0.0003 4.5167689689000445 0.2 0.2 61 
-2.2233164215087893 0.001 0.0008 0.9997409373521805 1e-05 1e-05 0.9999788707494736 7e-06 4e-05 4.518384647369385 0.2 0.2 62 
-2.223011112213135 0.005 0.002 0.999778608083725 1e-05 4e-05 0.9999747121334076 2e-05 0.0001 4.516188505490621 0.2 0.2 66 
-2.2093743832906085 0.006 0.002 0.9980072647333145 5e-05 8e-05 0.9997780521710714 4e-05 0.0002 4.542577935854594 0.2 0.2 68 
-2.206542069117228 0.002 0.001 0.9990726723273595 3e-05 5e-05 0.9999368151028951 4e-05 0.0001 4.518892585436503 0.2 0.2 70 
-2.2158824316660564 0.004 0.002 0.9999464025100072 9e-06 3e-05 0.9999588020642598 3e-05 8e-05 4.507320407231648 0.1 0.1 72 
-2.2226783593495685 0.006 0.002 0.9998519933223724 1e-05 3e-05 0.9999765708049139 2e-05 0.0002 4.513263033231099 0.2 0.2 74 
-2.223158671061198 0.005 0.002 0.999818555911382 8e-06 2e-05 0.9999834122260411 1e-05 9e-05 4.513865639368693 0.3 0.2 77 
-2.222862097422282 0.001 0.0005 0.9995348999897639 1e-05 2e-05 0.9999769363800685 8e-06 3e-05 4.522968533833821 0.1 0.1 79 
-2.220373128255208 0.002 0.0006 0.9994724128643672 1e-05 1e-05 0.9999658413728079 2e-05 9e-05 4.5215893665949505 0.1 0.1 80 
-2.217694419225057 0.005 0.002 0.9996733852227528 1e-05 3e-05 0.9999561486641566 2e-05 0.0001 4.512182308832805 0.2 0.2 82 
-2.1972160784403485 0.005 0.002 0.9953871560096741 0.0001 0.0001 0.9973571215073268 5e-05 0.0002 4.602304056485494 0.2 0.2 83 
-2.223282725016276 0.001 0.0008 0.9997428997357687 9e-06 1e-05 0.9999828054507574 7e-06 5e-05 4.517721567153931 0.2 0.2 84 
-2.2211117871602375 0.004 0.002 0.9999071039756139 2e-05 3e-05 0.9998921416203181 5e-05 0.0001 4.5100252103805545 0.2 0.2 85 
-2.219770647684733 0.004 0.001 0.9990732806921006 3e-05 6e-05 0.9999344168106715 4e-05 0.0001 4.531386140187581 0.1 0.1 86 
-2.22413524945577 0.002 0.001 0.9999779291947682 5e-06 1e-05 0.9999824736515681 1e-05 7e-05 4.51123339176178 0.2 0.2 88 
-2.002763532002767 0.002 0.006 0.9703015051285426 0.0005 0.0005 0.9992393535375595 6e-05 8e-05 4.852909406026204 0.07 0.07 92 
-2.1959091440836587 0.01 0.002 0.9947513914108277 0.0001 0.0002 0.9998503683010737 5e-05 0.0003 4.5960032113393146 0.3 0.3 96 
-2.210468772252401 0.03 0.01 0.9993305283784867 0.0001 0.0002 0.9996264447768529 0.0004 0.0009 4.615067712465922 0.2 0.3 98 
-2.221238695780436 0.001 0.0005 0.9994512943426768 2e-05 1e-05 0.9999760858217875 8e-06 3e-05 4.522930660247803 0.2 0.2 99 
