-2.2250528144836426 0.0001 0.0001 0.9999933358033498 4e-06 4e-06 0.9999526715278626 3e-05 4e-05 4.5115581830342615 0.08 0.08 0 
-2.225141003926595 0.0006 0.0003 0.9999912051359813 5e-06 6e-06 0.9999829546610515 1e-05 2e-05 4.511815155347188 0.08 0.08 1 
-2.2248109436035155 0.0007 0.0006 0.9999896009763082 8e-06 8e-06 0.9999790050586065 2e-05 2e-05 4.511193005243937 0.09 0.08 2 
-2.2246877193450927 0.0008 0.0007 0.9999883176883062 1e-05 1e-05 0.9999742478132247 2e-05 2e-05 4.510988516807556 0.07 0.07 3 
-1.5091235510508219 0.6 0.2 0.9847660770018896 0.01 0.04 0.7609268379211426 0.2 0.4 5.30220527211825 9.0 3.0 4 
-2.2246618938446043 0.0008 0.0007 0.9999893271923065 8e-06 9e-06 0.9999793686469396 1e-05 2e-05 4.510863355000814 0.08 0.07 5 
-2.2245954132080077 0.0007 0.0007 0.999987458785375 1e-05 1e-05 0.9999736734231313 2e-05 2e-05 4.51069548924764 0.08 0.08 6 
-2.2246672026316325 0.0008 0.0007 0.9999888410170873 9e-06 1e-05 0.9999758332967759 2e-05 2e-05 4.51127831141154 0.08 0.08 7 
-2.224525629679362 0.0009 0.0008 0.9999878325064977 1e-05 1e-05 0.9999752056598663 2e-05 2e-05 4.511254043579101 0.09 0.09 8 
-1.7633964983622232 0.1 0.06 0.9947088239590327 0.002 0.002 0.9597366656859716 0.02 0.04 4.397413458029429 3.0 2.0 9 
-2.062394444147746 0.7 0.08 0.9995226101080577 0.0003 0.0007 0.9893520651261012 0.003 0.03 4.501595802704493 5.0 3.0 10 
-2.224386119842529 0.0008 0.0007 0.9999857511123021 1e-05 1e-05 0.9999707327286402 2e-05 2e-05 4.511261494954427 0.09 0.09 11 
-2.2246592807769776 0.0007 0.0006 0.9999879457553228 9e-06 1e-05 0.9999741758902868 2e-05 2e-05 4.5110365502039595 0.08 0.08 12 
-1.4415136623382567 0.8 0.3 0.9831404521067937 0.01 0.04 0.7810473724206288 0.2 0.6 5.181591935157776 6.0 3.0 13 
-2.224680099487305 0.0006 0.0006 0.9999903400739034 8e-06 9e-06 0.9999727108081182 2e-05 2e-05 4.511180693308512 0.08 0.08 14 
-2.2244402408599853 0.0007 0.0006 0.9999867820739746 9e-06 1e-05 0.9999707343180975 2e-05 2e-05 4.510974345207214 0.09 0.09 15 
-2.224546251296997 0.0008 0.0007 0.9999900128444036 8e-06 1e-05 0.9999721099932989 2e-05 2e-05 4.510824853579203 0.1 0.1 16 
-1.4143947410583495 1.0 0.2 0.9833030084768931 0.01 0.02 0.6980215440193812 0.2 0.5 5.928538882732392 10.0 3.0 17 
-1.487216631571452 0.8 0.2 0.9877563619613647 0.005 0.007 0.7932659785449505 0.2 0.6 5.143886380990346 6.0 3.0 18 
-1.8214301331837972 0.2 0.07 0.9964661010106405 0.001 0.002 0.9754222206274669 0.01 0.05 4.380903149843216 3.0 2.0 19 
-1.5161351648966472 0.7 0.2 0.9879405971368154 0.008 0.02 0.796092932522297 0.1 0.5 5.018829924265543 5.0 3.0 20 
-2.2248185857137046 0.0006 0.0006 0.9999924914042155 6e-06 7e-06 0.9999732981125514 2e-05 3e-05 4.511110332806905 0.06 0.06 21 
-2.2247406832377115 0.0007 0.0006 0.9999894265333812 9e-06 1e-05 0.9999726043144862 2e-05 2e-05 4.51099317073822 0.08 0.07 22 
-2.225434980392456 0.0005 0.0003 0.9999930214881897 4e-06 4e-06 0.9999896244208017 6e-06 6e-06 4.511796927452087 0.05 0.05 23 
-2.2245941511789957 0.001 0.0009 0.9999884935220082 9e-06 1e-05 0.999981191555659 1e-05 1e-05 4.510820202827453 0.08 0.08 24 
-2.2246279239654543 0.0007 0.0007 0.9999888062477111 9e-06 1e-05 0.9999756368001302 2e-05 2e-05 4.511005886395773 0.08 0.08 25 
-2.2246468607584635 0.0007 0.0006 0.9999892334143321 8e-06 9e-06 0.9999731876452764 2e-05 2e-05 4.511062064170837 0.08 0.08 26 
-2.225262149175008 0.002 0.0006 0.9999915730953216 5e-06 1e-05 0.9999877864122391 1e-05 2e-05 4.511249821980794 0.07 0.07 27 
-2.224932870864868 0.0007 0.0006 0.9999927802880605 6e-06 8e-06 0.9999666247765223 2e-05 3e-05 4.510940581957499 0.08 0.08 28 
-2.2247041352589925 0.007 0.002 0.9999943588177364 3e-06 2e-05 0.9999591594934464 3e-05 0.0003 4.511792894999187 0.3 0.2 29 
-2.2246150080362956 0.0007 0.0006 0.9999876683950424 1e-05 1e-05 0.9999735921621322 2e-05 2e-05 4.51084632396698 0.09 0.09 30 
-1.929374214808146 0.01 0.01 0.9976477611064911 0.001 0.001 0.9921230244636535 0.0005 0.0005 4.366259969075521 0.9 0.9 31 
-2.2246902052561444 0.0007 0.0006 0.9999877216418585 7e-06 9e-06 0.9999738496541977 2e-05 2e-05 4.510539032618205 0.07 0.07 32 
-1.528532075881958 0.6 0.2 0.9885695244868596 0.008 0.02 0.7810620429118474 0.2 0.4 5.150850530465444 7.0 3.0 33 
-2.224745693206787 0.0006 0.0005 0.9999892828861873 9e-06 9e-06 0.9999714736143748 2e-05 3e-05 4.510974961916606 0.08 0.08 34 
-1.6285419082641601 0.04 0.04 0.9914643388986587 0.002 0.002 0.8606193671623866 0.04 0.06 4.621216840744019 1.0 1.0 35 
-2.22562993367513 0.0006 0.0005 0.9999911632140478 7e-06 7e-06 0.9999879129727681 8e-06 1e-05 4.511904702186585 0.07 0.07 36 
-2.2252843316396076 0.001 0.0008 0.9999902405341466 8e-06 1e-05 0.9999863106012344 9e-06 2e-05 4.511610267957051 0.09 0.09 37 
-2.224498249689738 0.0007 0.0007 0.9999883331855138 9e-06 1e-05 0.9999717191855113 2e-05 2e-05 4.51086887995402 0.09 0.08 38 
-2.2245684401194254 0.0007 0.0006 0.9999877335627874 8e-06 9e-06 0.9999707553784053 2e-05 3e-05 4.51095025062561 0.09 0.09 39 
-1.5189653142293293 0.8 0.2 0.9867036161820094 0.01 0.04 0.7458398614327113 0.2 0.5 5.386401073932648 8.0 3.0 40 
-1.510560795466105 0.4 0.2 0.9707670452197393 0.03 0.07 0.7110933248202006 0.2 0.4 5.460769816239675 5.0 3.0 41 
-2.2255679893493654 2e-05 2e-05 0.9999963647127151 2e-07 2e-07 0.9999842512607574 4e-07 5e-07 4.511949928601583 0.06 0.06 42 
-2.2247239049275715 0.0007 0.0006 0.999989603360494 9e-06 1e-05 0.9999738160769145 2e-05 2e-05 4.511124973297119 0.08 0.08 43 
-1.5138402080535889 0.5 0.2 0.9877205177148183 0.009 0.02 0.7813362788160642 0.1 0.5 5.119367024898529 6.0 3.0 44 
-2.224672991434733 0.0009 0.0007 0.9999893067280451 9e-06 1e-05 0.9999772588411967 2e-05 2e-05 4.51124342918396 0.08 0.07 45 
-2.224667822519938 0.0008 0.0007 0.9999905683596929 7e-06 8e-06 0.9999787640571595 1e-05 2e-05 4.5110243781407675 0.07 0.07 46 
-2.2244183031717935 0.0008 0.0007 0.9999854201078415 1e-05 1e-05 0.999969973564148 2e-05 2e-05 4.510841630299886 0.08 0.08 47 
-2.224370969136556 0.0009 0.0008 0.9999822380145391 9e-06 1e-05 0.9999705896774927 2e-05 3e-05 4.510375280380249 0.08 0.08 48 
-2.2246970081329347 0.0006 0.0006 0.9999911773204804 7e-06 8e-06 0.9999734634160995 2e-05 2e-05 4.510907734235127 0.08 0.08 49 
-2.224258664449056 0.0007 0.0006 0.9999866914749146 8e-06 1e-05 0.9999645717938741 2e-05 3e-05 4.510686564445495 0.1 0.09 50 
-2.223177636464437 0.002 0.002 0.9999657466014227 2e-05 2e-05 0.9999498522281647 2e-05 2e-05 4.509241862297058 0.1 0.1 51 
-2.224348522822062 0.0008 0.0007 0.9999871399005255 1e-05 1e-05 0.9999699433644612 2e-05 2e-05 4.510774496396382 0.1 0.1 52 
-1.510825138092041 0.5 0.2 0.9818149763345718 0.02 0.04 0.7344658187031746 0.2 0.5 5.538316703637441 9.0 3.0 53 
-2.2245823446909587 0.0007 0.0006 0.9999858043591181 9e-06 1e-05 0.9999723331133524 2e-05 2e-05 4.511333937644959 0.08 0.08 54 
-2.224611511230469 0.0008 0.0007 0.9999884164333344 1e-05 1e-05 0.9999747747182846 2e-05 2e-05 4.5108262761433915 0.08 0.08 55 
-2.121467345555623 0.02 0.01 0.9996282547712326 9e-05 0.0002 0.9984394683440526 0.0002 0.0002 4.442359251976013 0.3 0.3 56 
-2.2243596998850506 0.0007 0.0006 0.9999829290310541 1e-05 1e-05 0.9999665824572245 2e-05 3e-05 4.511014041900634 0.09 0.09 57 
-2.2255807304382325 0.001 0.0007 0.9999908502896627 8e-06 1e-05 0.9999849911530813 8e-06 1e-05 4.511741188367208 0.06 0.06 58 
-1.632718979517619 0.2 0.09 0.9912784487009049 0.004 0.005 0.9640121859312057 0.02 0.04 4.35391801516215 3.0 2.0 59 
-1.9151531155904133 0.03 0.03 0.997531241774559 0.0008 0.002 0.9910289384921391 0.0009 0.001 4.328815686702728 1.0 0.9 60 
-1.5140624237060547 0.6 0.2 0.9874486152331035 0.009 0.03 0.7702707254886627 0.2 0.4 5.206975473562877 7.0 3.0 61 
-2.2248174635569256 0.001 0.0008 0.9999908316135406 6e-06 8e-06 0.9999865365028381 8e-06 9e-06 4.511227119763692 0.07 0.07 62 
-1.5665497303009033 0.5 0.1 0.9904315531253814 0.007 0.01 0.8335357077916463 0.1 0.3 4.966262323856354 7.0 3.0 63 
-2.07188338915507 0.01 0.01 0.9995788184801737 7e-07 6e-07 0.9943766299883524 5e-05 5e-05 4.365171232223511 0.2 0.2 64 
-2.224617970784505 0.0007 0.0007 0.999990636308988 6e-06 8e-06 0.9999773025512695 2e-05 2e-05 4.510841101010641 0.07 0.07 65 
-2.224501616160075 0.0009 0.0008 0.999987850189209 9e-06 1e-05 0.999976260860761 2e-05 2e-05 4.510933284759521 0.08 0.08 66 
-2.2252225430806476 0.0005 0.0004 0.9999934385220209 3e-06 3e-06 0.9999812527497609 1e-05 1e-05 4.51167389233907 0.05 0.05 67 
-1.5253535270690919 0.5 0.2 0.9884871613979339 0.007 0.01 0.8173899128039678 0.1 0.4 4.889717126687367 4.0 3.0 68 
-2.2253906790415448 0.002 0.0006 0.999989381035169 6e-06 3e-05 0.999988085826238 5e-06 2e-05 4.5114190975824995 0.08 0.08 70 
-2.2242691930135092 0.0009 0.0008 0.9999862974882125 1e-05 1e-05 0.9999706274271012 2e-05 3e-05 4.510824433962504 0.1 0.1 71 
-1.5089261563618979 1.0 0.2 0.9881148026386897 0.008 0.01 0.7776407092809677 0.2 0.4 5.290114311377208 9.0 3.0 72 
-2.2244701353708902 0.0008 0.0007 0.9999877204497655 7e-06 9e-06 0.9999757681290309 2e-05 2e-05 4.510837680498759 0.08 0.08 73 
-2.2246602980295815 0.0006 0.0005 0.9999875442186992 1e-05 1e-05 0.9999688911437988 2e-05 3e-05 4.511014167467753 0.09 0.09 74 
-2.224882287979126 0.0008 0.0007 0.9999873614311219 7e-06 8e-06 0.9999744246403376 1e-05 2e-05 4.512055427233378 0.1 0.1 75 
-2.2242599741617837 0.001 0.001 0.9999848484992981 1e-05 1e-05 0.9999784117937088 1e-05 1e-05 4.511379857063293 0.08 0.08 76 
-2.224704392751058 0.0006 0.0005 0.9999890891710917 9e-06 1e-05 0.999970598022143 2e-05 3e-05 4.510918788909912 0.08 0.08 77 
-2.2252250130971274 0.0005 0.0003 0.9999867357810338 4e-06 4e-06 0.999980486035347 8e-06 9e-06 4.511502397855123 0.06 0.06 78 
-2.2247615019480387 0.0007 0.0006 0.9999906035264333 8e-06 8e-06 0.9999753771225611 2e-05 2e-05 4.511316231091818 0.07 0.07 79 
-2.224575357437134 0.0008 0.0007 0.9999882449706395 1e-05 1e-05 0.999974924325943 2e-05 2e-05 4.511286217371623 0.09 0.09 80 
-2.224778610865275 0.0009 0.0008 0.9999897436300913 8e-06 9e-06 0.9999841890732447 1e-05 1e-05 4.511127854983012 0.07 0.07 81 
-1.5159735202789306 0.5 0.2 0.9878031857808431 0.008 0.02 0.7803344585498174 0.2 0.4 5.142912359237671 6.0 3.0 82 
-1.6142344538370768 0.1 0.08 0.9908940456310908 0.003 0.005 0.9643730153640111 0.02 0.02 4.334265521367391 3.0 2.0 83 
-2.2253766600290934 0.0003 0.0002 0.9999875750144323 3e-06 6e-06 0.9999768157800039 8e-06 1e-05 4.511750898361206 0.08 0.08 84 
-2.2246796321868896 0.0007 0.0006 0.9999874345461528 1e-05 1e-05 0.9999720797936121 2e-05 2e-05 4.511070337295532 0.08 0.08 85 
-2.2243206024169924 0.0008 0.0008 0.9999846716721853 1e-05 1e-05 0.9999697023630142 2e-05 2e-05 4.510970396995544 0.1 0.09 86 
-1.24014497756958 0.08 0.08 0.9732601467768351 0.003 0.005 0.8510694652795792 0.07 0.1 4.286794674396515 0.8 1.0 87 
-1.7014841588338216 0.03 0.02 0.9932496972878774 0.004 0.007 0.9593158984184265 0.02 0.02 4.309405334790548 2.0 1.0 88 
-2.22527990659078 0.0006 0.0004 0.9999933526913325 3e-06 4e-06 0.9999819413820903 9e-06 1e-05 4.51155225276947 0.05 0.05 89 
-1.534596513112386 0.5 0.2 0.9866525226831436 0.01 0.04 0.7322291254003843 0.2 0.5 5.417941415309906 7.0 3.0 90 
-1.5355818239847818 0.4 0.2 0.9868786478042603 0.009 0.01 0.8939599053064982 0.07 0.3 4.523661143779755 5.0 2.0 91 
-2.2246697902679444 0.0006 0.0006 0.9999899051586787 8e-06 9e-06 0.9999718338251113 2e-05 2e-05 4.511076049804688 0.08 0.08 92 
-2.2248963514963784 0.0007 0.0006 0.9999902933835983 7e-06 8e-06 0.9999809084335963 1e-05 2e-05 4.5113653484980265 0.08 0.08 93 
-2.2243519465128583 0.0009 0.0008 0.9999866245190302 1e-05 1e-05 0.9999709488948186 2e-05 2e-05 4.511359481811524 0.1 0.09 94 
-2.224599272410075 0.0007 0.0006 0.9999888050556183 9e-06 1e-05 0.999972469607989 2e-05 2e-05 4.510788871447246 0.08 0.08 95 
-2.2246008046468098 0.0007 0.0006 0.9999854622284571 9e-06 1e-05 0.9999698158105215 2e-05 2e-05 4.510634698867798 0.08 0.08 96 
-2.2247248713175454 0.0009 0.0008 0.9999898332357406 8e-06 9e-06 0.9999831056594849 1e-05 1e-05 4.511113182703654 0.07 0.07 97 
-1.929224993387858 0.07 0.04 0.9979820773998896 0.0005 0.0008 0.9889866880575816 0.001 0.001 4.36328861395518 2.0 1.0 98 
-2.1772217178344726 0.04 0.03 0.9999090415239335 3e-05 5e-05 0.9993017784754435 0.0003 0.0003 4.496668724219004 1.0 1.0 99 
