-2.2252162869771324 0.001 0.0009 0.9999769747257232 1e-05 2e-05 0.9999802901347479 1e-05 2e-05 4.511674143473307 0.08 0.09 70 
-2.2262162812550863 0.002 0.0003 0.9999931170543035 5e-06 1e-05 0.9999957126379013 3e-06 1e-05 4.5121381409962975 0.04 0.04 30 
-2.2258742300669354 0.0004 0.0003 0.9998981340726216 3e-06 4e-06 0.9999903736511866 8e-06 1e-05 4.513838804562886 0.06 0.05 38 
-2.2263439591725667 0.0003 0.0002 0.999998138944308 1e-06 2e-06 0.9999959349632264 4e-06 9e-06 4.512180000940958 0.04 0.04 61 
-2.2258359718322756 0.002 0.0005 0.9999941579500834 4e-06 1e-05 0.9999768235286077 1e-05 3e-05 4.511945107777914 0.1 0.09 6 
-2.221969175338745 0.007 0.002 0.9998779036601384 3e-05 4e-05 0.9999439537525177 3e-05 9e-05 4.510975891749064 0.2 0.2 64 
-2.2200286324818927 0.007 0.005 0.9992869313557943 0.0004 0.0004 0.9999709369738897 2e-05 5e-05 4.51100080649058 0.06 0.06 76 
-2.2257978280385333 0.002 0.0006 0.9999935156106949 4e-06 1e-05 0.9999903388818105 9e-06 4e-05 4.5117724323272705 0.07 0.06 62 
-2.2213787015279136 0.01 0.004 0.9996616444985071 3e-05 6e-05 0.9999883053700129 6e-06 1e-05 4.529579850832621 0.05 0.06 86 
-2.225344231923421 0.003 0.001 0.9999767716725667 1e-05 4e-05 0.9999443427721659 3e-05 0.0001 4.51248611609141 0.2 0.2 68 
-2.2259683640797934 0.0007 0.0002 0.9999911497036617 6e-06 1e-05 0.999990593791008 5e-06 1e-05 4.512481854756673 0.06 0.05 60 
-2.2257373555501303 0.002 0.0005 0.9999879115819931 7e-06 2e-05 0.9999729800224304 1e-05 5e-05 4.512317905426025 0.1 0.1 54 
-2.2229644870758056 0.008 0.002 0.9997147583961487 3e-05 5e-05 0.9999637528260549 1e-05 2e-05 4.532642669677735 0.05 0.06 79 
-2.220886812210083 0.006 0.003 0.9994291724761327 3e-05 7e-05 0.9999522495269776 4e-05 0.0001 4.524542949994405 0.09 0.08 66 
-2.226092233657837 0.0005 0.0002 0.9999906788269679 6e-06 1e-05 0.9999867540597915 5e-06 8e-06 4.512383319536845 0.07 0.08 48 
-2.2263067785898842 0.0003 6e-05 0.9999956278006236 2e-06 1e-05 0.9999985680977503 1e-06 4e-06 4.5122780481974285 0.06 0.05 57 
-2.2230332310994467 0.01 0.003 0.9999014703432719 6e-05 9e-05 0.9999149147669474 6e-05 0.0001 4.5162005599339805 0.1 0.1 49 
-2.225705763498942 0.003 0.0005 0.999966366092364 3e-05 0.0002 0.9999924405415853 6e-06 2e-05 4.511908971468608 0.03 0.04 85 
-2.2233915932973227 0.003 0.002 0.9998644510904948 0.0001 0.0001 0.9999840782086055 1e-05 2e-05 4.511844776471456 0.08 0.08 41 
-2.2254819234212238 0.003 0.0008 0.999977476199468 6e-06 3e-05 0.9999547189474106 2e-05 0.0001 4.514417667388916 0.1 0.1 71 
