-2.0980865955352783 0.002 0.0009 0.9993218763669331 6e-05 6e-05 0.9938823264837265 0.0003 0.0004 4.4345122957229615 0.1 0.1 0 
-2.096005926132202 0.002 0.0009 0.999230250120163 5e-05 6e-05 0.9938552776972452 0.0003 0.0003 4.433613702456157 0.1 0.1 1 
-1.0636083666483562 4e-05 4e-05 0.9700194052855173 0.0004 0.0004 0.9281684648990631 0.0006 0.0006 3.57418163617452 0.04 0.04 3 
-2.1056411902109784 0.002 0.001 0.9995998273293177 6e-05 6e-05 0.9939709311723709 0.0003 0.0004 4.435797281265259 0.1 0.1 4 
-1.6837680912017823 4e-05 4e-05 0.9938221049308776 0.0002 0.0002 0.9616466168562571 0.0004 0.0004 4.045796823501587 0.04 0.04 5 
-1.6356205145517986 4e-05 4e-05 0.9920909476280212 0.0002 0.0002 0.9593991770346959 0.0005 0.0005 4.026946332454681 0.04 0.04 6 
-2.1053783575693767 0.002 0.0009 0.9995726639032364 6e-05 6e-05 0.993968665599823 0.0003 0.0004 4.437296245892843 0.1 0.1 7 
-1.0609878317515056 4e-05 3e-05 0.964948344429334 0.0004 0.0004 0.9282590878009797 0.0006 0.0006 3.515397926966349 0.04 0.04 8 
-2.1054988638559977 0.002 0.001 0.9995880856116612 6e-05 7e-05 0.9939688364664714 0.0003 0.0004 4.436523598035176 0.1 0.1 9 
-2.095807345708211 0.002 0.0009 0.9990677911043168 5e-05 6e-05 0.9938752031326294 0.0003 0.0003 4.440674053827921 0.1 0.1 10 
-2.103483050664266 0.002 0.0009 0.9993737941980362 6e-05 6e-05 0.993963170448939 0.0003 0.0004 4.442878487904866 0.1 0.1 11 
-2.0900908533732094 0.002 0.0009 0.9984633376200994 4e-05 5e-05 0.9938373170296351 0.0003 0.0003 4.450560617446899 0.1 0.1 12 
-1.6834096717834472 4e-05 4e-05 0.9939830883344014 0.0002 0.0002 0.9616463625431061 0.0004 0.0004 4.049671535491943 0.04 0.04 13 
-2.0990452098846437 0.002 0.0009 0.9994449031352997 6e-05 6e-05 0.9938858930269877 0.0003 0.0004 4.430691356658936 0.1 0.1 14 
-2.0988228289286295 0.002 0.0009 0.9994148987531662 6e-05 7e-05 0.993888203104337 0.0003 0.0004 4.430941208203634 0.1 0.1 15 
-1.683460028966268 4e-05 4e-05 0.9936633698145548 0.0002 0.0002 0.9616448626915614 0.0004 0.0004 4.043404614130656 0.04 0.04 16 
-2.2045261987050373 7e-05 6e-05 0.9988247664769491 8e-06 8e-06 0.9999243084589641 1e-05 1e-05 4.523276011149089 0.04 0.04 17 
-2.034727840423584 0.0008 0.0006 0.998388931552569 7e-05 7e-05 0.9908469194173812 0.0005 0.0005 4.425326372782389 0.07 0.08 18 
-2.0946799818674724 0.002 0.001 0.9979658603668213 3e-05 5e-05 0.9939308538039525 0.0003 0.0004 4.475410218238831 0.1 0.1 19 
-1.6304576365152994 4e-05 4e-05 0.9918803222974142 0.0002 0.0002 0.9593354370196661 0.0005 0.0005 4.034341430664062 0.04 0.04 20 
-2.0991075452168784 0.002 0.0009 0.9987753440936407 4e-05 5e-05 0.9939483014742533 0.0003 0.0004 4.457988877296447 0.1 0.1 21 
-2.0586447938283285 0.001 0.0008 0.9961788469552993 3e-05 5e-05 0.9936577310164769 0.0003 0.0003 4.466640493075053 0.1 0.1 22 
-2.095344352722168 0.002 0.0009 0.9990867012739182 5e-05 5e-05 0.993852204879125 0.0003 0.0003 4.439649661382039 0.1 0.1 23 
-2.105244057973226 0.002 0.0009 0.9995564248164495 6e-05 6e-05 0.9939672724405925 0.0003 0.0004 4.438766067822774 0.1 0.09 24 
-2.041613531112671 0.0008 0.0005 0.9988555294275284 8e-05 9e-05 0.9909331168731054 0.0005 0.0005 4.417590236663818 0.08 0.08 25 
-2.0364646116892495 0.0008 0.0006 0.998380043109258 7e-05 8e-05 0.9908839054902394 0.0005 0.0005 4.429048420588176 0.08 0.08 26 
-2.0874370384216308 0.002 0.0008 0.9984921709696452 4e-05 5e-05 0.9938098829984665 0.0003 0.0003 4.445720316569011 0.1 0.1 27 
-2.1032466284434 0.002 0.0009 0.9993885668118795 5e-05 6e-05 0.9939638215303421 0.0003 0.0004 4.442186433474223 0.1 0.1 28 
-1.6036080519358318 4e-05 4e-05 0.990983362197876 0.0002 0.0002 0.9591835878292719 0.0005 0.0005 4.07913756052653 0.04 0.04 29 
-2.2236313025156655 0.006 0.002 0.9999477509657542 9e-06 2e-05 0.999982494910558 1e-05 5e-05 4.51221010684967 0.2 0.2 31 
-2.0901044909159343 0.002 0.0009 0.9984634544452031 4e-05 5e-05 0.9938376684983571 0.0003 0.0003 4.450579511324564 0.1 0.1 32 
-2.2122696749369304 7e-05 7e-05 0.9995077516635259 3e-06 3e-06 0.999940354625384 1e-05 9e-06 4.516750132242839 0.04 0.04 33 
-1.0741105238596598 4e-05 4e-05 0.976709303855896 0.0003 0.0003 0.9299049894014995 0.0005 0.0005 3.7645172905921935 0.04 0.04 34 
-2.214097000757853 0.0001 0.0001 0.9998838750521342 3e-06 4e-06 0.9999485963582992 1e-05 1e-05 4.507905295689901 0.05 0.05 35 
-2.1032427660624187 0.002 0.0009 0.999516807794571 6e-05 6e-05 0.9939488087097804 0.0003 0.0004 4.434942881266276 0.1 0.1 36 
-2.0882420539855957 0.002 0.0009 0.9979898931582769 3e-05 5e-05 0.993827318350474 0.0003 0.0003 4.464371643066406 0.1 0.1 37 
-2.2105355326334637 7e-05 7e-05 0.9994538694620132 3e-06 3e-06 0.9999390598138174 1e-05 1e-05 4.515498083432515 0.04 0.04 38 
-2.098075345357259 0.002 0.0009 0.9993217716614405 6e-05 6e-05 0.9938826570908229 0.0003 0.0004 4.434710030555725 0.1 0.1 39 
-2.08832413037618 0.002 0.0008 0.9987099877993266 5e-05 5e-05 0.9938145101070404 0.0003 0.0003 4.436943559646607 0.1 0.1 40 
-1.6869198004404704 3e-05 3e-05 0.9939837030569713 0.0002 0.0002 0.961772865653038 0.0004 0.0004 4.049062298138936 0.04 0.04 41 
-1.6837706152598064 3e-05 3e-05 0.9938221750656764 0.0002 0.0002 0.9616467632850011 0.0004 0.0004 4.0457984685897825 0.04 0.04 42 
-2.0256462860107423 0.0007 0.0005 0.9982679190238317 7e-05 8e-05 0.9907279143730799 0.0005 0.0005 4.406147672335307 0.07 0.07 43 
-1.6303561782836915 4e-05 4e-05 0.9923038427035014 0.0002 0.0002 0.9593595731258392 0.0005 0.0005 4.046208306948344 0.04 0.04 44 
-2.026390822728475 0.0008 0.0006 0.9982218263546626 7e-05 8e-05 0.9907628244161606 0.0005 0.0005 4.413976527849833 0.08 0.08 45 
-2.1031348514556885 0.002 0.0009 0.9995052842299144 6e-05 6e-05 0.9939484165112178 0.0003 0.0004 4.436735876401266 0.1 0.1 46 
-1.6226212724049887 4e-05 4e-05 0.99102377196153 0.0002 0.0002 0.9593128863970438 0.0005 0.0005 4.017545522054037 0.04 0.04 47 
-2.20570574760437 7e-05 7e-05 0.9997881462176641 5e-06 5e-06 0.9999374129374822 1e-05 1e-05 4.499436499277751 0.04 0.04 48 
-2.098989022572835 0.002 0.0009 0.9994273159901301 6e-05 6e-05 0.9938860297203064 0.0003 0.0004 4.431165305773417 0.1 0.1 49 
-2.015752649307251 0.0008 0.0006 0.9973596823215485 6e-05 7e-05 0.990654885172844 0.0005 0.0006 4.423207666079203 0.07 0.07 50 
-2.1044118309021 0.002 0.0009 0.9994378157456716 6e-05 6e-05 0.9939643017450969 0.0003 0.0004 4.442835230827331 0.1 0.09 51 
-1.68342316309611 4e-05 4e-05 0.9939835282166799 0.0002 0.0002 0.9616467130184173 0.0004 0.0004 4.049682412147522 0.04 0.04 52 
-2.21207142829895 7e-05 7e-05 0.9997259676456451 1e-06 1e-06 0.9999444462855657 1e-05 1e-05 4.509806259473165 0.04 0.04 53 
-1.6369408734639486 4e-05 4e-05 0.9918335258960724 0.0002 0.0002 0.9594050113360088 0.0005 0.0005 4.019646319548289 0.04 0.04 54 
-2.168214143117269 0.0001 0.0001 0.9995446209112803 2e-05 2e-05 0.9999091462294261 3e-05 3e-05 4.472952814102173 0.04 0.04 55 
-2.039612121582031 0.0008 0.0006 0.9987158362070719 8e-05 8e-05 0.9908953177928924 0.0005 0.0005 4.420971757570903 0.08 0.08 56 
-1.6304527918497722 4e-05 4e-05 0.9918801979223887 0.0002 0.0002 0.9593353372812271 0.0005 0.0005 4.03433807849884 0.04 0.04 57 
-2.101655724843343 0.002 0.0009 0.9993567198514939 5e-05 6e-05 0.9939451368649801 0.0003 0.0004 4.440388889312744 0.1 0.09 58 
-2.088265905380249 0.002 0.0009 0.9979900040229162 3e-05 5e-05 0.9938279960552852 0.0003 0.0003 4.464658365249634 0.1 0.1 59 
-2.095991938908895 0.002 0.0009 0.9992301907142004 5e-05 6e-05 0.9938552472988764 0.0003 0.0003 4.433498797416687 0.1 0.1 60 
-2.2141819858551024 0.0002 0.0002 0.9998842340707779 5e-06 6e-06 0.9999494536717732 1e-05 1e-05 4.50795359770457 0.06 0.06 61 
-1.630393238067627 4e-05 4e-05 0.9923033299048741 0.0002 0.0002 0.9593613759676616 0.0005 0.0005 4.046249680519104 0.04 0.04 62 
-2.2057329686482747 9e-05 9e-05 0.9997883764902751 5e-06 6e-06 0.9999376406272252 1e-05 1e-05 4.499456548690796 0.04 0.04 63 
-1.6774845123291016 4e-05 4e-05 0.9933780471483866 0.0002 0.0002 0.9615759724378585 0.0004 0.0004 4.034811239242554 0.04 0.04 64 
-2.2127186838785806 7e-05 7e-05 0.999712354739507 8e-07 7e-07 0.999944731593132 1e-05 1e-05 4.51110630830129 0.04 0.04 65 
-1.6747823079427084 4e-05 4e-05 0.9937113682428996 0.0002 0.0002 0.9615643972158432 0.0004 0.0004 4.048438914616903 0.04 0.04 66 
-2.105421018600464 0.003 0.001 0.9995585262775422 6e-05 7e-05 0.9939880853891373 0.0003 0.0004 4.438848698933919 0.1 0.1 67 
-1.6356195068359376 4e-05 4e-05 0.9920909011363983 0.0002 0.0002 0.9593991388877233 0.0005 0.0005 4.026944926579794 0.04 0.04 68 
-2.0416211700439453 0.0008 0.0005 0.998862830599149 8e-05 8e-05 0.9909316984812419 0.0005 0.0005 4.415182134310404 0.08 0.08 69 
-1.6036017449696858 4e-05 4e-05 0.9909830830494563 0.0002 0.0002 0.9591834117968877 0.0005 0.0005 4.079133779207865 0.04 0.04 70 
-2.098094504674276 0.002 0.0009 0.9993218795458476 6e-05 6e-05 0.9938828545808792 0.0003 0.0003 4.434783857663472 0.1 0.1 71 
-2.097389237085978 0.002 0.0008 0.99937087337176 6e-05 6e-05 0.9938598400354386 0.0003 0.0003 4.429730186462402 0.1 0.1 72 
-2.213326733907064 0.0001 0.0001 0.9997355417410533 1e-06 2e-06 0.9999456459283829 9e-06 1e-05 4.51144602616628 0.04 0.04 73 
-1.685450963973999 4e-05 3e-05 0.9937699884176254 0.0002 0.0002 0.9616806600491206 0.0004 0.0004 4.042127639452616 0.04 0.04 74 
-2.1054078070322673 0.002 0.0009 0.9995728347698848 6e-05 6e-05 0.9939687327543895 0.0003 0.0004 4.437040487925212 0.1 0.1 75 
-1.630454305013021 4e-05 4e-05 0.991880051891009 0.0002 0.0002 0.9593354805310568 0.0005 0.0005 4.034334343274434 0.04 0.04 76 
-2.0394493103027345 0.0008 0.0005 0.9986147526899973 7e-05 8e-05 0.9909231823682785 0.0005 0.0005 4.428096946080526 0.08 0.08 77 
-2.0973820368448894 0.002 0.0009 0.9993707418441773 6e-05 6e-05 0.9938602729638417 0.0003 0.0003 4.429982868830363 0.1 0.1 78 
-2.0960233306884763 0.002 0.0008 0.9992302815119426 5e-05 6e-05 0.9938556476434072 0.0003 0.0003 4.433633138338725 0.1 0.1 79 
-1.6846697266896566 4e-05 4e-05 0.9937884132067363 0.0002 0.0002 0.9616515028476715 0.0004 0.0004 4.042985278765361 0.04 0.04 80 
-2.040988203684489 0.0008 0.0005 0.9988401426871618 8e-05 8e-05 0.9908990053335825 0.0005 0.0005 4.413434540430705 0.08 0.08 81 
-2.098438568115234 0.002 0.0009 0.9993454792102178 6e-05 6e-05 0.9938840305805207 0.0003 0.0004 4.434697349866231 0.1 0.1 82 
-2.093610585530599 0.002 0.0009 0.9987427343924841 4e-05 5e-05 0.9938445591926575 0.0003 0.0003 4.449617516199748 0.1 0.1 83 
-2.0256353664398192 0.0008 0.0005 0.9982678014039993 7e-05 8e-05 0.990728577375412 0.0005 0.0005 4.406531349817912 0.07 0.08 84 
-2.0256327374776206 0.0008 0.0005 0.9982678002119064 7e-05 8e-05 0.9907277288039525 0.0005 0.0005 4.406132669448852 0.07 0.07 85 
-2.099378112157186 0.002 0.0009 0.9994704490900039 6e-05 7e-05 0.9938901195923487 0.0003 0.0004 4.428835155169169 0.1 0.1 86 
-1.6797021865844726 4e-05 4e-05 0.9942259077231089 0.0002 0.0002 0.961633523106575 0.0004 0.0004 4.066822894414266 0.04 0.04 87 
-2.041318661371867 0.0008 0.0005 0.9988766634464263 8e-05 8e-05 0.9909018425146738 0.0005 0.0005 4.414374059041341 0.08 0.08 88 
-1.683771292368571 4e-05 4e-05 0.9938221202294032 0.0002 0.0002 0.9616467823584874 0.0004 0.0004 4.045796639124553 0.04 0.04 89 
-1.6304625829060873 4e-05 4e-05 0.9918802736202875 0.0002 0.0002 0.9593358178933461 0.0005 0.0005 4.034338750044505 0.04 0.04 90 
-2.099339450200399 0.002 0.0009 0.9994699335098267 6e-05 6e-05 0.9938870404163996 0.0003 0.0004 4.428982572555542 0.1 0.1 91 
-1.6837674236297608 4e-05 4e-05 0.9938220034042994 0.0002 0.0002 0.9616466164588928 0.0004 0.0004 4.045793503125509 0.04 0.04 92 
-1.6304615211486817 4e-05 4e-05 0.9918803071975708 0.0002 0.0002 0.9593356895446777 0.0005 0.0005 4.034338412284851 0.04 0.04 93 
-2.208245032628377 7e-05 7e-05 0.99942480524381 2e-06 2e-06 0.9999360994497934 1e-05 1e-05 4.512924489974975 0.04 0.04 94 
-2.096010538736979 0.002 0.0008 0.9992302326361339 5e-05 6e-05 0.9938554058472315 0.0003 0.0003 4.4336867491404215 0.1 0.1 95 
-2.0994215138753254 0.002 0.0009 0.9994848640759786 6e-05 6e-05 0.9938869976997375 0.0003 0.0004 4.428672041893005 0.1 0.1 96 
-2.1032409795125324 0.002 0.0009 0.9993885244925816 5e-05 6e-05 0.9939635499318441 0.0003 0.0004 4.442122639020284 0.1 0.1 97 
-2.0900970840454103 0.002 0.0009 0.9984634045759837 4e-05 5e-05 0.9938377676407496 0.0003 0.0003 4.4506325308481856 0.1 0.1 98 
-1.680016949971517 3e-05 3e-05 0.9938932661215464 0.0002 0.0002 0.9616360718011856 0.0004 0.0004 4.0564089743296305 0.04 0.04 99 
