-2.2243641567230226 0.0002 0.0003 0.9999883510669072 5e-06 6e-06 0.9999627993504207 3e-05 3e-05 4.511662108103434 0.1 0.1 0 
-2.1777460829416913 0.002 0.001 0.999633321762085 3e-05 3e-05 0.9985887344678243 3e-05 3e-05 4.4964227326711015 0.1 0.1 1 
-2.2243441931406656 0.0007 0.0005 0.999987534681956 6e-06 9e-06 0.9999572889010111 1e-05 2e-05 4.511045322418213 0.1 0.1 2 
nan 3 
-2.2242364915211996 0.0008 0.0008 0.9999844147761663 1e-05 1e-05 0.9999703764915466 2e-05 2e-05 4.510963134765625 0.1 0.1 4 
-1.4767033576965332 0.9 0.2 0.9838841468095779 0.01 0.04 0.6830771687130134 0.2 0.5 5.994745000203451 10.0 3.0 5 
-2.2243456427256265 0.0005 0.0005 0.9999863958358765 7e-06 8e-06 0.999965347647667 2e-05 3e-05 4.510872011184692 0.1 0.1 6 
-2.2235780874888103 0.002 0.001 0.9999532943964005 9e-06 1e-05 0.9999613388379415 3e-05 5e-05 4.514915361404419 0.2 0.2 7 
-1.5347017923990884 0.4 0.07 0.9888969228665034 0.007 0.01 0.925858199596405 0.03 0.3 4.29966091632843 5.0 2.0 8 
-2.2228326924641926 0.0004 0.0003 0.9999788133303324 7e-06 8e-06 0.999938206076622 3e-05 5e-05 4.510592489242554 0.2 0.2 9 
-2.2242703088124594 0.0009 0.0009 0.9999823282162349 1e-05 1e-05 0.9999729959170024 2e-05 2e-05 4.511150937080384 0.1 0.1 10 
-1.6368928782145182 0.1 0.07 0.9913058769702912 0.002 0.004 0.9635178230206172 0.02 0.03 4.31983040968577 2.0 2.0 11 
-2.2235160954793294 0.0008 0.0007 0.9999807268381119 8e-06 9e-06 0.9999531710147858 2e-05 3e-05 4.510030519167582 0.1 0.1 12 
nan 13 
nan 14 
-1.847367884318034 0.07 0.05 0.9960858647028605 0.001 0.001 0.9859234917163849 0.002 0.004 4.346193209489186 2.0 2.0 15 
-1.5443796698252361 0.2 0.08 0.9893606692552567 0.005 0.005 0.770162007411321 0.1 0.3 5.103037388324737 2.0 3.0 16 
-1.5379330984751383 0.6 0.2 0.9891374045610428 0.007 0.01 0.809758244951566 0.1 0.3 4.87927458524704 5.0 3.0 17 
-2.224104321797689 0.0008 0.0008 0.9999812624851863 1e-05 1e-05 0.9999676805734634 2e-05 2e-05 4.510810840924581 0.1 0.1 18 
-2.2242822964986164 0.001 0.0009 0.999977024992307 1e-05 2e-05 0.999976055820783 2e-05 2e-05 4.510344115893046 0.08 0.08 19 
-2.2238501199086507 0.0008 0.0008 0.9999688547849656 1e-05 1e-05 0.9999607185522715 3e-05 4e-05 4.51287335395813 0.1 0.1 20 
-1.5003383255004883 0.5 0.2 0.9861803710460663 0.01 0.04 0.7639539560675621 0.1 0.3 5.1700431561470035 5.0 3.0 21 
-1.7204427433013916 0.03 0.03 0.9937203411261241 0.003 0.004 0.9646360760927201 0.02 0.02 4.322559068202972 2.0 2.0 22 
-1.9649931462605794 0.08 0.05 0.9982488326231639 0.0004 0.0007 0.9944578236341477 0.001 0.002 4.368495226701101 2.0 1.0 23 
-2.224208777745565 0.0006 0.0006 0.9999872348705927 9e-06 1e-05 0.9999672031402588 2e-05 3e-05 4.511201814015706 0.1 0.1 24 
-2.2241605377197264 0.001 0.001 0.9999731846650441 1e-05 1e-05 0.999971836010615 2e-05 2e-05 4.512880964279175 0.09 0.09 25 
-2.223814754486084 0.001 0.001 0.9999672309557597 1e-05 2e-05 0.9999665812651316 1e-05 1e-05 4.5117655309041345 0.1 0.1 26 
nan 27 
-1.6719392585754393 0.1 0.07 0.992159763177236 0.002 0.004 0.9664829820394516 0.01 0.03 4.325651731491089 2.0 2.0 28 
-1.5129767068227131 1.0 0.2 0.9871601434548696 0.01 0.02 0.8348348079125086 0.09 0.3 4.7339146955808005 5.0 3.0 29 
-2.0278946654001873 0.0001 0.0001 0.9983061953385671 0.0009 0.0009 0.9946840612093607 2e-05 2e-05 4.407766707738241 0.5 0.5 30 
-2.0927553176879883 0.1 0.04 0.9991878048578898 0.0005 0.002 0.9991151014963786 0.0004 0.001 4.437474236488343 0.8 0.7 31 
-2.2243047173817954 0.0009 0.0008 0.9999805049101511 1e-05 1e-05 0.9999717632929485 2e-05 2e-05 4.511337572733561 0.1 0.09 32 
-2.22434734026591 0.0006 0.0006 0.9999854896465937 8e-06 8e-06 0.9999688589572906 2e-05 2e-05 4.51092706044515 0.1 0.1 33 
-2.2245965417226157 0.0006 0.0006 0.9999877842267354 8e-06 9e-06 0.9999724179506302 2e-05 2e-05 4.511552092234294 0.09 0.09 34 
-2.016675055821737 0.1 0.04 0.9985241468747457 0.0007 0.002 0.995427492260933 0.0002 0.0005 4.392854911486308 0.6 0.6 35 
-2.2240146032969155 0.001 0.001 0.9999753727515539 1e-05 1e-05 0.9999722969532013 2e-05 2e-05 4.511708615620931 0.1 0.1 36 
-2.0732703081766766 0.07 0.02 0.9994780037800471 5e-05 9e-05 0.9946847540140152 0.0008 0.002 4.3717021250724795 0.4 0.4 37 
-2.2244105466206867 0.0008 0.0007 0.999983748793602 1e-05 1e-05 0.9999725478887558 2e-05 2e-05 4.511381942431132 0.1 0.09 38 
-2.22432380994161 0.0007 0.0007 0.9999840927124023 1e-05 1e-05 0.9999715864658356 2e-05 2e-05 4.51163162390391 0.1 0.1 39 
-1.613308531443278 0.09 0.07 0.9899016052484513 0.002 0.003 0.9720938448111216 0.01 0.01 4.278374354839325 2.0 2.0 40 
-2.2236984093983967 0.0006 0.0005 0.9998688141504923 2e-05 9e-06 0.999936629931132 5e-05 6e-05 4.518513986269633 0.1 0.1 41 
-2.2237784417470294 0.004 0.001 0.9999678188562393 7e-06 6e-06 0.9999557461341222 2e-05 7e-05 4.513171408971151 0.2 0.2 42 
-2.2243665504455565 0.0009 0.0008 0.9999838238954544 1e-05 1e-05 0.9999731296300888 2e-05 2e-05 4.511283535957336 0.1 0.09 43 
-2.2238906256357827 0.0009 0.0009 0.9999831354618073 1e-05 1e-05 0.9999665739138921 2e-05 2e-05 4.510635352134704 0.1 0.1 44 
-2.2249090671539307 0.0005 0.0004 0.9999866416056951 8e-06 8e-06 0.9999822890758514 1e-05 1e-05 4.511962612469991 0.1 0.09 45 
-2.2237029838562012 0.001 0.001 0.9999766526619593 1e-05 1e-05 0.9999643500645955 2e-05 2e-05 4.5113444328308105 0.1 0.1 46 
-2.2242385450998943 0.0009 0.0008 0.9999839570124944 1e-05 1e-05 0.9999642835060756 2e-05 3e-05 4.510996141433716 0.1 0.09 47 
-1.824226525624593 0.008 0.01 0.9948025995492935 0.0007 0.0006 0.9919484361012777 0.0009 0.0008 4.290830719470978 1.0 1.0 48 
-2.22363600730896 0.001 0.001 0.9999707108736038 1e-05 1e-05 0.9999648034572601 2e-05 2e-05 4.512802669207255 0.1 0.1 49 
-1.7112371317545574 0.1 0.08 0.9927959762016932 0.002 0.005 0.9666838999589284 0.01 0.06 4.309093299706777 3.0 2.0 50 
-2.158779147466024 0.06 0.04 0.9997515918811163 6e-05 8e-05 0.9987204547723134 0.0005 0.0008 4.4823670887947085 1.0 1.0 51 
-2.22422158241272 0.0005 0.0005 0.9999864248434702 5e-06 6e-06 0.9999675440788269 2e-05 2e-05 4.511794667243958 0.1 0.1 52 
-1.539960199991862 0.7 0.1 0.9891148708264033 0.007 0.01 0.8054726731777191 0.1 0.3 4.891766016483307 4.0 3.0 53 
nan 54 
-2.2243843364715574 0.0007 0.0006 0.9999860604604085 9e-06 9e-06 0.9999696260690689 2e-05 2e-05 4.511038668950399 0.1 0.1 55 
nan 56 
-2.224257361094157 0.0006 0.0006 0.9999812465906143 1e-05 1e-05 0.9999688925345739 2e-05 3e-05 4.511916832923889 0.1 0.1 57 
-2.224213123321533 0.001 0.001 0.9999649498860042 1e-05 2e-05 0.9999737902482351 2e-05 2e-05 4.512708520889282 0.08 0.08 58 
-2.0457127634684245 0.05 0.02 0.9993488838275274 7e-05 5e-05 0.9934062433242797 0.0005 0.002 4.3436679021517435 0.4 0.4 59 
-2.224398587544759 0.0007 0.0007 0.9999862829844157 8e-06 9e-06 0.999973169763883 2e-05 2e-05 4.511158900260925 0.1 0.1 60 
-2.2150067456563316 0.005 0.007 0.9982860612869263 0.001 0.001 0.999570628007253 0.0003 0.0008 4.563634645144145 0.2 0.2 61 
-2.223923282623291 0.001 0.0009 0.9999741743008296 1e-05 1e-05 0.9999659546216328 2e-05 2e-05 4.510895312627157 0.09 0.09 62 
-1.784112901687622 0.1 0.06 0.9942807296911875 0.003 0.008 0.9731858456134796 0.005 0.01 4.27804326693217 2.0 1.0 63 
-1.941683349609375 0.006 0.006 0.9969427468379338 0.0005 0.0006 0.9701750675837199 0.004 0.004 4.368496390978495 1.0 1.0 64 
-1.5677109718322755 0.3 0.1 0.9892851334810256 0.007 0.01 0.9102577817440033 0.04 0.2 4.533000780741374 5.0 2.0 65 
-2.2242906220753986 0.0009 0.0009 0.9999816807111105 1e-05 1e-05 0.9999738041559855 2e-05 2e-05 4.511784160931905 0.09 0.09 66 
-1.51056578318278 0.5 0.2 0.9868495696783066 0.01 0.03 0.7106780707836151 0.2 0.4 5.807500490347544 10.0 3.0 67 
-2.2243382994333905 0.0005 0.0005 0.9999861762921015 8e-06 8e-06 0.9999648920694987 2e-05 3e-05 4.510889762242635 0.1 0.1 68 
-2.224343528747559 0.001 0.001 0.9999817542235057 1e-05 1e-05 0.9999749527374904 2e-05 2e-05 4.512147404352824 0.07 0.07 69 
-2.221414435704549 0.002 0.002 0.9999649230639139 2e-05 2e-05 0.999937974413236 3e-05 3e-05 4.5088230880101525 0.2 0.2 70 
-2.2242821566263835 0.0006 0.0007 0.9999864393472672 7e-06 9e-06 0.9999675913651784 2e-05 2e-05 4.510772981643677 0.1 0.1 71 
-2.2243573983510334 0.0005 0.0005 0.9999825541178385 9e-06 1e-05 0.999968413511912 2e-05 3e-05 4.5118563890457155 0.1 0.1 72 
-1.5580783843994142 0.7 0.2 0.9861773608128229 0.01 0.03 0.7589936002095541 0.2 0.5 5.315144147078196 7.0 3.0 73 
nan 74 
-2.223268461227417 0.0006 0.0005 0.9999424076080322 1e-05 9e-06 0.9999037615458171 2e-05 2e-05 4.515562613805135 0.2 0.2 75 
-2.2242560323079426 0.0007 0.0007 0.9999858456850051 9e-06 1e-05 0.9999688633282979 2e-05 2e-05 4.510547753969829 0.1 0.1 76 
-2.2235029220581053 0.002 0.002 0.9999532033999761 2e-05 2e-05 0.9999702872832616 2e-05 2e-05 4.51380533695221 0.09 0.09 77 
-1.5293343130747477 0.5 0.2 0.9886593105395635 0.006 0.01 0.8352083158493042 0.1 0.3 4.751178816954295 6.0 2.0 78 
-1.5159951972961425 0.2 0.1 0.9877638796965281 0.007 0.009 0.7803377080957095 0.1 0.3 5.029834232330322 4.0 3.0 79 
-2.2224663289388022 0.01 0.003 0.999959286848704 2e-05 7e-05 0.9999610771735509 1e-05 4e-05 4.512605347633362 0.2 0.2 80 
-1.5198653729756673 0.3 0.1 0.988308865626653 0.006 0.009 0.8295744653542837 0.1 0.3 4.764874685605367 5.0 2.0 81 
-2.1381417655944825 0.2 0.06 0.9997552122672398 7e-05 0.0002 0.997771103978157 0.001 0.003 4.484605867862701 2.0 2.0 82 
-2.224295965830485 0.0009 0.0008 0.999984397093455 1e-05 1e-05 0.9999711537361144 2e-05 2e-05 4.510890674591065 0.09 0.09 83 
-2.224007225036621 0.001 0.001 0.9999647663036982 2e-05 2e-05 0.9999731196959813 1e-05 2e-05 4.513067851066589 0.09 0.09 84 
-2.0306764952341716 0.0005 0.0005 0.9983400173981984 0.0009 0.0009 0.9948745183149974 2e-05 2e-05 4.408295259475708 0.4 0.4 85 
-1.516832857131958 0.3 0.1 0.9881261398394903 0.006 0.008 0.8233369902769725 0.1 0.3 4.789083093007406 4.0 2.0 86 
nan 87 
-1.502115354537964 0.8 0.2 0.984511312842369 0.01 0.04 0.7397249499956767 0.2 0.5 5.5478936274846395 10.0 3.0 88 
nan 89 
-1.5571629047393798 0.5 0.2 0.9900258024533589 0.006 0.007 0.8954163491725922 0.06 0.4 4.615590472618739 7.0 3.0 90 
-1.4956262524922688 0.7 0.2 0.9853361852963766 0.01 0.04 0.7283524890740712 0.2 0.4 5.585314389864604 9.0 3.0 91 
nan 92 
-2.224357646306356 0.0007 0.0007 0.9999835805098216 8e-06 9e-06 0.9999716299772262 2e-05 2e-05 4.511983114878337 0.1 0.1 93 
-2.22334540049235 0.0008 0.0008 0.9999760458866755 9e-06 1e-05 0.9999504119157792 3e-05 3e-05 4.510671259562175 0.1 0.1 94 
-1.6468491649627686 0.1 0.08 0.9918054209152858 0.003 0.004 0.9636490142345429 0.02 0.03 4.336376818815867 3.0 2.0 95 
-2.0778419558207193 0.08 0.02 0.999614183306694 7e-05 9e-05 0.9947650545835495 0.0008 0.003 4.376219305197398 0.5 0.5 96 
nan 97 
-1.5248722712198892 0.7 0.2 0.984430872797966 0.01 0.05 0.74525216370821 0.2 0.4 5.401584556897482 6.0 3.0 98 
-2.2238594913482665 0.001 0.001 0.999980416893959 2e-05 2e-05 0.9999674801031748 2e-05 2e-05 4.510844486554464 0.1 0.1 99 
-2.2236168797810874 0.001 0.0009 0.9999729508161544 1e-05 1e-05 0.999958396156629 2e-05 2e-05 4.509801028569539 0.1 0.1 100 
nan 101 
-1.6030132865905762 0.9 0.1 0.9906941175460815 0.006 0.02 0.9425054369370143 0.01 0.2 4.317756752967835 5.0 2.0 102 
-2.2243221600850425 0.0008 0.0008 0.9999844177563986 9e-06 1e-05 0.999972465634346 2e-05 2e-05 4.511340899467468 0.1 0.1 103 
-1.5024241129557292 0.8 0.2 0.9847349152962367 0.01 0.04 0.7784608524044355 0.2 0.5 5.197467427253724 8.0 3.0 104 
-1.5290070629119874 0.3 0.1 0.9885775107145309 0.007 0.01 0.8333298204342524 0.1 0.3 4.7665644860267635 5.0 2.0 105 
-1.6419431527455648 0.9 0.2 0.9919231180349986 0.006 0.01 0.8710856654246648 0.08 0.3 4.666090015570322 3.0 2.0 106 
-2.2243581104278562 0.0008 0.0008 0.9999829043944677 1e-05 1e-05 0.999971584280332 2e-05 2e-05 4.511505184173584 0.09 0.09 107 
nan 108 
-2.223273712793986 0.001 0.001 0.9999652177095413 1e-05 1e-05 0.99994646747907 2e-05 3e-05 4.510255055427551 0.1 0.1 109 
-1.4698651218414307 0.7 0.2 0.9823680677016576 0.02 0.04 0.774023103415966 0.2 0.5 5.051777851581574 6.0 2.0 110 
-1.3684225002924602 0.8 0.2 0.9737622773647309 0.02 0.08 0.8104735483725866 0.1 0.4 4.669885437488556 3.0 3.0 111 
-2.224211848576864 0.001 0.001 0.999973492026329 1e-05 1e-05 0.9999749191602071 2e-05 2e-05 4.513373015721639 0.09 0.09 112 
-1.7113484477996825 0.2 0.09 0.9927116258939107 0.002 0.007 0.9643976787726084 0.01 0.09 4.3158003520965575 3.0 2.0 113 
-2.2237976455688475 0.001 0.001 0.9999703886111577 2e-05 2e-05 0.9999668653806051 2e-05 2e-05 4.512256145477295 0.1 0.09 114 
-2.2242585023244223 0.0008 0.0008 0.9999793555339177 1e-05 1e-05 0.9999726527929306 2e-05 2e-05 4.511891733805339 0.1 0.1 115 
-2.224277400970459 0.0009 0.0009 0.9999842824538548 1e-05 1e-05 0.9999728326002757 2e-05 2e-05 4.5107243490219116 0.1 0.1 116 
-2.2241702874501548 0.0007 0.0007 0.9999855766693752 8e-06 1e-05 0.9999660221735637 2e-05 3e-05 4.5108884302775065 0.1 0.1 117 
-2.224178969065348 0.0009 0.0008 0.9999841282765071 1e-05 1e-05 0.9999698660771053 2e-05 2e-05 4.510962985356649 0.1 0.1 118 
-2.224621934890747 0.0009 0.0008 0.9999816391865413 1e-05 1e-05 0.9999827446540197 1e-05 1e-05 4.511957724889119 0.1 0.1 119 
-1.6862489223480224 0.3 0.1 0.9927468117078145 0.005 0.02 0.9486654009421667 0.02 0.2 4.286359430551529 4.0 2.0 120 
-2.224155378341675 0.001 0.001 0.9999779029687246 1e-05 1e-05 0.999972976843516 2e-05 2e-05 4.511747468312581 0.09 0.09 121 
-1.4592207845052083 1.0 0.2 0.9836877063910167 0.01 0.04 0.6756572791934013 0.2 0.4 5.871094082196554 8.0 2.0 122 
-2.224300667444865 0.0005 0.0005 0.9999672361214955 1e-05 1e-05 0.9999653585751851 3e-05 3e-05 4.51274741490682 0.1 0.1 123 
-2.2244087346394856 0.0006 0.0005 0.9999765374263128 6e-06 6e-06 0.9999710661172867 1e-05 2e-05 4.512508279482524 0.09 0.09 124 
-1.5106580702463785 1.0 0.2 0.9869057349363963 0.009 0.03 0.6798410328229268 0.2 0.4 5.938639099597931 6.0 3.0 125 
-2.0752436383565267 0.08 0.02 0.9996035498380661 7e-05 4e-05 0.9946816762288412 0.0008 0.003 4.374614050388336 0.5 0.5 126 
-2.2019789314270017 0.006 0.004 0.9978159805138905 9e-05 0.0001 0.9996045881509781 9e-05 0.0001 4.559791668256124 0.2 0.2 127 
-2.223738660812378 0.003 0.001 0.9999746491511663 7e-06 1e-05 0.9999225378036499 1e-05 6e-05 4.512475630442301 0.2 0.2 128 
nan 129 
-1.6597220834096273 0.02 0.02 0.9926714299122492 0.002 0.002 0.926924923658371 0.009 0.009 4.367353342374166 0.9 0.9 130 
-1.6299397468566894 0.8 0.2 0.9914692455530166 0.005 0.01 0.877313129901886 0.07 0.3 4.6139578501383465 3.0 1.0 131 
nan 132 
-2.224311720530192 0.0009 0.0008 0.999979495604833 1e-05 1e-05 0.9999718523025513 2e-05 2e-05 4.510841561953227 0.09 0.09 133 
-2.224291032155355 0.0007 0.0007 0.9999840631087621 1e-05 1e-05 0.9999655733505884 2e-05 3e-05 4.510964643160502 0.1 0.1 134 
-2.2244094371795655 0.005 0.001 0.9999825584888459 7e-06 4e-05 0.9999685587485632 8e-06 2e-05 4.512263658841451 0.1 0.1 135 
-1.7969826285044352 0.01 0.02 0.9948145673672358 0.002 0.004 0.9786404860019684 0.008 0.01 4.310225503444672 2.0 1.0 136 
-1.6992414506276448 0.2 0.08 0.9921669671932857 0.003 0.008 0.9670399010181427 0.02 0.09 4.300858555634816 3.0 2.0 137 
nan 138 
-2.2239774163564046 0.0006 0.0007 0.9999810469150543 1e-05 1e-05 0.9999655270576477 2e-05 3e-05 4.511061361630758 0.1 0.1 139 
-2.2237703959147135 0.001 0.001 0.9999687165021897 1e-05 2e-05 0.9999679104487101 1e-05 2e-05 4.512086710929871 0.1 0.1 140 
-1.7116089948018391 0.1 0.08 0.9930687085787455 0.003 0.005 0.9691112450758617 0.01 0.06 4.300816802978516 3.0 2.0 141 
nan 142 
-2.1776423772176106 0.003 0.001 0.9997480905056 2e-05 7e-05 0.9989402826627095 1e-05 3e-05 4.483038980166118 0.08 0.08 143 
-1.6390184307098388 0.03 0.02 0.9911550639073053 0.005 0.006 0.9316606758038203 0.04 0.04 4.340705999533335 1.0 1.0 144 
-1.4641323280334473 1.0 0.2 0.9847834618886312 0.01 0.03 0.5433318156003952 0.4 0.4 7.991025895277659 10.0 5.0 145 
-1.6139015293121337 0.1 0.07 0.9904325886567433 0.004 0.005 0.9611558761199316 0.02 0.02 4.327846247355144 3.0 2.0 146 
-2.2238716888427734 0.0005 0.0004 0.9999784121910731 1e-05 1e-05 0.9999601356188457 3e-05 4e-05 4.512456852595012 0.1 0.1 147 
-1.516529598236084 0.2 0.1 0.9882606110970179 0.007 0.009 0.7939405395587286 0.1 0.3 4.970508894920349 4.0 3.0 148 
-2.224020528793335 0.0005 0.0004 0.9999779659509659 1e-05 1e-05 0.9999519858757655 4e-05 4e-05 4.512152738571167 0.1 0.1 149 
