-2.2258794911702475 0.0002 0.0002 0.9999962484836579 2e-06 2e-06 0.9999959170818329 2e-06 3e-06 4.5119721190134685 0.06 0.06 0 
-2.225815547307332 0.0003 0.0002 0.9999962923924128 3e-06 3e-06 0.9999919931093851 5e-06 5e-06 4.512002499898275 0.05 0.05 1 
-2.2257607809702553 0.0003 0.0002 0.9999932887156805 3e-06 3e-06 0.9999914679924647 5e-06 5e-06 4.512204540570577 0.05 0.05 2 
-2.225718002319336 0.0002 0.0002 0.9999938547611237 3e-06 3e-06 0.9999877685308456 6e-06 6e-06 4.511278839111328 0.06 0.05 3 
-2.2259176349639893 0.0002 0.0002 0.9999963798125585 1e-06 1e-06 0.999982880949974 1e-05 1e-05 4.511783787409464 0.07 0.07 4 
-2.225933675765991 7e-05 0.0001 0.99999775826931 1e-06 2e-06 0.999989426334699 8e-06 9e-06 4.512146906852722 0.06 0.06 5 
-1.7614294370015462 0.03 0.02 0.9958687516053518 0.0002 0.0002 0.9840163886547089 0.001 0.004 4.100169281164805 0.8 0.7 6 
-1.626978530883789 0.6 0.2 0.9878880594174068 0.01 0.03 0.7182259073853493 0.2 0.4 5.88057132323583 9.0 4.0 7 
-2.2259099960327147 6e-05 6e-05 0.9999967058499654 2e-06 3e-06 0.9999843651056289 1e-05 1e-05 4.511829778353373 0.06 0.06 8 
-2.225848239262899 0.0002 0.0002 0.9999964569012324 3e-06 3e-06 0.9999908298254013 6e-06 7e-06 4.511850943565369 0.05 0.05 9 
-2.224846057891846 0.002 0.001 0.9999950975179672 1e-06 2e-06 0.999933598836263 6e-05 9e-05 4.512203804651896 0.1 0.1 10 
-2.2257034746805826 0.0002 0.0001 0.9999956897894542 3e-06 3e-06 0.9999864665667216 9e-06 1e-05 4.511872361501058 0.06 0.06 11 
-2.225895481109619 8e-05 7e-05 0.9999966895580292 2e-06 2e-06 0.9999824871619543 1e-05 1e-05 4.511760142644246 0.06 0.06 12 
-2.2258576488494874 0.0002 0.0001 0.9999968874454498 2e-06 2e-06 0.9999918496608734 6e-06 6e-06 4.511891531944275 0.05 0.05 13 
-2.225762027104696 8e-05 0.0001 0.9999958437681198 2e-06 2e-06 0.99997707426548 1e-05 1e-05 4.511887445449829 0.07 0.07 14 
-2.225788148244222 0.0003 0.0002 0.9999957702557246 3e-06 3e-06 0.9999927655855815 4e-06 5e-06 4.511808001200358 0.04 0.04 15 
-2.2259143829345702 0.0001 0.0001 0.9999965778986613 2e-06 2e-06 0.9999838568766912 1e-05 1e-05 4.511619346936544 0.06 0.06 16 
-1.877236124674479 0.4 0.07 0.9969290383656819 0.002 0.007 0.9598596628506978 0.02 0.09 4.438332928021749 2.0 2.0 17 
-2.225972229639689 8e-05 8e-05 0.9999971838792165 2e-06 2e-06 0.9999856519699096 1e-05 1e-05 4.511715470949809 0.05 0.05 18 
-2.2258867772420246 0.0001 6e-05 0.9999967489639918 1e-06 1e-06 0.9999914183219274 4e-06 4e-06 4.511884619394938 0.05 0.05 19 
-2.2259007676442466 7e-05 8e-05 0.9999959566195806 2e-06 2e-06 0.9999833484490712 1e-05 1e-05 4.5120219262441 0.06 0.06 20 
-2.2258375104268393 0.0002 0.0001 0.9999970046679179 2e-06 2e-06 0.9999898499250413 7e-06 7e-06 4.511734334627787 0.06 0.06 21 
-2.225484504699707 0.0005 0.0004 0.9999924925963084 4e-06 5e-06 0.999987899462382 6e-06 7e-06 4.511763366063436 0.06 0.06 22 
-2.225862137476603 0.0005 0.0004 0.99999620616436 1e-06 1e-06 0.9999843927224478 1e-05 2e-05 4.512049496968587 0.09 0.08 23 
-2.225754108428955 0.0005 0.0004 0.9999942302703857 1e-06 1e-06 0.9999751967191696 2e-05 2e-05 4.5122931814193725 0.08 0.08 24 
-2.2258675225575764 0.0001 0.0001 0.9999962327877681 3e-06 3e-06 0.9999865182240804 1e-05 1e-05 4.511762485504151 0.06 0.06 25 
-2.2259448750813804 0.0002 0.0002 0.9999968010187149 1e-06 1e-06 0.9999825688203176 1e-05 1e-05 4.512019548416138 0.06 0.06 26 
-2.225935691197713 0.0001 0.0001 0.9999943480889002 2e-06 2e-06 0.9999851648012797 1e-05 1e-05 4.512262625694275 0.05 0.05 27 
-2.225750411351522 0.0003 0.0003 0.999995712240537 3e-06 4e-06 0.9999924453099569 5e-06 5e-06 4.511998467445373 0.05 0.05 28 
-1.9376076571146648 0.02 0.02 0.9977205693721771 0.001 0.002 0.9862931390603383 0.004 0.005 4.3940024352073666 1.0 1.0 29 
-2.2259981377919513 0.0002 0.0002 0.9999971842765808 1e-06 1e-06 0.9999857536951701 1e-05 1e-05 4.512175871531169 0.06 0.06 30 
-2.22594931602478 0.0001 0.0001 0.9999958743651708 2e-06 3e-06 0.9999911510944366 7e-06 7e-06 4.511908946037292 0.06 0.06 31 
-2.225856596628825 0.0001 0.0001 0.9999964614709218 3e-06 3e-06 0.9999843792120615 1e-05 1e-05 4.512005694707235 0.06 0.06 32 
-1.9764891052246094 0.08 0.04 0.9980300964911779 0.0009 0.002 0.9926202187935511 0.0005 0.0005 4.370333004792531 0.8 0.8 33 
-1.646539716720581 0.6 0.1 0.989038643638293 0.008 0.03 0.7673933653036753 0.2 0.5 5.441426165898641 9.0 3.0 34 
-2.2255495166778565 0.0005 0.0004 0.9999814432859421 4e-06 4e-06 0.9999878285328547 5e-06 5e-06 4.512691090901693 0.05 0.05 35 
-2.2258265209198 0.0002 0.0002 0.9999965967734655 3e-06 2e-06 0.9999920018513997 5e-06 5e-06 4.511739177703857 0.04 0.05 36 
-2.2258929347991945 0.0001 0.0001 0.9999970072507858 2e-06 2e-06 0.9999896397193273 7e-06 8e-06 4.511709599494934 0.05 0.05 37 
-2.2259522914886474 0.0002 0.0001 0.99999709268411 2e-06 2e-06 0.9999918816486995 6e-06 7e-06 4.511920146942138 0.05 0.05 38 
-2.2258627001444498 0.0001 0.0001 0.9999972210327784 1e-06 2e-06 0.9999801307916641 1e-05 1e-05 4.511838684082031 0.06 0.06 39 
-2.225716145833333 0.0004 0.0003 0.9999941837787628 4e-06 4e-06 0.9999927103519439 4e-06 5e-06 4.512231427828471 0.05 0.05 40 
-2.1241133340199787 0.2 0.03 0.9993447528282802 0.0004 0.002 0.9973570048809052 0.0002 0.0005 4.4649054503440855 0.7 0.7 41 
-2.225852444966634 0.0001 9e-05 0.9999961465597152 3e-06 3e-06 0.9999842363595962 1e-05 1e-05 4.511950594584147 0.06 0.06 42 
-2.2258457851409914 7e-05 5e-05 0.9999965534607569 2e-06 2e-06 0.9999823081493378 1e-05 1e-05 4.511711033185323 0.06 0.06 43 
-2.225903870264689 0.0001 0.0002 0.999996401667595 1e-06 1e-06 0.9999800084034601 1e-05 1e-05 4.511863328615824 0.06 0.06 44 
-2.225762357711792 0.0007 0.0005 0.9999963198105494 1e-06 1e-06 0.9999768575032552 2e-05 3e-05 4.511984491348267 0.08 0.08 45 
-2.224677807490031 5e-05 5e-05 0.9999728029966355 1e-06 9e-07 0.9999446501334508 6e-06 6e-06 4.512567307154337 0.09 0.09 46 
-1.7552356433868408 0.006 0.007 0.9949207184712092 0.001 0.001 0.9424945763746897 0.004 0.005 4.378016475041707 1.0 1.0 47 
-2.2256778621673585 0.0002 0.0001 0.9999934307734172 2e-06 2e-06 0.999989229242007 8e-06 8e-06 4.511679326693217 0.06 0.06 48 
-2.2258981323242186 0.0001 9e-05 0.9999963790178299 2e-06 2e-06 0.9999838483333587 1e-05 1e-05 4.5119696696599325 0.06 0.06 49 
-2.2261557070414226 9e-05 9e-05 0.9999949238697687 2e-06 1e-06 0.9999913609027863 5e-06 5e-06 4.5124925454457605 0.04 0.04 50 
-1.6492759958902994 0.3 0.1 0.9920065565903982 0.006 0.01 0.8031208856900534 0.1 0.4 5.039375156561533 6.0 3.0 51 
-2.2257347106933594 0.0001 0.0001 0.9999943794806798 2e-06 2e-06 0.99998748421669 8e-06 9e-06 4.511745092074077 0.06 0.06 52 
-2.225730880101522 0.0007 0.0004 0.9999967670440674 2e-06 3e-06 0.9999916607141495 6e-06 1e-05 4.51217916170756 0.09 0.09 53 
-2.225908991495768 0.0002 0.0001 0.9999970899025599 2e-06 2e-06 0.9999898171424866 7e-06 7e-06 4.511807815233866 0.05 0.05 54 
-2.2258197339375814 0.0002 0.0002 0.999996392528216 3e-06 3e-06 0.9999914526939392 6e-06 6e-06 4.511813583374024 0.05 0.05 55 
-2.2258962472279866 0.0001 8e-05 0.9999961884816487 2e-06 3e-06 0.9999854453404744 9e-06 1e-05 4.51210240205129 0.05 0.05 56 
-2.2260206890106202 0.0002 0.0002 0.9999971590439478 9e-07 7e-07 0.9999897134304047 7e-06 8e-06 4.512022542953491 0.05 0.05 57 
-2.2260702896118163 0.0002 0.0002 0.9999966776371002 2e-06 3e-06 0.9999880286057791 5e-06 7e-06 4.512093140284221 0.05 0.05 58 
-2.225954491297404 8e-05 6e-05 0.9999969569842021 2e-06 2e-06 0.9999842210610708 1e-05 1e-05 4.5120101149876914 0.05 0.05 59 
-2.2254773426055907 0.0005 0.0003 0.9999918993314107 8e-07 1e-06 0.9999405914545059 3e-05 4e-05 4.512182596524556 0.06 0.06 60 
-2.1378701972961425 0.002 0.002 0.9997489674886068 6e-05 6e-05 0.9954870559771856 9e-05 9e-05 4.482215468883514 0.8 0.8 61 
-2.2256945991516113 0.0001 7e-05 0.9999940160910289 3e-06 3e-06 0.9999754333496094 1e-05 1e-05 4.512275937398274 0.06 0.06 62 
-2.2259059619903563 0.0001 0.0001 0.999995523095131 2e-06 2e-06 0.9999899172782898 6e-06 7e-06 4.511921235720316 0.05 0.05 63 
-2.2258190790812176 0.0001 0.0001 0.9999956977367401 3e-06 4e-06 0.9999863723913829 1e-05 1e-05 4.511679973602295 0.06 0.06 64 
-2.2258342425028483 0.0002 0.0001 0.9999963444471359 2e-06 3e-06 0.9999888080358506 7e-06 8e-06 4.5115966780980425 0.05 0.05 65 
-2.2259964497884113 0.0005 0.0003 0.9999964402119319 2e-06 4e-06 0.9999970988432566 2e-06 2e-06 4.511907048225403 0.05 0.05 66 
-2.22591147740682 0.0003 0.0002 0.9999914956092835 2e-06 1e-06 0.9999750349919001 2e-05 2e-05 4.5130458895365395 0.06 0.06 67 
-2.225923624038696 9e-05 9e-05 0.9999967233339946 2e-06 3e-06 0.9999846724669138 1e-05 1e-05 4.512074131965637 0.05 0.05 68 
-2.1381722768147786 0.0007 0.0007 0.9997753095626831 5e-05 5e-05 0.9951137888431549 0.0001 0.0001 4.488255393505097 0.8 0.8 69 
-2.225828981399536 0.0002 0.0001 0.9999968568483989 2e-06 3e-06 0.9999902538458506 7e-06 7e-06 4.511716833114624 0.05 0.05 70 
-2.2259514904022217 0.0001 0.0001 0.9999970734119416 2e-06 2e-06 0.9999872883160908 1e-05 1e-05 4.511817728678386 0.05 0.05 71 
-2.2256936581929523 0.0002 0.0002 0.9999944533904394 3e-06 3e-06 0.9999877113103867 8e-06 8e-06 4.511554950078328 0.06 0.06 72 
-2.2258002853393553 0.0002 0.0002 0.9999960879484813 3e-06 3e-06 0.9999917141596476 5e-06 6e-06 4.511898016929626 0.05 0.05 73 
-2.22581423441569 0.0003 0.0002 0.9999954940875372 3e-06 3e-06 0.9999932227532069 3e-06 4e-06 4.511895492871602 0.05 0.05 74 
-1.7579902807871501 0.04 0.04 0.9939868748188019 0.002 0.003 0.9766519329945247 0.009 0.01 4.315547800858815 2.0 1.0 75 
-2.2257086277008056 0.0003 0.0003 0.9999947881698609 3e-06 3e-06 0.9999902158975601 6e-06 6e-06 4.5118427038192745 0.06 0.06 76 
-2.225666837692261 0.0003 0.0003 0.9999935243527095 3e-06 4e-06 0.9999924234549205 5e-06 5e-06 4.511893645922343 0.06 0.06 77 
-2.2256038983662925 0.0001 0.0001 0.9999955342213313 2e-06 2e-06 0.9999879010518392 8e-06 9e-06 4.511617128054301 0.07 0.07 78 
-2.2259467283884686 0.0002 0.0002 0.9999973618984223 1e-06 1e-06 0.9999901926517487 7e-06 9e-06 4.512328797976176 0.06 0.06 79 
-2.159030825297038 0.001 0.001 0.9998414204518 5e-05 5e-05 0.9980032229423523 0.0002 0.0002 4.488752636909485 0.8 0.8 80 
-1.6400110340118408 0.6 0.1 0.9914763381083807 0.007 0.02 0.7821974701682727 0.2 0.4 5.199675531387329 5.0 3.0 81 
-1.6315530522664388 0.4 0.1 0.9901758235692978 0.008 0.02 0.7047347796956698 0.2 0.4 5.8243513011932375 7.0 3.0 82 
-2.1944404379526774 0.0006 0.0005 0.9999158775806427 2e-05 2e-05 0.9995915563901265 5e-05 5e-05 4.495463280677796 0.1 0.1 83 
-2.225921188990275 0.0001 8e-05 0.9999942735830942 2e-06 2e-06 0.999985652367274 1e-05 1e-05 4.511918772061666 0.05 0.05 84 
-1.641277535756429 0.3 0.1 0.9917735652128855 0.006 0.01 0.7881769654154778 0.1 0.3 5.121342571576436 4.0 3.0 85 
-1.9821150557200113 0.1 0.05 0.9985899821917216 0.0004 0.0008 0.9910926349957784 0.002 0.004 4.398904813130697 2.0 2.0 86 
-2.225846195220947 0.0002 0.0001 0.9999969301621119 2e-06 2e-06 0.9999910161892573 6e-06 6e-06 4.5119274695714315 0.05 0.05 87 
-2.2258242829640706 0.0002 0.0001 0.9999958727757136 2e-06 2e-06 0.9999924077590306 5e-06 5e-06 4.511905961036682 0.05 0.05 88 
-2.225742015838623 0.0002 0.0002 0.9999948489665985 4e-06 4e-06 0.999984184106191 1e-05 1e-05 4.511822740236918 0.06 0.06 89 
-1.6473234462738038 0.6 0.1 0.9898879430691401 0.009 0.02 0.7836595239241918 0.2 0.4 5.27726126352946 7.0 3.0 90 
-2.124652821222941 0.001 0.001 0.9996920112768809 8e-05 8e-05 0.9944914019107819 0.0003 0.0003 4.475231209595998 0.8 0.8 91 
-2.2253963565826416 0.003 0.0009 0.9999940544366837 4e-06 1e-05 0.9999666128555934 2e-05 0.0001 4.5122324562072755 0.1 0.1 92 
-2.2258505407969156 0.0002 0.0002 0.9999966537952423 2e-06 2e-06 0.9999911107619603 6e-06 6e-06 4.511979983647664 0.05 0.05 93 
-1.924298709233602 0.03 0.02 0.997622811794281 0.0008 0.0009 0.9851305609941483 0.007 0.01 4.404854590892792 1.0 1.0 94 
-2.2258551025390627 0.0001 0.0001 0.9999957031011582 2e-06 3e-06 0.9999790199597677 1e-05 1e-05 4.511917778650919 0.07 0.06 95 
-2.2258476797739664 9e-05 7e-05 0.999995981057485 2e-06 3e-06 0.9999818162123362 1e-05 1e-05 4.5119616429011025 0.06 0.06 96 
-2.2258811950683595 0.0001 0.0001 0.9999944074948629 3e-06 3e-06 0.9999789905548095 1e-05 2e-05 4.512533547083537 0.07 0.06 97 
-2.2256904443105063 0.0002 0.0002 0.9999950085083643 3e-06 3e-06 0.9999900082747142 6e-06 6e-06 4.511614556312561 0.06 0.06 98 
-2.225822490056356 0.0005 0.0003 0.9999878446261088 3e-06 3e-06 0.9999932849407196 4e-06 7e-06 4.514255442619324 0.06 0.06 99 
