-2.224194320042928 0.0008 0.0008 0.9999818927049637 1e-05 1e-05 0.9999679978688558 2e-05 2e-05 4.510727783838908 0.1 0.1 147 
-2.224462881088257 0.0007 0.0007 0.999987781047821 1e-05 1e-05 0.999972072839737 2e-05 2e-05 4.511137086550395 0.09 0.09 44 
-2.224534034729004 0.0008 0.0007 0.9999881136417389 9e-06 1e-05 0.9999731802940368 2e-05 2e-05 4.511021215120952 0.08 0.08 16 
-2.224487295150757 0.0008 0.0008 0.9999880870183309 9e-06 1e-05 0.999973863363266 2e-05 2e-05 4.511141972541809 0.09 0.09 99 
-2.224511439005534 0.0007 0.0006 0.9999885030587514 9e-06 1e-05 0.9999702845017115 2e-05 3e-05 4.511080611546834 0.09 0.08 143 
-2.22217116355896 0.0008 0.0007 0.9997497516870498 3e-05 2e-05 0.9998813494046529 8e-05 9e-05 4.524679134686788 0.1 0.1 121 
-2.224825636545817 0.001 0.0009 0.9999882034460703 7e-06 9e-06 0.9999790330727895 6e-06 8e-06 4.510656646092733 0.08 0.08 45 
-2.224285739262899 0.0005 0.0005 0.9999871037403743 8e-06 8e-06 0.9999627089500427 3e-05 3e-05 4.510820380846659 0.1 0.1 41 
-2.224408210118612 0.001 0.001 0.9999849182367325 1e-05 1e-05 0.9999759529034297 2e-05 2e-05 4.5111498959859215 0.08 0.08 149 
-2.225320062637329 0.0007 0.0003 0.9999916352828344 4e-06 5e-06 0.9999846186240514 8e-06 1e-05 4.511346082687378 0.08 0.08 71 
-2.2249655691782633 0.001 0.0008 0.9999899421135584 8e-06 1e-05 0.9999857074022294 8e-06 1e-05 4.511233228047689 0.08 0.08 69 
-2.225040556589762 0.001 0.001 0.9999872066577276 1e-05 2e-05 0.9999872752030691 4e-06 6e-06 4.511578464508057 0.08 0.08 144 
-2.2251110172271726 0.0005 0.0003 0.9999887530008952 6e-06 6e-06 0.999979099035263 1e-05 1e-05 4.511557264328003 0.07 0.07 95 
-2.224566799799601 0.0007 0.0006 0.9999889127413432 8e-06 9e-06 0.9999709838628769 2e-05 2e-05 4.510950147310893 0.08 0.08 62 
-2.2235382970174156 0.002 0.001 0.9999663130442301 2e-05 3e-05 0.9999546694755554 2e-05 3e-05 4.509578528404236 0.1 0.1 76 
-2.225341345469157 0.0008 0.0006 0.999991140961647 6e-06 8e-06 0.9999857101837794 7e-06 1e-05 4.511771400769551 0.07 0.07 6 
-2.2246163018544514 0.0007 0.0006 0.9999901729822159 7e-06 8e-06 0.9999736712376277 2e-05 2e-05 4.510879888534546 0.08 0.08 118 
-2.2245568307240804 0.0009 0.0008 0.9999871905644735 1e-05 1e-05 0.9999749716122945 2e-05 2e-05 4.511240105628968 0.08 0.08 123 
-2.22519274075826 0.0003 0.0002 0.9999924137194951 4e-06 4e-06 0.9999682464202245 2e-05 2e-05 4.5110862350463865 0.08 0.08 139 
-2.225174894332886 0.0002 0.0002 0.9999942706028621 1e-06 1e-06 0.9999850195646286 1e-05 7e-06 4.511723987261454 0.08 0.08 12 
