-2.223835325241089 0.01 0.003 0.9999774730205536 2e-05 9e-05 0.999996903538704 3e-06 9e-06 4.511261952718099 0.2 0.2 6 
-2.2247567335764566 0.0009 0.0008 0.9999905302127202 4e-06 6e-06 0.9999979937076569 5e-07 1e-06 4.5112539561589555 0.1 0.1 144 
-2.2234746042887368 0.004 0.001 0.9999830267826716 1e-05 4e-05 0.9999703568220139 1e-05 2e-05 4.5099523687362675 0.1 0.1 8 
-2.2240396404266356 0.009 0.002 0.9999835964043935 1e-05 5e-05 0.9999790753920873 2e-05 6e-05 4.510508483250936 0.2 0.2 141 
-2.220052735010783 0.005 0.002 0.9999846442540486 6e-06 1e-05 0.9996607728799184 0.0001 0.0002 4.479369017283122 0.2 0.2 22 
-2.223190336227417 0.005 0.002 0.9999802953004837 1e-05 4e-05 0.9999659009774526 2e-05 3e-05 4.508971393903097 0.2 0.2 108 
-2.224398883183797 0.0006 0.0005 0.9999768976370493 9e-06 8e-06 0.9999667986234029 2e-05 5e-05 4.51079213142395 0.1 0.1 4 
-2.2238121891021727 0.006 0.002 0.9999870828787486 7e-06 3e-05 0.9999641956885655 2e-05 3e-05 4.509714504877726 0.1 0.2 121 
-2.2240996106465656 0.001 0.0009 0.9999856621026992 6e-06 1e-05 0.999943140745163 5e-05 0.0001 4.5109161980946855 0.09 0.09 75 
-2.2245273208618164 0.005 0.002 0.999987377723058 7e-06 3e-05 0.9999937319755554 4e-06 2e-05 4.511257645289104 0.2 0.2 15 
-2.223544267018636 0.006 0.002 0.9999764720598857 2e-05 5e-05 0.9999841950337092 1e-05 3e-05 4.510024194717407 0.2 0.2 27 
-2.225168091456095 0.003 0.001 0.9999932585159937 4e-06 2e-05 0.9999285729726156 2e-05 6e-05 4.511958767573039 0.1 0.1 100 
-2.225102745691935 0.002 0.0009 0.999991140961647 4e-06 1e-05 0.9999925988912582 4e-06 9e-06 4.511098244984945 0.1 0.1 43 
-2.2254488404591877 0.002 0.0008 0.9999749300877253 2e-05 5e-05 0.9999964209397634 1e-06 4e-06 4.511928571065267 0.06 0.06 116 
-2.2249462604522705 0.002 0.0008 0.9999913436174392 4e-06 8e-06 0.9999967873096466 2e-06 4e-06 4.511300449371338 0.1 0.1 95 
-2.2237389087677 0.002 0.0008 0.9999859563509623 5e-06 2e-05 0.9999664062261582 1e-05 9e-06 4.509463887214661 0.1 0.1 87 
-2.224493948618571 0.003 0.001 0.9999826373656591 1e-05 8e-05 0.9999831350644429 1e-05 3e-05 4.510661557515462 0.2 0.2 72 
-2.2238733609517416 0.003 0.001 0.9999840851624807 8e-06 2e-05 0.9999782959620158 1e-05 1e-05 4.510329311688741 0.1 0.2 145 
-2.222607126235962 0.002 0.001 0.9999662897984187 1e-05 2e-05 0.9999641013145447 2e-05 2e-05 4.509749021530151 0.2 0.2 54 
-2.220726989110311 0.009 0.003 0.9999805577596028 1e-05 1e-05 0.9998244384924571 8e-05 0.0002 4.496389695803324 0.3 0.3 53 
