-2.226466859181722 0.0002 8e-05 0.9999990816911062 9e-07 3e-06 0.9999983394145966 1e-06 7e-06 4.512284523646037 0.05 0.04 0 
-2.226474107106527 0.0002 7e-05 0.9999991597731909 8e-07 2e-06 0.9999985790252686 1e-06 6e-06 4.512277369499206 0.04 0.04 1 
-2.2264606761932373 0.0002 8e-05 0.9999990540742875 9e-07 3e-06 0.9999982060988745 2e-06 7e-06 4.51214370727539 0.04 0.06 2 
-2.226322069168091 0.001 0.0002 0.9999990298350652 1e-06 5e-06 0.9999927095572154 7e-06 4e-05 4.512124422391255 0.05 0.05 3 
-2.226322364807129 0.0007 0.0002 0.99999902288119 1e-06 5e-06 0.9999926847219467 7e-06 3e-05 4.512185277938843 0.05 0.05 4 
-2.226326405207316 0.001 0.0002 0.9999992410341899 8e-07 4e-06 0.9999926728010178 7e-06 4e-05 4.5118690697352095 0.04 0.05 5 
-2.2264687061309814 0.0002 7e-05 0.9999990236759185 9e-07 3e-06 0.9999982776244482 2e-06 1e-05 4.512151152292887 0.04 0.04 6 
-2.226465950012207 0.0002 8e-05 0.9999990781148275 1e-06 3e-06 0.999998237490654 2e-06 8e-06 4.512273422876993 0.05 0.04 7 
-2.226465524037679 0.0002 7e-05 0.9999990884462993 9e-07 2e-06 0.9999983064333597 2e-06 9e-06 4.5121193122863765 0.05 0.05 8 
-2.226464064915975 0.0002 8e-05 0.999999117453893 9e-07 3e-06 0.9999981804688771 2e-06 6e-06 4.512048037846883 0.04 0.04 9 
-2.226445411046346 0.0003 0.0001 0.9999989481767019 1e-06 3e-06 0.9999979011217753 2e-06 1e-05 4.512197450002034 0.04 0.04 10 
-2.2264689572652183 0.0002 7e-05 0.9999991438786189 9e-07 4e-06 0.9999983394145966 2e-06 6e-06 4.512249479293823 0.05 0.04 11 
-2.2264698282877604 0.0002 7e-05 0.999998997648557 8e-07 3e-06 0.999998369415601 2e-06 1e-05 4.512346359888713 0.05 0.04 12 
-2.2264714368184406 0.0002 7e-05 0.9999992150068283 9e-07 2e-06 0.9999983539183934 2e-06 6e-06 4.512123924891154 0.04 0.04 13 
-2.226468397776286 0.0002 8e-05 0.9999991651376089 8e-07 2e-06 0.9999983642498652 2e-06 8e-06 4.512198707262675 0.04 0.06 14 
-2.2264745553334553 0.0002 7e-05 0.9999991220235824 8e-07 2e-06 0.999998470544815 1e-06 5e-06 4.512339259783427 0.05 0.04 15 
-2.2263321336110433 0.0006 0.0002 0.9999991689125697 8e-07 4e-06 0.9999932412306468 6e-06 2e-05 4.512033123970031 0.05 0.05 16 
-2.226470028559367 0.0003 7e-05 0.9999991434812546 8e-07 2e-06 0.9999983175595601 2e-06 7e-06 4.5122519302368165 0.05 0.04 17 
-2.226472005844116 0.0003 7e-05 0.9999992454051971 7e-07 3e-06 0.9999984552462896 1e-06 8e-06 4.51222290356954 0.04 0.05 18 
-2.226325798034668 0.0006 0.0002 0.9999991045395533 9e-07 5e-06 0.999992492198944 7e-06 4e-05 4.5122211678822834 0.05 0.05 19 
-2.2264726066589358 0.0003 7e-05 0.999999106725057 1e-06 4e-06 0.9999984139204026 1e-06 6e-06 4.512161122957865 0.04 0.04 20 
-2.2264672819773357 0.0003 8e-05 0.9999991355339686 7e-07 2e-06 0.9999983002742131 2e-06 1e-05 4.512125248908997 0.04 0.04 21 
-2.2264650948842366 0.0003 8e-05 0.9999989193677902 1e-06 2e-06 0.9999983435869217 1e-06 9e-06 4.512309975624085 0.05 0.05 22 
-2.226469939549764 0.0004 7e-05 0.9999991287787755 9e-07 2e-06 0.9999983821312587 1e-06 9e-06 4.512047746976217 0.04 0.04 23 
-2.2264705880482993 0.0002 7e-05 0.9999989968538284 9e-07 4e-06 0.9999983348449071 2e-06 7e-06 4.512216857274374 0.05 0.05 24 
-2.2264473470052084 0.0002 7e-05 0.9999991170565288 1e-06 3e-06 0.9999972468614579 2e-06 6e-06 4.512117460568746 0.04 0.04 25 
-2.2264714940388997 0.0003 7e-05 0.9999992020924886 9e-07 4e-06 0.9999983628590902 2e-06 6e-06 4.512066841125488 0.04 0.04 26 
-2.2264566866556805 0.0002 9e-05 0.9999989932775497 1e-06 3e-06 0.9999981552362442 2e-06 6e-06 4.512277398109436 0.06 0.05 27 
-2.2264706961313885 0.0003 7e-05 0.9999989700317383 9e-07 2e-06 0.9999984383583069 1e-06 7e-06 4.512206637064616 0.05 0.05 28 
-2.2264758650461833 0.0002 7e-05 0.9999991846084595 7e-07 3e-06 0.9999984014034271 1e-06 9e-06 4.512227400143941 0.05 0.04 29 
-2.2264700889587403 0.0002 8e-05 0.9999989898999532 1e-06 4e-06 0.99999829073747 2e-06 7e-06 4.512056544621785 0.04 0.04 30 
-2.2264746856689452 0.0002 7e-05 0.9999991482496262 9e-07 2e-06 0.9999984711408615 1e-06 7e-06 4.512193144162496 0.04 0.04 31 
-2.226325845718384 0.0009 0.0002 0.9999991359313329 9e-07 3e-06 0.9999928291638692 7e-06 3e-05 4.512139881451924 0.05 0.05 32 
-2.226464837392171 0.0002 7e-05 0.999999130765597 9e-07 2e-06 0.9999982877572378 2e-06 1e-05 4.512321550051372 0.05 0.04 33 
-2.2264744218190513 0.0002 7e-05 0.9999991730848948 8e-07 2e-06 0.9999985158443451 1e-06 8e-06 4.512179017066956 0.04 0.04 34 
-2.226472069422404 0.0002 7e-05 0.9999991007645925 9e-07 3e-06 0.9999984596172968 1e-06 7e-06 4.51208758354187 0.04 0.04 35 
-2.2264636452992757 0.0003 8e-05 0.9999990804990133 9e-07 3e-06 0.9999980805317561 2e-06 9e-06 4.5120595820744835 0.04 0.06 36 
-2.22646671295166 0.0003 8e-05 0.9999991367260616 9e-07 2e-06 0.9999981387456258 2e-06 1e-05 4.512151103019715 0.05 0.06 37 
-2.226470750172933 0.0003 7e-05 0.9999990810950597 9e-07 3e-06 0.9999982883532842 2e-06 7e-06 4.512084725697835 0.04 0.04 38 
-2.2264709790547688 0.0003 7e-05 0.999999166727066 8e-07 2e-06 0.9999984204769135 1e-06 5e-06 4.512031683921814 0.05 0.04 39 
-2.2263305219014486 0.0006 0.0002 0.9999992128213246 8e-07 3e-06 0.9999924943844477 7e-06 3e-05 4.512153701782227 0.05 0.05 40 
-2.2264679527282714 0.0002 8e-05 0.999999020298322 1e-06 3e-06 0.9999983600775401 1e-06 7e-06 4.5123090775807695 0.04 0.04 41 
-2.2264637819925945 0.0003 8e-05 0.9999989088376363 9e-07 2e-06 0.9999981039762497 2e-06 9e-06 4.512355284690857 0.05 0.05 42 
-2.2264700158437094 0.0002 8e-05 0.9999990816911062 9e-07 3e-06 0.9999983578920364 2e-06 9e-06 4.512101391156515 0.05 0.04 43 
-2.226470963160197 0.0002 8e-05 0.999999062816302 9e-07 3e-06 0.9999983849128088 1e-06 7e-06 4.512062994639079 0.04 0.05 44 
-2.226477928161621 0.0002 7e-05 0.9999991514285406 1e-06 2e-06 0.9999986670414607 1e-06 5e-06 4.512108232180277 0.04 0.04 45 
-2.226481513977051 0.0002 6e-05 0.999999045530955 1e-06 3e-06 0.9999987431367239 1e-06 5e-06 4.512120741208395 0.04 0.04 46 
-2.226444304784139 0.0003 9e-05 0.9999990487098693 1e-06 3e-06 0.9999977248907089 2e-06 1e-05 4.512137543360392 0.04 0.04 47 
-2.2264716688791912 0.0003 7e-05 0.9999990848700205 9e-07 5e-06 0.9999984312057495 1e-06 6e-06 4.512037247021993 0.04 0.04 48 
-2.226473751068115 0.0002 7e-05 0.9999991561969122 8e-07 3e-06 0.9999984973669052 1e-06 7e-06 4.5122564506530765 0.05 0.04 49 
-2.2264675426483156 0.0002 8e-05 0.9999990952014923 8e-07 2e-06 0.9999983421961467 1e-06 9e-06 4.512193606694539 0.04 0.05 50 
-2.226468772888184 0.0003 8e-05 0.9999991234143575 8e-07 3e-06 0.9999984421332677 1e-06 8e-06 4.512178816795349 0.05 0.04 51 
-2.2264729595184325 0.0003 7e-05 0.9999989881118139 1e-06 4e-06 0.9999982905387879 2e-06 1e-05 4.5122034486134845 0.04 0.05 52 
-2.2264716466267904 0.0004 7e-05 0.9999991377194722 9e-07 3e-06 0.9999983443816503 2e-06 1e-05 4.512211535771688 0.04 0.04 53 
-2.226471643447876 0.0004 7e-05 0.9999990173180898 1e-06 2e-06 0.999998366634051 2e-06 9e-06 4.512112747828166 0.04 0.05 54 
-2.2263231722513837 0.0008 0.0002 0.9999991556008657 1e-06 5e-06 0.9999926088253657 7e-06 3e-05 4.512058515548706 0.05 0.05 55 
-2.226317901611328 0.0009 0.0002 0.9999991285800934 9e-07 4e-06 0.999992703795433 6e-06 5e-05 4.512181398073833 0.04 0.06 56 
-2.226477867762248 0.0002 7e-05 0.999999262491862 7e-07 1e-06 0.9999985071023305 1e-06 5e-06 4.512173592249552 0.04 0.04 57 
-2.2264734808603923 0.0003 8e-05 0.9999989501635234 1e-06 2e-06 0.9999984929958979 1e-06 4e-06 4.512160399754842 0.04 0.05 58 
-2.226466598510742 0.0003 8e-05 0.9999990407625834 1e-06 2e-06 0.9999982813994089 2e-06 1e-05 4.5120425669352215 0.04 0.04 59 
-2.2264752546946207 0.0002 7e-05 0.999999050895373 9e-07 7e-06 0.9999984806776047 1e-06 8e-06 4.512092452049256 0.04 0.05 60 
-2.226463753382365 0.0002 8e-05 0.9999990520874659 9e-07 3e-06 0.9999982706705729 2e-06 6e-06 4.512208148638408 0.04 0.04 61 
-2.2263228448232013 0.001 0.0002 0.9999992803732554 8e-07 3e-06 0.9999930024147033 7e-06 6e-05 4.511962785720825 0.05 0.05 62 
-2.2264743932088216 0.0002 7e-05 0.9999991625547409 8e-07 3e-06 0.9999983849128088 2e-06 8e-06 4.512094872792562 0.05 0.06 63 
-2.2264482879638674 0.0003 0.0001 0.9999987427393595 1e-06 5e-06 0.9999981405337651 2e-06 6e-06 4.512197465896606 0.04 0.06 64 
-2.2263430913289386 0.0005 0.0002 0.9999992591142655 9e-07 3e-06 0.9999928162495295 7e-06 3e-05 4.512224011421203 0.05 0.04 65 
-2.2264764817555744 0.0002 7e-05 0.9999992640813192 7e-07 2e-06 0.9999985959132512 1e-06 7e-06 4.512143856684367 0.05 0.04 66 
-2.2264711411794025 0.0003 8e-05 0.9999990731477737 9e-07 2e-06 0.9999983980258306 1e-06 1e-05 4.512194361686706 0.04 0.05 67 
-2.2264718341827394 0.0001 7e-05 0.9999989718198776 1e-06 3e-06 0.9999983030557632 2e-06 8e-06 4.512242426872254 0.05 0.04 68 
-2.226471678415934 0.0002 7e-05 0.9999991637468338 8e-07 2e-06 0.999998545050621 1e-06 6e-06 4.512205532391866 0.05 0.04 69 
-2.226469170252482 0.0002 8e-05 0.9999991204341253 9e-07 3e-06 0.9999983348449071 2e-06 7e-06 4.512286229133606 0.04 0.05 70 
-2.2264778232574463 0.0002 7e-05 0.9999991925557454 8e-07 2e-06 0.9999985283613205 1e-06 5e-06 4.512185732523601 0.05 0.05 71 
-2.2264468542734783 0.0001 0.0001 0.9999991341431935 9e-07 2e-06 0.9999984830617905 1e-06 6e-06 4.51220340569814 0.03 0.04 72 
-2.2263288180033367 0.0007 0.0002 0.99999915599823 7e-07 3e-06 0.9999929636716842 6e-06 4e-05 4.512065641085306 0.05 0.05 73 
-2.2263327566782634 0.0007 0.0002 0.9999992032845815 8e-07 7e-06 0.9999930357933045 6e-06 3e-05 4.512216782569885 0.05 0.04 74 
-2.2264685281117758 0.0002 8e-05 0.9999990493059159 9e-07 3e-06 0.9999982362985611 2e-06 8e-06 4.5121697378158565 0.05 0.04 75 
-2.226464910507202 0.0003 8e-05 0.9999991124868393 9e-07 3e-06 0.9999982744455338 2e-06 7e-06 4.512189041773478 0.06 0.04 76 
-2.2264525286356607 0.0002 7e-05 0.9999991410970688 8e-07 3e-06 0.9999973750114441 2e-06 6e-06 4.512101751963297 0.04 0.04 77 
-2.226473325093587 0.0002 7e-05 0.9999991190433503 9e-07 2e-06 0.9999984230597814 1e-06 6e-06 4.512062864303589 0.04 0.04 78 
-2.2264676253000895 0.0004 8e-05 0.9999990620215734 9e-07 6e-06 0.999998342593511 1e-06 9e-06 4.512109931310018 0.05 0.04 79 
-2.2263214111328127 0.0007 0.0002 0.999999187986056 8e-07 4e-06 0.9999927455186843 7e-06 3e-05 4.512201603253683 0.05 0.05 80 
-2.226470460891724 0.0003 8e-05 0.9999989608923594 1e-06 5e-06 0.9999982213973999 2e-06 9e-06 4.5122175184885664 0.05 0.04 81 
-2.2264750099182127 0.0003 7e-05 0.9999989622831345 1e-06 4e-06 0.9999985257784526 1e-06 6e-06 4.512354685465495 0.04 0.04 82 
-2.2264385509490965 0.0004 0.0001 0.9999989042679469 1e-06 5e-06 0.9999976829687754 2e-06 1e-05 4.512127933502197 0.05 0.06 83 
-2.2264729150136313 0.0002 7e-05 0.9999990280469259 9e-07 3e-06 0.9999983604749044 2e-06 7e-06 4.5122560008366905 0.04 0.04 84 
-2.2264772701263427 0.0002 7e-05 0.9999991403023402 9e-07 2e-06 0.9999983634551366 2e-06 7e-06 4.5121835565567014 0.04 0.04 85 
-2.226323200861613 0.0009 0.0002 0.9999991303682327 1e-06 6e-06 0.9999920443693797 7e-06 4e-05 4.51219750881195 0.06 0.07 86 
-2.226447887420654 0.0002 7e-05 0.9999991150697073 8e-07 3e-06 0.9999972492456436 2e-06 7e-06 4.512130722999573 0.04 0.04 87 
-2.2264730072021486 0.0002 7e-05 0.9999991685152054 8e-07 2e-06 0.9999984250466029 1e-06 7e-06 4.512203782399496 0.05 0.04 88 
-2.2264695453643797 0.0003 7e-05 0.9999990550676982 9e-07 4e-06 0.9999983978271484 1e-06 6e-06 4.51213321685791 0.05 0.05 89 
-2.226330909729004 0.001 0.0002 0.9999993433554967 7e-07 3e-06 0.9999930838743846 6e-06 3e-05 4.512042190233866 0.05 0.05 90 
-2.226328182220459 0.0005 0.0002 0.9999992883205414 7e-07 3e-06 0.9999931482474009 6e-06 3e-05 4.512102394104004 0.05 0.05 91 
-2.2264711475372314 0.0003 8e-05 0.9999990538756053 9e-07 3e-06 0.9999983841180802 1e-06 1e-05 4.512266141573588 0.04 0.05 92 
-2.2264611180623373 0.0002 9e-05 0.9999990165233612 9e-07 3e-06 0.9999982835849126 2e-06 8e-06 4.512140574455262 0.04 0.04 93 
-2.2264679209391276 0.0002 7e-05 0.9999990350008011 9e-07 3e-06 0.9999983590841294 2e-06 1e-05 4.512196977933248 0.05 0.05 94 
-2.2264765803019206 0.0002 6e-05 0.9999991031487783 8e-07 2e-06 0.9999985476334889 1e-06 5e-06 4.512158478101094 0.04 0.04 95 
-2.2264006900787354 0.0006 0.0001 0.9999988832076391 1e-06 2e-06 0.9999961223204931 4e-06 1e-05 4.512202647527059 0.05 0.05 96 
-2.2264732710520425 0.0003 7e-05 0.9999991416931152 9e-07 2e-06 0.9999983352422714 1e-06 5e-06 4.512188216845194 0.05 0.05 97 
-2.2264448038736977 0.0003 9e-05 0.9999988977114359 9e-07 4e-06 0.9999978339672089 2e-06 5e-06 4.5122269439697265 0.05 0.04 98 
-2.2263236077626547 0.001 0.0002 0.9999991075197856 9e-07 4e-06 0.9999926451841991 7e-06 4e-05 4.512166376113892 0.05 0.05 99 
