-2.10918781598409 0.02 0.02 0.9993160442511241 0.0001 0.0001 0.9944227061669032 0.0009 0.001 4.418490669727325 0.8 0.8 0 
-2.217077852884928 0.005 0.004 0.9999229675531387 2e-05 3e-05 0.999803655942281 0.0001 0.0001 4.505543562571208 0.4 0.3 1 
-2.219590171178182 0.006 0.004 0.999912046790123 1e-05 1e-05 0.9997831147909164 0.0001 0.0002 4.512111690839132 0.3 0.3 2 
-2.2105593268076578 0.01 0.006 0.9996201717853546 0.0001 0.0001 0.9993208694458008 0.0006 0.001 4.513039881388346 0.3 0.3 4 
-2.2181488990783693 0.008 0.006 0.9999492472410202 1e-05 1e-05 0.9998317472139995 0.0001 0.0002 4.512599759101867 0.3 0.3 5 
-2.219986734390259 0.005 0.004 0.9999430723985037 7e-06 8e-06 0.9998230161269506 0.0001 0.0002 4.510894954999288 0.3 0.3 6 
-1.5437759399414062 0.7 0.2 0.9882335098584493 0.008 0.03 0.7880645873149236 0.1 0.4 5.045686167081197 6.0 2.0 8 
-1.5213486194610595 0.2 0.1 0.9883845313390096 0.006 0.008 0.8226850028832754 0.1 0.2 4.807519697348277 4.0 2.0 9 
-2.1371478684743246 0.009 0.008 0.9992934038241704 0.0002 0.0002 0.9952537161111832 0.0004 0.0005 4.450295434792836 0.8 0.8 11 
-2.219694045384725 0.006 0.005 0.9999470380942027 8e-06 7e-06 0.999866693019867 0.0001 0.0001 4.507867288589478 0.3 0.3 12 
-1.6206778558095296 0.2 0.07 0.9889719035228094 0.004 0.007 0.8939295768737793 0.05 0.1 4.535275887648265 3.0 1.0 13 
-2.1905096340179444 0.04 0.02 0.9998315187295278 3e-05 6e-05 0.9992101472616196 0.0003 0.0006 4.494600542386373 0.8 0.8 14 
-1.9747874291737875 0.1 0.04 0.9985581274827321 0.0004 0.0006 0.9920838691790899 0.002 0.005 4.392821865081787 2.0 2.0 15 
-1.4566524505615235 0.3 0.09 0.9840109326442082 0.008 0.02 0.9107261445124945 0.04 0.2 4.328445802529653 3.0 2.0 16 
-1.5234708658854166 0.1 0.1 0.9872172574202219 0.009 0.01 0.7707213437557221 0.1 0.2 5.0577382453282675 3.0 2.0 17 
-2.2165575726826985 0.01 0.008 0.9999413345257441 2e-05 3e-05 0.9997382134199142 0.0002 0.0004 4.508275106747945 0.4 0.4 18 
-1.5117058595021566 0.5 0.2 0.9875508671998978 0.01 0.01 0.7871550473570824 0.1 0.3 5.017037947972615 5.0 3.0 19 
-1.5566937096913656 0.6 0.2 0.9892816764116287 0.007 0.02 0.802933989961942 0.1 0.4 5.006738568941752 7.0 3.0 20 
-1.7236146863301596 0.06 0.04 0.9919122882684072 0.004 0.007 0.9622380065917969 0.01 0.03 4.294177320003509 2.0 1.0 21 
-1.5219619750976563 0.2 0.1 0.9883585103352864 0.006 0.008 0.8301790640751521 0.09 0.2 4.736042688687642 3.0 2.0 22 
-2.223974571228027 0.0004 0.0002 0.9999629390239716 1e-06 7e-07 0.9999568273623785 1e-05 4e-05 4.5124484046300255 0.1 0.1 23 
-2.2209050687154135 0.007 0.004 0.9999640115102132 8e-06 1e-05 0.9998488459984461 0.0001 0.0002 4.509805445671081 0.3 0.3 24 
-1.4967102241516113 1.0 0.2 0.9860057224829991 0.01 0.02 0.7580470754702886 0.2 0.3 5.2464178768793746 7.0 3.0 25 
-1.5049000946680704 0.5 0.2 0.983221777677536 0.01 0.04 0.7796273392438888 0.1 0.5 5.093499081134796 7.0 3.0 26 
-1.5191607856750489 0.1 0.1 0.9882842793067297 0.006 0.008 0.8106959265470505 0.1 0.2 4.845734691619873 3.0 2.0 28 
-2.218553558985392 0.009 0.006 0.9999646681547165 1e-05 2e-05 0.9998363834619522 0.0001 0.0003 4.509032543500265 0.3 0.3 29 
-1.5131944783528646 0.2 0.1 0.9878646896282832 0.007 0.008 0.7976849548021953 0.1 0.2 4.921770621140798 3.0 2.0 30 
-1.6596884473164877 0.2 0.07 0.9920066465934118 0.003 0.005 0.9330483502149582 0.04 0.07 4.402905946572622 2.0 2.0 31 
-1.518660405476888 0.1 0.09 0.9882488737503687 0.006 0.008 0.8084006937344869 0.1 0.2 4.852300235430399 3.0 2.0 32 
-1.5234128220876058 0.008 0.008 0.98830790301164 0.001 0.001 0.9316286959250768 0.007 0.007 4.249233327706655 1.0 1.0 33 
-1.5221454048156737 0.4 0.2 0.9879123735427856 0.009 0.02 0.818412013053894 0.1 0.3 4.862819588979085 4.0 3.0 34 
-1.4907342020670573 0.2 0.08 0.9848098472754161 0.007 0.01 0.6868931391835212 0.2 0.4 5.903446051279704 6.0 3.0 35 
-1.922970110575358 0.1 0.05 0.9973912998040517 0.0008 0.002 0.9753962075710296 0.004 0.008 4.235103333791097 0.8 0.7 36 
-1.5159770838419597 0.1 0.09 0.9881542195876439 0.006 0.007 0.8050225454568863 0.1 0.2 4.863706562519074 2.0 2.0 37 
-1.5548820877075196 1.0 0.2 0.9879004136721293 0.01 0.03 0.7675588779648145 0.2 0.5 5.2779389635721845 7.0 3.0 38 
-2.219415089289347 0.009 0.005 0.9999619577328364 1e-05 2e-05 0.9998434080680212 0.0001 0.0003 4.510407764116923 0.3 0.3 39 
-2.216215244928996 0.009 0.007 0.9998611352841059 2e-05 1e-05 0.9998103408018748 0.0002 0.0002 4.51873118241628 0.4 0.4 40 
-2.2184618663787843 0.002 0.002 0.99993616938591 9e-06 1e-05 0.9997511847813925 4e-05 8e-05 4.511581109364827 0.2 0.2 41 
-2.21710431098938 0.008 0.006 0.9999442525704701 1e-05 1e-05 0.9998173532883327 0.0002 0.0002 4.506637674967448 0.4 0.4 42 
-2.1901840591430664 0.07 0.02 0.9998145522673925 6e-05 0.0002 0.9980589870611827 0.001 0.003 4.461782390276591 0.6 0.7 43 
-2.2001730155944825 0.02 0.02 0.9997324015696843 4e-05 5e-05 0.9990570751825968 0.0003 0.0005 4.468463704586029 0.6 0.6 44 
-2.214476321538289 0.0002 0.0002 0.9998662265141806 3e-06 3e-06 0.9999199271202087 8e-06 8e-06 4.510377300580343 0.1 0.1 45 
-2.21943915049235 0.01 0.006 0.9999481419722239 1e-05 2e-05 0.9998255030314127 0.0001 0.0003 4.513401126861572 0.3 0.3 46 
-1.5382465744018554 0.7 0.2 0.9784820129474004 0.02 0.08 0.7515316083033879 0.2 0.4 5.252858129342397 6.0 3.0 47 
-2.218583091100057 0.006 0.005 0.9998879023392995 1e-05 1e-05 0.9998220336437226 0.0001 0.0002 4.5128197685877485 0.3 0.3 48 
-1.6907869752248128 0.7 0.1 0.9899783698717753 0.003 0.008 0.920421318213145 0.03 0.2 4.429381201267242 3.0 2.0 49 
-2.195294230779012 0.02 0.02 0.9983670570453008 0.0002 0.0002 0.9992839260896047 0.0003 0.0006 4.587443290551503 0.7 0.6 50 
-1.4784149805704752 0.7 0.2 0.9807898843288422 0.02 0.06 0.6095388260980447 0.2 0.4 6.56314599831899 8.0 3.0 51 
-2.2173776626586914 0.02 0.007 0.999957702755928 2e-05 4e-05 0.9997721225023269 0.0002 0.0005 4.509790905316671 0.4 0.4 52 
-1.5542756621042888 0.6 0.2 0.9880596919854482 0.007 0.02 0.8187037350734075 0.1 0.6 5.012155814965566 7.0 3.0 53 
-1.5193075084686278 0.6 0.2 0.9875776114066442 0.01 0.03 0.8140047347545624 0.1 0.3 4.9040216644605 6.0 2.0 54 
-1.7448153114318847 0.02 0.02 0.9939077734947205 0.003 0.005 0.966908398270607 0.01 0.02 4.314844869772593 2.0 1.0 55 
-1.5043071460723878 0.6 0.2 0.9855115689833959 0.01 0.03 0.7786281549930573 0.1 0.4 5.145347435474395 7.0 3.0 56 
-2.221432631810506 0.004 0.003 0.9999605494737626 6e-06 5e-06 0.9998942132790883 9e-05 0.0001 4.511389598846436 0.3 0.3 57 
-1.5193942070007325 0.2 0.1 0.9883312211434047 0.006 0.008 0.820058918595314 0.1 0.2 4.813177479902904 4.0 2.0 58 
-1.7477440802256266 0.01 0.02 0.9944837146997452 0.003 0.005 0.9640920017162958 0.02 0.02 4.341132996877034 2.0 2.0 59 
-1.7567866643269856 0.07 0.06 0.9944766996304194 0.002 0.003 0.9737790588537852 0.01 0.02 4.300504299799601 2.0 2.0 61 
-1.7510081768035888 0.01 0.02 0.993407210111618 0.003 0.005 0.9668260029951732 0.01 0.02 4.325356938838959 2.0 2.0 62 
-2.220320021311442 0.006 0.004 0.9999536595741908 6e-06 7e-06 0.9998676073551178 0.0001 0.0002 4.509993268648784 0.3 0.3 63 
-2.2177323404947917 0.007 0.005 0.9998221729199092 1e-05 7e-06 0.9998102430502573 0.0001 0.0002 4.520022772153219 0.3 0.3 64 
-2.2185035355885825 0.008 0.006 0.9999558403094609 1e-05 2e-05 0.9998335226376851 0.0001 0.0002 4.5090747102101645 0.3 0.3 65 
-1.548039903640747 0.8 0.2 0.9889996121327083 0.007 0.02 0.827366803685824 0.1 0.6 4.866562110582987 7.0 2.0 66 
-2.218561824162801 0.009 0.006 0.9999497952063878 8e-06 1e-05 0.9998232823610306 0.0002 0.0002 4.51124906539917 0.4 0.4 67 
-1.508152265548706 0.8 0.2 0.9858360370000203 0.01 0.03 0.6530149814486503 0.3 0.4 6.3414005295435585 9.0 3.0 68 
-2.2184486039479574 0.01 0.006 0.9999226901928584 1e-05 2e-05 0.9998113216956457 0.0002 0.0004 4.51264165242513 0.4 0.4 69 
-2.1782807318369546 0.03 0.02 0.9998338429133097 5e-05 0.0001 0.9992987767855326 0.0002 0.0002 4.485744755268097 0.7 0.9 70 
-1.5160983244578043 0.2 0.1 0.9882221494118373 0.007 0.008 0.7934091526269913 0.1 0.2 4.951049821376801 3.0 2.0 71 
-2.217366991043091 0.01 0.007 0.999959726134936 7e-06 1e-05 0.9997666114568711 0.0002 0.0003 4.510127981503804 0.4 0.4 72 
-1.549520648320516 0.6 0.2 0.989459521373113 0.007 0.01 0.8554615173737208 0.1 0.4 4.667713259855907 7.0 2.0 73 
-2.2044759718577067 0.0001 0.0002 0.9999034063021341 1e-05 1e-05 0.9988070656855901 6e-05 6e-05 4.512597889900207 0.2 0.2 75 
-1.4949491182963053 0.8 0.2 0.986479948759079 0.01 0.02 0.7473733824491501 0.2 0.4 5.345669771830241 6.0 3.0 76 
-2.218574234644572 0.01 0.006 0.9999526717265447 1e-05 2e-05 0.9998321914672852 0.0002 0.0003 4.509975503285726 0.3 0.4 77 
-1.9697964032491049 0.2 0.05 0.9986050397157669 0.0004 0.0005 0.9910371067126592 0.003 0.009 4.4092067122459415 3.0 2.0 78 
-1.510512450536092 0.4 0.2 0.98603799700737 0.01 0.02 0.7084595694144566 0.2 0.5 5.667163825829824 7.0 3.0 79 
-1.8153152147928873 0.4 0.08 0.9952223875125249 0.003 0.005 0.9760197265942891 0.02 0.1 4.339685396353404 5.0 2.0 80 
-1.4463792832692464 1.0 0.3 0.9854596743981043 0.01 0.02 0.8129852895935377 0.1 0.4 4.997833920319875 6.0 3.0 81 
-2.216070880889893 0.01 0.007 0.9998370206356049 2e-05 2e-05 0.999797620177269 0.0002 0.0003 4.515106676419576 0.4 0.4 82 
-2.188883988062541 0.02 0.01 0.9998324966430664 5e-05 0.0001 0.9995430860916773 0.0002 0.0002 4.488779164155324 0.6 0.8 83 
-1.5446491273244223 1.0 0.2 0.9883214861154557 0.009 0.03 0.7997019085288047 0.1 0.5 5.132426870663961 8.0 3.0 84 
-2.218577054341634 0.008 0.006 0.9999537521600723 7e-06 9e-06 0.999839182694753 0.0001 0.0002 4.512101715405782 0.3 0.3 85 
-1.5195692761739095 0.2 0.1 0.9883276071151098 0.006 0.008 0.8193189281225205 0.1 0.2 4.814122452735901 4.0 2.0 86 
-1.5121785704294841 0.2 0.1 0.9875369435548782 0.008 0.01 0.7652678098281225 0.1 0.2 5.1371929971377055 3.0 3.0 87 
-1.463297684987386 1.0 0.3 0.979939703543981 0.02 0.05 0.7662953170140584 0.2 0.5 5.240589095751445 5.0 2.0 88 
-1.747404120763143 0.1 0.09 0.9943895949920019 0.003 0.004 0.9665536975860596 0.02 0.02 4.285969927310943 0.9 1.0 89 
-2.218232526779175 0.008 0.005 0.9999533055226008 1e-05 1e-05 0.9998399492104848 0.0001 0.0002 4.507696781158447 0.3 0.3 90 
-1.6340078608194988 0.03 0.02 0.991215424935023 0.003 0.003 0.9609302951892217 0.01 0.01 4.184844432671865 1.0 1.0 91 
-2.1373771985371905 0.03 0.02 0.9993623415629069 4e-05 4e-05 0.9951985335350036 0.0008 0.001 4.50700137535731 0.7 0.7 92 
-1.5250014750162761 0.3 0.1 0.9884929611285528 0.007 0.01 0.8288872923453648 0.09 0.3 4.7757764911651615 5.0 2.0 93 
-2.217486483256022 0.01 0.006 0.9999495263894399 1e-05 2e-05 0.9998004557689031 0.0002 0.0003 4.510082176526388 0.4 0.4 94 
-1.5717140579223632 0.5 0.2 0.9863959354162216 0.01 0.04 0.7550699534018834 0.2 0.5 5.256273989677429 6.0 3.0 96 
-2.224823007583618 0.0006 0.0005 0.9999653307596842 3e-06 4e-06 0.999975689649582 7e-06 9e-06 4.512693708737691 0.08 0.08 97 
-2.216008634567261 0.009 0.007 0.9999351223309835 7e-06 8e-06 0.9998059248924256 0.0002 0.0002 4.509455671310425 0.4 0.4 98 
-2.0440097109476727 0.03 0.03 0.9992291740576427 0.0002 0.0002 0.9857776310046514 0.002 0.002 4.406436431407928 0.8 0.8 99 
