-2.224108689626058 0.004 0.001 0.9999916076660156 4e-06 9e-06 0.9999857121706008 1e-05 0.0001 4.510852559407552 0.2 0.2 0 
-2.2241812388102216 0.007 0.002 0.9999924538532893 7e-06 2e-05 0.9999858576059342 1e-05 9e-05 4.510909064610799 0.2 0.2 1 
-2.224451157251994 0.007 0.002 0.9999910289049149 8e-06 3e-05 0.9999869684378306 1e-05 5e-05 4.511115654309591 0.2 0.2 2 
-2.2240889581044514 0.003 0.002 0.9999922547737757 6e-06 1e-05 0.9999850896994272 1e-05 9e-05 4.510502595901489 0.2 0.2 3 
-2.224190845489502 0.004 0.001 0.9999924985567729 4e-06 8e-06 0.9999859710534413 1e-05 0.0001 4.511024298667908 0.2 0.2 4 
-2.2241194661458334 0.008 0.002 0.9999917115767797 7e-06 5e-05 0.9999863648414612 1e-05 9e-05 4.510737387339274 0.2 0.2 5 
-2.22412792523702 0.007 0.002 0.9999919706583023 7e-06 2e-05 0.9999852528174719 1e-05 0.0001 4.510938935279846 0.2 0.2 6 
-2.2239891338348388 0.006 0.002 0.9999910984436671 8e-06 2e-05 0.9999842983484268 1e-05 7e-05 4.511239210764567 0.2 0.2 7 
-2.214730485280355 0.0009 0.0007 0.9999685134490331 8e-06 1e-05 0.9999506241083145 2e-05 2e-05 4.505365904172262 0.08 0.08 8 
-2.2147547022501626 0.001 0.0007 0.9999690198898316 8e-06 1e-05 0.9999501504500707 2e-05 2e-05 4.505393052101136 0.08 0.08 9 
-2.2241206487019856 0.004 0.002 0.9999915808439255 6e-06 2e-05 0.999984970887502 1e-05 8e-05 4.510835879643758 0.2 0.2 10 
-2.2146651713053385 0.0007 0.0005 0.999968732992808 7e-06 1e-05 0.9999475266536076 2e-05 2e-05 4.505284957885742 0.08 0.08 11 
-2.2147182273864745 0.001 0.0007 0.9999689062436422 8e-06 2e-05 0.9999517480532328 1e-05 2e-05 4.505297780036926 0.08 0.08 12 
-2.2245030625661215 0.008 0.002 0.9999801993370057 8e-06 3e-05 0.999987043539683 1e-05 6e-05 4.5114285818735755 0.2 0.2 13 
-2.2240896860758466 0.004 0.002 0.9999803447723389 6e-06 9e-06 0.9999853318929672 1e-05 9e-05 4.510935376485189 0.2 0.2 14 
-2.2147599347432454 0.0008 0.0006 0.9999693397680919 8e-06 2e-05 0.9999514583746593 2e-05 2e-05 4.505321407318116 0.08 0.08 15 
-2.2241174761454263 0.008 0.002 0.9999916650851568 8e-06 2e-05 0.9999851363897324 1e-05 8e-05 4.511020251909891 0.2 0.2 16 
-2.2241392103830973 0.01 0.002 0.9999801017840704 8e-06 5e-05 0.9999860298633575 1e-05 0.0001 4.5112934525807695 0.2 0.2 17 
-2.2241612180074055 0.01 0.002 0.9999914971987406 8e-06 5e-05 0.9999861943721772 1e-05 6e-05 4.511052773793538 0.2 0.2 18 
-2.2241642824808756 0.01 0.002 0.9999925410747528 7e-06 4e-05 0.9999854962031046 1e-05 7e-05 4.511372338930766 0.2 0.2 19 
-2.2244845136006672 0.005 0.002 0.9999911977847418 7e-06 3e-05 0.9999873413642247 1e-05 8e-05 4.511319031715393 0.2 0.2 20 
-2.2242019176483154 0.003 0.001 0.9999926716089249 4e-06 7e-06 0.9999867552518844 1e-05 8e-05 4.510862051645915 0.2 0.2 21 
-2.224197645187378 0.009 0.002 0.9999916315078735 7e-06 4e-05 0.9999863260984421 1e-05 8e-05 4.510860381126403 0.2 0.2 22 
-2.224460096359253 0.006 0.002 0.9999798206488292 8e-06 2e-05 0.9999874615669251 1e-05 9e-05 4.5111553033192955 0.2 0.2 23 
-2.224238182703654 0.004 0.001 0.9999930371840795 4e-06 8e-06 0.9999863930543264 1e-05 0.0001 4.511028226216634 0.2 0.2 24 
-2.224153378804525 0.008 0.002 0.9999804002046585 7e-06 4e-05 0.999986372590065 1e-05 9e-05 4.510978945096334 0.2 0.2 25 
-2.214773489634196 0.0008 0.0006 0.9999688712755839 8e-06 2e-05 0.9999513985713323 2e-05 2e-05 4.505316597620646 0.08 0.08 26 
-2.214677079518636 0.0007 0.0006 0.9999683131774266 7e-06 1e-05 0.9999494989713033 2e-05 2e-05 4.505273189544678 0.08 0.08 27 
-2.2241650390625 0.008 0.002 0.999991624156634 7e-06 4e-05 0.9999863541126252 1e-05 0.0001 4.511169093449911 0.2 0.2 28 
-2.2241496658325195 0.008 0.002 0.999992079337438 7e-06 4e-05 0.9999858019749324 1e-05 7e-05 4.511187683741252 0.2 0.2 29 
-2.2240667057037355 0.007 0.002 0.9999906945228577 8e-06 2e-05 0.9999817762772242 1e-05 9e-05 4.511138367652893 0.2 0.2 30 
-2.2241594696044924 0.01 0.002 0.9999912462631861 8e-06 4e-05 0.9999863630533219 1e-05 0.0001 4.5111072619756065 0.2 0.2 31 
-2.2241898918151857 0.008 0.002 0.9999803229173024 8e-06 3e-05 0.9999856229623159 1e-05 8e-05 4.510783918698629 0.2 0.2 32 
-2.2242077191670737 0.004 0.002 0.9999809658527374 5e-06 2e-05 0.9999868599573771 1e-05 6e-05 4.510835658709208 0.2 0.2 33 
-2.2241536299387614 0.005 0.002 0.9999920334418615 6e-06 2e-05 0.9999854932228724 1e-05 0.0001 4.510980134010315 0.2 0.2 34 
-2.2240674622853596 0.008 0.002 0.9999920384089152 7e-06 3e-05 0.9999816022316614 1e-05 8e-05 4.510631294250488 0.2 0.2 35 
-2.2147003046671547 0.001 0.0007 0.9999684780836106 8e-06 2e-05 0.9999509630600611 2e-05 2e-05 4.505297079086303 0.09 0.08 36 
-2.224071191151937 0.007 0.002 0.999990865389506 8e-06 2e-05 0.9999855522314708 1e-05 9e-05 4.511223419507345 0.2 0.2 37 
-2.2241876061757404 0.007 0.002 0.9999810496966044 7e-06 3e-05 0.9999862587451935 1e-05 6e-05 4.511201847394307 0.2 0.2 38 
-2.2241571807861327 0.007 0.002 0.9999912790457408 8e-06 4e-05 0.99998552997907 1e-05 7e-05 4.511153942743937 0.2 0.2 39 
-2.224330507914225 0.01 0.002 0.9999798226356507 8e-06 4e-05 0.9999812583128611 1e-05 7e-05 4.510467801094055 0.2 0.2 40 
-2.2241040452321372 0.007 0.002 0.9999921846389771 7e-06 3e-05 0.9999851936101913 1e-05 9e-05 4.510907444953919 0.2 0.2 41 
-2.2240169684092206 0.009 0.002 0.9999906537930171 8e-06 3e-05 0.9999844799439113 1e-05 7e-05 4.510903894106547 0.2 0.2 42 
-2.2240678151448567 0.006 0.002 0.9999910205602646 8e-06 2e-05 0.9999844048420589 1e-05 6e-05 4.510746499697367 0.2 0.2 43 
-2.2242033195495607 0.005 0.002 0.9999914155403773 7e-06 3e-05 0.9999853761990866 1e-05 7e-05 4.511367301940918 0.2 0.2 44 
-2.224075231552124 0.004 0.002 0.9999804588158926 5e-06 1e-05 0.9999854177236557 1e-05 7e-05 4.510843427975972 0.2 0.2 45 
-2.2240716075897216 0.004 0.002 0.999991662700971 6e-06 3e-05 0.9999844717979431 1e-05 0.0001 4.5113716236750285 0.2 0.2 46 
-2.224136110941569 0.007 0.001 0.9999914332230886 6e-06 3e-05 0.9999860733747482 1e-05 9e-05 4.511077651977539 0.2 0.2 47 
-2.224166679382324 0.005 0.002 0.9999803767601649 6e-06 3e-05 0.9999866495529811 1e-05 8e-05 4.5112430334091185 0.2 0.2 48 
-2.224162705739339 0.008 0.002 0.9999922170241674 7e-06 3e-05 0.9999855426947276 1e-05 8e-05 4.51132086912791 0.2 0.2 49 
-2.224067589441935 0.007 0.002 0.9999918603897094 7e-06 2e-05 0.9999820057551067 1e-05 8e-05 4.511079130172729 0.2 0.2 50 
-2.2241681003570557 0.007 0.002 0.9999916897217432 7e-06 3e-05 0.9999857683976491 1e-05 9e-05 4.511244109471639 0.2 0.2 51 
-2.224043426513672 0.008 0.002 0.99997953414917 8e-06 3e-05 0.9999852085113525 1e-05 8e-05 4.510669016838074 0.2 0.2 52 
-2.2244791316986086 0.01 0.002 0.9999912393093109 9e-06 4e-05 0.9999880943695704 1e-05 5e-05 4.511337154706319 0.2 0.2 53 
-2.2244062519073484 0.009 0.002 0.9999796785910924 8e-06 3e-05 0.9999857077995936 1e-05 7e-05 4.510766150156657 0.2 0.2 54 
-2.2241286786397296 0.005 0.002 0.9999913839499156 7e-06 3e-05 0.9999859503904979 1e-05 9e-05 4.5109565718968705 0.2 0.2 55 
-2.2241527303059896 0.007 0.002 0.9999913241465886 7e-06 3e-05 0.9999858077367146 1e-05 8e-05 4.51082141717275 0.2 0.2 56 
-2.224144999186198 0.008 0.002 0.9999795152743658 8e-06 3e-05 0.9999870594342549 1e-05 7e-05 4.511251942316691 0.2 0.2 57 
-2.2241801293691 0.006 0.002 0.9999918993314107 7e-06 3e-05 0.9999859821796417 1e-05 8e-05 4.510959404309591 0.2 0.2 58 
-2.224113041559855 0.004 0.002 0.9999808291594188 6e-06 4e-06 0.9999851322174073 1e-05 0.0001 4.510945286750793 0.2 0.2 59 
-2.2147538725535076 0.001 0.0007 0.9999691438674927 8e-06 1e-05 0.9999510069688161 2e-05 2e-05 4.5052654759089155 0.08 0.08 60 
-2.2241094303131104 0.007 0.002 0.9999912246068319 8e-06 2e-05 0.9999851284424464 1e-05 8e-05 4.511114549636841 0.2 0.2 61 
-2.22420316696167 0.004 0.001 0.9999927123387654 4e-06 1e-05 0.9999862013260523 1e-05 0.0001 4.510938453674316 0.2 0.2 62 
-2.21473796526591 0.001 0.0007 0.999969221552213 8e-06 2e-05 0.999950928290685 2e-05 2e-05 4.505374377568563 0.08 0.08 63 
-2.214733606974284 0.0009 0.0006 0.999969165523847 8e-06 1e-05 0.9999497177203497 2e-05 2e-05 4.505305363337199 0.08 0.08 64 
-2.2241254965464274 0.006 0.002 0.9999801576137543 7e-06 3e-05 0.999985501964887 1e-05 8e-05 4.51116963704427 0.2 0.2 65 
-2.224149398803711 0.01 0.002 0.9999921770890554 7e-06 4e-05 0.9999854558706284 1e-05 8e-05 4.510981208483378 0.2 0.2 66 
-2.224197114308675 0.006 0.002 0.9999915786584218 7e-06 3e-05 0.9999867381652197 1e-05 7e-05 4.510832788149516 0.2 0.2 67 
-2.224199848175049 0.01 0.002 0.99999158958594 8e-06 6e-05 0.9999863680203755 1e-05 8e-05 4.511244761149088 0.2 0.2 68 
-2.2240248171488446 0.007 0.002 0.9999801721175512 7e-06 3e-05 0.9999849591652552 1e-05 0.0001 4.510778412818909 0.2 0.2 69 
-2.1060238742828368 0.003 0.002 0.9996180238326391 6e-05 9e-05 0.9939889675378799 0.0003 0.0004 4.435432691574096 0.1 0.1 70 
-2.2146318435668944 0.0007 0.0005 0.9999689735968907 7e-06 1e-05 0.9999476879835129 1e-05 2e-05 4.505122103691101 0.07 0.07 71 
-2.224169178009033 0.003 0.001 0.9999925082921982 4e-06 7e-06 0.9999863237142563 1e-05 8e-05 4.5110155328114825 0.2 0.2 72 
-2.2241107018788657 0.01 0.002 0.9999801522493362 8e-06 5e-05 0.9999854771296183 1e-05 9e-05 4.511093017260234 0.2 0.2 73 
-2.224150994618734 0.005 0.002 0.9999917733669281 7e-06 3e-05 0.9999867902199427 1e-05 8e-05 4.5108928918838505 0.2 0.2 74 
-2.224213205973307 0.006 0.002 0.9999922809998194 7e-06 3e-05 0.9999862545728684 1e-05 8e-05 4.510757648150126 0.2 0.2 75 
-2.224184160232544 0.005 0.002 0.999992442925771 6e-06 4e-05 0.9999861268202463 1e-05 8e-05 4.510844057401021 0.2 0.2 76 
-2.224275935490926 0.003 0.0009 0.9999930210908254 4e-06 7e-06 0.9999870584408442 1e-05 6e-05 4.511304931640625 0.2 0.2 77 
-2.2241006501515708 0.007 0.002 0.9999797101815542 8e-06 3e-05 0.9999855333566665 1e-05 0.0001 4.510795364379883 0.2 0.2 78 
-2.224105005264282 0.003 0.002 0.9999801774819692 6e-06 2e-05 0.9999857314427694 1e-05 0.0001 4.511003700892131 0.2 0.2 79 
-2.2240592288970946 0.007 0.002 0.9999913527568182 8e-06 2e-05 0.9999817126989364 1e-05 7e-05 4.510748745600383 0.2 0.2 80 
-2.2240433502197265 0.007 0.002 0.999990986386935 8e-06 2e-05 0.9999841181437175 1e-05 7e-05 4.510897800127665 0.2 0.2 81 
-2.2242104784647623 0.009 0.002 0.9999924339850743 7e-06 7e-05 0.999986148873965 1e-05 8e-05 4.510638887087504 0.2 0.2 82 
-2.224134413401286 0.007 0.002 0.9999920968214671 7e-06 3e-05 0.9999853690465291 1e-05 0.0001 4.511020029385884 0.2 0.2 83 
-2.2241448656717937 0.008 0.002 0.9999909669160842 8e-06 2e-05 0.9999864695469538 1e-05 7e-05 4.511028850873311 0.2 0.2 84 
-2.2241247844696046 0.005 0.002 0.9999919770161311 6e-06 3e-05 0.9999854880571365 1e-05 9e-05 4.5109412399927775 0.2 0.2 85 
-2.2241584332784017 0.005 0.002 0.9999918913841248 5e-06 8e-06 0.9999855681260427 1e-05 0.0001 4.510920193990072 0.2 0.2 86 
-2.22418049176534 0.007 0.002 0.9999916911125183 7e-06 2e-05 0.9999862702687582 1e-05 9e-05 4.511101574897766 0.2 0.2 87 
-2.223997001647949 0.006 0.002 0.9999906073013941 8e-06 3e-05 0.999984406431516 1e-05 0.0001 4.510728354454041 0.2 0.2 88 
-2.2244724305470784 0.006 0.002 0.9999801389376323 8e-06 3e-05 0.9999865525960923 1e-05 6e-05 4.511307911872864 0.2 0.2 89 
-2.2241670004526775 0.005 0.002 0.9999918079376221 7e-06 3e-05 0.9999865897496542 1e-05 7e-05 4.5108371925354005 0.2 0.2 90 
-2.2241341050465904 0.007 0.002 0.9999920709927876 7e-06 3e-05 0.9999860390027364 1e-05 9e-05 4.511076717376709 0.2 0.2 91 
-2.224111245473226 0.006 0.002 0.9999912293752035 7e-06 2e-05 0.999985501964887 1e-05 8e-05 4.510854055086772 0.2 0.2 92 
-2.22406151453654 0.008 0.002 0.9999911204973857 7e-06 2e-05 0.9999813141425451 1e-05 0.0001 4.510862669944763 0.2 0.2 93 
-2.2244819800059 0.007 0.002 0.9999913390477498 8e-06 3e-05 0.9999867123365402 1e-05 6e-05 4.511410179138184 0.2 0.2 94 
-2.2244446659088135 0.006 0.002 0.999980070789655 8e-06 3e-05 0.9999869990348816 1e-05 8e-05 4.511016712188721 0.2 0.2 95 
-2.224047123591105 0.006 0.002 0.9999802199999491 8e-06 2e-05 0.9999847358465195 1e-05 7e-05 4.510823108355204 0.2 0.2 96 
-2.2157589371999107 0.005 0.001 0.9999754373232523 9e-06 2e-05 0.9999655244747797 3e-05 0.0002 4.506433087984721 0.2 0.2 97 
-2.2241067345937093 0.006 0.002 0.9999912937482198 7e-06 2e-05 0.9999852806329728 1e-05 7e-05 4.5111526123682655 0.2 0.2 98 
-2.224135335286458 0.005 0.002 0.9999806354443233 6e-06 3e-05 0.9999856744209925 1e-05 8e-05 4.510843156178792 0.2 0.2 99 
