-2.224681009565081 0.0007 0.0007 0.9999912029930523 7e-06 8e-06 0.9999717627252851 2e-05 2e-05 4.511042158944266 0.08 0.08 17 
-2.224603172710964 0.0008 0.0007 0.9999882538403784 1e-05 1e-05 0.9999734637992722 2e-05 2e-05 4.510984448024205 0.08 0.08 41 
-2.2246655668531146 0.0006 0.0006 0.9999891063996724 8e-06 9e-06 0.9999720045498439 2e-05 2e-05 4.510787808895111 0.08 0.07 38 
-2.224857793535505 0.001 0.0009 0.9999903725726264 8e-06 9e-06 0.9999870055488178 6e-06 6e-06 4.511153442519052 0.08 0.07 36 
-2.22455073424748 0.0007 0.0007 0.9999878779053688 1e-05 1e-05 0.9999724483915737 2e-05 2e-05 4.51097320829119 0.08 0.08 13 
-2.225293047087533 0.0004 0.0004 0.9999909658517157 6e-06 5e-06 0.999983700471265 8e-06 1e-05 4.511868871961322 0.07 0.07 35 
-2.2235537324632917 0.002 0.002 0.9999614277056286 7e-06 4e-06 0.9998669509376799 0.0001 0.0001 4.5178128412791665 0.1 0.1 30 
-2.223528289794922 0.0006 0.0005 0.9999834384237017 1e-05 1e-05 0.9999242878385952 5e-05 6e-05 4.512338657038552 0.1 0.1 25 
-2.224650304658072 0.0005 0.0005 0.9999893324715751 8e-06 9e-06 0.9999700226954051 2e-05 2e-05 4.511096235683986 0.08 0.08 31 
-2.2240635429109847 0.001 0.001 0.9999822173799787 1e-05 1e-05 0.9999680044395584 2e-05 2e-05 4.510788600785392 0.1 0.1 33 
-2.2249168395996093 0.0006 0.0005 0.9999901611890112 8e-06 9e-06 0.9999814174004964 1e-05 1e-05 4.511575073855264 0.08 0.08 8 
-2.2243708542415073 0.0007 0.0006 0.999986342234271 8e-06 9e-06 0.9999671970094953 2e-05 2e-05 4.510588201454707 0.09 0.08 32 
-2.224216049058097 0.0008 0.0008 0.9999853372573853 1e-05 1e-05 0.9999695028577532 2e-05 2e-05 4.510911468097142 0.1 0.1 6 
-2.2244855540139334 0.0006 0.0006 0.9999852925539017 9e-06 9e-06 0.999968184530735 2e-05 2e-05 4.5104983534131735 0.09 0.09 39 
-2.224230831010001 0.001 0.001 0.9999827063509397 1e-05 1e-05 0.9999765134283475 1e-05 2e-05 4.511127977711814 0.1 0.1 14 
-2.2244998965944562 0.0007 0.0007 0.999987972847053 9e-06 9e-06 0.9999733286244529 2e-05 2e-05 4.511187815666199 0.08 0.07 18 
-2.2246471779687065 0.0007 0.0006 0.9999899983406066 8e-06 1e-05 0.9999716115849359 2e-05 2e-05 4.511242049080985 0.08 0.08 3 
-2.2243288448878697 0.0007 0.0007 0.9999865280730383 9e-06 1e-05 0.99996968294893 2e-05 2e-05 4.510815124852317 0.1 0.09 43 
-2.2241643054144724 0.0005 0.0006 0.9999868365270751 8e-06 8e-06 0.9999635115265846 3e-05 3e-05 4.5107804298400875 0.1 0.1 20 
-2.224207179886954 0.0006 0.0006 0.9999855199030467 8e-06 7e-06 0.9999618121555873 3e-05 3e-05 4.510532178197589 0.1 0.09 15 
