-2.2259720166524253 4e-05 3e-05 0.9999906039237976 1e-06 1e-06 0.999997360110283 3e-07 2e-07 4.512480454444885 0.08 0.08 0 
-2.2261197725931803 0.0004 0.0001 0.9999863857030868 2e-06 2e-06 0.9999974288543065 3e-07 5e-07 4.512713034947713 0.07 0.07 1 
-2.2260829830169677 0.0003 0.0001 0.9999898018439611 1e-06 1e-06 0.9999965087572733 3e-07 4e-07 4.51252471446991 0.07 0.07 2 
-2.2260504309336344 5e-05 6e-05 0.9999888793627421 1e-06 1e-06 0.9999978417158126 6e-07 5e-07 4.512544147173563 0.08 0.08 3 
-2.2261245155334475 0.0001 8e-05 0.9999904072284699 7e-07 7e-07 0.9999979784091314 2e-07 3e-07 4.512425262133281 0.06 0.06 4 
-2.2242800680796306 0.002 0.0009 0.9999806302785873 7e-06 1e-05 0.9999787308772405 2e-05 0.0001 4.511836609840393 0.1 0.1 5 
-2.2254306729634603 0.0008 0.0005 0.9999858860174815 7e-06 1e-05 0.9999663575490316 2e-05 6e-05 4.511958581606547 0.1 0.1 6 
-2.2260100841522217 4e-05 4e-05 0.9999844356377919 2e-06 2e-06 0.999997030099233 4e-07 4e-07 4.512807609240214 0.08 0.08 7 
-2.2225051561991376 0.002 0.001 0.9999701344966888 1e-05 2e-05 0.9999558198451995 4e-05 0.0002 4.510739417076111 0.1 0.1 8 
-2.226284564336141 0.001 0.0002 0.9999955234924952 1e-06 2e-06 0.9999983942508698 4e-07 2e-06 4.512327898343404 0.05 0.05 9 
-2.224541845321655 0.003 0.001 0.9999834356705347 1e-05 3e-05 0.9999828535318375 1e-05 3e-05 4.511675408681234 0.1 0.1 10 
-2.2244722143809 0.002 0.001 0.9999812833468119 7e-06 2e-05 0.9999828243255615 2e-05 0.0001 4.511884797414144 0.1 0.1 12 
-2.226083199183146 0.0002 0.0002 0.9999865144491196 7e-06 1e-05 0.9999973018964131 2e-06 3e-06 4.512337574958801 0.08 0.08 13 
-2.22619145711263 0.0003 0.0002 0.9999924884239833 4e-06 7e-06 0.9999977505207062 2e-06 4e-06 4.5122850863138835 0.07 0.07 15 
-2.226128667195638 0.002 0.0002 0.9999929976463318 2e-06 2e-06 0.9999974538882573 6e-07 2e-06 4.512398273150126 0.07 0.07 16 
-2.2261429500579832 3e-05 4e-05 0.9999860062201817 2e-06 2e-06 0.9999969766537349 8e-07 7e-07 4.5125371328989665 0.06 0.06 17 
-2.226107816696167 0.0002 0.0001 0.9999863507350286 6e-06 8e-06 0.9999974705775578 2e-06 2e-06 4.512399145762125 0.08 0.08 18 
-2.226156005859375 4e-05 4e-05 0.9999915730953216 5e-07 5e-07 0.9999980203310649 3e-07 3e-07 4.5124258677164715 0.06 0.06 19 
-2.224421364466349 0.003 0.001 0.9999818176031112 1e-05 2e-05 0.9999793086449306 2e-05 3e-05 4.511826635996501 0.1 0.1 20 
-2.222787380218506 0.9 0.004 0.9999763838450114 2e-05 0.0002 0.9999912669261296 9e-06 3e-05 4.512060138384501 0.07 0.1 21 
-2.226108071009318 0.0004 0.0003 0.9999935082594553 4e-06 8e-06 0.9999973501761754 2e-06 5e-06 4.512320680618286 0.08 0.08 22 
-2.226208079655965 3e-05 3e-05 0.9999921238422393 7e-07 1e-06 0.9999982527891795 3e-07 4e-07 4.5125094985961915 0.06 0.06 23 
-2.2262758858998617 3e-05 3e-05 0.9999924300114313 4e-07 4e-07 0.9999980944395065 3e-07 3e-07 4.5124154504140215 0.04 0.04 24 
-2.2260501098632814 0.0003 0.0003 0.9999886999527613 8e-06 1e-05 0.9999968169132868 3e-06 4e-06 4.512386849721273 0.09 0.09 25 
-2.2261156749725344 0.0001 0.0001 0.9999876244862874 4e-06 5e-06 0.9999974316358566 2e-06 2e-06 4.512420164744059 0.07 0.07 26 
-2.2260137144724528 7e-05 7e-05 0.9999924743175507 1e-06 1e-06 0.9999975162744522 3e-07 4e-07 4.512382853825887 0.07 0.07 28 
-2.2253487428029377 0.001 0.0005 0.9999919422467549 4e-06 8e-06 0.9999893804391226 9e-06 2e-05 4.511964995066325 0.08 0.08 29 
-2.2247745672861736 0.0008 0.0004 0.9999859986702601 4e-06 9e-06 0.9999911961952845 7e-06 2e-05 4.512111593882243 0.1 0.1 31 
-2.2261822827657065 0.0001 0.0002 0.9999905323982239 4e-06 6e-06 0.9999973758061727 2e-06 2e-06 4.512342182795207 0.07 0.07 32 
-2.226191412607829 0.0002 0.0002 0.9999958769480387 1e-06 2e-06 0.9999977815151214 2e-06 3e-06 4.512269455591838 0.06 0.06 33 
-2.225752455393473 0.0002 0.0001 0.9999792069196701 4e-06 4e-06 0.9999971846739452 6e-07 4e-07 4.5128329149882 0.1 0.1 34 
-2.2261607774098713 3e-05 4e-05 0.9999881625175476 1e-06 1e-06 0.9999971703688304 8e-07 8e-07 4.512397321065267 0.06 0.06 35 
-2.226131318410238 4e-05 4e-05 0.9999898807207743 7e-07 8e-07 0.9999974193175634 3e-07 3e-07 4.512522357304891 0.06 0.06 38 
-2.2251844882965086 0.0008 0.0006 0.9999784262975057 1e-05 5e-05 0.9999868534008662 1e-05 2e-05 4.512421518961588 0.1 0.1 39 
-2.2261237335205077 0.0003 0.0002 0.9999894744157791 5e-06 9e-06 0.9999969921509425 2e-06 3e-06 4.512379557291666 0.08 0.08 40 
-2.222787094116211 0.002 0.002 0.9999775809049606 1e-05 2e-05 0.9999553102254868 4e-05 0.0001 4.51074152469635 0.1 0.1 41 
-2.226079394022624 0.0002 0.0002 0.9999887210130691 8e-06 1e-05 0.9999970902999242 2e-06 3e-06 4.512306752204895 0.08 0.08 43 
-2.2260958258310954 0.003 0.0003 0.9999918258190155 2e-06 5e-06 0.9999977892637253 6e-07 3e-06 4.512307481765747 0.06 0.06 44 
-2.2261303170522053 3e-05 3e-05 0.9999887178341548 6e-07 6e-07 0.9999970231453578 7e-07 1e-06 4.512587116559346 0.07 0.07 45 
-2.226043691635132 0.0005 0.0002 0.9999882678190867 1e-06 2e-06 0.9999977372090022 4e-07 8e-07 4.512428719202678 0.07 0.07 46 
-2.226175988515218 0.0003 0.0002 0.9999932763973872 2e-06 5e-06 0.9999975478649139 2e-06 3e-06 4.512372991243998 0.06 0.06 47 
-2.223399788538615 0.002 0.001 0.9999754585822423 1e-05 2e-05 0.9999671995639801 3e-05 0.0002 4.5114131975173954 0.1 0.1 48 
-2.2260396575927732 0.0001 0.0001 0.9999863024552663 3e-06 4e-06 0.9999975774685542 9e-07 1e-06 4.512674549420675 0.08 0.08 49 
-2.2261698627471924 0.0003 0.0002 0.9999946282307307 2e-06 4e-06 0.99999780078729 2e-06 3e-06 4.512208053270975 0.07 0.07 51 
-2.226243336995443 0.0001 0.0001 0.9999948726097743 2e-06 3e-06 0.9999979935089747 2e-06 2e-06 4.512220390637716 0.06 0.06 52 
-2.222201855977376 0.003 0.002 0.9999640736977259 2e-05 2e-05 0.9999551691611608 4e-05 0.0003 4.510623741149902 0.1 0.1 53 
-2.223220313390096 0.004 0.002 0.999980794986089 9e-06 1e-05 0.9999553847312928 4e-05 0.0001 4.510893034934997 0.08 0.08 54 
-2.2241986846923827 0.003 0.002 0.9999794671932857 1e-05 2e-05 0.9999766415357589 2e-05 0.0001 4.511558421452841 0.1 0.1 55 
-2.2262099456787108 0.0005 0.0001 0.9999918385346731 1e-06 2e-06 0.9999975234270095 3e-07 5e-07 4.512521454493204 0.06 0.06 56 
-2.223651959101359 0.004 0.001 0.9999756526947021 1e-05 2e-05 0.9999711745977402 3e-05 0.0002 4.511513120333354 0.1 0.1 57 
-2.2260605653127032 9e-05 6e-05 0.999991644223531 1e-06 2e-06 0.9999977835019429 2e-07 3e-07 4.51243239402771 0.07 0.07 58 
-2.2262509854634605 0.0006 0.0001 0.9999949711561203 1e-06 2e-06 0.9999980491399765 4e-07 1e-06 4.512410879135132 0.06 0.06 59 
-2.226130180358887 0.0005 0.0002 0.9999914366006851 1e-06 2e-06 0.9999978601932525 4e-07 6e-07 4.512409631411234 0.06 0.06 61 
-2.226085402170817 0.0009 0.0002 0.999988925854365 2e-06 2e-06 0.9999972689151764 5e-07 1e-06 4.512594113349914 0.07 0.07 62 
-2.2261148834228517 0.0004 0.0002 0.9999926672379176 7e-07 1e-06 0.9999978258212407 3e-07 5e-07 4.512391405105591 0.06 0.07 63 
-2.2260506852467854 4e-05 5e-05 0.9999932245413462 1e-06 2e-06 0.9999972840150197 3e-07 5e-07 4.512537705103556 0.08 0.08 64 
-2.2262673505147297 4e-05 4e-05 0.9999969039360682 4e-07 4e-07 0.9999985128641129 2e-07 3e-07 4.512262614568074 0.04 0.04 66 
-2.226098248163859 3e-05 4e-05 0.9999871444702149 2e-06 2e-06 0.9999971439441045 9e-07 8e-07 4.512381741205851 0.07 0.07 68 
-2.2262118371327717 0.0003 0.0002 0.9999924377600352 3e-06 7e-06 0.9999973225593567 2e-06 5e-06 4.51243093808492 0.07 0.07 69 
-2.224109897613525 0.007 0.002 0.999945925672849 3e-05 0.0002 0.9999668997526169 3e-05 0.0002 4.512469223340353 0.1 0.1 70 
-2.2238025506337484 0.003 0.001 0.9999701658884684 1e-05 3e-05 0.999970470070839 3e-05 0.0001 4.5114345439275105 0.1 0.1 71 
-2.2261071014404297 5e-05 6e-05 0.9999859952926635 3e-06 3e-06 0.9999976966778438 6e-07 5e-07 4.512519427935282 0.07 0.07 72 
-2.226097888946533 5e-05 5e-05 0.9999911594390869 1e-06 1e-06 0.999997478723526 1e-06 2e-06 4.512427048683167 0.07 0.07 75 
-2.2212042808532715 0.003 0.002 0.9999635148048401 2e-05 2e-05 0.9999301135540009 7e-05 0.0001 4.510152854919434 0.1 0.1 77 
-2.2259943262736 0.0001 0.0002 0.9999838505188624 4e-06 6e-06 0.9999968351920446 2e-06 2e-06 4.512538272539775 0.08 0.08 79 
-2.2241657320658366 0.003 0.001 0.9999641384681066 1e-05 2e-05 0.9999825429916381 2e-05 0.0001 4.512005565961202 0.1 0.1 80 
-2.22597775777181 0.0003 0.0001 0.9999865730603535 2e-06 2e-06 0.999997117916743 3e-07 4e-07 4.512667768796285 0.08 0.08 81 
-2.2243783410390217 0.002 0.001 0.9999829959869385 9e-06 1e-05 0.9999787265062332 2e-05 0.0001 4.511702381769816 0.1 0.1 82 
-2.224599930445353 0.002 0.0007 0.9999898960192998 5e-06 1e-05 0.999988071123759 1e-05 2e-05 4.511535401344299 0.09 0.09 84 
-2.22359458287557 0.003 0.002 0.9999815895160039 1e-05 2e-05 0.9999653887748718 3e-05 0.0001 4.511151804924011 0.1 0.1 85 
-2.2260419019063313 0.0002 0.0001 0.9999934593836467 7e-07 8e-07 0.9999979617198308 4e-07 9e-07 4.51214359442393 0.06 0.06 86 
-2.2261967309316 2e-05 2e-05 0.999990525841713 7e-07 8e-07 0.9999974596500397 3e-07 3e-07 4.512330060005188 0.06 0.06 87 
-2.2260765743255617 9e-05 0.0001 0.9999828523397446 5e-06 6e-06 0.9999970171848933 2e-06 1e-06 4.512493777275085 0.07 0.07 88 
-2.2262690258026123 3e-05 3e-05 0.9999929690361022 8e-07 9e-07 0.9999979577461878 3e-07 3e-07 4.51238476117452 0.05 0.05 89 
-2.226250178019206 0.0005 0.0002 0.9999908735354741 1e-06 1e-06 0.9999977483352025 6e-07 2e-06 4.512472224235535 0.05 0.05 90 
-2.223076950709025 0.003 0.002 0.9999789661169052 1e-05 3e-05 0.9999556223551432 4e-05 0.0002 4.510842925707499 0.1 0.1 92 
-2.2260836124420167 7e-05 6e-05 0.9999935285250345 6e-07 5e-07 0.9999979174137116 3e-07 2e-07 4.512369227409363 0.06 0.06 93 
-2.2261313597361245 1e-05 2e-05 0.9999899442990621 1e-06 1e-06 0.9999973227580389 2e-07 3e-07 4.5126253684361775 0.07 0.07 94 
-2.226087287267049 4e-05 4e-05 0.999992776910464 9e-07 1e-06 0.999997886021932 3e-07 3e-07 4.512417384783427 0.07 0.07 96 
-2.2261391417185465 0.002 0.0002 0.9999934428930283 2e-06 3e-06 0.999997956554095 6e-07 2e-06 4.512343877156575 0.06 0.06 97 
-2.2260981718699138 0.0004 0.0003 0.9999900553623835 5e-06 9e-06 0.9999969335397084 3e-06 4e-06 4.51242743174235 0.08 0.08 98 
