-2.225632921854655 0.0007 0.0004 0.9999954519669215 2e-06 4e-06 0.999987168709437 9e-06 3e-05 4.512078754107157 0.1 0.1 0 
-2.2256255118052164 0.0005 0.0004 0.999995387395223 2e-06 3e-06 0.9999869638681411 9e-06 3e-05 4.5121080668767295 0.09 0.09 1 
-2.225665162404378 0.0005 0.0003 0.9999957827727 2e-06 3e-06 0.9999881209929784 8e-06 2e-05 4.512029871940613 0.09 0.09 2 
-2.2256266975402834 0.0005 0.0004 0.9999955974022547 2e-06 4e-06 0.9999871834119161 9e-06 2e-05 4.511985397338867 0.09 0.09 3 
-2.2256756083170575 0.0007 0.0004 0.9999957819779713 2e-06 3e-06 0.9999878374735515 9e-06 3e-05 4.512034730911255 0.09 0.09 4 
-2.2256654612223308 0.0008 0.0004 0.9999957084655762 2e-06 3e-06 0.9999873860677083 9e-06 3e-05 4.512072205543518 0.1 0.1 5 
-2.2255874093373618 0.0004 0.0003 0.9999959959586462 2e-06 3e-06 0.9999838974078497 9e-06 2e-05 4.511988298098246 0.09 0.09 6 
-2.2256639925638835 0.0006 0.0004 0.9999957990646362 2e-06 3e-06 0.9999874049425125 9e-06 3e-05 4.512082853317261 0.09 0.09 7 
-2.2256690470377603 0.0008 0.0004 0.999995573759079 2e-06 3e-06 0.9999880437056223 9e-06 3e-05 4.511997237205505 0.1 0.1 8 
-2.2256961663564048 0.002 0.0005 0.9999961028496425 2e-06 9e-06 0.9999867590268453 1e-05 5e-05 4.512005178133647 0.1 0.1 9 
-2.2256540870666504 0.0007 0.0004 0.9999958509206772 2e-06 3e-06 0.999987152616183 9e-06 3e-05 4.512017221450805 0.1 0.1 10 
-2.2257029755910236 0.0008 0.0004 0.9999959218502045 2e-06 3e-06 0.9999883484840393 8e-06 3e-05 4.512045288085938 0.1 0.1 11 
-2.225551411310832 0.0005 0.0004 0.9999945416053136 2e-06 4e-06 0.9999869513511658 8e-06 2e-05 4.512133221626282 0.09 0.09 12 
-2.225676778157552 0.0008 0.0004 0.9999957746267318 2e-06 3e-06 0.9999881277481715 9e-06 3e-05 4.512036552429199 0.1 0.1 13 
-2.2257133769989013 0.001 0.0005 0.9999963074922562 2e-06 3e-06 0.9999886133273442 8e-06 4e-05 4.511895785331726 0.1 0.1 14 
-2.2256664403279625 0.0006 0.0004 0.9999956061442693 2e-06 4e-06 0.9999881742397944 8e-06 3e-05 4.511975463231405 0.09 0.09 15 
-2.2257145690917968 0.0008 0.0004 0.9999963400761286 1e-06 3e-06 0.9999878599246343 9e-06 3e-05 4.511965985298157 0.1 0.1 16 
-2.2257145245869956 0.002 0.0004 0.9999960271517435 2e-06 2e-06 0.9999879594643911 9e-06 5e-05 4.511995684305827 0.1 0.1 17 
-2.2256402842203777 0.0007 0.0004 0.9999957007169723 2e-06 3e-06 0.9999869320789972 9e-06 3e-05 4.51199521223704 0.1 0.1 18 
-2.225573428471883 0.002 0.0005 0.9999957110484441 2e-06 5e-06 0.9999842158953349 1e-05 6e-05 4.511806178092956 0.1 0.1 19 
-2.225674858093262 0.0007 0.0004 0.9999955461422603 2e-06 3e-06 0.9999880739053091 8e-06 3e-05 4.512017319997152 0.1 0.1 20 
-2.225560890833537 0.0004 0.0003 0.9999958123763403 1e-06 3e-06 0.9999837915102641 1e-05 2e-05 4.512030658721923 0.08 0.08 21 
-2.2256746927897137 0.0006 0.0004 0.999995890657107 2e-06 3e-06 0.9999879546960195 9e-06 3e-05 4.51197882493337 0.09 0.09 22 
-2.225641129811605 0.0005 0.0003 0.9999957323074341 2e-06 3e-06 0.9999874319632848 9e-06 2e-05 4.511974495251973 0.09 0.09 23 
-2.225650879542033 0.002 0.0006 0.9999962433179219 3e-06 9e-06 0.9999849424759547 1e-05 6e-05 4.511916117668152 0.1 0.1 24 
-2.2256554476420085 0.0006 0.0004 0.9999956738948822 2e-06 3e-06 0.999987422823906 8e-06 2e-05 4.512043590545654 0.1 0.1 25 
-2.2256874243418374 0.0007 0.0004 0.9999954650799433 2e-06 3e-06 0.999988221526146 9e-06 3e-05 4.512002964019775 0.09 0.1 26 
-2.225727497736613 0.002 0.0005 0.9999961117903392 2e-06 7e-06 0.9999880502621333 9e-06 4e-05 4.512026338577271 0.1 0.1 27 
-2.2256685161590575 0.0006 0.0004 0.9999959013859431 1e-06 3e-06 0.999988085826238 9e-06 3e-05 4.512055052121481 0.09 0.09 28 
-2.2256924788157146 0.002 0.0006 0.999996202190717 3e-06 1e-05 0.999986413915952 1e-05 5e-05 4.511780184110005 0.1 0.1 29 
-2.225576016108195 0.0007 0.0004 0.9999959886074066 1e-06 3e-06 0.9999830734729767 1e-05 3e-05 4.512087799708048 0.09 0.09 30 
-2.2256490198771157 0.0005 0.0003 0.9999954825639725 2e-06 3e-06 0.9999875273307165 8e-06 2e-05 4.511995437939961 0.09 0.09 31 
-2.2255666065216064 0.0003 0.0003 0.9999958286682765 2e-06 3e-06 0.9999841429789861 9e-06 2e-05 4.511987846692403 0.08 0.08 32 
-2.2256431198120117 0.0005 0.0004 0.9999954811731975 2e-06 4e-06 0.999987642566363 8e-06 2e-05 4.512061076164246 0.09 0.09 33 
-2.2256155681610106 0.0007 0.0004 0.9999949324131012 2e-06 3e-06 0.9999865102767944 9e-06 3e-05 4.512100669542948 0.1 0.1 34 
-2.225681308110555 0.002 0.0005 0.9999959951639176 2e-06 7e-06 0.9999868639310201 1e-05 5e-05 4.51197138150533 0.1 0.1 35 
-2.225658480326335 0.0006 0.0004 0.9999957333008448 2e-06 3e-06 0.999987237850825 9e-06 3e-05 4.512019481658935 0.09 0.09 36 
-2.2256973520914713 0.001 0.0004 0.99999575873216 2e-06 3e-06 0.9999883109331131 8e-06 4e-05 4.512043137550354 0.1 0.1 37 
-2.2257199668884278 0.002 0.0006 0.9999959405263265 3e-06 1e-05 0.9999880411227544 9e-06 7e-05 4.512108111381531 0.1 0.1 38 
-2.2256518586476646 0.002 0.0005 0.999995615084966 2e-06 7e-06 0.9999870111544927 1e-05 6e-05 4.511900688807169 0.1 0.1 39 
-2.225550479888916 0.0003 0.0002 0.9999955731630326 1e-06 3e-06 0.9999840327103933 9e-06 2e-05 4.512009466489156 0.08 0.08 40 
-2.2256533845265705 0.0006 0.0004 0.9999956814448039 2e-06 3e-06 0.9999873729546865 9e-06 3e-05 4.511996366182963 0.09 0.09 41 
-2.2256547292073567 0.0007 0.0004 0.9999956472714742 2e-06 4e-06 0.9999872946739197 8e-06 3e-05 4.512081084251403 0.1 0.1 42 
-2.225669822692871 0.002 0.0005 0.999995587070783 3e-06 8e-06 0.9999873973925908 1e-05 5e-05 4.512112553914388 0.1 0.1 43 
-2.225652583440145 0.0007 0.0004 0.999995290239652 2e-06 3e-06 0.9999866257111232 9e-06 3e-05 4.5120713361104325 0.1 0.1 44 
-2.2256397279103597 0.002 0.0004 0.9999955993890762 2e-06 2e-06 0.9999865031242371 1e-05 6e-05 4.512177179654439 0.1 0.1 45 
-2.225665003458659 0.001 0.0004 0.9999956387281418 2e-06 3e-06 0.9999850030740102 9e-06 4e-05 4.512034885088602 0.1 0.1 46 
-2.2256587473551432 0.0006 0.0004 0.999995850721995 2e-06 3e-06 0.999987863500913 9e-06 3e-05 4.511955474217733 0.09 0.09 47 
-2.2256622568766278 0.002 0.0006 0.9999957362810771 3e-06 1e-05 0.9999832906325659 1e-05 3e-05 4.512151662508646 0.1 0.1 48 
-2.225636208852132 0.002 0.0005 0.9999962705373764 2e-06 7e-06 0.9999848785003026 1e-05 6e-05 4.512148338953654 0.1 0.1 49 
-2.225668598810832 0.001 0.0004 0.9999954350789388 2e-06 3e-06 0.9999872303009033 9e-06 4e-05 4.512228349049886 0.1 0.1 50 
-2.225698626836141 0.001 0.0005 0.9999961137771607 2e-06 6e-06 0.9999876747528712 1e-05 5e-05 4.5121273454030355 0.1 0.1 51 
-2.225625073115031 0.0007 0.0004 0.9999952459335327 2e-06 4e-06 0.9999873453378677 9e-06 3e-05 4.512108205159505 0.09 0.1 52 
-2.2257184314727785 0.001 0.0004 0.9999961388111115 2e-06 2e-06 0.999988181789716 9e-06 4e-05 4.511878910064698 0.1 0.1 53 
-2.225631742477417 0.0007 0.0004 0.9999962665637334 1e-06 2e-06 0.9999846023321152 1e-05 3e-05 4.511987031300863 0.09 0.09 54 
-2.22563357035319 0.0006 0.0004 0.9999953595797221 2e-06 3e-06 0.999986541668574 9e-06 3e-05 4.511977003415425 0.09 0.09 55 
-2.2256032180786134 0.0007 0.0004 0.9999952697753907 2e-06 4e-06 0.9999874927600225 8e-06 3e-05 4.5120722166697185 0.1 0.1 56 
-2.225647532145182 0.001 0.0006 0.9999964074293772 3e-06 1e-05 0.999983029961586 1e-05 5e-05 4.512035236358643 0.1 0.1 57 
-2.2257484181722007 0.003 0.0006 0.9999965133269628 3e-06 1e-05 0.9999859635035196 1e-05 4e-05 4.512121834754944 0.1 0.1 58 
-2.2256378173828124 0.0005 0.0003 0.9999954785903294 2e-06 3e-06 0.9999844028552374 9e-06 3e-05 4.512156842549642 0.09 0.09 59 
-2.225661579767863 0.0006 0.0004 0.9999955636262894 2e-06 3e-06 0.9999871583779653 9e-06 3e-05 4.512049430211385 0.09 0.09 60 
-2.225671351750692 0.001 0.0004 0.9999955050150553 1e-06 2e-06 0.999987669189771 9e-06 4e-05 4.511923117637634 0.1 0.1 61 
-2.225665496190389 0.0009 0.0004 0.9999956760803859 1e-06 3e-06 0.9999872457981109 9e-06 3e-05 4.512021832466125 0.1 0.1 62 
-2.225636841456095 0.0005 0.0003 0.999995408654213 2e-06 3e-06 0.9999876687924067 8e-06 2e-05 4.512020998001098 0.09 0.09 63 
-2.225664644241333 0.0007 0.0004 0.9999954090515772 2e-06 3e-06 0.9999877645572026 9e-06 3e-05 4.512091927528381 0.09 0.09 64 
-2.2256271743774416 0.0005 0.0004 0.9999951779842376 2e-06 3e-06 0.9999864266316096 9e-06 2e-05 4.512191934585571 0.09 0.09 65 
-2.2256526851654055 0.0007 0.0004 0.9999954597155253 2e-06 4e-06 0.9999875414371491 9e-06 3e-05 4.51206661383311 0.1 0.1 66 
-2.2256654644012452 0.002 0.0006 0.9999966390927633 3e-06 1e-05 0.9999814540147781 1e-05 6e-05 4.512061502138773 0.1 0.1 67 
-2.225556033452352 0.0007 0.0004 0.9999948579072953 2e-06 4e-06 0.9999871961275737 9e-06 3e-05 4.512025717099507 0.1 0.1 68 
-2.225670353571574 0.0006 0.0004 0.9999957720438639 2e-06 3e-06 0.9999877715110779 9e-06 3e-05 4.512133701642354 0.09 0.09 69 
-2.2256567160288494 0.0008 0.0004 0.9999956128994624 2e-06 3e-06 0.9999874613682429 9e-06 3e-05 4.512064456939697 0.1 0.1 70 
-2.225675458908081 0.003 0.0007 0.9999959633747737 3e-06 1e-05 0.9999855448802312 1e-05 5e-05 4.512159473101298 0.1 0.1 71 
-2.225732183456421 0.002 0.0006 0.9999963921308518 3e-06 1e-05 0.9999865690867106 1e-05 4e-05 4.512205437024434 0.1 0.1 72 
-2.225633268356323 0.0009 0.0004 0.9999946049849192 2e-06 4e-06 0.9999867951869965 9e-06 3e-05 4.512219470342 0.1 0.1 73 
-2.225588566462199 0.0005 0.0004 0.9999950848023097 2e-06 4e-06 0.9999870723485946 9e-06 2e-05 4.512123201688131 0.09 0.09 74 
-2.2256612459818523 0.0007 0.0004 0.9999958584705989 2e-06 3e-06 0.9999868168433508 9e-06 3e-05 4.512033061981201 0.1 0.1 75 
-2.2257276089986164 0.002 0.0005 0.9999959617853165 2e-06 7e-06 0.999988141655922 9e-06 5e-05 4.511947108904521 0.1 0.1 76 
-2.2256744225819904 0.001 0.0005 0.999995789527893 2e-06 8e-06 0.9999867417414983 1e-05 5e-05 4.511938894589742 0.1 0.1 77 
-2.225656805038452 0.001 0.0004 0.9999954171975454 1e-06 2e-06 0.9999874422947566 9e-06 3e-05 4.5121406586964925 0.1 0.1 78 
-2.225660734176636 0.0006 0.0004 0.999995619058609 2e-06 3e-06 0.9999875716368357 9e-06 3e-05 4.511941313743591 0.09 0.09 79 
-2.2255801423390706 0.0004 0.0003 0.9999957583347956 1e-06 3e-06 0.9999838147560756 9e-06 2e-05 4.511966986656189 0.08 0.08 80 
-2.225660451253255 0.0006 0.0003 0.9999956736962 2e-06 3e-06 0.9999874975283941 9e-06 2e-05 4.512163826624552 0.09 0.09 81 
-2.2256485080718993 0.002 0.0005 0.9999956951538722 2e-06 5e-06 0.9999868561824162 1e-05 7e-05 4.512101755142212 0.1 0.1 82 
-2.2256439177195233 0.0006 0.0004 0.9999953120946884 2e-06 3e-06 0.9999875036875406 8e-06 2e-05 4.512105399767558 0.09 0.1 83 
-2.2256620724995932 0.0005 0.0003 0.9999956832329432 2e-06 3e-06 0.9999881621201833 8e-06 2e-05 4.512056242624919 0.09 0.09 84 
-2.2255255635579427 0.0005 0.0004 0.9999944367011389 2e-06 5e-06 0.9999862764279047 8e-06 2e-05 4.512221727371216 0.09 0.09 85 
-2.2255808099110923 0.0006 0.0004 0.9999952336152395 2e-06 4e-06 0.9999867876370748 9e-06 3e-05 4.512059057553609 0.1 0.1 86 
-2.2256411202748616 0.0007 0.0004 0.9999956874052683 2e-06 3e-06 0.9999869159857432 1e-05 3e-05 4.512166660626729 0.1 0.1 87 
-2.2257084623972574 0.001 0.0004 0.999996301929156 1e-06 2e-06 0.9999878275394439 9e-06 5e-05 4.511991623242696 0.1 0.1 88 
-2.2256951395670574 0.0008 0.0004 0.9999959409236908 2e-06 3e-06 0.9999881529808045 9e-06 3e-05 4.511954921086629 0.1 0.1 89 
-2.2256908988952637 0.001 0.0004 0.9999961505333582 2e-06 2e-06 0.9999876151482264 1e-05 5e-05 4.512117687861124 0.1 0.1 90 
-2.2255980841318768 0.0006 0.0004 0.99999575873216 1e-06 3e-06 0.9999840414524078 9e-06 3e-05 4.512041816711426 0.09 0.09 91 
-2.2256912771860757 0.002 0.0004 0.9999958223104477 2e-06 3e-06 0.9999877399206162 9e-06 6e-05 4.512093857129415 0.1 0.1 92 
-2.2256849988301597 0.002 0.0006 0.999995978474617 3e-06 1e-05 0.9999873268604279 9e-06 3e-05 4.512267039616902 0.1 0.1 93 
-2.2256147893269858 0.0005 0.0004 0.999995282292366 2e-06 4e-06 0.9999864361683528 9e-06 2e-05 4.5120680618286135 0.09 0.09 94 
-2.225592002868652 0.0005 0.0004 0.9999946308135986 2e-06 4e-06 0.9999867143233617 8e-06 2e-05 4.511986277898153 0.09 0.09 95 
-2.225654764175415 0.002 0.0006 0.9999957690636317 2e-06 6e-06 0.9999861788749694 1e-05 8e-05 4.512064692179362 0.1 0.1 96 
-2.225663843154907 0.002 0.0004 0.9999958465496699 1e-06 2e-06 0.9999875483910242 1e-05 5e-05 4.512017947832743 0.1 0.1 97 
-2.2256478881835937 0.001 0.0005 0.9999952850739161 2e-06 3e-06 0.9999863111972809 8e-06 4e-05 4.512048961321513 0.1 0.1 98 
-2.225660422643026 0.002 0.0005 0.999995858669281 2e-06 5e-06 0.9999871174494426 1e-05 7e-05 4.512052151362101 0.1 0.1 99 
-2.2256796010335287 0.0008 0.0004 0.9999959844350815 2e-06 3e-06 0.9999875229597092 9e-06 3e-05 4.512013211250305 0.1 0.1 100 
-2.225647226969401 0.0005 0.0004 0.9999955370028814 2e-06 4e-06 0.9999874220291773 9e-06 2e-05 4.512167348861694 0.09 0.09 101 
-2.2257525889078775 0.001 0.0006 0.9999964952468872 3e-06 1e-05 0.9999860040346782 1e-05 5e-05 4.512148741086324 0.1 0.1 102 
-2.225688419342041 0.0007 0.0004 0.9999959931770961 2e-06 3e-06 0.9999878891309102 9e-06 3e-05 4.51202759106954 0.1 0.1 103 
-2.2256649780273436 0.002 0.0005 0.9999959590037664 2e-06 9e-06 0.9999864796797434 1e-05 6e-05 4.512038621902466 0.1 0.1 104 
-2.225735705693563 0.001 0.0005 0.999996286034584 2e-06 9e-06 0.9999875944852828 9e-06 4e-05 4.512205575307211 0.1 0.1 105 
-2.2256395943959553 0.0006 0.0004 0.9999953007698059 2e-06 3e-06 0.9999869616826376 9e-06 3e-05 4.512058820724487 0.09 0.09 106 
-2.225686724980672 0.001 0.0004 0.999995834827423 2e-06 3e-06 0.9999878406524658 9e-06 4e-05 4.512152873675029 0.1 0.1 107 
-2.2256434472401936 0.0006 0.0004 0.9999955272674561 2e-06 3e-06 0.9999874949455261 9e-06 3e-05 4.51203759988149 0.09 0.09 108 
-2.2256777477264404 0.001 0.0004 0.9999955934286118 2e-06 2e-06 0.9999877804517746 9e-06 4e-05 4.512054335276286 0.1 0.1 109 
-2.2256751600901286 0.0008 0.0004 0.9999954825639725 2e-06 4e-06 0.999987828930219 8e-06 3e-05 4.512195971806844 0.1 0.1 110 
-2.2257144165039064 0.002 0.0005 0.9999962131182353 2e-06 8e-06 0.9999863642454148 9e-06 5e-05 4.511969908078512 0.1 0.1 111 
-2.2256571737925213 0.001 0.0004 0.9999959435065587 1e-06 2e-06 0.9999868867794672 1e-05 4e-05 4.512021881739298 0.1 0.1 112 
-2.225680564244588 0.002 0.0006 0.9999956903855006 3e-06 1e-05 0.9999839546283086 1e-05 4e-05 4.511968976656596 0.1 0.1 113 
-2.2256306425730386 0.0006 0.0004 0.9999951209624608 2e-06 4e-06 0.9999869833389918 9e-06 3e-05 4.512035133043925 0.09 0.09 114 
-2.2256008752187095 0.002 0.0007 0.9999955701828003 3e-06 2e-05 0.9999831064542135 1e-05 5e-05 4.512027180989583 0.1 0.1 115 
-2.2256661001841227 0.0007 0.0004 0.9999956077337265 2e-06 3e-06 0.9999869414170584 9e-06 3e-05 4.512025459607442 0.1 0.1 116 
-2.225710964202881 0.001 0.0004 0.9999961350361506 1e-06 3e-06 0.9999882789452871 9e-06 4e-05 4.511935718854269 0.1 0.1 117 
-2.2256631724039715 0.002 0.0006 0.9999957956870397 3e-06 9e-06 0.9999847354491552 9e-06 6e-05 4.512316873868307 0.1 0.1 118 
-2.2257110404968263 0.002 0.0006 0.9999960871537527 3e-06 1e-05 0.9999866535266241 1e-05 3e-05 4.512196308771769 0.1 0.1 119 
-2.225671062469482 0.0006 0.0004 0.9999960176150005 1e-06 3e-06 0.9999876115719477 9e-06 3e-05 4.512079844474792 0.09 0.09 120 
-2.2256651020050047 0.0007 0.0004 0.9999956597884496 2e-06 3e-06 0.9999871160586675 9e-06 3e-05 4.512133700052897 0.1 0.1 121 
-2.225624049504598 0.0007 0.0004 0.99999538342158 2e-06 4e-06 0.9999869102239609 9e-06 3e-05 4.512047251065572 0.1 0.1 122 
-2.225652472178141 0.0006 0.0004 0.9999958578745524 2e-06 3e-06 0.9999872048695883 9e-06 3e-05 4.512150610287984 0.09 0.09 123 
-2.2256524626413983 0.0007 0.0004 0.9999958870808283 2e-06 3e-06 0.9999872984488806 9e-06 3e-05 4.512173430124919 0.1 0.1 124 
-2.2256357669830322 0.0006 0.0004 0.9999955675999324 2e-06 4e-06 0.9999875984589259 9e-06 3e-05 4.512135651906331 0.1 0.1 125 
-2.2256682205200193 0.002 0.0007 0.9999960217873255 3e-06 2e-05 0.9999839681386947 1e-05 5e-05 4.512174530029297 0.1 0.1 126 
-2.225637378692627 0.0006 0.0004 0.9999954152107239 2e-06 4e-06 0.999987715681394 9e-06 2e-05 4.51202788511912 0.09 0.09 127 
-2.2256777413686115 0.0007 0.0004 0.9999958229064941 1e-06 3e-06 0.9999874361356099 9e-06 3e-05 4.512017739613851 0.09 0.1 128 
-2.225542558034261 0.0003 0.0003 0.9999956562121709 2e-06 3e-06 0.9999839133024215 9e-06 2e-05 4.512046378453572 0.09 0.09 129 
-2.2256274127960207 0.0006 0.0004 0.9999952807029089 2e-06 3e-06 0.9999857370058696 1e-05 3e-05 4.512111862500508 0.1 0.1 130 
-2.225566781361898 0.0005 0.0004 0.9999948179721833 2e-06 4e-06 0.9999872076511384 8e-06 2e-05 4.512102456092834 0.09 0.09 131 
-2.2256062094370526 0.001 0.0004 0.999995256861051 1e-06 2e-06 0.9999860600630442 1e-05 4e-05 4.512091476122539 0.1 0.1 132 
-2.225667578379313 0.0006 0.0004 0.9999954587221146 2e-06 3e-06 0.9999880101283392 8e-06 3e-05 4.511967320442199 0.09 0.09 133 
-2.2255796813964843 0.0005 0.0004 0.9999948994318644 2e-06 4e-06 0.9999861496686936 8e-06 2e-05 4.51215008576711 0.09 0.09 134 
-2.22566969871521 0.002 0.0005 0.9999955217043559 2e-06 2e-06 0.9999880025784175 9e-06 5e-05 4.512079297701518 0.1 0.1 135 
-2.225709161758423 0.001 0.0004 0.9999963307380676 2e-06 2e-06 0.9999874615669251 9e-06 4e-05 4.512041916847229 0.1 0.1 136 
-2.2256893666585285 0.001 0.0004 0.9999962470928828 1e-06 2e-06 0.9999873413642247 1e-05 5e-05 4.512009776433309 0.1 0.1 137 
-2.2256465117136637 0.0006 0.0004 0.9999957692623138 2e-06 3e-06 0.999986721475919 9e-06 3e-05 4.512099887530009 0.09 0.09 138 
-2.2256282234191893 0.0005 0.0003 0.9999954352776209 2e-06 3e-06 0.9999870751301447 9e-06 2e-05 4.5121254698435465 0.09 0.09 139 
-2.225663792292277 0.0007 0.0004 0.9999958984057109 2e-06 4e-06 0.9999872080485026 9e-06 3e-05 4.512005381584167 0.1 0.1 140 
-2.22566551844279 0.0006 0.0004 0.9999955809116363 2e-06 3e-06 0.9999873052040736 9e-06 3e-05 4.512079606056213 0.09 0.09 141 
-2.225656197865804 0.001 0.0004 0.9999954795837402 1e-06 2e-06 0.99998710612456 1e-05 5e-05 4.512014408111572 0.1 0.1 142 
-2.225676844914754 0.002 0.0005 0.9999961330493291 2e-06 8e-06 0.9999861391385396 1e-05 5e-05 4.511833632787068 0.1 0.1 143 
-2.2256703408559164 0.0007 0.0004 0.9999960329135259 2e-06 3e-06 0.9999873787164688 9e-06 3e-05 4.512125999132792 0.1 0.1 144 
-2.2256532033284504 0.0007 0.0004 0.999995841383934 2e-06 3e-06 0.9999873516956965 9e-06 3e-05 4.512007905642192 0.1 0.1 145 
-2.2256423314412435 0.0006 0.0003 0.9999964175621668 1e-06 3e-06 0.9999848526716232 9e-06 3e-05 4.511930578549703 0.09 0.09 146 
-2.2256297397613527 0.0007 0.0004 0.9999957762161891 1e-06 3e-06 0.9999868510166804 1e-05 3e-05 4.5120386171340945 0.1 0.1 147 
-2.225677655537923 0.001 0.0004 0.9999960281451543 1e-06 2e-06 0.9999876848856608 1e-05 4e-05 4.512162691752116 0.1 0.1 148 
-2.225594120025635 0.001 0.0004 0.999993871251742 2e-06 2e-06 0.9999875775973002 8e-06 3e-05 4.512056918144226 0.1 0.1 149 
