-2.2242027600606282 0.01 0.002 0.9999107456207276 8e-06 8e-05 0.9998499073584874 2e-05 0.0006 4.514240589141846 0.3 0.3 0 
-2.224933083852132 0.004 0.001 0.9999812712272008 4e-06 9e-06 0.9999900337060292 8e-06 0.0002 4.511683532396952 0.2 0.2 1 
-2.135832036336263 0.003 0.001 0.9998445401589076 4e-05 8e-05 0.994985014796257 6e-05 9e-05 4.444274954795837 0.1 0.1 2 
-2.224636211395264 0.003 0.001 0.9999827245871226 3e-06 8e-06 0.9999896655480067 7e-06 0.0002 4.511497589747111 0.2 0.2 3 
nan 4 
-2.2241649373372394 0.006 0.002 0.9999487241109212 7e-06 3e-05 0.9999775697787603 1e-05 5e-05 4.511832168896993 0.1 0.2 5 
-2.224864060084025 0.001 0.0004 0.9999857004483541 3e-06 6e-06 0.9999921403328578 5e-06 3e-05 4.511818181673686 0.1 0.1 6 
9.198953421218903e-07 7 
-2.2238144779205324 0.005 0.002 0.9999693673849106 1e-05 4e-05 0.9999775725603104 2e-05 0.0001 4.5115760326385494 0.2 0.2 8 
-2.2247662989298504 0.006 0.002 0.9999566757678986 7e-06 2e-05 0.9999846418698629 1e-05 9e-05 4.512712469100952 0.2 0.2 9 
nan 10 
-2.2248531754811607 0.002 0.0009 0.9999548504749934 6e-06 3e-05 0.9999884365002314 8e-06 2e-05 4.5127490123113 0.2 0.2 11 
-2.2248071225484214 0.002 0.0005 0.9999548989534378 3e-06 7e-06 0.9999840960899988 1e-05 4e-05 4.512841466267903 0.1 0.1 12 
nan 13 
-2.135670862197876 0.002 0.001 0.999839142759641 4e-05 6e-05 0.9949445585409801 6e-05 9e-05 4.444132692019145 0.1 0.1 14 
-2.1355805937449137 0.002 0.001 0.9998437460263571 4e-05 7e-05 0.9949801963567734 6e-05 8e-05 4.443717823028565 0.1 0.1 15 
-2.2165163580576577 0.006 0.002 0.9999214925368627 9e-06 6e-05 0.9999842705329259 1e-05 8e-05 4.507830246289571 0.2 0.2 16 
-2.2249252510070803 0.002 0.0006 0.999968465367953 5e-06 2e-05 0.9999899981419246 8e-06 6e-05 4.5117456356684364 0.2 0.2 17 
-2.223967332839966 0.003 0.001 0.999944175084432 7e-06 9e-06 0.9999808822075525 2e-05 7e-05 4.512335410118103 0.2 0.2 18 
-2.224432652791341 0.004 0.001 0.9999750324090322 5e-06 2e-05 0.999979514280955 2e-05 6e-05 4.511639300982157 0.2 0.2 19 
nan 20 
-2.2245793851216633 0.0009 0.0004 0.9999557727575302 3e-06 4e-06 0.999984747171402 9e-06 3e-05 4.512986693382263 0.1 0.1 21 
-2.224893881479899 0.0008 0.0006 0.9999735238154729 4e-06 1e-05 0.9999902389446894 7e-06 2e-05 4.512028059959412 0.1 0.1 22 
-2.224417339960734 0.01 0.002 0.999950634042422 5e-06 7e-05 0.9999771662553152 2e-05 0.0007 4.511290303866068 0.2 0.2 23 
nan 24 
-2.225159381230672 0.001 0.0004 0.9999890853961309 2e-06 6e-06 0.9999905465046565 5e-06 5e-05 4.511651604970297 0.1 0.1 25 
-2.2247622712453206 0.001 0.0007 0.9999580432971319 4e-06 2e-05 0.999978151122729 5e-06 2e-05 4.512905831336975 0.1 0.1 26 
-2.225032564798991 0.002 0.0005 0.9999733765920004 3e-06 7e-06 0.9999914213021597 7e-06 5e-05 4.511844876607259 0.1 0.2 27 
-2.223929328918457 0.0008 0.0004 0.9999595332145691 3e-06 6e-06 0.9999741254250208 2e-05 6e-05 4.511143164634705 0.1 0.1 28 
-2.224028393427531 0.004 0.001 0.9999550163745881 1e-05 3e-05 0.9999731411536534 2e-05 5e-05 4.5115794769922895 0.2 0.2 29 
-2.223932002385457 0.0008 0.0004 0.9998073295752208 4e-06 6e-06 0.9996362322568894 9e-06 4e-05 4.517946085929871 0.1 0.1 30 
-2.224235947926839 0.004 0.002 0.9999767649173736 7e-06 3e-05 0.9999707076946894 2e-05 0.0001 4.511382530530294 0.2 0.2 31 
-2.22511887550354 0.0009 0.0005 0.9999803564945857 2e-06 6e-06 0.9999856026967366 7e-06 2e-05 4.511764074961344 0.1 0.1 32 
-2.2241790294647217 0.0008 0.0004 0.9999318093061447 4e-06 9e-06 0.9999846881628036 8e-06 1e-05 4.511942176818848 0.1 0.1 33 
-2.2240876865386965 0.007 0.002 0.9999804039796193 1e-05 5e-05 0.9999845385551452 1e-05 0.0001 4.5107894611358645 0.2 0.2 34 
nan 35 
-2.2242383575439453 0.004 0.002 0.9998788968722025 9e-06 2e-05 0.9999824192126592 1e-05 0.0001 4.514276016553243 0.2 0.2 36 
-2.2234037494659424 0.002 0.001 0.9997623588641484 9e-06 1e-05 0.9999808951218923 1e-05 4e-05 4.51770726998647 0.2 0.2 37 
-2.2242208766937255 0.003 0.001 0.9999253052473068 2e-05 3e-05 0.9999771896998088 2e-05 8e-05 4.513349506060282 0.2 0.2 38 
-2.224683895111084 0.002 0.0007 0.9999631307522456 4e-06 1e-05 0.9999819511175155 1e-05 6e-05 4.511600648562114 0.2 0.2 39 
nan 40 
-2.224912306467692 0.001 0.0006 0.9999778379996618 2e-06 9e-06 0.9999890114863713 7e-06 3e-05 4.511660499572754 0.1 0.1 41 
-2.135430034001668 0.006 0.002 0.9998355031013488 7e-05 0.0001 0.9949744377533595 7e-05 0.0002 4.443863784472148 0.2 0.2 42 
-2.224682455062866 0.001 0.0006 0.9999665268262228 3e-06 2e-05 0.9999859863519669 9e-06 3e-05 4.511639989217122 0.1 0.1 43 
-2.2245187600453695 0.004 0.001 0.9998998041947683 1e-05 5e-05 0.9999839234352111 1e-05 7e-05 4.5143745962778725 0.2 0.2 44 
-2.2243880716959636 0.004 0.001 0.9999733299016953 5e-06 2e-05 0.9999533842007319 2e-05 0.0001 4.512280136744181 0.2 0.2 45 
-2.223292741775513 0.006 0.002 0.9997482389211655 1e-05 6e-05 0.9999597467978796 3e-05 0.0002 4.517308707237244 0.2 0.2 46 
-2.2249838638305666 0.002 0.001 0.9999834642807642 5e-06 2e-05 0.9999859893321991 1e-05 8e-05 4.511668381690979 0.1 0.2 47 
nan 48 
-2.2242671044667564 0.008 0.002 0.9999572136004766 8e-06 3e-05 0.9999777529637018 2e-05 0.0002 4.510810373624166 0.2 0.3 49 
-2.2252468077341714 0.003 0.0008 0.9999905955791474 4e-06 3e-05 0.9999909365177154 7e-06 4e-05 4.511906272570292 0.1 0.1 50 
-2.224752950668335 0.01 0.002 0.9999692990382513 4e-06 2e-05 0.9999242571989695 1e-05 0.0005 4.51267645517985 0.2 0.2 51 
-2.2251652654012046 0.005 0.0008 0.9999629342556 8e-06 5e-05 0.9999823331832886 1e-05 0.0001 4.512259600957234 0.2 0.2 52 
nan 53 
-2.2234557310740155 0.008 0.002 0.9997591648499171 1e-05 5e-05 0.9999756759405136 2e-05 0.0001 4.5172643407185875 0.2 0.2 54 
-2.2251259422302248 0.003 0.001 0.9999695549408595 1e-05 5e-05 0.9999864029884339 1e-05 5e-05 4.512143290837606 0.2 0.2 55 
-2.224795961380005 0.0007 0.0007 0.9999702976147333 4e-06 1e-05 0.9999900742371877 7e-06 1e-05 4.512155818939209 0.1 0.1 56 
-2.224445778528849 0.002 0.001 0.9999440262715021 6e-06 1e-05 0.9999848628044128 1e-05 7e-05 4.512528812090556 0.2 0.2 57 
nan 58 
-2.2243718020121257 0.002 0.0007 0.9998956908782323 5e-06 8e-06 0.9999832912286123 1e-05 6e-05 4.514417886734009 0.1 0.1 59 
-2.135183051427205 0.002 0.001 0.999832558631897 5e-05 7e-05 0.9949841252962748 4e-05 4e-05 4.444127801259358 0.1 0.1 60 
-2.2242159525553387 0.002 0.0009 0.9999039570490519 5e-06 8e-06 0.9999777847528457 2e-05 7e-05 4.513988744417826 0.2 0.2 61 
nan 62 
-2.2239621289571128 0.05 0.002 0.9999648817380269 6e-06 3e-05 0.9999492007493973 5e-05 0.003 4.512313472429911 0.2 0.2 63 
nan 64 
nan 65 
nan 66 
-2.224848715464274 0.001 0.0006 0.9999751230080922 3e-06 1e-05 0.999982999364535 8e-06 4e-05 4.5118565813700355 0.1 0.1 67 
-2.224792496363322 0.0007 0.0004 0.9999768372376759 2e-06 7e-06 0.9999914294481278 6e-06 2e-05 4.512100110054016 0.1 0.1 68 
-2.2237902069091797 0.005 0.002 0.999899357954661 1e-05 2e-05 0.9999642656246821 3e-05 0.0002 4.514543463389079 0.2 0.2 69 
-2.2241812165578208 0.005 0.002 0.9999195166428884 9e-06 3e-05 0.9999826618035634 1e-05 7e-05 4.513016541798909 0.2 0.2 70 
-2.224940268198649 0.008 0.001 0.9999698021014531 8e-06 5e-05 0.9999669251839319 3e-05 0.0002 4.511473828951518 0.2 0.2 71 
-2.2250767103830973 0.002 0.0008 0.9999840350945791 3e-06 1e-05 0.9999862092733384 8e-06 4e-05 4.511864754358927 0.1 0.1 72 
-2.224775110880534 0.002 0.0004 0.999976456562678 3e-06 4e-06 0.9999909591674805 6e-06 4e-05 4.511864584287007 0.1 0.2 73 
-2.2249632708231606 0.0009 0.0004 0.9999894533554713 3e-06 1e-05 0.9999909953276316 6e-06 3e-05 4.511818156242371 0.1 0.1 74 
nan 75 
nan 76 
nan 77 
-2.22476939201355 0.001 0.0005 0.9999590891599656 3e-06 6e-06 0.9999852293729782 1e-05 5e-05 4.512681288719177 0.1 0.2 78 
-2.225092960993449 0.009 0.001 0.9999901630481084 7e-06 4e-05 0.9999785836537679 1e-05 0.0002 4.511672827402751 0.2 0.2 79 
-2.224509696960449 0.007 0.002 0.9999553841352463 7e-06 4e-05 0.9999556839466095 2e-05 6e-05 4.512188499768575 0.2 0.2 80 
-2.223940207163493 0.003 0.002 0.9999455501635869 8e-06 2e-05 0.999979274670283 2e-05 0.0001 4.512095271746317 0.2 0.2 81 
-2.2250625928243 0.003 0.001 0.9999928337335586 3e-06 1e-05 0.9999829355875651 1e-05 7e-05 4.511573688189189 0.2 0.2 82 
-2.2244054571787517 0.003 0.002 0.9999768948554992 7e-06 4e-05 0.999986580212911 1e-05 0.0001 4.5112127161026 0.1 0.2 83 
-2.2246853574117025 0.003 0.001 0.9999717110395432 4e-06 1e-05 0.9999873447418213 1e-05 7e-05 4.511759042739868 0.2 0.2 84 
nan 85 
28224.789212388507 30000.0 30000.0 0.9999832833299831 1e-06 5e-07 0.999987930059433 1e-06 2e-06 4.511826594670613 0.08 0.08 86 
nan 87 
-2.224463612238566 0.005 0.001 0.9999333157142003 6e-06 3e-05 0.9999839437007904 1e-05 6e-05 4.512744620641072 0.2 0.2 88 
-2.224006792704264 0.002 0.0008 0.9999278606971105 4e-06 2e-05 0.9999867834647497 1e-05 6e-05 4.51191832224528 0.2 0.2 89 
-2.224486999511719 0.006 0.001 0.99989171008269 1e-05 4e-05 0.9999859799941381 1e-05 6e-05 4.514629028638204 0.2 0.2 90 
-2.135443318684896 0.005 0.002 0.9998324235280355 4e-05 0.0001 0.9949708163738251 6e-05 0.0002 4.4436683718363446 0.2 0.2 91 
-2.2249297173817952 0.003 0.001 0.9999916233619054 3e-06 1e-05 0.9999889977773031 1e-05 3e-05 4.511653342247009 0.2 0.2 92 
-2.2238871097564696 0.0009 0.0004 0.9998927199840546 6e-06 6e-06 0.9999767031272252 8e-06 3e-05 4.514627351760864 0.2 0.2 93 
-2.2239810371398927 0.004 0.002 0.9999531521399816 8e-06 3e-05 0.999981628259023 1e-05 7e-05 4.511695329348246 0.1 0.2 94 
-2.2239546012878417 0.008 0.001 0.9997637645403544 9e-06 3e-05 0.9999834247430166 1e-05 0.0001 4.51755139986674 0.2 0.2 95 
-2.2252036126454673 0.002 0.0006 0.9999923491477967 3e-06 9e-06 0.9999909597635269 7e-06 0.0001 4.5116157706578575 0.1 0.1 96 
-2.1357502619425457 0.001 0.001 0.9998440619309743 4e-05 6e-05 0.994978823463122 6e-05 9e-05 4.444271613756816 0.1 0.1 97 
-2.224798110326131 0.0009 0.0005 0.9999842061599096 2e-06 3e-06 0.9999849790334702 7e-06 3e-05 4.51161588827769 0.1 0.1 98 
nan 99 
-2.2243115774790447 0.001 0.0008 0.999916893641154 6e-06 1e-05 0.9997786750396093 1e-05 6e-05 4.514240837097168 0.1 0.1 100 
-2.224573335647583 0.004 0.001 0.9999721825122834 2e-06 1e-05 0.9999865396817526 1e-05 0.0001 4.511918787956238 0.1 0.2 101 
-2.2244584496816 0.001 0.0005 0.9999524583419164 2e-06 7e-06 0.9999837593237559 5e-06 2e-05 4.511754369735717 0.1 0.1 102 
-2.2248608525594076 0.003 0.001 0.9999704788128535 6e-06 2e-05 0.9999661378065745 8e-06 2e-05 4.511889204978943 0.1 0.1 103 
-2.22500124613444 0.002 0.0007 0.9999658036231994 3e-06 9e-06 0.9999888292948405 7e-06 3e-05 4.511723874409993 0.1 0.1 104 
-2.224759744008382 0.002 0.0008 0.9999520343542099 4e-06 1e-05 0.999936024347941 6e-06 2e-05 4.512367246945699 0.1 0.1 105 
-2.223674077987671 0.007 0.003 0.9999631327390671 1e-05 4e-05 0.9999515505631765 5e-05 9e-05 4.512087395985922 0.2 0.2 106 
-2.2244840653737388 0.006 0.002 0.9999580371379853 6e-06 2e-05 0.9999772159258524 2e-05 0.0001 4.512874881426494 0.2 0.2 107 
nan 108 
-2.224813378651937 0.002 0.001 0.9999547630548478 5e-06 1e-05 0.999990593791008 6e-06 0.0001 4.512640126546224 0.2 0.2 109 
-2.2246520296732584 0.007 0.002 0.9999768873055775 5e-06 2e-05 0.9999831074476242 1e-05 0.0001 4.5110052792231246 0.2 0.3 110 
-2.2245051225026446 0.006 0.002 0.9999689944585164 1e-05 7e-05 0.9999666502078374 3e-05 0.0002 4.51156574567159 0.2 0.2 111 
-2.224140780766805 0.005 0.002 0.999880337715149 9e-06 2e-05 0.9999771336714427 2e-05 8e-05 4.514678142865499 0.2 0.2 112 
-2.2250232601165774 0.001 0.0005 0.9999851413567861 3e-06 9e-06 0.9999898664156596 7e-06 5e-05 4.511821374893189 0.1 0.2 113 
nan 114 
-2.2244316291809083 0.003 0.001 0.9999910469849904 7e-06 2e-05 0.9999841648340225 1e-05 4e-05 4.511055739720662 0.2 0.2 115 
-2.2247640005747478 0.001 0.0006 0.9999931826194127 1e-06 2e-06 0.9999890194336574 5e-06 4e-05 4.511618356704712 0.1 0.1 116 
-2.2250085989634196 0.002 0.0008 0.9999602500597636 5e-06 2e-05 0.9999900011221567 6e-06 3e-05 4.512238766352335 0.1 0.2 117 
-2.22463165918986 0.0009 0.0006 0.9999556148052215 5e-06 7e-06 0.9999877192576726 7e-06 3e-05 4.512784004211426 0.2 0.2 118 
-2.2249684365590414 0.001 0.0006 0.999987734357516 3e-06 2e-05 0.9999890285730362 7e-06 4e-05 4.511732020378113 0.2 0.2 119 
-2.2249376519521076 0.005 0.0009 0.9999838449557622 2e-06 4e-06 0.9999868392944335 1e-05 0.0003 4.512189049720764 0.2 0.1 120 
-2.224544677734375 0.001 0.0009 0.9999379525581996 5e-06 1e-05 0.9999888318777085 7e-06 2e-05 4.512336530685425 0.1 0.1 121 
-2.2245211696624754 0.005 0.002 0.9999719176689784 9e-06 3e-05 0.999973798195521 2e-05 0.0001 4.511388009389242 0.2 0.2 122 
9.198953421218903e-07 123 
-2.224926306406657 0.001 0.0006 0.9999863809347153 2e-06 1e-05 0.9999898262818654 7e-06 4e-05 4.511778252919515 0.1 0.1 124 
-2.13596422513326 0.005 0.002 0.9998475394646327 4e-05 8e-05 0.9949966563781103 8e-05 9e-05 4.4442629146575925 0.1 0.1 125 
nan 126 
-2.223629941940308 0.005 0.002 0.9999734717607498 1e-05 3e-05 0.9999653041362763 2e-05 0.0001 4.510665898323059 0.2 0.2 127 
nan 128 
-2.22471630414327 0.003 0.001 0.9999815102418264 4e-06 1e-05 0.999982775648435 1e-05 7e-05 4.5114717769622805 0.2 0.2 129 
-2.224599625269572 0.006 0.002 0.9999862056970596 8e-06 3e-05 0.9999817516406377 2e-05 0.0002 4.511418097813924 0.2 0.2 130 
nan 131 
nan 132 
-2.2250181516011556 0.002 0.0007 0.9999675176541011 4e-06 1e-05 0.9999853966633478 8e-06 5e-05 4.512276870409647 0.1 0.1 133 
-2.224854377110799 0.006 0.001 0.9999626354376475 6e-06 3e-05 0.9999834664662679 1e-05 8e-05 4.5115336449941 0.2 0.2 134 
nan 135 
-2.225023603439331 0.001 0.0008 0.9999820254246394 4e-06 1e-05 0.9999861651659012 9e-06 4e-05 4.511951735814413 0.1 0.1 136 
-2.1360328420003256 0.008 0.002 0.9998333021004995 6e-05 0.0001 0.9949918848276138 6e-05 0.0001 4.444433560371399 0.2 0.2 137 
-2.2244680627187092 0.001 0.0005 0.9999749940633774 3e-06 4e-06 0.999985126654307 9e-06 3e-05 4.511418786048889 0.1 0.1 138 
nan 139 
-2.2251697222391766 0.003 0.0008 0.9999757341543833 3e-06 2e-05 0.9999876127640406 9e-06 3e-05 4.512209585507711 0.1 0.1 140 
-2.2249140453338625 0.005 0.001 0.9999724880854288 9e-06 4e-05 0.9999902592102686 9e-06 5e-05 4.5120285781224565 0.2 0.2 141 
nan 142 
-2.2239855480194093 0.006 0.002 0.9999343552192053 1e-05 6e-05 0.9999653295675913 3e-05 0.0002 4.512192254066467 0.2 0.2 143 
-2.2236564032236736 0.007 0.002 0.9998712495962778 1e-05 3e-05 0.9999736185868581 2e-05 0.0002 4.51466765721639 0.2 0.2 144 
-2.2240640703837076 0.001 0.0006 0.9997814134756724 7e-06 2e-05 0.9999299307664236 9e-06 3e-05 4.5177458477020265 0.1 0.1 145 
-2.224981657663981 0.004 0.001 0.9999615655342737 6e-06 2e-05 0.9999872918923696 8e-06 5e-05 4.512624047597249 0.2 0.2 146 
-2.225221176147461 0.004 0.001 0.9999869668483734 6e-06 3e-05 0.9999890446662902 1e-05 5e-05 4.512032373746236 0.2 0.2 147 
nan 148 
-2.2246783351898194 0.001 0.0005 0.9998834441105525 3e-06 6e-06 0.9999835876623789 8e-06 4e-05 4.514874580701192 0.1 0.1 149 
