-2.2265032577514647 0.0001 5e-05 0.9999992424249649 9e-07 4e-06 0.9999988238016765 1e-06 6e-06 4.512102179527282 0.03 0.04 10 
-2.2265001138051352 0.0001 5e-05 0.9999991995096207 8e-07 3e-06 0.9999986265103022 1e-06 6e-06 4.512210704485575 0.04 0.03 36 
-2.2264986101786297 0.0001 5e-05 0.9999992028872172 8e-07 3e-06 0.9999987188975016 1e-06 5e-06 4.512241603533427 0.03 0.04 69 
-2.2265038045247394 0.0002 5e-05 0.9999992640813192 7e-07 2e-06 0.9999987518787384 1e-06 5e-06 4.512195704778035 0.03 0.03 21 
-2.2265013885498046 0.0001 5e-05 0.9999991969267528 9e-07 2e-06 0.9999987332026163 1e-06 5e-06 4.512226926485697 0.04 0.03 26 
-2.2265013694763183 0.0001 5e-05 0.9999992481867472 8e-07 3e-06 0.9999987836678823 1e-06 5e-06 4.512102726300557 0.03 0.03 48 
-2.2265025774637857 0.0001 5e-05 0.9999991923570632 9e-07 3e-06 0.9999986918767293 1e-06 6e-06 4.512150135040283 0.04 0.04 2 
-2.2265025043487547 0.0001 5e-05 0.9999992048740387 8e-07 2e-06 0.9999987389643987 1e-06 6e-06 4.512198247909546 0.03 0.03 83 
-2.226500536600749 0.0001 5e-05 0.9999991989135742 8e-07 5e-06 0.9999988025426865 1e-06 4e-06 4.512212677001953 0.03 0.03 67 
-2.226500908533732 0.0001 5e-05 0.9999992307027181 9e-07 3e-06 0.999998750090599 1e-06 5e-06 4.512138915061951 0.04 0.03 32 
-2.226499115626017 0.0002 5e-05 0.9999991780519486 8e-07 3e-06 0.9999986217419307 1e-06 5e-06 4.512159039179484 0.03 0.03 93 
-2.2264562288920087 0.0001 9e-05 0.999999303817749 7e-07 2e-06 0.9999981109301249 2e-06 6e-06 4.512236746152242 0.04 0.04 38 
-2.2265028889973957 0.0002 5e-05 0.9999991828203201 8e-07 2e-06 0.999998856584231 1e-06 8e-06 4.512088314692179 0.03 0.03 13 
-2.226502552032471 0.0001 5e-05 0.9999991758664449 9e-07 3e-06 0.9999988051255544 1e-06 5e-06 4.512064598401388 0.04 0.04 15 
-2.22650045077006 0.0002 5e-05 0.9999992587169011 9e-07 2e-06 0.9999986094236374 1e-06 7e-06 4.512147385279338 0.04 0.04 89 
-2.22649987856547 0.0002 5e-05 0.999999227921168 8e-07 3e-06 0.999998596906662 2e-06 7e-06 4.51217169602712 0.04 0.04 41 
-2.226467390060425 0.0001 8e-05 0.9999992199738821 6e-07 9e-07 0.9999987775087357 1e-06 4e-06 4.512214767138163 0.03 0.03 6 
-2.2264981365203855 0.0002 5e-05 0.9999991422891616 1e-06 3e-06 0.999998558362325 2e-06 8e-06 4.512157559394836 0.03 0.03 90 
-2.22650156656901 0.0002 5e-05 0.9999991703033447 8e-07 2e-06 0.9999986936648687 1e-06 7e-06 4.512195642789205 0.03 0.04 50 
-2.2265018622080484 0.0001 5e-05 0.999999247789383 9e-07 2e-06 0.9999987322092057 1e-06 5e-06 4.512111140886943 0.03 0.03 73 
