-2.2247031911214195 7e-05 6e-05 0.9999893901745478 1e-06 2e-06 0.9999374135335286 9e-06 1e-05 4.511645890871684 0.08 0.08 27 
-2.224788293838501 0.0005 0.0004 0.9999946357806524 3e-06 4e-06 0.9999853064616521 5e-06 1e-05 4.51151294708252 0.1 0.1 95 
-2.2248336187998454 0.002 0.0009 0.9999921303987503 5e-06 1e-05 0.9999714924891789 2e-05 6e-05 4.511431318918864 0.2 0.2 54 
-2.2247005971272786 0.0008 0.0005 0.9999953178564708 3e-06 4e-06 0.9999756439526876 1e-05 2e-05 4.511375300089518 0.1 0.1 71 
-2.224970022837321 0.001 0.0005 0.9999935354789098 4e-06 8e-06 0.9999841354290644 6e-06 1e-05 4.511539648373922 0.1 0.1 90 
-2.2252380561828615 0.001 0.0005 0.9999793301026026 4e-06 8e-06 0.9999847787618638 6e-06 2e-05 4.511585658391317 0.1 0.1 61 
-2.2248166243235272 0.002 0.0009 0.9999903331200282 8e-06 2e-05 0.999983380039533 1e-05 2e-05 4.511385871569316 0.2 0.2 10 
-2.224764486948649 0.002 0.0009 0.999991207520167 7e-06 2e-05 0.9999826246500015 8e-06 2e-05 4.5114251963297525 0.2 0.2 73 
-2.2247620232899985 0.001 0.0004 0.9999672391017278 4e-06 1e-05 0.9999721471468608 2e-05 3e-05 4.511964289347331 0.1 0.1 1 
-2.2248730723063153 0.001 0.0006 0.9999931504329046 5e-06 1e-05 0.9999848127365112 6e-06 2e-05 4.511503338813782 0.1 0.1 51 
-2.225062017440796 0.002 0.0008 0.9999933230876923 5e-06 1e-05 0.9999797964096069 1e-05 4e-05 4.511562856038411 0.2 0.2 18 
-2.224693651199341 0.003 0.001 0.9999700754880905 8e-06 3e-05 0.9999671220779419 3e-05 9e-05 4.511609500249227 0.2 0.2 31 
-2.225154399871826 0.003 0.001 0.999991886417071 5e-06 9e-06 0.999985830783844 1e-05 4e-05 4.511491913795471 0.2 0.2 22 
-2.2248743534088136 0.0006 0.0005 0.9999931782484055 4e-06 8e-06 0.9999879028399785 6e-06 1e-05 4.511546411514282 0.1 0.2 77 
-2.2249142996470135 0.005 0.001 0.9999883111317952 9e-06 3e-05 0.9999852468570073 1e-05 5e-05 4.511842058499654 0.3 0.2 11 
-2.224555892944336 0.002 0.0009 0.9999934317668279 4e-06 9e-06 0.9999739253520965 2e-05 3e-05 4.511251721382141 0.1 0.1 76 
-2.225133174260457 0.002 0.0009 0.9999934514363606 4e-06 8e-06 0.9999751234054566 2e-05 3e-05 4.511644609769186 0.1 0.1 19 
-2.224992405573527 0.001 0.0006 0.999970968166987 3e-06 4e-06 0.9999805498123169 1e-05 4e-05 4.511799977620442 0.2 0.2 26 
-2.2250116221110026 0.001 0.0007 0.999993260304133 5e-06 1e-05 0.9999832848707835 9e-06 2e-05 4.5114345534642535 0.2 0.2 33 
-2.224982369740804 0.004 0.001 0.9999729969104131 7e-06 1e-05 0.9999728641907374 2e-05 5e-05 4.51116367816925 0.2 0.2 38 
