-2.2142359511057537 0.007 0.004 0.9999370568990708 2e-05 3e-05 0.9994892978668213 0.0002 0.0002 4.467674400011698 0.3 0.3 0 
-2.224272378285726 0.004 0.002 0.9999875754117966 9e-06 3e-05 0.9999744313955307 2e-05 7e-05 4.510409595171611 0.1 0.1 1 
9.206248819282336e-07 2 
9.203171202898375e-07 3 
9.202914043271448e-07 4 
213.01046447753907 5 
9.199919873026374e-07 6 
-2.2228544425964354 0.003 0.001 0.999984965523084 6e-06 1e-05 0.9999498454729716 2e-05 4e-05 4.503946124712626 0.2 0.2 7 
9.202589694723429e-07 8 
-2.223780740102132 0.008 0.002 0.9999801021814346 2e-05 4e-05 0.9999969114859899 2e-06 9e-06 4.510549376805623 0.1 0.1 9 
904.809326171875 10 
-2.2241341845194498 0.002 0.001 0.9999910829464594 5e-06 1e-05 0.9998972672224045 1e-05 2e-05 4.510051488876343 0.1 0.1 11 
684.1751098632812 12 
9.196781093123718e-07 13 
9.206379786519392e-07 14 
765.4835693359375 15 
-2.2239313888549805 0.004 0.002 0.9999866875012716 9e-06 3e-05 0.9999584299325943 3e-05 0.0001 4.509892945289612 0.2 0.2 16 
524.7601806640625 17 
9.206531785821426e-07 18 
652.2445068359375 19 
-2.2246164671579995 0.004 0.001 0.9999765533208848 2e-05 3e-05 0.9999813632170359 1e-05 5e-05 4.510844591458638 0.2 0.2 20 
867.030224609375 21 
9.202896649185277e-07 22 
9.20296383810637e-07 23 
812.2807983398437 24 
9.203247486766486e-07 25 
868.3072998046875 26 
-2.2249717966715497 0.001 0.0009 0.9999872994422913 7e-06 2e-05 0.9998098103205363 7e-06 3e-05 4.513229956626892 0.1 0.1 27 
1835.17294921875 28 
9.202462138091505e-07 29 
455.01975708007814 30 
704.0332397460937 31 
9.206343861478672e-07 32 
209.80035400390625 33 
734.846630859375 34 
930.2864135742187 35 
2873.384033203125 36 
-2.2236736488342284 0.002 0.0009 0.9999870026111602 6e-06 2e-05 0.9999697558085123 2e-05 5e-05 4.510468071301778 0.1 0.1 37 
761.2115112304688 38 
9.206169920616958e-07 39 
-2.2238547007242837 0.003 0.002 0.999974932273229 1e-05 3e-05 0.9999842848380407 1e-05 3e-05 4.510719478925069 0.2 0.2 40 
9.206289632857079e-07 41 
9.203224635712104e-07 42 
-2.2234074147542318 0.004 0.002 0.999973888595899 1e-05 4e-05 0.9999798281987509 2e-05 6e-05 4.510357721646627 0.2 0.2 43 
491.20689697265624 44 
-2.223754316965739 0.003 0.0009 0.999984582066536 7e-06 3e-05 0.9999776822328568 1e-05 2e-05 4.510026582082113 0.1 0.1 45 
-2.223911225001017 0.002 0.001 0.999981989065806 5e-06 2e-05 0.9999729019403457 2e-05 3e-05 4.510785125096639 0.2 0.2 46 
152.57840881347656 47 
1087.583251953125 48 
9.206378763337853e-07 49 
1341.079833984375 50 
9.202459068546886e-07 51 
725.1906127929688 52 
9.206201184497331e-07 53 
9.202123010254581e-07 54 
9.202482260661782e-07 55 
9.202904720950755e-07 56 
9.205873539031018e-07 57 
-2.2234881687164307 0.002 0.001 0.9999618603785833 1e-05 3e-05 0.9999899768829346 6e-06 1e-05 4.513011469841003 0.2 0.2 58 
9.203109357258654e-07 59 
-2.2252872594197592 0.003 0.001 0.9999912361303965 6e-06 3e-05 0.9999932120243709 5e-06 1e-05 4.511562527020772 0.2 0.2 60 
643.1055908203125 61 
482.75499267578124 62 
-2.22437167485555 0.004 0.002 0.9999567858378092 3e-05 0.0001 0.9999598822991054 2e-05 6e-05 4.508982928593953 0.2 0.2 63 
9.206285653817758e-07 64 
638.2154052734375 65 
9.198315183311933e-07 66 
9.206487220581039e-07 67 
239.4817657470703 68 
552.757666015625 69 
2506.750537109375 70 
296.628515625 71 
-2.224537442525228 0.005 0.002 0.9999809976418813 1e-05 4e-05 0.9999982422590256 2e-06 4e-06 4.511316216786702 0.1 0.1 72 
9.205205628859403e-07 73 
9.203377203448327e-07 74 
153.76641845703125 75 
713.3365234375 76 
9.202845831168815e-07 77 
386.172021484375 78 
-2.224521446228027 0.0004 0.0003 0.9999905735254287 3e-06 5e-06 0.9999744266271591 1e-05 2e-05 4.51130043665568 0.09 0.09 79 
642.3165649414062 80 
9.203348440678383e-07 81 
9.199786745739402e-07 82 
673.7627319335937 83 
-2.223728624979655 0.008 0.002 0.9999841908613841 1e-05 5e-05 0.9999876016378403 8e-06 3e-05 4.509419466654459 0.2 0.2 84 
9.19941612664843e-07 85 
97.88524627685547 86 
9.206559070662479e-07 87 
760.731591796875 88 
-2.2230427932739256 0.004 0.003 0.9999805160363515 1e-05 8e-05 0.9999765727917354 2e-05 7e-05 4.509711712201437 0.2 0.2 89 
9.199537203130603e-07 90 
9.199756050293217e-07 91 
-2.224704262415568 0.0006 0.0005 0.9999875024954478 6e-06 7e-06 0.9999977248907089 2e-06 5e-06 4.5114736620585125 0.1 0.1 92 
-2.225382973353068 0.004 0.001 0.9999921975533167 7e-06 2e-05 0.9999968161185583 3e-06 1e-05 4.511409476598104 0.1 0.1 93 
-2.2236860370635987 0.007 0.002 0.9999762602647145 1e-05 3e-05 0.9999606986840566 3e-05 8e-05 4.509723518689474 0.2 0.2 94 
9.202614933201403e-07 95 
-2.205104897816976 0.004 0.002 0.9998430009682974 9e-05 9e-05 0.9974955860773722 0.0004 0.0005 4.397940721511841 0.4 0.4 96 
-2.223516206741333 0.005 0.002 0.999982259074847 9e-06 5e-05 0.9985660344362259 2e-05 6e-05 4.526127584775289 0.2 0.2 97 
225.2488525390625 98 
9.206514164361579e-07 99 
520.4667236328125 100 
199.422021484375 101 
300.1217956542969 102 
9.202780915984477e-07 103 
9.206525078298e-07 104 
176.23770141601562 105 
200.52641906738282 106 
-2.222871675491333 0.002 0.0009 0.9999792991081874 7e-06 2e-05 0.9999858301877975 5e-06 1e-05 4.508641401926677 0.09 0.09 107 
9.205774176734848e-07 108 
9.20622665034898e-07 109 
9.206697995978175e-07 110 
923.2778442382812 111 
-2.2255181503295898 0.002 0.0007 0.9999882107973099 7e-06 3e-05 0.9999806688229242 1e-05 2e-05 4.511320853233338 0.09 0.1 112 
9.206077265844215e-07 113 
9.202758747051121e-07 114 
-2.2237675603230795 0.004 0.001 0.9999877381324768 4e-06 1e-05 0.9998056598504385 2e-05 9e-05 4.5123473183314005 0.2 0.2 115 
-2.194143953323364 0.001 0.001 0.9998803953329722 8e-06 8e-06 0.9977241057157517 0.0004 0.0004 4.415331827799479 0.3 0.3 116 
9.206304298459145e-07 117 
295.4827880859375 118 
-2.2248678811391196 0.0009 0.0007 0.999991508324941 4e-06 5e-06 0.999994659225146 2e-06 4e-06 4.511129339536031 0.08 0.08 119 
9.203068771057588e-07 120 
9.206618301504931e-07 121 
343.6489318847656 122 
9.205482342622418e-07 123 
-2.2232079855600992 0.002 0.001 0.9999856583277384 7e-06 1e-05 0.9999515763918558 2e-05 1e-05 4.507262489000956 0.1 0.1 124 
-2.2241305923461914 0.0007 0.0009 0.9999909504254659 4e-06 5e-06 0.9999645253022512 2e-05 3e-05 4.510831945737203 0.1 0.1 125 
-2.2254097493489584 0.0003 0.0003 0.9999950977166494 3e-06 4e-06 0.9999857656160991 5e-06 7e-06 4.5114017105102535 0.08 0.08 126 
9.206000981976103e-07 127 
9.205279980051273e-07 128 
195.2509552001953 129 
801.929833984375 130 
9.20555658012745e-07 131 
416.93699340820314 132 
718.7073974609375 133 
9.205485866914387e-07 134 
547.0039428710937 135 
-2.2242063172658284 0.003 0.0009 0.999982408285141 4e-06 1e-05 0.9998087559143702 7e-06 3e-05 4.51328165213267 0.2 0.2 136 
680.0177734375 137 
1033.9358642578125 138 
912.4817260742187 139 
-2.2230335807800294 0.005 0.002 0.9999668329954148 2e-05 0.0001 0.9999661729733149 3e-05 6e-05 4.510119859377543 0.1 0.1 140 
-2.2223808415730795 0.008 0.003 0.9999636516968409 2e-05 8e-05 0.9999955491224924 4e-06 1e-05 4.509157764116923 0.1 0.1 141 
-2.2251781272888183 0.002 0.001 0.9999882461627324 1e-05 8e-05 0.999873012304306 6e-06 2e-05 4.513274505933126 0.2 0.1 142 
-2.224130058288574 0.002 0.001 0.9999761315186818 1e-05 4e-05 0.9999949218829473 3e-06 7e-06 4.5112995354334515 0.1 0.1 143 
-2.223862845102946 0.002 0.001 0.99998679459095 5e-06 9e-06 0.9998907709121704 5e-06 9e-06 4.511466824213664 0.1 0.1 144 
-2.2250824133555094 0.001 0.0007 0.9999915421009063 5e-06 1e-05 0.9999856811761856 7e-06 3e-05 4.511218695640564 0.09 0.09 145 
-2.2243555863698323 0.006 0.002 0.9999836629629135 1e-05 3e-05 0.999978756904602 2e-05 7e-05 4.5108531411488855 0.1 0.1 146 
9.202864021062851e-07 147 
653.8742553710938 148 
113.56214599609375 149 
