-2.225673999786377 0.001 0.0005 0.9999965310096741 2e-06 5e-06 0.9999909790356954 8e-06 3e-05 4.511987334887187 0.08 0.09 84 
-2.2264159615834553 5e-05 4e-05 0.9999986245234808 6e-07 8e-07 0.9999990675846736 7e-07 9e-07 4.512214606602987 0.03 0.03 6 
-2.2256563599904378 0.001 0.0006 0.9999931967258453 3e-06 1e-05 0.9999898636341095 9e-06 3e-05 4.512070628801982 0.09 0.09 94 
-2.225660956700643 0.001 0.0004 0.999988698164622 4e-06 7e-06 0.9999914103746415 7e-06 2e-05 4.512186972300212 0.08 0.08 90 
-2.2258903058369954 0.0008 0.0003 0.999996064901352 2e-06 3e-06 0.9999944086869558 5e-06 1e-05 4.51201976776123 0.06 0.06 96 
-2.2256877708435057 0.001 0.0006 0.9999956454833349 3e-06 8e-06 0.9999899572134018 9e-06 3e-05 4.511887113253276 0.07 0.07 8 
-2.2263615640004475 0.0005 0.0001 0.9999974701801936 9e-07 2e-06 0.9999989446004232 3e-07 7e-07 4.51222993850708 0.04 0.04 73 
-2.2263715108235678 0.0007 0.0001 0.999997790257136 8e-07 2e-06 0.9999988174438477 6e-07 1e-06 4.512274998029073 0.05 0.05 98 
-2.2264428520202637 8e-06 8e-06 0.999998149673144 3e-07 3e-07 0.9999990542729695 3e-07 2e-07 4.512257750829061 0.03 0.03 95 
-2.226392412185669 0.0006 0.0001 0.9999981121222178 9e-07 1e-06 0.9999989716211954 6e-07 1e-06 4.51228132724762 0.04 0.04 0 
-2.225468346277873 0.001 0.0007 0.9999956291913986 3e-06 9e-06 0.9999882064263026 1e-05 5e-05 4.511732420921326 0.07 0.07 25 
-2.2255594793955487 0.001 0.0006 0.9999959146976471 3e-06 4e-06 0.9999875553448995 1e-05 3e-05 4.511929324467977 0.08 0.08 16 
-2.2264006010691326 6e-05 4e-05 0.9999980098009109 7e-07 1e-06 0.9999991146723429 6e-07 8e-07 4.512246376673381 0.04 0.04 54 
-2.22640172958374 0.0008 0.0001 0.9999976422389348 1e-06 2e-06 0.9999989281098048 4e-07 1e-06 4.512257971763611 0.04 0.04 55 
-2.2255301761627195 0.001 0.0006 0.9999953148762385 3e-06 8e-06 0.9999892149368922 1e-05 4e-05 4.511854942639669 0.08 0.08 38 
-2.2256556924184165 0.002 0.0007 0.9999945187568664 4e-06 1e-05 0.9999902695417404 9e-06 3e-05 4.51194363117218 0.1 0.1 26 
-2.22549973487854 0.001 0.0007 0.999991713364919 4e-06 1e-05 0.9999884263674418 1e-05 3e-05 4.51213524500529 0.09 0.09 48 
-2.226300837198893 0.0001 5e-05 0.9999916754166285 1e-06 1e-06 0.999998775323232 4e-07 4e-07 4.512498826980591 0.06 0.06 78 
-2.2263784313201906 0.002 0.0001 0.9999981021881104 1e-06 2e-06 0.9999990459283193 5e-07 3e-06 4.5122327709198 0.04 0.04 83 
-2.22643923441569 1e-05 1e-05 0.9999976402521134 6e-07 5e-07 0.99999915599823 4e-07 3e-07 4.512244380315145 0.03 0.03 21 
