-2.226202875773112 0.0004 0.0002 0.9999979913234711 1e-06 3e-06 0.9999965393543243 3e-06 6e-06 4.512240883509318 0.06 0.06 0 
-2.2260832945505777 7e-05 7e-05 0.9999968288342158 8e-07 1e-06 0.9999907400210698 3e-06 4e-06 4.512353954315185 0.05 0.05 1 
-2.2261185868581137 0.0007 0.0002 0.9999970509608587 7e-07 1e-06 0.9999949244658152 3e-06 2e-05 4.51227332909902 0.08 0.08 2 
-2.2261198711395265 6e-06 6e-06 0.9999974731604259 3e-07 3e-07 0.9999901274840037 3e-07 3e-07 4.5122500578562414 0.03 0.03 3 
-2.2261539777119954 0.0003 0.0002 0.9999975031614303 9e-07 1e-06 0.9999956647555034 3e-06 9e-06 4.512372136116028 0.07 0.07 4 
-2.2260501543680826 0.001 0.0004 0.9999964022636414 2e-06 1e-05 0.9999927632013956 3e-06 6e-06 4.512247732480367 0.05 0.05 5 
-2.2260900115966797 5e-06 6e-06 0.9999970821539561 4e-07 4e-07 0.9999875108400981 3e-07 3e-07 4.51228496392568 0.03 0.03 6 
-2.2261616357167564 0.0006 0.0002 0.9999974713722865 1e-06 1e-06 0.9999961181481679 3e-06 1e-05 4.5123275216420495 0.09 0.07 7 
-2.226172987620036 0.0005 0.0002 0.9999975993235906 9e-07 2e-06 0.999996134241422 3e-06 1e-05 4.5122633488972985 0.08 0.08 8 
-2.2261403783162437 6e-06 6e-06 0.9999977572758992 4e-07 4e-07 0.9999924371639888 3e-07 2e-07 4.512244308789571 0.03 0.03 9 
-2.226184285481771 0.0005 0.0002 0.9999974260727564 8e-07 1e-06 0.9999958540995916 3e-06 1e-05 4.51231582959493 0.08 0.08 10 
-2.2261567815144856 5e-05 4e-05 0.9999978923797608 6e-07 8e-07 0.9999919078747431 3e-06 4e-06 4.512252840995789 0.04 0.04 11 
-2.226099001566569 0.0008 0.0003 0.99999698360761 2e-06 5e-06 0.9999952250719071 4e-06 1e-05 4.512128270467122 0.06 0.07 12 
-2.226157496770223 0.0003 0.0002 0.9999973420302073 8e-07 2e-06 0.9999956653515498 3e-06 1e-05 4.5123026688893635 0.07 0.07 13 
-2.2261165873209636 5e-06 5e-06 0.9999975101153056 3e-07 4e-07 0.9999910753965378 2e-07 3e-07 4.512283744812012 0.03 0.03 14 
-2.2261222139994303 0.0003 0.0002 0.9999964984258016 8e-07 1e-06 0.9999945227305095 4e-06 1e-05 4.512386210759481 0.07 0.07 15 
-2.2260642687479657 0.001 0.0004 0.9999964831272761 2e-06 8e-06 0.9999946590264638 4e-06 5e-06 4.512516646385193 0.06 0.06 16 
-2.2261605898539227 0.0003 0.0002 0.9999973382552465 9e-07 1e-06 0.9999955105781555 3e-06 1e-05 4.512333895365397 0.07 0.07 17 
-2.2261314074198406 0.0008 0.0002 0.9999967126051584 8e-07 1e-06 0.9999954024950664 4e-06 2e-05 4.512364597320556 0.09 0.08 18 
-2.2261733690897625 0.0004 0.0002 0.9999975548187892 8e-07 1e-06 0.9999956285953522 3e-06 1e-05 4.512361521720886 0.07 0.07 19 
-2.22619486172994 0.0007 0.0002 0.9999978985389074 1e-06 5e-06 0.9999959510564804 3e-06 8e-06 4.512275358835856 0.06 0.06 20 
-2.2261530367533364 0.001 0.0003 0.9999975419044494 2e-06 6e-06 0.999993993639946 3e-06 5e-06 4.512432891527812 0.06 0.06 21 
-2.2260832913716633 5e-06 5e-06 0.9999970841407776 4e-07 4e-07 0.9999890315532685 3e-07 3e-07 4.512294861475627 0.04 0.04 22 
-2.2261146895090738 0.001 0.0003 0.9999965854485829 2e-06 8e-06 0.9999951050678889 3e-06 9e-06 4.512311911582946 0.06 0.06 23 
-2.226147689819336 0.0005 0.0002 0.9999972981214523 7e-07 8e-07 0.9999954940875372 3e-06 1e-05 4.512367102305094 0.07 0.07 24 
-2.226181224187215 0.0005 0.0002 0.9999976754188538 9e-07 1e-06 0.9999952745437622 3e-06 1e-05 4.512298933664957 0.08 0.08 25 
-2.2261565589904784 0.0004 0.0002 0.9999972661336263 9e-07 2e-06 0.9999945525328319 3e-06 1e-05 4.5123286008834835 0.07 0.07 26 
-2.2261644903818767 0.0005 0.0002 0.9999975132942199 8e-07 1e-06 0.9999961284796397 3e-06 1e-05 4.512274554570516 0.07 0.07 27 
-2.2261308256785073 0.0002 0.0002 0.9999974012374878 1e-06 2e-06 0.9999902097384135 4e-06 8e-06 4.5123326222101845 0.06 0.06 28 
-2.226029125849406 0.0003 0.0002 0.9999960553646088 1e-06 3e-06 0.9999867035945257 4e-06 8e-06 4.512436424891154 0.06 0.06 29 
-2.2261253356933595 0.0006 0.0002 0.9999973005056382 1e-06 5e-06 0.9999939193328221 3e-06 7e-06 4.512362766265869 0.07 0.07 30 
-2.226174192428589 0.0006 0.0002 0.9999975542227427 1e-06 1e-06 0.9999962246417999 3e-06 1e-05 4.512334787050883 0.08 0.08 31 
-2.2260310459136963 6e-06 6e-06 0.9999970275163651 2e-07 2e-07 0.9999883256355921 2e-07 2e-07 4.51231871287028 0.04 0.04 32 
-2.22619483311971 0.0007 0.0002 0.999997705022494 8e-07 1e-06 0.9999963138500849 3e-06 2e-05 4.512177224159241 0.08 0.08 33 
-2.226087827682495 2e-05 2e-05 0.9999968594312668 6e-07 6e-07 0.9999895163377126 2e-06 2e-06 4.512300877571106 0.04 0.04 34 
-2.226116278966268 7e-05 6e-05 0.9999974713722865 7e-07 1e-06 0.9999903790156046 3e-06 4e-06 4.512246338526408 0.05 0.05 35 
-2.226191215515137 0.0007 0.0002 0.999997874101003 1e-06 4e-06 0.9999956327676773 3e-06 1e-05 4.512292874654134 0.07 0.07 36 
-2.2261787859598794 0.0004 0.0001 0.9999973750114441 8e-07 1e-06 0.9999956981341044 3e-06 1e-05 4.512237308820088 0.07 0.07 37 
-2.2261599985758465 0.0004 0.0002 0.9999971385796865 7e-07 1e-06 0.9999926696221034 4e-06 1e-05 4.512319575945536 0.07 0.07 38 
-2.226100066502889 3e-05 3e-05 0.999997284412384 7e-07 8e-07 0.9999900531768798 2e-06 3e-06 4.512285863558452 0.04 0.04 39 
-2.2261722056070963 0.0004 0.0002 0.9999974475304285 8e-07 1e-06 0.9999960052967072 3e-06 1e-05 4.512282498677572 0.07 0.07 40 
-2.2261070601145425 0.0004 0.0002 0.9999968471129735 9e-07 1e-06 0.9999955817063649 3e-06 1e-05 4.512269366582235 0.07 0.07 41 
-2.2261179892222085 0.0001 9e-05 0.9999971089760462 9e-07 1e-06 0.9999918560187022 3e-06 5e-06 4.512350317637126 0.05 0.05 42 
-2.2261473751068115 0.0006 0.0003 0.9999974524974823 2e-06 4e-06 0.9999952850739161 4e-06 7e-06 4.512419581413269 0.06 0.06 43 
-2.2260529613494873 6e-06 6e-06 0.9999969939390818 3e-07 3e-07 0.9999879030386607 3e-07 2e-07 4.512326375643412 0.04 0.04 44 
-2.2261785380045573 0.0005 0.0002 0.9999974097808202 7e-07 1e-06 0.99999582529068 3e-06 1e-05 4.512325644493103 0.07 0.07 45 
-2.226065508524577 6e-06 7e-06 0.9999968620141347 3e-07 3e-07 0.9999909869829814 3e-07 2e-07 4.512362778981527 0.04 0.04 46 
-2.2262098503112795 0.0005 0.0002 0.9999979305267334 1e-06 4e-06 0.9999959621826807 3e-06 1e-05 4.512251326243082 0.06 0.06 47 
-2.2260860538482667 8e-05 7e-05 0.9999969696998596 9e-07 1e-06 0.999991090297699 2e-06 3e-06 4.512262632052104 0.05 0.05 48 
-2.226096054712931 3e-05 3e-05 0.999997215270996 6e-07 8e-07 0.9999891885121663 2e-06 2e-06 4.512323053677877 0.04 0.04 49 
-2.226160062154134 0.0006 0.0002 0.9999973007043202 9e-07 1e-06 0.9999956196546554 3e-06 2e-05 4.51226721127828 0.08 0.08 50 
-2.226052370071411 6e-06 6e-06 0.9999969565868377 4e-07 2e-07 0.9999884533882141 3e-07 3e-07 4.512330535252889 0.04 0.04 51 
-2.2261038780212403 0.0005 0.0002 0.999996955593427 1e-06 2e-06 0.9999962854385376 3e-06 1e-05 4.512285496393839 0.08 0.08 52 
-2.226136515935262 0.0002 0.0001 0.999997697075208 1e-06 2e-06 0.9999913658698399 3e-06 6e-06 4.512280847231547 0.05 0.05 53 
-2.2260751978556317 0.0009 0.0003 0.9999963885545731 2e-06 6e-06 0.9999937150875727 3e-06 5e-06 4.512348782221476 0.05 0.05 54 
-2.2261827564239502 0.0006 0.0003 0.9999974437554677 2e-06 4e-06 0.999995238383611 3e-06 5e-06 4.512295649846394 0.06 0.06 55 
-2.226093250910441 7e-06 6e-06 0.9999971395730972 3e-07 4e-07 0.9999892902374268 3e-07 3e-07 4.51232172648112 0.04 0.04 56 
-2.226199181874593 0.0007 0.0002 0.9999979521830876 1e-06 4e-06 0.9999957615137101 3e-06 9e-06 4.512263366381327 0.06 0.06 57 
-2.226000639597575 0.0005 0.0002 0.9999958215157191 1e-06 1e-06 0.9999948507547378 4e-06 1e-05 4.512389958699544 0.08 0.08 58 
-2.226119654973348 0.0008 0.0003 0.9999969218174617 2e-06 5e-06 0.9999948497613271 3e-06 4e-06 4.512318517367045 0.05 0.05 59 
-2.2261306476593017 0.0001 9e-05 0.9999973183870315 9e-07 1e-06 0.9999921115239462 3e-06 6e-06 4.5123400163650516 0.05 0.05 60 
-2.2261105378468833 0.0001 9e-05 0.9999972971280416 9e-07 1e-06 0.9999917185306549 3e-06 5e-06 4.51228187084198 0.05 0.05 61 
-2.2260335604349772 0.0004 0.0002 0.9999959999322892 8e-07 1e-06 0.9999951473871866 3e-06 1e-05 4.512547602653504 0.07 0.07 62 
-2.2260066286722817 6e-06 7e-06 0.9999959582090377 3e-07 4e-07 0.9999851075808207 4e-07 4e-07 4.512485473950704 0.04 0.04 63 
-2.2260801060994466 1e-05 1e-05 0.999996943672498 6e-07 6e-07 0.9999889713525772 1e-06 1e-06 4.512299168904622 0.04 0.04 64 
-2.226152922312419 0.0005 0.0002 0.9999973307053248 6e-07 8e-07 0.9999959083398183 3e-06 1e-05 4.512251904805502 0.07 0.07 65 
-2.226171677907308 0.0006 0.0002 0.9999976056814194 8e-07 9e-07 0.9999960611263911 3e-06 1e-05 4.512163999875386 0.08 0.08 66 
-2.2261346848805745 0.0002 0.0001 0.9999971483151118 1e-06 2e-06 0.9999941271543503 3e-06 8e-06 4.512384715080262 0.06 0.06 67 
-2.225946585337321 3e-05 3e-05 0.9999940325816472 8e-07 9e-07 0.9999816491206487 3e-06 4e-06 4.512559561729431 0.05 0.05 68 
-2.226052672068278 2e-05 2e-05 0.9999965471029282 5e-07 7e-07 0.9999860568841299 2e-06 2e-06 4.512312178611755 0.04 0.04 69 
-2.226089712778727 0.0005 0.0002 0.9999968280394872 7e-07 9e-07 0.9999953146775563 3e-06 1e-05 4.512371694246928 0.07 0.07 70 
-2.226140521367391 0.0004 0.0002 0.9999970124165217 7e-07 1e-06 0.9999950820207596 4e-06 1e-05 4.512414196332296 0.07 0.07 71 
-2.226115271250407 0.0005 0.0002 0.9999965304136276 7e-07 1e-06 0.9999954162041346 3e-06 1e-05 4.512488047281901 0.08 0.07 72 
-2.22609824180603 0.0004 0.0002 0.9999968606233597 8e-07 1e-06 0.9999953752756119 3e-06 1e-05 4.512325798670451 0.07 0.07 73 
-2.226091343561808 0.0006 0.0002 0.9999964050451915 1e-06 1e-06 0.9999953659375509 3e-06 1e-05 4.51230909983317 0.08 0.08 74 
-2.2261144320170083 0.0003 0.0002 0.9999965888261795 1e-06 2e-06 0.9999944551785787 3e-06 1e-05 4.512528429031372 0.07 0.07 75 
-2.226087821324666 0.0004 0.0002 0.9999966438611348 9e-07 1e-06 0.9999944124619166 3e-06 1e-05 4.51233256816864 0.07 0.07 76 
-2.2260560353597003 0.0005 0.0002 0.9999955793221792 7e-07 9e-07 0.9999936415751776 3e-06 1e-05 4.512349098523458 0.07 0.07 77 
-2.2261159865061444 4e-05 4e-05 0.9999970086415608 7e-07 9e-07 0.9999923551082611 2e-06 3e-06 4.5124220975240075 0.05 0.05 78 
-2.226080748240153 0.0009 0.0003 0.9999963708718618 2e-06 5e-06 0.999994341135025 4e-06 1e-05 4.512374025980631 0.06 0.06 79 
-2.226084038416545 0.0003 0.0002 0.9999956379334132 9e-07 1e-06 0.9999952801068623 3e-06 1e-05 4.512412729263306 0.07 0.07 80 
-2.2260938358306883 0.0009 0.0003 0.9999972289800644 2e-06 6e-06 0.999994102716446 2e-06 5e-06 4.512296144167582 0.05 0.05 81 
-2.22609538714091 6e-06 6e-06 0.9999972174564997 3e-07 3e-07 0.9999918645620346 2e-07 3e-07 4.51231093565623 0.04 0.04 82 
-2.2261592451731365 0.0002 0.0001 0.999997681180636 9e-07 1e-06 0.9999953210353851 3e-06 8e-06 4.512341767946879 0.06 0.06 83 
-2.2261509323120117 0.0001 0.0001 0.9999975285927455 9e-07 2e-06 0.999992729028066 3e-06 6e-06 4.512320065498352 0.05 0.05 84 
-2.226137841542562 0.0002 0.0001 0.9999968483050664 8e-07 1e-06 0.9999944603443146 4e-06 9e-06 4.5124200852711995 0.06 0.06 85 
-2.226139357884725 0.0003 0.0002 0.9999972720940907 8e-07 1e-06 0.9999931428829829 4e-06 1e-05 4.5123265139261886 0.07 0.07 86 
-2.226056613922119 0.001 0.0004 0.9999967503547669 2e-06 6e-06 0.9999941011269887 4e-06 1e-05 4.512351565361023 0.06 0.06 87 
-2.2261315886179607 5e-06 5e-06 0.9999976271390915 2e-07 3e-07 0.9999904835224152 2e-07 3e-07 4.5122633520762125 0.03 0.03 88 
-2.226089827219645 4e-05 4e-05 0.9999970765908559 7e-07 8e-07 0.9999902059634527 2e-06 3e-06 4.51233617623647 0.05 0.05 89 
-2.22612335840861 0.0002 0.0001 0.9999974634250005 1e-06 2e-06 0.999991574883461 3e-06 6e-06 4.512296352386475 0.05 0.05 90 
-2.226109011967977 0.001 0.0004 0.9999968312184015 2e-06 8e-06 0.999994353055954 4e-06 6e-06 4.512402129173279 0.05 0.05 91 
-2.2260839780171713 0.0007 0.0002 0.9999968353907267 1e-06 1e-06 0.9999939558903376 4e-06 2e-05 4.512508023579915 0.09 0.09 92 
-2.2260670789082844 6e-06 5e-06 0.9999971262613933 4e-07 4e-07 0.9999869777758916 3e-07 4e-07 4.512305084864298 0.03 0.03 93 
-2.226069253285726 0.0003 0.0002 0.9999964578946432 8e-07 1e-06 0.9999955974022547 3e-06 1e-05 4.512465132077535 0.07 0.07 94 
-2.226192267735799 0.0007 0.0002 0.9999977614482244 1e-06 1e-06 0.9999963223934174 3e-06 2e-05 4.512153857549031 0.09 0.09 95 
-2.2261503569285073 0.0003 0.0002 0.9999972941478094 9e-07 1e-06 0.999995366136233 3e-06 1e-05 4.512313990592957 0.07 0.07 96 
-2.2261914920806887 0.0006 0.0002 0.9999977680047353 1e-06 3e-06 0.9999946421384811 4e-06 2e-05 4.512301615079244 0.09 0.09 97 
-2.22607673962911 0.0004 0.0002 0.9999962935845057 8e-07 1e-06 0.9999952004353205 3e-06 1e-05 4.5124698257446285 0.07 0.07 98 
-2.2261187585194904 0.0003 0.0002 0.9999975887934367 1e-06 3e-06 0.9999916203816732 3e-06 6e-06 4.512257358233134 0.06 0.06 99 
