-2.2246914354960126 0.005 0.001 0.9999577689170838 5e-06 2e-05 0.9999943306048711 5e-06 2e-05 4.511939369837443 0.1 0.1 24 
-2.2244388834635416 0.004 0.001 0.9999602417151133 7e-06 8e-05 0.999884252945582 1e-05 5e-05 4.497305000623067 0.1 0.1 52 
-2.223752288818359 0.02 0.003 0.9999461130301157 2e-05 0.0002 0.9999886711438497 1e-05 8e-05 4.510875442822774 0.2 0.2 61 
-2.223647486368815 0.006 0.002 0.9999796857436498 7e-06 3e-05 0.9999850676457087 6e-06 0.0001 4.511362452507019 0.2 0.2 96 
-2.221786330540975 0.06 0.002 0.9995206342140833 2e-05 4e-05 0.9999802962938944 5e-06 3e-05 4.519306406974793 0.2 0.1 56 
-2.224768514633179 0.001 0.0008 0.9999056126674016 4e-06 6e-06 0.999995789329211 3e-06 5e-06 4.513639399210612 0.09 0.09 97 
-2.225227394104004 0.004 0.001 0.9999793553352356 4e-06 1e-05 0.9999911804993947 4e-06 2e-05 4.51148916721344 0.2 0.2 50 
-2.223623514175415 0.003 0.001 0.9998680744568507 5e-06 1e-05 0.9999914677937826 4e-06 1e-05 4.5120775524775185 0.1 0.1 48 
-2.2239943663279216 0.005 0.001 0.9997554727395376 9e-06 4e-05 0.9999937860171 6e-06 4e-05 4.51777161916097 0.1 0.2 92 
-2.22450408299764 0.002 0.0009 0.9999546255668005 4e-06 8e-06 0.9999902677536011 4e-06 1e-05 4.511714291572571 0.1 0.1 71 
-2.2244174480438232 0.01 0.001 0.9999695380528768 4e-06 3e-05 0.9999610064427058 3e-05 0.0001 4.509490111668905 0.1 0.1 26 
-2.2241202131907145 0.004 0.001 0.9997583574056625 8e-06 2e-05 0.9999901413917541 3e-06 5e-06 4.517873924573262 0.1 0.1 77 
-2.224264554977417 0.003 0.001 0.9998739926020305 4e-06 2e-05 0.9999743300676346 1e-05 4e-05 4.510355935096741 0.1 0.1 40 
-2.2241381390889488 0.006 0.001 0.9999026223023733 6e-06 2e-05 0.9999808265765509 5e-06 5e-05 4.511728027661642 0.1 0.1 65 
-2.224123290379842 0.003 0.001 0.9998616844415664 8e-06 2e-05 0.9999965397516887 3e-06 1e-05 4.514148971239726 0.1 0.1 72 
-2.22454958597819 0.002 0.0008 0.9998009008169174 7e-06 1e-05 0.9999928102890651 5e-06 0.0001 4.517295015652975 0.1 0.1 91 
-2.2244614028930663 0.006 0.0009 0.999945186773936 4e-06 6e-06 0.9999854948123296 5e-06 0.0002 4.512261748313904 0.1 0.1 73 
-2.224043779373169 0.02 0.002 0.9999768267075221 7e-06 5e-05 0.9999712504943212 3e-05 0.001 4.510468422571818 0.2 0.2 64 
-2.221560560862223 0.002 0.001 0.999451110959053 1e-05 2e-05 0.9999754563967387 5e-06 1e-05 4.519480779965718 0.1 0.1 69 
-2.224622621536255 0.001 0.0008 0.9999536184469858 7e-06 1e-05 0.9999921905994416 2e-06 4e-06 4.511706921259562 0.1 0.1 90 
