-2.225442730585734 0.0002 0.0001 0.9999932167927424 2e-06 3e-06 0.9999854866663614 5e-06 7e-06 4.512352991104126 0.07 0.07 42 
-2.2255881277720135 0.0002 0.0002 0.9999947722752889 1e-06 2e-06 0.9999870403607687 7e-06 1e-05 4.512186886469523 0.07 0.07 51 
-2.225597022374471 0.0003 0.0002 0.9999940502643585 2e-06 3e-06 0.9999882717927296 7e-06 1e-05 4.512343176205953 0.08 0.08 7 
-2.22557248433431 0.0003 0.0002 0.9999940317869186 2e-06 3e-06 0.9999864149093628 8e-06 1e-05 4.512291523615519 0.08 0.08 74 
-2.2256407642364504 0.0002 0.0002 0.9999951026837031 2e-06 3e-06 0.999989013671875 6e-06 1e-05 4.512272003491719 0.07 0.07 97 
-2.225459836324056 0.0003 0.0002 0.9999927457173665 2e-06 4e-06 0.9999858949581782 5e-06 8e-06 4.512374571164449 0.07 0.07 10 
-2.225561564763387 0.0002 0.0001 0.9999942626555761 1e-06 2e-06 0.9999847847223282 7e-06 1e-05 4.512222727139791 0.07 0.07 28 
-2.2255358695983887 0.0003 0.0002 0.9999942543109258 2e-06 3e-06 0.9999854791164399 5e-06 8e-06 4.512417208353678 0.07 0.07 14 
-2.225571349461873 0.0002 0.0001 0.9999939548969269 1e-06 2e-06 0.9999847372372945 7e-06 1e-05 4.512295610109965 0.07 0.07 95 
-2.225550346374512 0.0002 0.0001 0.999994238615036 1e-06 2e-06 0.9999863004684448 6e-06 1e-05 4.512246619860331 0.07 0.07 15 
-2.225473992029826 0.0002 0.0002 0.9999936499198278 2e-06 2e-06 0.9999838081995646 8e-06 1e-05 4.512351692517599 0.08 0.08 26 
-2.225587647755941 0.0002 0.0001 0.9999941637118658 1e-06 2e-06 0.9999880240360896 6e-06 1e-05 4.512091253598531 0.07 0.08 21 
-2.2255420716603598 0.0002 0.0001 0.9999943053722382 2e-06 2e-06 0.999987223347028 6e-06 1e-05 4.512242614428202 0.08 0.08 40 
-2.22558074315389 0.0002 0.0002 0.9999943820635477 2e-06 2e-06 0.9999869441986085 7e-06 1e-05 4.512271100680033 0.07 0.07 48 
-2.225454994837443 8e-05 7e-05 0.9999936274687449 1e-06 2e-06 0.9999826204776764 3e-06 4e-06 4.512259848912557 0.07 0.07 87 
-2.225490067799886 0.0002 0.0002 0.999993366599083 2e-06 3e-06 0.9999857060114543 6e-06 1e-05 4.512148032188415 0.07 0.07 75 
-2.225419492721558 0.0002 0.0001 0.9999932338794072 2e-06 2e-06 0.9999859921137492 6e-06 1e-05 4.512407650947571 0.08 0.08 90 
-2.225460662841797 0.0002 0.0001 0.9999935138225555 2e-06 3e-06 0.9999848157167435 6e-06 8e-06 4.5122980213165285 0.07 0.07 38 
-2.2254979324340822 0.0002 0.0002 0.9999936326344808 2e-06 3e-06 0.9999868363142014 7e-06 1e-05 4.512376705805461 0.08 0.08 69 
-2.225549742380778 0.0002 0.0001 0.999995259642601 1e-06 2e-06 0.9999836001793544 5e-06 8e-06 4.512213505109151 0.07 0.07 0 
