-2.224970563252767 0.002 0.0007 0.999992265701294 3e-06 1e-05 0.9999867598215739 6e-06 2e-05 4.511431746482849 0.1 0.1 61 
-2.2252403926849365 0.004 0.001 0.9999871192375819 6e-06 4e-05 0.9999955570697785 4e-06 1e-05 4.511476918856303 0.2 0.2 77 
-2.2253494675954184 0.003 0.001 0.9999961253007253 2e-06 1e-05 0.9999845759073893 1e-05 4e-05 4.511149215698242 0.2 0.2 66 
-2.2249286429087323 0.004 0.0009 0.9999820989370346 5e-06 2e-05 0.9999931299686432 5e-06 2e-05 4.511217098236084 0.1 0.2 89 
-2.2250880718231203 0.001 0.0006 0.9999803972244262 2e-06 4e-06 0.9999955417712529 2e-06 2e-06 4.511344486872355 0.1 0.1 63 
-2.225301218032837 0.001 0.0007 0.9999967434008916 2e-06 4e-06 0.999995709657669 2e-06 2e-06 4.511596349080404 0.1 0.1 26 
-2.2249668566385905 0.001 0.0007 0.9999949451287587 2e-06 7e-06 0.9999852869908015 6e-06 9e-06 4.511197519302368 0.1 0.1 82 
-2.2247750600179037 0.002 0.001 0.9999950228134791 3e-06 7e-06 0.9999859523773194 1e-05 4e-05 4.511085940996806 0.2 0.2 33 
-2.2251724751790363 0.001 0.0005 0.9999952761332194 3e-06 6e-06 0.9999940292040507 2e-06 2e-06 4.511321147282918 0.1 0.1 70 
-2.225145705540975 0.001 0.0007 0.999992064833641 3e-06 4e-06 0.999994096159935 3e-06 6e-06 4.511550455093384 0.1 0.1 62 
-2.2248381582895913 0.002 0.0009 0.9999626713991165 3e-06 6e-06 0.9999786760409674 1e-05 2e-05 4.511473433176676 0.1 0.1 71 
-2.2248929023742674 0.005 0.001 0.9999910875161488 5e-06 1e-05 0.9999863630533219 1e-05 7e-05 4.511337925593058 0.2 0.2 34 
-2.2252067120869956 0.001 0.0007 0.9999958354234696 3e-06 7e-06 0.9999914262692133 3e-06 5e-06 4.511073519388835 0.1 0.1 93 
-2.2252344258626304 0.002 0.001 0.9999966722726822 2e-06 5e-06 0.9999877276023229 1e-05 2e-05 4.51126873811086 0.2 0.2 47 
-2.2252783457438152 0.002 0.0006 0.9999945467710495 3e-06 1e-05 0.9999931663274765 5e-06 2e-05 4.511340819994609 0.1 0.1 83 
-2.225247589747111 0.002 0.0008 0.9999933709700902 3e-06 1e-05 0.999992165962855 5e-06 7e-06 4.511306875546773 0.1 0.1 39 
-2.2253138065338134 0.001 0.0006 0.9999963635206223 2e-06 7e-06 0.9999932891130447 3e-06 5e-06 4.511477988560994 0.1 0.1 96 
-2.2252667967478432 0.001 0.0005 0.9999749968449275 2e-06 5e-06 0.9999910038709641 5e-06 1e-05 4.511719406445821 0.1 0.1 44 
-2.225099140803019 0.004 0.001 0.9999899089336395 6e-06 1e-05 0.9999927312135697 6e-06 2e-05 4.511834057172139 0.2 0.2 27 
-2.225351610183716 0.002 0.0005 0.99999613682429 2e-06 7e-06 0.9999960728486379 2e-06 6e-06 4.511371439297994 0.1 0.1 81 
