-2.2251341056823732 0.0009 0.0006 0.9999917437632878 4e-06 8e-06 0.9999912057320277 5e-06 8e-06 4.511558612187703 0.1 0.1 12 
-2.224866240819295 0.001 0.0007 0.9999806370337804 4e-06 8e-06 0.9999838064114253 6e-06 1e-05 4.51125348409017 0.1 0.1 13 
-2.224612585703532 0.005 0.002 0.9999903506040573 6e-06 2e-05 0.9999872769912084 1e-05 4e-05 4.510780011812846 0.2 0.2 14 
-2.225428326924642 0.0009 0.0003 0.9999963436524073 1e-06 3e-06 0.999994870821635 2e-06 5e-06 4.511510836283366 0.1 0.1 15 
-2.2247258472442626 0.0009 0.0006 0.9999942002693812 2e-06 4e-06 0.9999924715360006 6e-06 7e-06 4.510964239438374 0.1 0.1 16 
-2.210758934020996 0.001 0.0006 0.9999630653858185 5e-06 2e-05 0.9992203076680501 1e-05 1e-05 4.499139676094055 0.09 0.09 17 
-0.39100951035817466 0.0004 0.0003 0.8193927003939947 0.004 0.003 0.9840237961212794 0.0005 0.0005 2.4180719844500222 0.09 0.09 18 
-2.225390281677246 0.001 0.0005 0.9999769560496012 3e-06 4e-06 0.9999932040770848 5e-06 9e-06 4.511572516759236 0.1 0.1 19 
-2.2110323524475097 0.0009 0.0005 0.9999707096815109 4e-06 4e-06 0.9992297355333964 8e-06 2e-05 4.499298480351766 0.1 0.1 20 
-2.2253214168548583 0.002 0.0008 0.9999940665562947 4e-06 6e-06 0.9999937431017558 5e-06 2e-05 4.511527431805929 0.1 0.1 21 
-2.2253917853037515 0.001 0.0005 0.9999798317750295 2e-06 3e-06 0.999995483160019 3e-06 8e-06 4.511746287345886 0.1 0.1 22 
-2.224836572011312 0.003 0.001 0.9999800660212834 3e-06 7e-06 0.9999924882253011 5e-06 1e-05 4.511450886726379 0.2 0.2 23 
-0.39103901545206704 0.0003 0.0002 0.8193803519010544 0.002 0.002 0.9840177700916926 0.0004 0.0004 2.418173495133718 0.08 0.08 24 
-2.2109933789571126 0.002 0.001 0.9999878160158793 6e-06 2e-05 0.9992215685049692 2e-05 3e-05 4.499367224375407 0.1 0.1 25 
-2.225301218032837 0.001 0.0007 0.9999967434008916 2e-06 4e-06 0.999995709657669 2e-06 2e-06 4.511596349080404 0.1 0.1 26 
-2.225099140803019 0.004 0.001 0.9999899089336395 6e-06 1e-05 0.9999927312135697 6e-06 2e-05 4.511834057172139 0.2 0.2 27 
-2.2251866022745768 0.0003 0.0002 0.9999820343653361 1e-06 1e-06 0.9999934448798498 2e-06 3e-06 4.511760784784953 0.09 0.09 31 
-2.22496275583903 0.003 0.0008 0.999980909427007 4e-06 2e-05 0.9999944653113683 2e-06 7e-06 4.511402214368184 0.1 0.1 32 
-2.2247750600179037 0.002 0.001 0.9999950228134791 3e-06 7e-06 0.9999859523773194 1e-05 4e-05 4.511085940996806 0.2 0.2 33 
-2.2248929023742674 0.005 0.001 0.9999910875161488 5e-06 1e-05 0.9999863630533219 1e-05 7e-05 4.511337925593058 0.2 0.2 34 
-2.224819122950236 0.003 0.0008 0.9999907277027766 4e-06 1e-05 0.9999936234951019 5e-06 1e-05 4.511492807070415 0.1 0.1 36 
-2.224792191187541 0.002 0.0008 0.9999785085519155 3e-06 8e-06 0.9999873171250026 5e-06 8e-06 4.511263842582703 0.1 0.1 37 
-2.2253338623046877 0.0008 0.0003 0.9999960915247599 1e-06 4e-06 0.9999926799535751 2e-06 2e-06 4.511540824572245 0.1 0.1 38 
-2.225247589747111 0.002 0.0008 0.9999933709700902 3e-06 1e-05 0.999992165962855 5e-06 7e-06 4.511306875546773 0.1 0.1 39 
-2.2111856269836427 0.003 0.001 0.999989842971166 5e-06 6e-05 0.9992334963877996 6e-06 2e-05 4.499193356831868 0.2 0.2 40 
-2.2108072312672933 0.0005 0.0006 0.9999898382027944 3e-06 9e-06 0.9992255403598149 1e-05 3e-05 4.498966630299886 0.1 0.1 41 
-2.225436051686605 0.002 0.0008 0.9999951062599818 3e-06 1e-05 0.9999946963787079 4e-06 1e-05 4.511549283663432 0.1 0.1 43 
-2.2252667967478432 0.001 0.0005 0.9999749968449275 2e-06 5e-06 0.9999910038709641 5e-06 1e-05 4.511719406445821 0.1 0.1 44 
-0.3909934409459432 0.0004 0.0003 0.8194210612773896 0.003 0.003 0.9839976179599762 0.0002 0.0003 2.4185700964927674 0.09 0.09 46 
-2.2252344258626304 0.002 0.001 0.9999966722726822 2e-06 5e-06 0.9999877276023229 1e-05 2e-05 4.51126873811086 0.2 0.2 47 
-2.2253658326466876 0.002 0.0007 0.9999815450112025 3e-06 8e-06 0.9999945229291916 4e-06 1e-05 4.511330944697062 0.1 0.2 49 
-2.225273768107096 0.0004 0.0002 0.9999975768725077 6e-07 2e-06 0.9999915363391241 2e-06 4e-06 4.511288315455118 0.1 0.1 50 
-2.225128828684489 0.004 0.001 0.9999799148241679 4e-06 1e-05 0.9999909168481826 7e-06 1e-05 4.51143614133199 0.1 0.1 51 
-2.2249889341990152 0.002 0.0007 0.9999877734978994 4e-06 2e-05 0.9999907191594442 5e-06 1e-05 4.511392798423767 0.1 0.1 52 
-2.2245219326019288 0.001 0.0005 0.9999638716379802 2e-06 7e-06 0.999991665482521 5e-06 5e-06 4.5115922609965 0.1 0.1 53 
-2.2249810759226483 0.006 0.001 0.9999938690662384 4e-06 2e-05 0.9999939753611883 5e-06 9e-06 4.511156256993612 0.2 0.2 54 
-2.211081527074178 0.002 0.001 0.9999908751249313 5e-06 2e-05 0.9992264642318089 1e-05 2e-05 4.499196542104086 0.1 0.1 55 
-2.2108323129018146 0.004 0.001 0.9999716228246689 8e-06 3e-05 0.9992267787456512 1e-05 6e-05 4.499056550661723 0.2 0.2 56 
-2.225445648829142 0.001 0.0004 0.9999974972009659 2e-06 6e-06 0.9999828642606735 5e-06 1e-05 4.511596943537394 0.1 0.1 57 
-2.2250297546386717 0.003 0.0009 0.9999927906195323 4e-06 1e-05 0.9999950540065765 3e-06 9e-06 4.511379907925924 0.1 0.1 58 
-2.2252661641438802 0.002 0.0006 0.99999540468057 3e-06 8e-06 0.9999914473295212 4e-06 6e-06 4.511477111180623 0.1 0.1 59 
-2.2246387418111166 0.004 0.002 0.9999771042664846 5e-06 8e-06 0.9999937333663305 5e-06 2e-05 4.510987397829692 0.2 0.2 60 
-2.224970563252767 0.002 0.0007 0.999992265701294 3e-06 1e-05 0.9999867598215739 6e-06 2e-05 4.511431746482849 0.1 0.1 61 
-2.225145705540975 0.001 0.0007 0.999992064833641 3e-06 4e-06 0.999994096159935 3e-06 6e-06 4.511550455093384 0.1 0.1 62 
-2.2250880718231203 0.001 0.0006 0.9999803972244262 2e-06 4e-06 0.9999955417712529 2e-06 2e-06 4.511344486872355 0.1 0.1 63 
-2.2251123746236163 0.001 0.0004 0.9999921874205271 2e-06 7e-06 0.9999939503272375 2e-06 4e-06 4.511451021830241 0.1 0.1 64 
-0.3910413233439128 0.0003 0.0001 0.819433253010114 0.001 0.001 0.9840174269676208 0.0005 0.0005 2.4182958380381265 0.07 0.07 65 
-2.2253494675954184 0.003 0.001 0.9999961253007253 2e-06 1e-05 0.9999845759073893 1e-05 4e-05 4.511149215698242 0.2 0.2 66 
-2.2249568398793538 0.002 0.001 0.9999802287419637 5e-06 1e-05 0.9999872521559398 1e-05 4e-05 4.510741475423177 0.1 0.2 67 
-2.2251864274342856 0.002 0.0007 0.9999963337182999 2e-06 3e-06 0.9999928426742554 3e-06 5e-06 4.5114915641148885 0.1 0.1 68 
-2.210843858718872 0.003 0.001 0.9999885578950246 6e-06 1e-05 0.9992271894216538 9e-06 1e-05 4.499030332565308 0.1 0.1 69 
-2.2251724751790363 0.001 0.0005 0.9999952761332194 3e-06 6e-06 0.9999940292040507 2e-06 2e-06 4.511321147282918 0.1 0.1 70 
-2.2248381582895913 0.002 0.0009 0.9999626713991165 3e-06 6e-06 0.9999786760409674 1e-05 2e-05 4.511473433176676 0.1 0.1 71 
-2.2251556714375815 4e-06 4e-06 0.9999880478779475 4e-07 3e-07 0.9965445921818415 4e-06 4e-06 4.556203800837199 0.006 0.006 72 
-2.2251610787709555 0.003 0.001 0.9999936527013779 4e-06 2e-05 0.999993370572726 6e-06 3e-05 4.511067714691162 0.1 0.2 73 
-2.2252765909830727 0.001 0.0005 0.9999963043133417 2e-06 3e-06 0.9999902017911275 2e-06 2e-06 4.5115025615692135 0.08 0.08 75 
-2.2113463910420736 0.0002 0.0003 0.9999926551183065 2e-06 5e-06 0.9992306653658549 7e-06 1e-05 4.4993644094467165 0.09 0.09 76 
-2.2252403926849365 0.004 0.001 0.9999871192375819 6e-06 4e-05 0.9999955570697785 4e-06 1e-05 4.511476918856303 0.2 0.2 77 
-0.3910068082809448 0.0008 0.0003 0.8194434044758478 0.002 0.003 0.9840184285243352 0.0008 0.0009 2.4182614986101787 0.08 0.08 78 
-2.211247495015462 0.002 0.0007 0.9999901721874873 3e-06 6e-06 0.9992347011963526 4e-06 5e-06 4.4992640018463135 0.1 0.1 79 
-2.22481086730957 0.001 0.0009 0.9999955038229624 3e-06 5e-06 0.9999918033679326 8e-06 1e-05 4.51097322622935 0.1 0.1 80 
-2.225351610183716 0.002 0.0005 0.99999613682429 2e-06 7e-06 0.9999960728486379 2e-06 6e-06 4.511371439297994 0.1 0.1 81 
-2.2249668566385905 0.001 0.0007 0.9999949451287587 2e-06 7e-06 0.9999852869908015 6e-06 9e-06 4.511197519302368 0.1 0.1 82 
-2.2252783457438152 0.002 0.0006 0.9999945467710495 3e-06 1e-05 0.9999931663274765 5e-06 2e-05 4.511340819994609 0.1 0.1 83 
-2.2248848915100097 0.002 0.0009 0.9999859428405762 5e-06 7e-06 0.9999901082118352 6e-06 1e-05 4.511813491185507 0.2 0.2 85 
-2.2108283042907715 0.003 0.001 0.9999720239639283 7e-06 2e-05 0.9992274542649587 1e-05 2e-05 4.499033486048381 0.2 0.2 86 
-2.224876807530721 0.004 0.001 0.9999641265471776 6e-06 2e-05 0.9999933242797852 5e-06 2e-05 4.511425428390503 0.2 0.2 87 
-2.2201190408070883 2e-05 2e-05 0.9998446001609167 5e-07 6e-07 0.9966223780314127 7e-06 7e-06 4.552289980252584 0.02 0.02 88 
-2.2249286429087323 0.004 0.0009 0.9999820989370346 5e-06 2e-05 0.9999931299686432 5e-06 2e-05 4.511217098236084 0.1 0.2 89 
-0.3908527183532715 2e-06 1e-06 0.8194980774323145 5e-05 5e-05 0.9826538473367691 5e-05 5e-05 2.415202924410502 0.007 0.007 90 
-2.225208371480306 0.006 0.001 0.9999946240584056 4e-06 1e-05 0.9999958976109823 4e-06 2e-05 4.511806899706523 0.2 0.2 91 
-2.2250665346781413 0.002 0.0005 0.9999926873048146 3e-06 1e-05 0.9999935402472814 2e-06 4e-06 4.511441923777262 0.1 0.1 92 
-2.2252067120869956 0.001 0.0007 0.9999958354234696 3e-06 7e-06 0.9999914262692133 3e-06 5e-06 4.511073519388835 0.1 0.1 93 
-0.39102670828501385 0.0007 0.0003 0.8193813588221868 0.003 0.003 0.9840216968456904 0.0007 0.0007 2.417858085632324 0.08 0.08 94 
-2.2253138065338134 0.001 0.0006 0.9999963635206223 2e-06 7e-06 0.9999932891130447 3e-06 5e-06 4.511477988560994 0.1 0.1 96 
-2.2249994150797527 0.001 0.0008 0.9999956295887629 3e-06 7e-06 0.9999897036949793 9e-06 5e-05 4.511057960192362 0.1 0.1 97 
-2.2109065024058023 0.003 0.0009 0.9999877325693767 7e-06 1e-05 0.9992342483997345 5e-06 1e-05 4.499062008857727 0.1 0.1 98 
-2.2249404525756837 0.002 0.0007 0.999992481470108 3e-06 6e-06 0.9999927721420924 6e-06 2e-05 4.511434377034505 0.1 0.1 99 
