-2.209125067392985 0.005 0.002 0.999982316493988 8e-06 1e-05 0.9991997021436692 4e-05 0.0001 4.497498834927876 0.3 0.3 9 
-2.211082630157471 0.0003 0.0002 0.9999647599458694 7e-06 9e-06 0.9992236606280009 5e-06 5e-06 4.498767561912537 0.1 0.1 12 
-2.2247292613983154 0.005 0.001 0.9999648251136144 4e-06 1e-05 0.9999894340833028 9e-06 4e-05 4.51163623491923 0.2 0.2 14 
-2.2250317319234214 0.002 0.001 0.9999892359972 3e-06 5e-06 0.999989868402481 8e-06 1e-05 4.511439832051595 0.1 0.1 17 
-0.39094759146372476 0.0005 0.0003 0.819372267127037 0.003 0.003 0.9839805249373118 0.0005 0.0006 2.418133201599121 0.1 0.1 18 
-2.2111781628926597 0.003 0.001 0.999988312125206 7e-06 1e-05 0.9992296948035558 8e-06 2e-05 4.4991004196802775 0.2 0.2 19 
-2.224663432439168 0.005 0.001 0.9999753898382187 4e-06 1e-05 0.9999920600652694 5e-06 1e-05 4.510907375017802 0.2 0.2 20 
-2.224447104136149 0.005 0.002 0.9999615881840388 5e-06 1e-05 0.9999892415603002 8e-06 2e-05 4.5097809489568075 0.2 0.2 23 
-2.2110490290323894 0.0009 0.0007 0.9999902800718943 6e-06 2e-05 0.9992200003067653 1e-05 0.0001 4.4985328880945845 0.2 0.2 25 
-0.3906240463256836 9e-05 8e-05 0.8196818075577418 0.0003 0.0003 0.9840035619338353 0.0004 0.0004 2.419159475962321 0.07 0.07 26 
-2.2236495272318524 0.0002 0.0001 0.9999685698747635 9e-07 1e-06 0.9999684691429138 1e-06 1e-06 4.50997702439626 0.1 0.1 27 
-2.2245826371510824 0.002 0.001 0.9999663726488749 7e-06 2e-05 0.9999874474604925 8e-06 1e-05 4.5114629284540815 0.1 0.1 30 
-2.223308064142863 0.02 0.003 0.9999894046783447 9e-06 6e-05 0.9999820657571157 2e-05 7e-05 4.51020393371582 0.2 0.2 31 
-2.225092271169027 0.001 0.0007 0.9999750379721324 3e-06 8e-06 0.9999908753236135 4e-06 8e-06 4.511631328264873 0.1 0.1 32 
-2.224760897954305 0.001 0.0007 0.9999633556604386 3e-06 9e-06 0.9999884559710821 4e-06 7e-06 4.511340157190959 0.1 0.1 33 
-2.210697952906291 0.002 0.001 0.9999701406558354 5e-06 2e-05 0.9992222958803176 1e-05 2e-05 4.499219956398011 0.1 0.1 35 
-0.39085174560546876 0.001 0.0004 0.8194377642869949 0.001 0.002 0.9839866356054942 0.0007 0.0008 2.418476053873698 0.1 0.1 36 
-2.225152276357015 0.002 0.0009 0.9999744043747584 4e-06 8e-06 0.9999889359871547 7e-06 2e-05 4.5113605737686155 0.1 0.1 37 
-2.224833459854126 0.006 0.001 0.9999638738234838 4e-06 2e-05 0.9999919472138087 7e-06 3e-05 4.511414063771566 0.2 0.2 38 
-0.3907743263244629 0.0003 0.0002 0.8194428739945093 0.0008 0.0006 0.9840015679597854 0.0007 0.0007 2.4183812069892885 0.08 0.08 39 
-2.2243648274739583 0.003 0.001 0.999975620508194 5e-06 8e-06 0.999992988506953 4e-06 7e-06 4.510979207356771 0.1 0.2 40 
-2.224996557235718 0.005 0.001 0.999976722796758 3e-06 1e-05 0.9999954330921174 4e-06 1e-05 4.511457540194193 0.2 0.2 41 
-0.3910436344146728 9e-05 7e-05 0.8196189651886622 0.0008 0.0009 0.9838971958557765 0.0004 0.0004 2.419659920533498 0.03 0.03 42 
-2.224644702275594 0.003 0.001 0.9999670551220576 4e-06 1e-05 0.9999874077240626 1e-05 7e-05 4.5110942029953005 0.2 0.2 43 
-2.224381243387858 0.002 0.0007 0.9999284758170446 3e-06 5e-06 0.9999882254997889 8e-06 1e-05 4.51220052242279 0.1 0.1 44 
-2.225181570053101 0.001 0.0006 0.9999930574496587 4e-06 7e-06 0.9999878784020741 1e-05 1e-05 4.511632059415182 0.08 0.08 46 
-2.224608014424642 0.008 0.002 0.9999649127324423 5e-06 3e-05 0.9999866263071696 1e-05 8e-05 4.511989138921102 0.2 0.2 47 
-2.224870103200277 0.003 0.001 0.9999720203876495 4e-06 9e-06 0.9999946427345275 4e-06 1e-05 4.5113809839884444 0.1 0.1 48 
-0.3785300922393799 0.002 0.0003 0.8139347380399704 0.002 0.002 0.9829275588194529 0.001 0.002 2.3834341088930766 0.09 0.1 49 
-2.2248979155222575 0.003 0.001 0.9999682197968165 5e-06 4e-05 0.9999851401646932 1e-05 4e-05 4.5120467122395835 0.1 0.1 50 
-2.211008857091268 0.001 0.0007 0.9999707434574763 5e-06 3e-05 0.9992256627480189 1e-05 4e-05 4.499114387830098 0.1 0.1 51 
-0.3910488112767537 0.0002 0.0001 0.8194029055039088 0.002 0.002 0.9840240283807119 0.0004 0.0004 2.4183931398391723 0.07 0.07 52 
-2.224780658086141 0.003 0.001 0.9999746386210123 6e-06 2e-05 0.9999882755676905 9e-06 2e-05 4.5112155199050905 0.1 0.1 53 
-2.2244908809661865 0.002 0.0008 0.9999760081370671 3e-06 7e-06 0.9999847457806269 7e-06 8e-06 4.51144901116689 0.1 0.1 54 
-0.3909611527125041 0.0003 0.0002 0.8194239185253779 0.004 0.003 0.984023047486941 0.0006 0.0006 2.41834362188975 0.1 0.09 57 
-0.3909623146057129 0.0005 0.0002 0.8195066064596176 0.0008 0.001 0.984017150402069 0.0003 0.0002 2.418874820868174 0.08 0.09 58 
-2.224836695988973 0.004 0.001 0.9999499175945917 6e-06 2e-05 0.9999891024827957 9e-06 5e-05 4.511794578234355 0.2 0.2 59 
-2.2106970183054604 0.003 0.001 0.9999732212225596 6e-06 2e-05 0.9992244074741999 1e-05 2e-05 4.499044027328491 0.1 0.1 60 
-2.224837767283122 0.002 0.001 0.999977260629336 4e-06 8e-06 0.9999918510516485 7e-06 4e-05 4.511114007631938 0.1 0.1 63 
-0.3908988952636719 0.001 0.0004 0.8194379862149557 0.002 0.002 0.9840130333105723 0.0008 0.001 2.4183212264378864 0.1 0.1 65 
-2.2248839728037515 0.005 0.001 0.9999764120578766 6e-06 4e-05 0.9999921272198359 6e-06 3e-05 4.511445129712422 0.2 0.2 66 
-2.210800240834554 0.001 0.0006 0.9999704134464263 8e-06 1e-05 0.999216168920199 1e-05 2e-05 4.498992257118225 0.1 0.1 68 
-0.3847366746266683 4e-05 4e-05 0.8189927564064662 0.0001 0.0001 0.9898364043235779 0.0001 0.0001 2.318744348684947 0.007 0.007 69 
-2.224618631998698 0.003 0.001 0.9999735043446223 4e-06 8e-06 0.9999896524349848 8e-06 2e-05 4.511263534228007 0.1 0.1 72 
-0.39040115356445315 0.001 0.0004 0.8204714447259903 0.003 0.003 0.9848987366755804 0.0006 0.0008 2.4121405029296876 0.08 0.08 74 
-2.224741497039795 0.002 0.001 0.9999590289592742 5e-06 6e-06 0.9999877252181371 6e-06 1e-05 4.511847683588663 0.1 0.1 75 
-2.224942407608032 0.002 0.0009 0.9999713506301244 3e-06 6e-06 0.9999858697255453 8e-06 1e-05 4.51159118493398 0.1 0.1 76 
-2.210171864827474 7e-05 7e-05 0.9999462179342906 2e-06 2e-06 0.9992262776692709 4e-06 4e-06 4.499166150093078 0.09 0.09 79 
-2.2106602573394776 0.005 0.002 0.9999631810188293 7e-06 2e-05 0.9992200920979182 2e-05 7e-05 4.498575763702393 0.2 0.2 80 
-2.22487774848938 0.004 0.001 0.9999885249137879 4e-06 2e-05 0.9999766643842062 2e-05 6e-05 4.5120530525843305 0.2 0.2 81 
-2.2250114409128825 0.0004 0.0004 0.9999811599651972 3e-06 2e-06 0.9999904350439708 8e-06 1e-05 4.51108319123586 0.1 0.1 82 
-2.224584379196167 0.007 0.002 0.9999545892079671 6e-06 1e-05 0.9999886765082677 7e-06 6e-05 4.511376687685648 0.2 0.2 83 
-2.2246684551239015 0.0007 0.0005 0.9999723070859909 2e-06 3e-06 0.9999901066223781 7e-06 1e-05 4.511307420730591 0.09 0.09 84 
-2.224549290339152 0.005 0.001 0.9999590269724528 6e-06 7e-05 0.9999857447544733 1e-05 4e-05 4.511119694709778 0.1 0.2 86 
-2.224701534907023 0.002 0.0009 0.9999631754557292 4e-06 6e-06 0.9999917219082515 4e-06 9e-06 4.511554703712464 0.1 0.1 87 
-2.224489647547404 0.002 0.0009 0.9999673289060592 4e-06 1e-05 0.9999690202871958 2e-05 4e-05 4.51163462638855 0.1 0.1 89 
-2.2107640965779622 0.007 0.001 0.9999647464354833 5e-06 1e-05 0.9992071151733398 3e-05 0.0002 4.499770220120748 0.2 0.2 91 
-2.211127780278524 0.001 0.0007 0.9999921677509943 5e-06 2e-05 0.9992245284716288 8e-06 1e-05 4.499255355199178 0.1 0.1 92 
-0.39091406027475994 0.0004 0.0002 0.8195283393065135 0.001 0.0009 0.983993979692459 0.0005 0.0006 2.4188938315709434 0.07 0.08 93 
-2.2250070508321125 0.002 0.0005 0.9999704680840175 3e-06 7e-06 0.9999941043059031 3e-06 1e-05 4.5119539753595985 0.1 0.1 96 
-2.2249930985768636 0.001 0.0005 0.9999791940053304 2e-06 4e-06 0.999991910258929 3e-06 6e-06 4.511649603843689 0.1 0.1 97 
-2.224916957219442 0.003 0.001 0.9999777728319168 4e-06 3e-05 0.9999824325243633 2e-05 8e-05 4.511267900466919 0.1 0.2 98 
-2.224583444595337 0.003 0.001 0.999945598244667 5e-06 9e-06 0.9999912230173746 7e-06 2e-05 4.511293063163757 0.1 0.1 99 
