-2.224599930445353 0.002 0.0007 0.9999898960192998 5e-06 1e-05 0.999988071123759 1e-05 2e-05 4.511535401344299 0.09 0.09 84 
-2.223399788538615 0.002 0.001 0.9999754585822423 1e-05 2e-05 0.9999671995639801 3e-05 0.0002 4.5114131975173954 0.1 0.1 48 
-2.226130180358887 0.0005 0.0002 0.9999914366006851 1e-06 2e-06 0.9999978601932525 4e-07 6e-07 4.512409631411234 0.06 0.06 61 
-2.22359458287557 0.003 0.002 0.9999815895160039 1e-05 2e-05 0.9999653887748718 3e-05 0.0001 4.511151804924011 0.1 0.1 85 
-2.226097888946533 5e-05 5e-05 0.9999911594390869 1e-06 1e-06 0.999997478723526 1e-06 2e-06 4.512427048683167 0.07 0.07 75 
-2.2261429500579832 3e-05 4e-05 0.9999860062201817 2e-06 2e-06 0.9999969766537349 8e-07 7e-07 4.5125371328989665 0.06 0.06 17 
-2.2261313597361245 1e-05 2e-05 0.9999899442990621 1e-06 1e-06 0.9999973227580389 2e-07 3e-07 4.5126253684361775 0.07 0.07 94 
-2.226128667195638 0.002 0.0002 0.9999929976463318 2e-06 2e-06 0.9999974538882573 6e-07 2e-06 4.512398273150126 0.07 0.07 16 
-2.2262673505147297 4e-05 4e-05 0.9999969039360682 4e-07 4e-07 0.9999985128641129 2e-07 3e-07 4.512262614568074 0.04 0.04 66 
-2.2259720166524253 4e-05 3e-05 0.9999906039237976 1e-06 1e-06 0.999997360110283 3e-07 2e-07 4.512480454444885 0.08 0.08 0 
-2.2247745672861736 0.0008 0.0004 0.9999859986702601 4e-06 9e-06 0.9999911961952845 7e-06 2e-05 4.512111593882243 0.1 0.1 31 
-2.2262118371327717 0.0003 0.0002 0.9999924377600352 3e-06 7e-06 0.9999973225593567 2e-06 5e-06 4.51243093808492 0.07 0.07 69 
-2.226175988515218 0.0003 0.0002 0.9999932763973872 2e-06 5e-06 0.9999975478649139 2e-06 3e-06 4.512372991243998 0.06 0.06 47 
-2.2243783410390217 0.002 0.001 0.9999829959869385 9e-06 1e-05 0.9999787265062332 2e-05 0.0001 4.511702381769816 0.1 0.1 82 
-2.2253487428029377 0.001 0.0005 0.9999919422467549 4e-06 8e-06 0.9999893804391226 9e-06 2e-05 4.511964995066325 0.08 0.08 29 
-2.2260419019063313 0.0002 0.0001 0.9999934593836467 7e-07 8e-07 0.9999979617198308 4e-07 9e-07 4.51214359442393 0.06 0.06 86 
-2.2225051561991376 0.002 0.001 0.9999701344966888 1e-05 2e-05 0.9999558198451995 4e-05 0.0002 4.510739417076111 0.1 0.1 8 
-2.223220313390096 0.004 0.002 0.999980794986089 9e-06 1e-05 0.9999553847312928 4e-05 0.0001 4.510893034934997 0.08 0.08 54 
-2.2251844882965086 0.0008 0.0006 0.9999784262975057 1e-05 5e-05 0.9999868534008662 1e-05 2e-05 4.512421518961588 0.1 0.1 39 
-2.223651959101359 0.004 0.001 0.9999756526947021 1e-05 2e-05 0.9999711745977402 3e-05 0.0002 4.511513120333354 0.1 0.1 57 
