-1.684605515797933 4e-05 4e-05 0.9937065275510152 0.0002 0.0002 0.9616494818528494 0.0004 0.0004 4.04176118850708 0.04 0.04 0 
-2.1055728435516357 0.002 0.001 0.9995915408929189 6e-05 7e-05 0.9939710607131322 0.0003 0.0004 4.436651587486267 0.1 0.1 1 
-2.214412523905436 0.0002 0.0001 0.9999515608946482 5e-06 6e-06 0.9999491608142853 1e-05 1e-05 4.505437199274699 0.06 0.06 2 
-2.098054275512695 0.002 0.0009 0.9994440668821335 6e-05 6e-05 0.9938622359434763 0.0003 0.0003 4.427278051376343 0.1 0.1 3 
-2.223877712885539 0.007 0.002 0.9999732488393783 8e-06 3e-05 0.9999834777911504 1e-05 8e-05 4.511731700897217 0.2 0.2 4 
-2.2144263490041096 0.0002 0.0001 0.9999482158819835 5e-06 6e-06 0.9999506372213364 1e-05 1e-05 4.505552164713541 0.06 0.05 5 
-2.097774340311686 0.002 0.0009 0.9994109710057576 6e-05 6e-05 0.9938614056507746 0.0003 0.0003 4.429547360738119 0.1 0.1 6 
-2.105670588811239 0.002 0.001 0.9996002322435379 6e-05 6e-05 0.9939714898665746 0.0003 0.0004 4.435847978591919 0.1 0.1 7 
-2.0995688978830973 0.002 0.0009 0.9994938401381175 6e-05 6e-05 0.9938879106442133 0.0003 0.0004 4.427719190915425 0.1 0.1 8 
-2.214065729777018 7e-05 7e-05 0.9998836588859558 3e-06 3e-06 0.9999479341506958 1e-05 1e-05 4.507868102391561 0.04 0.04 9 
-2.2153412183125814 0.005 0.002 0.999886952439944 1e-05 2e-05 0.9999677513043086 2e-05 0.0001 4.502008616129557 0.2 0.2 10 
-2.210752182006836 7e-05 7e-05 0.9995765481392542 3e-07 3e-07 0.9999417970577876 1e-05 1e-05 4.511453377405802 0.04 0.04 11 
-2.214314053853353 0.0002 0.0002 0.9999273147185643 5e-06 6e-06 0.9999497085809708 1e-05 1e-05 4.5063774188359575 0.05 0.05 12 
-2.214481840133667 0.0005 0.0004 0.999948027531306 6e-06 1e-05 0.9999473865826924 1e-05 1e-05 4.505493795077006 0.06 0.06 13 
-2.221354192097982 0.0002 0.0003 0.9998945399125417 2e-06 2e-06 0.999954401453336 7e-06 7e-06 4.513500989278158 0.09 0.09 14 
-1.6848580328623455 4e-05 4e-05 0.9936888035138448 0.0002 0.0002 0.9616517136494319 0.0004 0.0004 4.041183004379272 0.04 0.04 15 
-2.099567124048869 0.002 0.0009 0.9994960548480352 6e-05 6e-05 0.9938880111773809 0.0003 0.0004 4.427610298792521 0.1 0.1 16 
-2.2143831316630047 0.0005 0.0004 0.9999317793051402 6e-06 9e-06 0.9999473321437836 1e-05 1e-05 4.505793854395549 0.07 0.07 17 
-1.6846057637532552 4e-05 4e-05 0.9937065587441126 0.0002 0.0002 0.9616495464245478 0.0004 0.0004 4.041763173739115 0.04 0.04 18 
-2.203822272618612 7e-05 7e-05 0.9996017760038376 3e-06 3e-06 0.9999338473876317 1e-05 1e-05 4.502309087117513 0.04 0.04 19 
-2.214052438735962 9e-05 9e-05 0.9998796335856119 3e-06 4e-06 0.9999479842185974 1e-05 1e-05 4.507931148211162 0.04 0.04 20 
-2.1058417320251466 0.003 0.001 0.9996022401253383 6e-05 8e-05 0.9939904634157817 0.0003 0.0004 4.435952943166097 0.1 0.1 21 
-2.105337375005086 0.002 0.0009 0.9995683743556341 6e-05 6e-05 0.993968133131663 0.0003 0.0004 4.4369752438863115 0.1 0.1 22 
-2.2141795444488523 0.0001 0.0001 0.9999112065633138 4e-06 5e-06 0.999949302872022 1e-05 1e-05 4.506634375254313 0.05 0.05 23 
-2.214349816640218 0.0005 0.0004 0.9999269630511601 6e-06 9e-06 0.999947123726209 1e-05 1e-05 4.506296480496724 0.06 0.06 24 
-2.1052973651885987 0.002 0.001 0.999561127225558 6e-05 7e-05 0.9939696578184763 0.0003 0.0004 4.438883315722148 0.1 0.1 25 
-2.0994767888387043 0.002 0.0009 0.9994883539279302 6e-05 6e-05 0.9938880014419555 0.0003 0.0004 4.428544216156006 0.1 0.1 26 
-2.21242982228597 0.0002 0.0002 0.9996762307484944 2e-06 3e-06 0.9999445819854736 1e-05 1e-05 4.511528538068135 0.04 0.04 27 
-2.04250239054362 0.0008 0.0005 0.9989133683840433 8e-05 8e-05 0.9909404983123143 0.0005 0.0005 4.413393416404724 0.08 0.08 28 
-2.095337711970011 0.002 0.0009 0.9990866468350093 5e-05 5e-05 0.9938521939516067 0.0003 0.0003 4.439615470568339 0.1 0.1 29 
-2.0421645259857177 0.0008 0.0005 0.998895364801089 8e-05 9e-05 0.9909353748957316 0.0005 0.0005 4.41539676507314 0.08 0.08 30 
-2.2130017121632894 7e-05 7e-05 0.9999088507890701 5e-06 5e-06 0.9999485095342 1e-05 1e-05 4.504426013628642 0.04 0.04 31 
-2.105035794576009 0.002 0.0009 0.9995288952191671 6e-05 6e-05 0.9939671484629313 0.0003 0.0004 4.439204381306966 0.1 0.09 32 
-2.214232187271118 7e-05 7e-05 0.9999268478155137 4e-06 4e-06 0.9999488506714503 1e-05 1e-05 4.506320325533549 0.04 0.04 33 
-2.103382666905721 0.002 0.0009 0.9995352894067764 6e-05 6e-05 0.9939493989944458 0.0003 0.0004 4.434606946309407 0.1 0.1 34 
-2.214426635106405 0.0002 0.0002 0.9999517097075781 5e-06 7e-06 0.9999498436848323 1e-05 1e-05 4.505453791618347 0.06 0.06 35 
-2.214411923090617 0.0001 0.0001 0.999953207373619 5e-06 6e-06 0.9999496076504389 1e-05 1e-05 4.505166400273641 0.06 0.06 36 
-2.2140704854329427 7e-05 7e-05 0.9998836376269659 3e-06 3e-06 0.9999480678637822 1e-05 1e-05 4.5078722095489505 0.04 0.04 37 
-2.105532423655192 0.002 0.001 0.9995883174737294 6e-05 6e-05 0.9939703808228175 0.0003 0.0004 4.436561584472656 0.1 0.1 38 
-2.0978543440500896 0.002 0.0008 0.9994282714525858 6e-05 6e-05 0.9938618634144465 0.0003 0.0003 4.427674914995829 0.1 0.1 39 
-2.1053836727142334 0.002 0.001 0.9995727582772573 6e-05 6e-05 0.9939687740802765 0.0003 0.0004 4.437008228302002 0.1 0.1 40 
-2.2141956170399983 0.0001 0.0001 0.9999113659063975 4e-06 5e-06 0.9999493618806203 1e-05 1e-05 4.506627205212911 0.05 0.05 41 
-2.2143282826741535 0.0001 0.0001 0.9999304815133413 4e-06 5e-06 0.9999495496352514 1e-05 1e-05 4.506347258885701 0.05 0.05 42 
-2.2136408456166587 0.0002 0.0002 0.9997737310330073 2e-06 3e-06 0.999946692387263 1e-05 1e-05 4.510957434972127 0.05 0.05 43 
-2.0960165150960286 0.002 0.0008 0.9992302783330281 5e-05 6e-05 0.9938554412126541 0.0003 0.0003 4.433385540644328 0.1 0.1 44 
-1.6873631223042806 3e-05 3e-05 0.9939123475551606 0.0002 0.0002 0.9617737470070521 0.0004 0.0004 4.0460544125239055 0.04 0.04 45 
-2.105328763326009 0.002 0.001 0.9995613312721252 6e-05 6e-05 0.9939704370498658 0.0003 0.0004 4.438966190020244 0.1 0.1 46 
-1.6358032035827637 4e-05 4e-05 0.9918716835975647 0.0002 0.0002 0.9593985460201899 0.0005 0.0005 4.023514451980591 0.04 0.04 47 
-2.2143015098571777 0.0002 0.0002 0.9999269157648086 5e-06 7e-06 0.9999501683314641 1e-05 1e-05 4.506369797388713 0.06 0.06 48 
-2.2110508823394777 7e-05 6e-05 0.999639983177185 1e-06 9e-07 0.9999428377548853 1e-05 1e-05 4.510371088981628 0.04 0.04 49 
-2.1050245062510173 0.002 0.0009 0.9995288944244385 6e-05 6e-05 0.993967491388321 0.0003 0.0004 4.439072802861531 0.1 0.1 50 
-2.214403200149536 0.0002 0.0002 0.9999480787913004 5e-06 7e-06 0.9999493181705474 1e-05 1e-05 4.505589880943298 0.06 0.06 51 
-2.1019467449188234 0.002 0.0009 0.9994136854012807 6e-05 6e-05 0.9939469661315282 0.0003 0.0004 4.436985692977905 0.1 0.1 52 
-2.2143931420644125 9e-05 8e-05 0.9999533438682556 5e-06 5e-06 0.9999496153990428 1e-05 1e-05 4.505199697812398 0.05 0.05 53 
-2.214278469085693 0.0001 0.0001 0.9999271943171819 4e-06 5e-06 0.9999497542778651 1e-05 1e-05 4.50634935537974 0.05 0.05 54 
-2.2143991883595784 0.0001 8e-05 0.9999514112869898 5e-06 5e-06 0.9999498351414998 1e-05 1e-05 4.505477571487427 0.05 0.05 55 
-2.214265292485555 0.0002 0.0001 0.9999272127946218 5e-06 6e-06 0.9999488266309102 1e-05 1e-05 4.506344857215882 0.06 0.06 56 
-2.2144349892934163 0.0002 0.0002 0.9999499475955963 5e-06 8e-06 0.9999498174587885 1e-05 1e-05 4.505523727734883 0.06 0.06 57 
-2.105200700759888 0.003 0.001 0.9995309400558472 6e-05 6e-05 0.9939874253670374 0.0003 0.0004 4.439141815503438 0.1 0.1 58 
-2.105241632461548 0.002 0.0009 0.9995563785235088 6e-05 6e-05 0.9939672301212946 0.0003 0.0004 4.438764313062032 0.1 0.09 59 
-2.2140924803415936 0.0001 8e-05 0.9998836326599121 3e-06 3e-06 0.9999480624993642 1e-05 1e-05 4.507893120447795 0.05 0.05 60 
-2.2144501845041913 0.0002 0.0002 0.9999482015768687 5e-06 7e-06 0.9999504874149958 1e-05 1e-05 4.505558180809021 0.06 0.06 61 
-2.041135015487671 0.0008 0.0005 0.9987980063756307 8e-05 8e-05 0.9909315147002538 0.0005 0.0005 4.421632779439291 0.08 0.08 62 
-2.1057137711842855 0.003 0.001 0.9995892232656479 6e-05 6e-05 0.9939893168210984 0.0003 0.0004 4.436026372909546 0.1 0.1 63 
-2.1055191548665366 0.002 0.0009 0.9995909378925959 6e-05 6e-05 0.9939688487847647 0.0003 0.0004 4.436729261080424 0.1 0.1 64 
-2.042492707570394 0.0008 0.0005 0.9989163676897684 7e-05 8e-05 0.9909360647201538 0.0005 0.0005 4.413267629941305 0.09 0.09 65 
-2.0980726782480876 0.002 0.0009 0.9993217796087265 6e-05 6e-05 0.9938820664087932 0.0003 0.0004 4.434430327415466 0.1 0.1 66 
-2.2141894404093425 0.0003 0.0003 0.9998842326800028 5e-06 8e-06 0.9999495647350947 1e-05 1e-05 4.508005625406901 0.06 0.06 67 
-2.0447976716359455 0.0008 0.0005 0.998947548866272 8e-05 8e-05 0.9910391253232956 0.0005 0.0005 4.419075465202331 0.08 0.08 68 
-2.213703676859538 0.0005 0.0004 0.9997737747430802 4e-06 6e-06 0.999943958123525 1e-05 1e-05 4.510840559005738 0.06 0.06 69 
-2.1052282524108885 0.002 0.0009 0.9995563348134359 6e-05 6e-05 0.9939677794774373 0.0003 0.0004 4.438865809440613 0.1 0.1 70 
-2.0409506924947105 0.0008 0.0005 0.9988515543937683 8e-05 8e-05 0.9908993872006734 0.0005 0.0005 4.4144023402531944 0.08 0.08 71 
-2.1044210243225097 0.002 0.001 0.999438106417656 6e-05 7e-05 0.9939661294221878 0.0003 0.0004 4.442626182238261 0.1 0.1 72 
-2.0398686218261717 0.0008 0.0005 0.9987438738346099 7e-05 8e-05 0.9908947479724884 0.0005 0.0005 4.420712300936381 0.08 0.08 73 
-2.2143800036112467 0.0001 9e-05 0.9999496473868688 5e-06 5e-06 0.9999497467279435 1e-05 1e-05 4.50549564520518 0.05 0.05 74 
-2.1055388196309406 0.002 0.0009 0.999591366648674 6e-05 6e-05 0.9939698753754298 0.0003 0.0004 4.436914277076721 0.1 0.1 75 
-2.105609292984009 0.002 0.0009 0.9995994685093562 6e-05 6e-05 0.993969618678093 0.0003 0.0004 4.4357066265741985 0.1 0.1 76 
-2.0996189721425376 0.002 0.0009 0.9994966463247935 6e-05 7e-05 0.9938909641901652 0.0003 0.0004 4.427731776237488 0.1 0.1 77 
-2.21436009089152 0.0001 0.0001 0.999947956999143 5e-06 5e-06 0.9999489033222199 1e-05 1e-05 4.505561868349711 0.05 0.05 78 
-1.635807876586914 4e-05 4e-05 0.991871889034907 0.0002 0.0002 0.9593986556927363 0.0005 0.0005 4.023520163695017 0.04 0.04 79 
-2.2145387840271 0.001 0.0007 0.9999278684457144 8e-06 2e-05 0.9999526906013488 1e-05 2e-05 4.506454420089722 0.08 0.08 80 
-2.1049117342631023 0.003 0.001 0.9994783010085424 6e-05 6e-05 0.9939865203698476 0.0003 0.0004 4.442639670372009 0.1 0.1 81 
-2.214383471806844 0.0002 0.0001 0.9999480322996775 5e-06 7e-06 0.9999498689174652 1e-05 1e-05 4.505531147321065 0.06 0.06 82 
-2.2210154215494793 0.0001 0.0001 0.9999368494749069 7e-07 1e-06 0.999945729970932 7e-06 6e-06 4.511612091064453 0.09 0.09 83 
-2.099601230621338 0.002 0.0009 0.9994993487993876 6e-05 6e-05 0.9938880876700084 0.0003 0.0004 4.427698828379313 0.1 0.1 84 
-2.2140731684366863 0.0002 0.0002 0.9998796977599462 4e-06 5e-06 0.9999483720461527 1e-05 1e-05 4.507935570081075 0.05 0.05 85 
-2.2153623930613198 0.009 0.002 0.9998826984564463 1e-05 4e-05 0.9999678953488668 2e-05 0.0001 4.50235642751058 0.2 0.2 86 
-2.04245867729187 0.0008 0.0005 0.9989183717966079 8e-05 8e-05 0.9909407943487167 0.0005 0.0005 4.414011014302572 0.09 0.09 87 
-2.2143418757120767 0.0001 0.0001 0.9999355075756708 4e-06 5e-06 0.999949609041214 1e-05 1e-05 4.506233530044556 0.05 0.05 88 
-2.214032856623332 8e-05 7e-05 0.9998795064290364 3e-06 3e-06 0.9999478642145793 1e-05 1e-05 4.507918955485026 0.04 0.04 89 
-2.104310474395752 0.003 0.001 0.9994237784544627 6e-05 6e-05 0.9939853900671005 0.0003 0.0004 4.443149927457173 0.1 0.1 90 
-2.105408178965251 0.002 0.001 0.9995729239781698 6e-05 7e-05 0.9939700206120808 0.0003 0.0004 4.437090442975362 0.1 0.1 91 
-2.2140448029836017 8e-05 7e-05 0.9998795914649964 3e-06 3e-06 0.9999478554725647 1e-05 1e-05 4.5079270029068 0.04 0.04 92 
-2.210528402328491 6e-05 6e-05 0.9994537842273712 3e-06 3e-06 0.9999390041828156 1e-05 1e-05 4.515493375460307 0.04 0.04 93 
-2.214076592127482 0.0002 0.0002 0.9998796874284744 3e-06 5e-06 0.9999487626552582 1e-05 1e-05 4.5079613129297895 0.04 0.04 94 
-2.1058762296040854 0.003 0.001 0.9996049741903941 6e-05 7e-05 0.9939902428785959 0.0003 0.0004 4.435295042991638 0.1 0.1 95 
-1.6842145760854086 4e-05 4e-05 0.9938707812627157 0.0002 0.0002 0.9616490366061529 0.0004 0.0004 4.045212712287903 0.04 0.04 96 
-2.214231189092 0.0005 0.0004 0.999884175658226 5e-06 8e-06 0.9999464116493861 1e-05 1e-05 4.507833677927653 0.06 0.06 97 
-1.6847171052296956 4e-05 4e-05 0.9937204498052598 0.0002 0.0002 0.9616512759526571 0.0004 0.0004 4.042060894966125 0.04 0.04 98 
-2.1056571356455485 0.002 0.001 0.9996030553181966 6e-05 6e-05 0.9939707142114639 0.0003 0.0004 4.435506412188212 0.1 0.1 99 
