-2.225676555633545 0.0007 0.0004 0.9999963003396988 1e-06 3e-06 0.9999858572085698 9e-06 3e-05 4.512078286806743 0.1 0.1 131 
-2.2256571197509767 0.0004 0.0003 0.9999961537122727 2e-06 3e-06 0.9999860229094824 8e-06 2e-05 4.512061778704325 0.09 0.09 133 
-2.225678367614746 0.0009 0.0004 0.9999963676929474 1e-06 3e-06 0.9999860511223475 1e-05 4e-05 4.512018060684204 0.1 0.1 115 
-2.2256688435872394 0.0005 0.0004 0.9999961707989374 2e-06 3e-06 0.9999860310554505 9e-06 2e-05 4.511943488121033 0.09 0.1 120 
-2.2256965605417887 0.0005 0.0003 0.9999963301420212 2e-06 3e-06 0.9999873014291127 8e-06 2e-05 4.51196925163269 0.09 0.09 36 
-2.2256861845652263 0.0006 0.0004 0.9999963905413946 2e-06 3e-06 0.9999859766165415 9e-06 3e-05 4.5119565455118815 0.1 0.1 46 
-2.225664660135905 0.0004 0.0003 0.9999962818622589 2e-06 3e-06 0.9999863090117772 8e-06 2e-05 4.51203266620636 0.09 0.09 135 
-2.2256690406799318 0.0005 0.0004 0.9999959170818329 2e-06 3e-06 0.9999865398804346 9e-06 2e-05 4.512042535146078 0.1 0.1 30 
-2.2257720534006755 0.001 0.0004 0.9999966778357824 2e-06 3e-06 0.9999884176254272 8e-06 3e-05 4.511816374460856 0.1 0.1 80 
-2.2256831137339272 0.0004 0.0003 0.9999962468942006 2e-06 3e-06 0.9999866569042206 8e-06 2e-05 4.512001204490661 0.09 0.09 86 
-2.225676561991374 0.0005 0.0003 0.999996280670166 2e-06 3e-06 0.9999858093261719 8e-06 2e-05 4.511911838849386 0.09 0.09 44 
-2.2257993443806967 0.001 0.0005 0.9999970922867457 2e-06 7e-06 0.9999846732616424 9e-06 4e-05 4.511928056081136 0.1 0.1 62 
-2.2257045904795327 0.001 0.0004 0.9999962550401688 2e-06 3e-06 0.9999856064716975 9e-06 4e-05 4.5118266932169595 0.1 0.1 23 
-2.225657358169556 0.0004 0.0003 0.9999961783488591 2e-06 4e-06 0.9999865488211314 8e-06 2e-05 4.512017987569173 0.09 0.09 20 
-2.2256618690490724 0.0004 0.0003 0.9999961147705714 2e-06 3e-06 0.9999869362513224 8e-06 2e-05 4.511971084276835 0.09 0.09 122 
-2.22570715268453 0.0008 0.0004 0.9999962695439657 2e-06 3e-06 0.9999872080485026 9e-06 3e-05 4.51212265809377 0.1 0.1 98 
-2.2257342020670574 0.001 0.0004 0.9999964348475139 1e-06 2e-06 0.999986449678739 9e-06 4e-05 4.511905771891276 0.1 0.1 111 
-2.2256382497151694 0.0003 0.0002 0.9999957374731699 2e-06 3e-06 0.9999872930844624 7e-06 1e-05 4.511973284085592 0.08 0.08 63 
-2.2256920242309572 0.0005 0.0003 0.9999962049722672 2e-06 3e-06 0.9999861820538839 9e-06 2e-05 4.512006246248881 0.09 0.09 123 
-2.225668830871582 0.0005 0.0003 0.999996291399002 2e-06 4e-06 0.9999855732917786 9e-06 2e-05 4.512051380475362 0.1 0.1 67 
