-2.225171194076538 0.0006 0.0005 0.9999892667929331 7e-06 8e-06 0.9999867163101832 8e-06 9e-06 4.5110983514785765 0.06 0.06 63 
-2.2244152577718097 0.0008 0.0007 0.9999885253111521 1e-05 1e-05 0.9999699173370997 2e-05 3e-05 4.510615240732829 0.1 0.1 3 
-2.2250319004058836 0.005 0.001 0.999987718462944 1e-05 4e-05 0.9999839192628861 1e-05 6e-05 4.5113432153066 0.1 0.1 114 
-2.225299037297567 0.001 0.0007 0.9999930385748546 3e-06 6e-06 0.999982413649559 9e-06 2e-05 4.511644379297892 0.09 0.08 41 
-2.2240376567840574 0.001 0.001 0.9999783597389857 1e-05 2e-05 0.9999763480822246 1e-05 2e-05 4.511248057683309 0.09 0.08 8 
-2.2246949450174967 0.0007 0.0006 0.999989504814148 9e-06 9e-06 0.9999724970261256 2e-05 2e-05 4.510840644836426 0.07 0.07 85 
-2.2245421981811524 0.0007 0.0007 0.9999885372320811 9e-06 1e-05 0.9999726404746373 2e-05 2e-05 4.510792916615804 0.08 0.08 34 
-2.2244413534800214 0.0007 0.0006 0.9999876221021017 8e-06 8e-06 0.9999695815642675 2e-05 2e-05 4.510798672040304 0.09 0.09 96 
-2.2243672021230063 0.0007 0.0006 0.9999869243303935 9e-06 1e-05 0.9999673251310984 2e-05 3e-05 4.5108653291066485 0.09 0.09 97 
-2.2243263498942056 0.0009 0.0008 0.9999863598744074 1e-05 1e-05 0.9999709075689316 2e-05 2e-05 4.511101026535034 0.08 0.08 82 
-2.2245107809702556 0.0008 0.0008 0.9999873938163122 1e-05 1e-05 0.9999736257394155 2e-05 2e-05 4.510993081728618 0.08 0.08 91 
-2.224459285736084 0.0009 0.0008 0.9999870095650355 1e-05 1e-05 0.999975217183431 2e-05 2e-05 4.510764468510946 0.08 0.08 128 
-2.225375496546427 0.0006 0.0003 0.9999929670492808 3e-06 4e-06 0.9999783229827881 8e-06 1e-05 4.511867017745971 0.06 0.07 32 
-2.22452130317688 0.0008 0.0008 0.9999894434213639 8e-06 9e-06 0.9999737318356832 2e-05 2e-05 4.510904288291931 0.08 0.08 118 
-2.2250810559590657 0.0008 0.0006 0.9999899719158808 5e-06 7e-06 0.9999794069925944 9e-06 1e-05 4.511311655044556 0.08 0.07 101 
-2.22480637550354 0.0008 0.0007 0.9999904032548269 7e-06 8e-06 0.9999818315108617 1e-05 1e-05 4.5110899464289345 0.08 0.08 0 
-2.2244691181182863 0.0006 0.0006 0.9999883854389191 8e-06 9e-06 0.9999696765343348 2e-05 2e-05 4.510720276832581 0.09 0.09 68 
-2.2242107168833414 0.0009 0.0009 0.9999850624799729 1e-05 1e-05 0.9999701970815659 2e-05 2e-05 4.510577171643575 0.1 0.09 73 
-2.2232371012369794 0.001 0.001 0.9999661161502202 1e-05 2e-05 0.9999533532063166 2e-05 2e-05 4.510171154340108 0.1 0.1 94 
-2.2246273390452065 0.0007 0.0007 0.9999899077415466 8e-06 9e-06 0.9999742885430654 2e-05 2e-05 4.510967189470927 0.08 0.08 5 
