-2.223699499766032 0.004 0.001 0.9995789295434951 8e-06 3e-05 0.9999916245539983 7e-06 4e-05 4.522084738413493 0.2 0.2 12 
-0.39023947397867836 0.0005 0.0001 0.8217699946959813 0.001 0.002 0.9840065362056096 0.0005 0.0005 2.426545327504476 0.05 0.06 16 
-2.224988816579183 0.006 0.001 0.999956957300504 6e-06 5e-05 0.9999893269936244 8e-06 3e-05 4.5121684789657595 0.1 0.1 17 
-2.211254596710205 0.002 0.0007 0.9999762560923894 4e-06 1e-05 0.9992332696914673 4e-06 9e-06 4.499082407951355 0.1 0.1 18 
-2.2085779444376628 0.01 0.002 0.9999196753899257 1e-05 6e-05 0.9991794083515803 3e-05 0.0001 4.490893500645956 0.3 0.2 19 
-2.2247996616363523 0.004 0.001 0.9999804000059763 4e-06 2e-05 0.9999916962782542 5e-06 9e-06 4.511152780850728 0.1 0.1 21 
-2.2231973807017007 0.001 0.0005 0.9995363823572795 1e-05 1e-05 0.9999882576862971 3e-06 1e-05 4.522782677014669 0.1 0.1 23 
-2.2249231497446695 0.0007 0.0005 0.9999917974074681 2e-06 3e-06 0.9999912599722545 2e-06 9e-06 4.5112315368652345 0.1 0.1 24 
-2.225024916330973 0.002 0.0008 0.9999468566974005 3e-06 8e-06 0.9999904590845108 4e-06 1e-05 4.512559665044149 0.1 0.1 25 
-0.37169919967651366 0.003 0.0003 0.8101734234889348 0.002 0.002 0.9829744732379914 0.0009 0.002 2.3540870610872906 0.1 0.1 26 
-2.224984073638916 0.002 0.0008 0.9999052588144938 4e-06 1e-05 0.9999932789802551 5e-06 1e-05 4.513752737045288 0.1 0.1 27 
-2.224498389561971 0.0004 0.0003 0.9997666052977244 3e-06 3e-06 0.9999949079751969 3e-06 5e-06 4.517645913759868 0.07 0.07 28 
-2.224263143539429 0.007 0.002 0.9999728697538376 8e-06 7e-05 0.9999916829665502 6e-06 0.0002 4.510841476122538 0.2 0.3 30 
-2.2214076932271323 0.01 0.002 0.9997092405954997 1e-05 5e-05 0.9999840887387593 1e-05 5e-05 4.513614082336426 0.2 0.2 32 
-0.3906424601872762 0.009 0.0006 0.8194146007299423 0.002 0.003 0.9839997438589732 0.0008 0.001 2.4172264154752097 0.09 0.1 33 
-0.39076884746551516 0.001 0.0003 0.819325740536054 0.0008 0.001 0.9840100276470184 0.0007 0.0006 2.4174725246429443 0.07 0.07 34 
-2.2244994767506916 0.02 0.002 0.9999858341614405 8e-06 7e-05 0.9999896170695622 8e-06 3e-05 4.510858087539673 0.1 0.1 35 
-0.3910710287094116 0.002 0.0003 0.8193612271547317 0.003 0.002 0.9840040789047877 0.002 0.002 2.4181803830464683 0.1 0.1 38 
-0.391005384127299 0.0009 0.0003 0.8193265634775162 0.002 0.002 0.9840273859103521 0.0005 0.0005 2.417828256289164 0.09 0.08 40 
-2.209886833826701 0.002 0.001 0.9999505706628163 1e-05 3e-05 0.9992327026526133 4e-06 7e-06 4.498816548983256 0.1 0.1 42 
-0.38911940892537433 0.0002 9e-05 0.8212716192007065 0.002 0.002 0.9840216235319773 0.0003 0.0005 2.426164750258128 0.06 0.06 43 
-0.39071270942687986 0.005 0.0005 0.8192514330148697 0.002 0.003 0.9840742816527684 0.0006 0.0008 2.4170683892567952 0.09 0.09 44 
-0.3785704819361369 0.0001 9e-05 0.8136347087224325 0.0002 0.0001 0.9828763995567957 0.0005 0.0005 2.380865643819173 0.06 0.06 46 
-2.210814654032389 0.003 0.001 0.9999073306719463 7e-06 2e-05 0.9992303431034089 5e-06 4e-05 4.502090417544047 0.1 0.1 48 
-2.2249817562103273 0.003 0.001 0.9999526864290238 5e-06 1e-05 0.9999932086467743 6e-06 1e-05 4.512641954421997 0.1 0.1 49 
-2.2161169560750325 0.0006 0.0005 0.9997724588712057 3e-06 3e-06 0.9998435074090958 2e-06 4e-06 4.5126833248138425 0.07 0.07 50 
-2.2246664269765217 0.003 0.0008 0.9999511235952377 4e-06 2e-05 0.9999830140670141 5e-06 8e-06 4.512028269767761 0.1 0.1 51 
-2.2246748415629067 0.002 0.0005 0.9999626948436101 2e-06 6e-06 0.9999867061773936 4e-06 7e-05 4.5109158786137895 0.1 0.1 54 
-2.2248668829600016 0.005 0.001 0.9999730694293976 3e-06 7e-06 0.9999833961327871 7e-06 0.0002 4.51225755850474 0.1 0.1 55 
-2.225066022872925 0.003 0.001 0.9999767265717189 4e-06 1e-05 0.9999898737668991 7e-06 2e-05 4.511677454312642 0.1 0.1 56 
-2.2253644402821857 0.0008 0.0004 0.9999750318129857 9e-07 7e-06 0.9999928979078928 4e-06 9e-06 4.51156227906545 0.1 0.1 57 
-2.225027386347453 0.004 0.001 0.9999849096934 4e-06 1e-05 0.9999959377447764 2e-06 6e-06 4.5114950672785445 0.1 0.1 58 
-2.2252259413401285 0.001 0.0005 0.9999843943119049 1e-06 5e-06 0.9999935028950373 2e-06 9e-06 4.5115096457799275 0.09 0.09 59 
-0.3753696489334106 0.001 0.0008 0.8118025728066762 0.003 0.003 0.9827039043108622 0.0007 0.0008 2.3702737148602804 0.09 0.1 60 
-0.3876962184906006 0.0001 5e-05 0.8297369974851608 0.001 0.001 0.9840713763236999 0.0004 0.0004 2.456316366990407 0.05 0.05 61 
-0.37222076416015626 0.0008 0.0003 0.8095884378751119 0.002 0.001 0.9839693731069565 0.0008 0.001 2.3432918246587118 0.1 0.1 62 
-0.39028539021809894 0.002 0.0003 0.8217198654015859 0.001 0.002 0.9840813585122427 0.0005 0.002 2.4258807412783305 0.06 0.08 64 
-2.2246273612976073 0.001 0.0006 0.999964483777682 2e-06 7e-06 0.9999939171473186 4e-06 1e-05 4.511813542048136 0.2 0.2 65 
-0.38972301801045733 0.0004 0.0002 0.8235012346506119 0.001 0.001 0.985060791571935 0.0007 0.0008 2.422838451862335 0.07 0.07 66 
-2.2169408162434894 0.001 0.0009 0.9999594712257385 5e-06 1e-05 0.9999913064638773 5e-06 5e-06 4.506981393496195 0.1 0.09 68 
-2.210563062032064 0.0006 0.001 0.9999595679839453 8e-06 1e-05 0.9992181619008382 3e-06 2e-05 4.501478590965271 0.08 0.08 69 
-2.212108958562215 0.6 0.009 0.9999336530764897 4e-05 0.002 0.9979707817236583 0.0002 0.0003 4.317923324902853 0.2 0.2 70 
-2.224607982635498 0.003 0.001 0.9999617824951808 4e-06 2e-05 0.9999927864472071 6e-06 4e-05 4.512000397046407 0.1 0.2 71 
-2.225320997238159 0.001 0.0004 0.9999947681029637 1e-06 5e-06 0.9999922202030818 3e-06 3e-06 4.511569476127624 0.08 0.08 73 
-2.224824177424113 0.001 0.0009 0.9999798357486724 3e-06 9e-06 0.9999942217270533 5e-06 2e-05 4.511376444498698 0.1 0.1 77 
-2.2115536244710285 0.001 0.0006 0.9999525316556295 4e-06 1e-05 0.9992304197947184 5e-06 1e-05 4.500518329938253 0.1 0.1 79 
-2.225014915466309 0.001 0.0007 0.9999883276224136 2e-06 9e-06 0.9999922768274943 4e-06 8e-06 4.511129171053568 0.1 0.1 80 
-2.2239306735992432 0.0007 0.0005 0.9997574589649836 1e-05 2e-05 0.9999827627340953 2e-06 4e-06 4.517541510264079 0.09 0.09 81 
-2.2251930872599286 0.006 0.001 0.9999384272098542 4e-06 3e-05 0.999993937810262 6e-06 2e-05 4.512709824244181 0.2 0.2 82 
-2.222991240819295 0.01 0.001 0.99952665468057 1e-05 2e-05 0.9999908063809076 6e-06 0.0003 4.52277574857076 0.1 0.1 83 
-2.2092605463663735 0.003 0.002 0.999970227877299 1e-05 3e-05 0.9991889425118764 2e-05 3e-05 4.49269415696462 0.2 0.2 84 
-2.225121488571167 0.002 0.0007 0.9999887947241465 2e-06 6e-06 0.9999901549021403 4e-06 8e-06 4.511476229031881 0.09 0.1 88 
-0.37863075733184814 0.0005 0.0002 0.8143869922558467 0.001 0.002 0.9828927757342657 0.0004 0.0008 2.3851448543866476 0.07 0.07 90 
-2.202202418645223 0.0006 0.0006 0.9999429009358088 9e-06 1e-05 0.9992053133249282 2e-06 2e-06 4.489740173021953 0.1 0.1 91 
-2.225697577794393 0.005 0.0008 0.999980685710907 3e-06 4e-05 0.9999941414594651 5e-06 3e-05 4.5117316198349 0.1 0.1 92 
-2.225255533854167 0.002 0.0009 0.9999782105286916 2e-06 8e-06 0.9999911477168401 5e-06 4e-05 4.511551965077718 0.1 0.1 93 
-2.2147455755869547 0.003 0.001 0.9999125736951828 5e-06 9e-06 0.999990074634552 2e-06 4e-06 4.507835508982341 0.08 0.08 94 
-2.2246627044677734 0.0005 0.0005 0.9999677290519079 2e-06 3e-06 0.9999934281905493 2e-06 4e-06 4.5114523776372275 0.09 0.09 96 
-2.2030510330200195 0.002 0.001 0.999973180492719 4e-06 1e-05 0.9992219477891922 5e-06 1e-05 4.491630601882934 0.1 0.1 98 
-2.2241413084665935 0.001 0.0007 0.9997592327992121 5e-06 8e-06 0.9999924159049988 3e-06 6e-06 4.51765017191569 0.09 0.09 99 
