-2.225557174682617 0.001 0.0006 0.9999802752335867 1e-05 3e-05 0.9999941980838776 5e-06 1e-05 4.512278979619344 0.1 0.1 0 
-2.22548810005188 0.002 0.0007 0.9999796781937281 1e-05 2e-05 0.9999921540419261 6e-06 3e-05 4.512286621729533 0.2 0.2 1 
-2.2256147702534994 0.001 0.0006 0.9999835552771886 1e-05 2e-05 0.9999942211310069 5e-06 2e-05 4.512346475919088 0.1 0.1 2 
-2.2254714139302574 0.0006 0.0004 0.9999804123242696 9e-06 2e-05 0.9999911046028137 5e-06 9e-06 4.512425939242045 0.1 0.1 4 
-2.2256107266743976 0.0009 0.0005 0.9999835634231568 1e-05 2e-05 0.9999938128391902 6e-06 1e-05 4.512215530077617 0.1 0.1 5 
-2.225593220392863 0.001 0.0006 0.999983423948288 1e-05 3e-05 0.999994008342425 5e-06 2e-05 4.512649737993876 0.1 0.1 6 
-2.225532191594442 0.0008 0.0004 0.9999817566076914 9e-06 2e-05 0.9999926286935806 6e-06 1e-05 4.512320213317871 0.1 0.1 7 
-2.225276921590169 0.002 0.0006 0.9999865384896597 6e-06 1e-05 0.9999760089317957 1e-05 6e-05 4.512254746754964 0.2 0.2 9 
-2.225571864446004 0.001 0.0006 0.9999816842873891 1e-05 1e-05 0.9999935390551885 6e-06 2e-05 4.512484321594238 0.1 0.1 10 
-2.225621557235718 0.001 0.0006 0.9999839188655217 1e-05 3e-05 0.9999941988786062 5e-06 2e-05 4.512559898694357 0.1 0.1 11 
-2.225521430969238 0.0009 0.0006 0.9999806948502858 1e-05 1e-05 0.9999913811683655 7e-06 1e-05 4.512537746429444 0.1 0.1 12 
-2.2255588308970133 0.0006 0.0004 0.9999824839830399 9e-06 2e-05 0.9999935533603033 5e-06 1e-05 4.512348977724711 0.1 0.1 13 
-2.225700413386027 0.0006 0.0004 0.9999849816163381 1e-05 1e-05 0.9999945159753164 5e-06 1e-05 4.512347790400187 0.1 0.1 15 
-2.2256790669759114 0.001 0.0005 0.9999904449780782 4e-06 1e-05 0.9999941140413284 3e-06 5e-06 4.512596247990926 0.1 0.1 16 
-2.225422862370809 0.0008 0.0005 0.9999797079960505 1e-05 2e-05 0.9999922706683477 6e-06 1e-05 4.5123989995320635 0.1 0.1 18 
-2.225632553100586 0.001 0.0006 0.9999831587076187 1e-05 3e-05 0.9999940103292465 5e-06 2e-05 4.512411127090454 0.1 0.2 19 
-2.2256221453348797 0.001 0.0006 0.9999815626939138 1e-05 3e-05 0.9999947331349055 4e-06 1e-05 4.512393372853597 0.2 0.1 20 
-2.2255490461985272 0.001 0.0006 0.9999810765186946 1e-05 3e-05 0.9999941380818685 5e-06 1e-05 4.512806417147319 0.1 0.2 21 
-2.225615332921346 0.002 0.0006 0.9999842874209086 1e-05 3e-05 0.9999937454859416 6e-06 2e-05 4.512443143526713 0.2 0.1 22 
-2.2255797958374024 0.001 0.0006 0.9999816546837489 1e-05 2e-05 0.9999935438235601 5e-06 1e-05 4.512340410550435 0.1 0.1 23 
-2.2256751664479575 0.0008 0.0005 0.999984080195427 1e-05 4e-05 0.9999935654799144 5e-06 1e-05 4.512793567975362 0.1 0.1 24 
-2.2256041399637856 0.001 0.0005 0.9999813304344813 1e-05 2e-05 0.9999942749738693 4e-06 2e-05 4.512400040626526 0.1 0.1 25 
-2.225603249867757 0.001 0.0006 0.9999813322226206 1e-05 3e-05 0.9999943296114604 5e-06 2e-05 4.512523938814799 0.1 0.1 26 
-2.225670715967814 0.001 0.0005 0.9999856575330098 1e-05 4e-05 0.9999944009383519 5e-06 1e-05 4.512170244852702 0.1 0.1 27 
-2.2255758953094484 0.001 0.0005 0.9999811921517054 1e-05 2e-05 0.9999944510062536 4e-06 1e-05 4.512279616991679 0.1 0.1 28 
-2.225586601893107 0.0008 0.0005 0.9999831740061442 1e-05 1e-05 0.9999933256705602 6e-06 1e-05 4.5124742682774865 0.1 0.1 29 
-2.2256288814544676 0.001 0.0006 0.9999863670269649 8e-06 2e-05 0.9999935893217723 6e-06 1e-05 4.512591451009115 0.1 0.1 30 
-2.22558970451355 0.001 0.0006 0.9999819485346476 1e-05 2e-05 0.9999933177232743 5e-06 2e-05 4.512248088518779 0.1 0.1 31 
-2.2255568822224934 0.0006 0.0004 0.9999817715088526 9e-06 2e-05 0.9999937880039215 4e-06 9e-06 4.512352779706319 0.1 0.1 32 
-2.225577376683553 0.001 0.0005 0.9999832312266032 1e-05 3e-05 0.9999939239025116 5e-06 1e-05 4.512109155654907 0.2 0.1 33 
-2.2256172275543213 0.001 0.0006 0.9999824968973795 1e-05 3e-05 0.9999939570824306 5e-06 1e-05 4.512509819666545 0.1 0.1 34 
-2.225579160054525 0.001 0.0006 0.9999830716848374 1e-05 4e-05 0.9999932851394018 6e-06 2e-05 4.51272958278656 0.1 0.1 35 
-2.225615218480428 0.0007 0.0005 0.9999837662776311 1e-05 1e-05 0.9999934985240301 6e-06 1e-05 4.512421269416809 0.1 0.1 36 
-2.225562032063802 0.001 0.0006 0.9999826476971309 1e-05 3e-05 0.9999941505988439 5e-06 1e-05 4.512295136451721 0.2 0.1 37 
-2.2255947240193685 0.001 0.0005 0.9999809449911118 1e-05 3e-05 0.99999407351017 4e-06 1e-05 4.512709835370382 0.1 0.1 38 
-2.225638376871745 0.0009 0.0005 0.9999871097008387 8e-06 2e-05 0.9999937373399734 6e-06 1e-05 4.512476366360982 0.1 0.1 40 
-2.225575138727824 0.001 0.0006 0.9999812960624694 1e-05 1e-05 0.999993867278099 5e-06 2e-05 4.512416243553162 0.1 0.1 41 
-2.2255628522237143 0.0009 0.0006 0.9999825761715571 1e-05 1e-05 0.9999933642148972 6e-06 1e-05 4.512480341593425 0.1 0.1 42 
-2.225602467854818 0.0009 0.0005 0.9999830416838328 1e-05 1e-05 0.9999939509232839 6e-06 1e-05 4.512491404215495 0.1 0.1 43 
-2.225542449951172 0.0007 0.0004 0.9999824867645899 9e-06 3e-05 0.9999927765130997 5e-06 9e-06 4.512204038302103 0.1 0.1 44 
-2.2255418268839517 0.001 0.0006 0.9999830995003383 1e-05 3e-05 0.9999931704998016 6e-06 1e-05 4.512469375928243 0.1 0.1 45 
-2.2256096172332764 0.001 0.0006 0.9999859011173249 9e-06 3e-05 0.9999933022260666 6e-06 2e-05 4.51229717095693 0.2 0.1 46 
-2.225474650065104 0.0005 0.0003 0.9999803996086121 8e-06 2e-05 0.9999913676579794 5e-06 9e-06 4.512459497451783 0.1 0.1 47 
-2.2256281089782717 0.0009 0.0005 0.999982360402743 1e-05 2e-05 0.9999945215384165 4e-06 1e-05 4.512242856025696 0.1 0.1 48 
-2.2255654271443683 0.0009 0.0004 0.9999815795818965 1e-05 2e-05 0.999994491537412 4e-06 1e-05 4.512121918996175 0.1 0.1 49 
-2.225654385884603 0.0009 0.0005 0.9999845234553019 1e-05 1e-05 0.9999936902523041 5e-06 1e-05 4.5121136013666785 0.1 0.1 50 
-2.225512097676595 0.0008 0.0004 0.9999813489119211 9e-06 1e-05 0.999991975625356 6e-06 1e-05 4.512307510375977 0.1 0.1 51 
-2.2255362129211425 0.002 0.0007 0.9999814411004384 1e-05 2e-05 0.9999926324685414 6e-06 2e-05 4.512337106068929 0.2 0.1 52 
-2.2256127325693766 0.001 0.0006 0.9999842292070389 1e-05 3e-05 0.9999939920504888 5e-06 1e-05 4.512277213732402 0.2 0.1 53 
-2.225713014602661 0.0007 0.0004 0.9999869837363561 8e-06 2e-05 0.9999949844678243 5e-06 8e-06 4.512462751070658 0.1 0.1 54 
-2.2256060473124184 0.0009 0.0005 0.9999837418397267 1e-05 2e-05 0.9999937359491984 6e-06 1e-05 4.512730145454407 0.1 0.1 55 
-2.2255903561909993 0.002 0.0006 0.999983334740003 1e-05 3e-05 0.9999931128819783 6e-06 2e-05 4.512330406506856 0.1 0.1 56 
-2.2255872948964437 0.001 0.0007 0.9999830993016561 1e-05 3e-05 0.9999930065870285 6e-06 2e-05 4.512527043024699 0.1 0.1 57 
-2.2255701446533203 0.001 0.0006 0.9999819775422414 1e-05 2e-05 0.999993881781896 5e-06 2e-05 4.512604031562805 0.1 0.1 58 
-2.225278959274292 0.0006 0.0004 0.999981034398079 8e-06 2e-05 0.9999866785605749 9e-06 2e-05 4.512226835886637 0.1 0.1 59 
-2.2256134668986003 0.001 0.0006 0.9999832675854365 1e-05 2e-05 0.9999940071503322 5e-06 1e-05 4.5124033339818315 0.1 0.1 60 
-2.225404863357544 0.0007 0.0004 0.9999809581041336 9e-06 2e-05 0.9999903621276219 6e-06 1e-05 4.5123524061838785 0.1 0.1 61 
-2.2256314245859783 0.001 0.0005 0.9999824305375417 1e-05 1e-05 0.9999942896763484 5e-06 1e-05 4.5124832693735755 0.1 0.1 62 
-2.225374797185262 0.0004 0.0003 0.9999807782967886 8e-06 2e-05 0.9999881690740585 8e-06 1e-05 4.5123493210474654 0.1 0.1 63 
-2.2253167692820233 0.0009 0.0004 0.9999819964170455 9e-06 3e-05 0.999987046122551 9e-06 1e-05 4.51216889222463 0.1 0.1 64 
-2.2256470108032227 0.001 0.0006 0.9999843470255534 1e-05 3e-05 0.9999930944045384 5e-06 1e-05 4.512395356496175 0.1 0.1 65 
-2.2255133406321206 0.001 0.0006 0.9999808752536774 1e-05 2e-05 0.9999927882353464 6e-06 2e-05 4.512658480008443 0.1 0.1 66 
-2.2256237570444743 0.0009 0.0005 0.999984667301178 1e-05 2e-05 0.9999931277831395 6e-06 1e-05 4.512378404935201 0.1 0.1 67 
-2.2256287988026937 0.0009 0.0005 0.9999847177664439 1e-05 1e-05 0.9999939666191737 6e-06 1e-05 4.51232501188914 0.1 0.1 68 
-2.225600207646688 0.001 0.0006 0.9999827384948731 1e-05 3e-05 0.9999939505259196 5e-06 2e-05 4.512367183367411 0.1 0.1 69 
-2.225571943918864 0.001 0.0006 0.9999820379416148 1e-05 2e-05 0.9999941464265187 5e-06 2e-05 4.51213724454244 0.1 0.1 70 
-2.2255430094401043 0.001 0.0006 0.9999829608201981 1e-05 5e-05 0.9999914751450221 6e-06 2e-05 4.51248572508494 0.1 0.1 71 
-2.225605395634969 0.0009 0.0005 0.9999835815032323 1e-05 1e-05 0.9999934045473734 6e-06 1e-05 4.512547636032105 0.1 0.1 72 
-2.2255438550313316 0.002 0.0006 0.9999808283646902 1e-05 2e-05 0.9999941285451254 5e-06 2e-05 4.512394746144612 0.1 0.2 73 
-2.225537970860799 0.0006 0.0004 0.9999817063411077 9e-06 2e-05 0.9999931478500366 4e-06 1e-05 4.512265954017639 0.1 0.1 75 
-2.225613753000895 0.001 0.0006 0.9999824426571529 1e-05 3e-05 0.9999946039915085 4e-06 1e-05 4.512380234400431 0.1 0.1 76 
-2.2255834929148355 0.001 0.0006 0.9999823329846064 1e-05 3e-05 0.9999942876895269 4e-06 1e-05 4.512423866589864 0.1 0.1 77 
-2.2255510393778484 0.001 0.0006 0.9999825088183085 1e-05 2e-05 0.9999939749638239 5e-06 1e-05 4.5127132066090905 0.2 0.1 78 
-2.2256334114074705 0.001 0.0006 0.9999821807940801 1e-05 2e-05 0.9999944559733073 4e-06 2e-05 4.512638654708862 0.1 0.1 79 
-2.2255722999572756 0.001 0.0007 0.9999821217854817 1e-05 3e-05 0.9999938223759334 6e-06 2e-05 4.51252141157786 0.1 0.2 80 
-2.2256456565856935 0.001 0.0005 0.9999827126661937 1e-05 2e-05 0.9999944897492726 4e-06 1e-05 4.512096344629923 0.1 0.1 81 
-2.225562181472778 0.0009 0.0006 0.9999820500612259 1e-05 1e-05 0.999993048508962 6e-06 1e-05 4.512307677268982 0.1 0.1 82 
-2.225617214838664 0.0009 0.0005 0.9999834698438644 1e-05 1e-05 0.9999937570095062 6e-06 1e-05 4.512575518290202 0.1 0.1 83 
-2.2256283283233644 0.001 0.0006 0.9999841674168904 1e-05 4e-05 0.9999940262238185 5e-06 1e-05 4.512502328554789 0.1 0.1 84 
-2.2255401515960695 0.0006 0.0004 0.9999811557928721 9e-06 2e-05 0.999993459781011 5e-06 9e-06 4.512326973279317 0.1 0.1 85 
-2.2255501079559328 0.0008 0.0004 0.9999809525410335 1e-05 2e-05 0.9999943159023921 4e-06 1e-05 4.512212150891622 0.1 0.1 86 
-2.2256290117899575 0.001 0.0005 0.9999833446741104 1e-05 1e-05 0.9999935350815455 6e-06 2e-05 4.512611289024353 0.1 0.1 87 
-2.225603723526001 0.001 0.0005 0.9999822759628296 1e-05 3e-05 0.9999945775667827 4e-06 2e-05 4.512484138806661 0.1 0.1 88 
-2.225661029815674 0.001 0.0005 0.999983609120051 1e-05 3e-05 0.99999456346035 4e-06 1e-05 4.512512928644816 0.1 0.1 89 
-2.2256538391113283 0.001 0.0005 0.9999830629428228 1e-05 2e-05 0.999994586110115 4e-06 1e-05 4.512290465037028 0.1 0.1 90 
-2.2256129042307538 0.001 0.0005 0.9999816373984018 1e-05 2e-05 0.9999945724010467 4e-06 1e-05 4.512264347076416 0.1 0.1 91 
-2.2255191071828206 0.001 0.0006 0.9999804310003917 1e-05 1e-05 0.9999932146072388 6e-06 1e-05 4.51242082118988 0.1 0.1 92 
-2.225595982869466 0.001 0.0005 0.9999817407131195 1e-05 2e-05 0.9999943008025487 5e-06 1e-05 4.51235635916392 0.1 0.1 93 
-2.225616375605265 0.001 0.0006 0.9999855963389078 9e-06 4e-05 0.9999932183821996 6e-06 2e-05 4.512463070551554 0.1 0.1 95 
-2.2256151390075685 0.001 0.0006 0.9999848932027817 1e-05 3e-05 0.9999939984083176 5e-06 1e-05 4.512342858314514 0.1 0.1 96 
-2.225580333073934 0.001 0.0006 0.9999815601110459 1e-05 3e-05 0.9999942646423976 5e-06 2e-05 4.512971065839132 0.1 0.1 97 
-2.2256402365366617 0.0009 0.0005 0.9999828857183456 1e-05 3e-05 0.9999947776397069 4e-06 9e-06 4.512663674354553 0.1 0.1 98 
-2.2255753072102866 0.001 0.0006 0.9999810542662938 1e-05 2e-05 0.9999942817290624 5e-06 2e-05 4.512193423906962 0.1 0.1 99 
