-2.2245323626200357 0.005 0.001 0.9999872259298961 6e-06 1e-05 0.9999837237596512 1e-05 0.0002 4.510995982487996 0.2 0.2 81 
-2.2249442958831787 0.004 0.001 0.999982797106107 4e-06 1e-05 0.999984729886055 1e-05 6e-05 4.511301019986471 0.2 0.2 56 
-2.224398657480876 0.005 0.002 0.9999806574980418 7e-06 3e-05 0.9999835799137752 1e-05 3e-05 4.511422100067139 0.1 0.1 77 
-2.225068594614665 0.005 0.001 0.9999911946058273 6e-06 3e-05 0.9999876191218694 1e-05 6e-05 4.511670336723328 0.2 0.2 57 
-2.225324732462565 0.003 0.0009 0.9999848747253418 4e-06 1e-05 0.9999898783365886 8e-06 5e-05 4.512051250139872 0.1 0.2 60 
-2.223978007634481 0.008 0.003 0.9999884502092997 1e-05 5e-05 0.9999766544500986 2e-05 0.0002 4.511216390927633 0.2 0.2 50 
-2.2246547317504883 0.002 0.001 0.9999909762541453 5e-06 1e-05 0.9999805535872778 2e-05 5e-05 4.511607824961344 0.2 0.2 59 
-2.2243053086598716 0.004 0.002 0.9999892578522365 8e-06 3e-05 0.9999800455570221 2e-05 0.0001 4.511068213780721 0.2 0.2 78 
-2.225480327606201 0.004 0.001 0.9999841405948003 5e-06 2e-05 0.9999884500106175 1e-05 9e-05 4.511542572975158 0.2 0.2 92 
-2.225259167353312 0.001 0.0006 0.9999927608172099 3e-06 9e-06 0.9999882531166077 7e-06 4e-05 4.511821935971578 0.1 0.1 42 
-2.224258410135905 0.004 0.002 0.9999841022491455 7e-06 3e-05 0.999961999853452 2e-05 7e-05 4.510812242825826 0.2 0.2 84 
-2.2251139291127524 0.003 0.0008 0.9999896303812663 3e-06 1e-05 0.9999865438540777 1e-05 8e-05 4.511723650296529 0.2 0.2 63 
-2.225179847081502 0.003 0.0008 0.9999858421087265 4e-06 3e-05 0.9999869245290757 1e-05 9e-05 4.511503121058146 0.2 0.2 76 
-2.2253716373443604 0.002 0.001 0.9999763413270315 6e-06 7e-05 0.9999868090947469 8e-06 6e-05 4.512225742340088 0.1 0.1 3 
-2.2255338605244956 0.003 0.0009 0.9999782413244247 5e-06 3e-05 0.9999939352273941 5e-06 3e-05 4.512157427469889 0.2 0.2 93 
-2.2251917107899986 0.001 0.0004 0.9999943427244822 2e-06 9e-06 0.9999891779820125 8e-06 4e-05 4.511626596450806 0.1 0.1 61 
-2.2248241742451986 0.006 0.001 0.9999761817852656 6e-06 2e-05 0.999987247188886 1e-05 0.0004 4.5116410175959265 0.2 0.2 5 
-2.225168670018514 0.001 0.0005 0.9999916664759319 3e-06 8e-06 0.9999899409214655 6e-06 3e-05 4.511883861223857 0.1 0.2 73 
-2.2245712280273438 0.001 0.0008 0.9999801856279373 4e-06 8e-06 0.9999891966581345 9e-06 2e-05 4.511171239217123 0.2 0.2 62 
-2.225197976430257 0.003 0.001 0.9999744121233622 6e-06 2e-05 0.9999794417619705 2e-05 5e-05 4.513333937327067 0.2 0.2 86 
