-2.2258202044169106 0.0002 0.0002 0.9999966615438461 2e-06 3e-06 0.9999891126155853 7e-06 7e-06 4.5119104607899985 0.05 0.05 84 
-2.2257159837086995 0.0003 0.0002 0.9999945698181788 3e-06 3e-06 0.9999901262919108 6e-06 6e-06 4.5117669852574664 0.06 0.05 95 
-2.2258749993642173 0.0002 0.0002 0.9999961652358373 3e-06 3e-06 0.9999903521935145 6e-06 7e-06 4.511682060559591 0.05 0.05 94 
-2.225645793279012 0.0003 0.0003 0.9999934184551239 3e-06 3e-06 0.9999888640642166 7e-06 7e-06 4.511686592102051 0.06 0.06 34 
-2.2257357756296794 0.0003 0.0002 0.9999955858786901 3e-06 3e-06 0.9999927230676016 4e-06 4e-06 4.511821149190267 0.05 0.05 2 
-2.2258882586161297 0.0002 0.0002 0.9999976623058319 1e-06 1e-06 0.9999772888422013 1e-05 2e-05 4.511936710675557 0.06 0.06 73 
-2.2257346280415855 0.0001 0.0001 0.9999957146247228 3e-06 3e-06 0.999984068274498 1e-05 1e-05 4.511769711176554 0.07 0.07 63 
-2.225926733016968 9e-05 8e-05 0.9999974489212036 9e-07 1e-06 0.9999899067481359 4e-06 5e-06 4.511767141024271 0.05 0.05 89 
-2.2258681774139406 0.0002 0.0001 0.9999964801470439 3e-06 3e-06 0.9999897406498591 7e-06 7e-06 4.51193178653717 0.05 0.05 77 
-2.2258746878306073 0.0002 0.0002 0.9999956977367401 3e-06 3e-06 0.999990138610204 7e-06 7e-06 4.5117773342132566 0.05 0.05 82 
-2.2258887545267743 0.0001 0.0001 0.9999966295560201 2e-06 2e-06 0.9999764333168666 1e-05 1e-05 4.5116867828369145 0.06 0.06 87 
-2.2258314037323 0.0002 0.0002 0.9999962776899338 3e-06 3e-06 0.999991295337677 6e-06 6e-06 4.51178868452708 0.05 0.05 7 
-2.225466012954712 0.0003 0.0003 0.9999944585561752 3e-06 4e-06 0.9999861693382264 8e-06 9e-06 4.511435702641805 0.07 0.07 72 
-2.225860045750936 0.0002 0.0002 0.9999966331322988 2e-06 2e-06 0.9999892002344132 8e-06 9e-06 4.511809549331665 0.06 0.06 31 
-2.2259420839945476 0.0001 0.0001 0.9999968820810318 1e-06 2e-06 0.99998324294885 1e-05 1e-05 4.511955610911051 0.06 0.06 39 
-2.2258551629384358 0.0002 0.0002 0.9999968192974726 3e-06 3e-06 0.9999913607041041 6e-06 6e-06 4.511715146700541 0.05 0.05 98 
-2.2257719802856446 0.0002 0.0002 0.9999966996908188 2e-06 2e-06 0.9999896196524302 4e-06 4e-06 4.511829924583435 0.05 0.05 28 
-2.225802249908447 0.0002 0.0002 0.9999956611792247 3e-06 3e-06 0.9999909857908885 6e-06 6e-06 4.511729985872904 0.05 0.05 52 
-2.2258531697591146 0.0003 0.0002 0.999996979435285 1e-06 1e-06 0.9999730632702509 1e-05 2e-05 4.51175946076711 0.07 0.06 47 
-2.2258737309773764 0.0002 0.0001 0.9999955930312474 2e-06 2e-06 0.9999902802705765 7e-06 8e-06 4.512031750679016 0.06 0.06 23 
