-2.225646874109904 0.0003 0.0002 0.9999962174892425 1e-06 3e-06 0.9999858401219051 8e-06 2e-05 4.512062400182089 0.08 0.08 0 
-2.2255810515085854 0.0003 0.0002 0.9999956663449605 2e-06 3e-06 0.9999850265185039 9e-06 2e-05 4.512115435600281 0.09 0.09 1 
-2.2256471824646 0.0003 0.0002 0.9999959854284922 2e-06 3e-06 0.9999858119090398 7e-06 1e-05 4.512004148165385 0.09 0.09 2 
-2.225693353017171 0.0003 0.0003 0.9999965767065684 1e-06 3e-06 0.9999841350317001 8e-06 2e-05 4.5120177110036215 0.09 0.09 3 
-2.225643669764201 0.0002 0.0002 0.9999959802627564 1e-06 3e-06 0.9999867045879364 7e-06 1e-05 4.51199090162913 0.07 0.07 4 
-2.2256737486521403 0.0003 0.0002 0.9999961596727371 2e-06 3e-06 0.999986855785052 7e-06 1e-05 4.512072118123372 0.08 0.08 5 
-2.2255984433492024 0.0002 0.0002 0.9999957631031672 1e-06 2e-06 0.9999834181865056 8e-06 2e-05 4.512042447725932 0.08 0.08 6 
-2.225642935434977 0.0002 0.0002 0.9999960682789485 1e-06 3e-06 0.9999863574902217 7e-06 2e-05 4.5120084873835244 0.08 0.08 7 
-2.2256548245747885 0.0003 0.0002 0.9999962711334228 1e-06 3e-06 0.9999859307209651 8e-06 2e-05 4.511999977429708 0.08 0.08 8 
-2.225638755162557 0.0003 0.0002 0.9999961626529693 1e-06 3e-06 0.9999848783016205 7e-06 2e-05 4.512001307805379 0.08 0.08 9 
-2.2256561660766603 0.0003 0.0002 0.9999962947765986 1e-06 3e-06 0.9999861127138138 7e-06 2e-05 4.511958719889323 0.09 0.09 10 
-2.225706739425659 0.0005 0.0003 0.9999965802828471 2e-06 5e-06 0.9999858329693476 7e-06 2e-05 4.5119699939092 0.09 0.09 11 
-2.225643835067749 0.0003 0.0002 0.9999960460265478 2e-06 3e-06 0.9999857507149379 7e-06 1e-05 4.5119801584879555 0.08 0.08 12 
-2.2255356407165525 7e-05 6e-05 0.9999955556790034 9e-07 1e-06 0.9999828787644705 4e-06 6e-06 4.511943605740865 0.07 0.07 13 
-2.225656541188558 0.0003 0.0002 0.9999960539738337 2e-06 3e-06 0.9999865798155466 7e-06 1e-05 4.512093575795491 0.08 0.08 14 
-2.2256928221384684 0.0003 0.0002 0.9999964026610056 1e-06 3e-06 0.9999871383110682 7e-06 2e-05 4.512091770172119 0.08 0.08 15 
-2.225662692387899 0.0003 0.0002 0.9999963186184565 1e-06 3e-06 0.9999866090218226 7e-06 2e-05 4.511933107376098 0.09 0.09 16 
-2.2255253823598227 4e-05 4e-05 0.9999959113200506 8e-07 1e-06 0.9999820880095164 4e-06 5e-06 4.511948793729147 0.06 0.06 17 
-2.225651095708211 0.0003 0.0002 0.9999962679545085 1e-06 3e-06 0.9999862643082936 7e-06 2e-05 4.511974658966064 0.09 0.09 18 
-2.2256344731648765 0.0003 0.0002 0.999996014436086 1e-06 3e-06 0.9999852951367696 8e-06 2e-05 4.5120252418518065 0.08 0.08 19 
-2.225646588007609 0.0003 0.0002 0.9999960468212763 1e-06 3e-06 0.9999860596656799 7e-06 2e-05 4.511964152654012 0.08 0.08 20 
-2.2255983384450277 0.0002 0.0001 0.9999964499473571 1e-06 2e-06 0.9999819260835647 6e-06 1e-05 4.511929672559102 0.07 0.07 21 
-2.225640052159627 0.0002 0.0002 0.9999956846237182 1e-06 3e-06 0.9999862835804622 7e-06 1e-05 4.512017196019491 0.08 0.08 22 
-2.225619789759318 0.0002 0.0002 0.9999966814120611 1e-06 3e-06 0.9999840911229452 6e-06 1e-05 4.5118668778737385 0.07 0.07 23 
-2.225658337275187 0.0004 0.0002 0.9999961827198665 1e-06 4e-06 0.9999863074223201 8e-06 2e-05 4.51204206943512 0.09 0.09 24 
-2.225595525105794 0.0002 0.0002 0.9999955922365189 1e-06 3e-06 0.9999852726856867 7e-06 1e-05 4.512011578877767 0.08 0.08 25 
-2.225663979848226 0.0003 0.0002 0.9999962385495503 1e-06 3e-06 0.9999870775143306 7e-06 1e-05 4.512053513526917 0.08 0.08 26 
-2.2257550684611003 0.0003 0.0002 0.99999698360761 1e-06 3e-06 0.9999875980615616 8e-06 2e-05 4.51196122487386 0.08 0.08 27 
-2.225707794825236 0.0004 0.0003 0.9999963198105494 2e-06 4e-06 0.9999869501590729 7e-06 2e-05 4.51209228515625 0.08 0.08 28 
-2.225634266535441 0.0002 0.0002 0.9999962053696314 1e-06 3e-06 0.999985830783844 7e-06 2e-05 4.511976496378581 0.08 0.08 29 
-2.225673395792643 0.0003 0.0002 0.9999964505434036 1e-06 3e-06 0.9999844362338384 8e-06 2e-05 4.511946994463603 0.08 0.08 30 
-2.2256491152445474 0.0003 0.0002 0.9999961272875468 1e-06 3e-06 0.9999860541025798 7e-06 1e-05 4.511946512858073 0.08 0.08 31 
-2.22565279006958 0.0003 0.0002 0.9999962017933528 2e-06 3e-06 0.9999861667553583 7e-06 1e-05 4.5120187187194825 0.09 0.08 32 
-2.2256999174753824 0.0003 0.0002 0.9999965707461039 1e-06 3e-06 0.9999850583076477 8e-06 2e-05 4.512075975735982 0.08 0.08 33 
-2.2256324768066404 0.0003 0.0002 0.9999960235754649 2e-06 3e-06 0.9999858009815216 8e-06 2e-05 4.511985756556193 0.08 0.08 34 
-2.225691026051839 0.0005 0.0003 0.9999963231881459 2e-06 4e-06 0.9999849953254064 7e-06 2e-05 4.512048692703247 0.09 0.09 35 
-2.2256481297810873 0.0003 0.0002 0.9999963347117106 1e-06 3e-06 0.9999860841035842 8e-06 2e-05 4.5120157702763874 0.09 0.09 36 
-2.225660508473714 0.0003 0.0002 0.999996404449145 1e-06 3e-06 0.9999859621127446 8e-06 2e-05 4.511949009895325 0.09 0.09 37 
-2.225566520690918 0.0002 0.0001 0.9999959981441497 1e-06 3e-06 0.9999837038914362 6e-06 9e-06 4.511997941335042 0.08 0.08 38 
-2.2256523418426513 0.0003 0.0002 0.9999962278207143 1e-06 3e-06 0.9999845912059148 8e-06 2e-05 4.511986527442932 0.08 0.08 39 
-2.225605017344157 0.0003 0.0002 0.9999956417083741 1e-06 3e-06 0.9999862043062846 7e-06 1e-05 4.512103629112244 0.08 0.08 40 
-2.225623470942179 0.0003 0.0002 0.9999961517254512 1e-06 3e-06 0.9999854385852813 8e-06 2e-05 4.51194678624471 0.09 0.09 41 
-2.225556166966756 0.0003 0.0002 0.9999955517053604 1e-06 3e-06 0.9999844564994176 9e-06 2e-05 4.512063274383545 0.08 0.08 42 
-2.2256630420684815 0.0003 0.0002 0.9999962453047434 1e-06 3e-06 0.9999858383337656 7e-06 1e-05 4.5120201047261554 0.09 0.09 43 
-2.225645217895508 0.0002 0.0002 0.9999959256251653 1e-06 2e-06 0.9999859362840653 7e-06 1e-05 4.51205748240153 0.08 0.08 44 
-2.225629746119181 0.0004 0.0003 0.9999962164958318 2e-06 3e-06 0.9999861909945806 9e-06 2e-05 4.5120717080434165 0.09 0.09 45 
-2.225752019882202 0.0008 0.0004 0.9999969760576884 1e-06 3e-06 0.9999848393599192 9e-06 3e-05 4.511874372164408 0.09 0.09 46 
-2.225625737508138 0.0003 0.0002 0.9999958636363347 2e-06 3e-06 0.9999855840206147 7e-06 1e-05 4.5119184319178265 0.08 0.08 47 
-2.2256785996754966 0.0003 0.0003 0.9999963746468226 2e-06 3e-06 0.99998508532842 7e-06 2e-05 4.512005701065063 0.09 0.09 48 
-2.2256594276428223 0.0003 0.0002 0.9999963547786077 1e-06 2e-06 0.9999864530563355 8e-06 2e-05 4.512057350476582 0.08 0.08 49 
-2.2256476783752444 0.0003 0.0002 0.9999961620569229 1e-06 3e-06 0.9999850140015284 8e-06 2e-05 4.511975849469502 0.08 0.08 50 
-2.2256618404388426 0.0003 0.0002 0.9999963923295339 1e-06 3e-06 0.9999860856930415 8e-06 2e-05 4.512030552228292 0.08 0.08 51 
-2.2256252193450927 0.0003 0.0002 0.9999959081411361 1e-06 3e-06 0.999986093044281 8e-06 2e-05 4.512044599850973 0.09 0.09 52 
-2.2256500848134357 0.0004 0.0003 0.9999957251548767 2e-06 3e-06 0.9999855089187623 7e-06 1e-05 4.512014106114705 0.09 0.09 53 
-2.225728276570638 0.0004 0.0003 0.9999966204166413 1e-06 4e-06 0.9999869926770528 8e-06 2e-05 4.511968908309936 0.08 0.08 54 
-2.225568488438924 0.0004 0.0003 0.9999954056739807 2e-06 3e-06 0.9999863853057226 7e-06 1e-05 4.512123880386352 0.09 0.09 55 
-2.2256412156422933 0.0003 0.0002 0.9999959921836853 2e-06 3e-06 0.9999841163555782 7e-06 1e-05 4.5120444059371945 0.08 0.09 56 
-2.225694128672282 0.0001 8e-05 0.9999958310524623 1e-06 2e-06 0.9999859060843785 6e-06 8e-06 4.512042063077291 0.06 0.06 57 
-2.2256517887115477 0.0003 0.0003 0.9999962252378464 2e-06 3e-06 0.9999857399861017 8e-06 2e-05 4.5119861761728925 0.09 0.09 58 
-2.2255578899383544 0.0004 0.0002 0.9999956405162811 2e-06 5e-06 0.9999851830800375 6e-06 1e-05 4.512017884254456 0.08 0.08 59 
-2.225652395884196 0.0003 0.0002 0.9999960013230642 1e-06 3e-06 0.9999848860502243 7e-06 1e-05 4.512103420893351 0.09 0.09 60 
-2.2256463050842283 0.0003 0.0002 0.9999959327777227 1e-06 3e-06 0.9999862116575241 7e-06 1e-05 4.512077016830444 0.08 0.08 61 
-2.225653893152873 0.0002 0.0002 0.9999955429633458 1e-06 3e-06 0.9999864107370376 7e-06 1e-05 4.51208803653717 0.08 0.08 62 
-2.2256276766459147 0.0003 0.0002 0.999996009071668 2e-06 3e-06 0.999985382159551 8e-06 2e-05 4.511937670707702 0.09 0.09 63 
-2.2256872208913165 0.0003 0.0002 0.9999962550401688 1e-06 3e-06 0.999985944032669 7e-06 2e-05 4.511955267588298 0.08 0.08 64 
-2.2256934102376302 0.0004 0.0002 0.9999963190158209 1e-06 3e-06 0.9999868752559026 7e-06 2e-05 4.511968987782796 0.08 0.08 65 
-2.225639050801595 0.0003 0.0002 0.9999960482120513 1e-06 3e-06 0.9999855655431747 8e-06 2e-05 4.511913406054179 0.08 0.08 66 
-2.225650405883789 0.0003 0.0002 0.9999959460894267 2e-06 3e-06 0.999985812107722 7e-06 1e-05 4.512025011380514 0.08 0.08 67 
-2.2256285762786865 0.0004 0.0002 0.9999957245588302 2e-06 4e-06 0.9999842496713003 7e-06 1e-05 4.51203548113505 0.09 0.09 68 
-2.225676250457764 0.0003 0.0003 0.9999963758389155 1e-06 3e-06 0.9999856795867285 7e-06 2e-05 4.511948719024658 0.08 0.09 69 
-2.225681613286336 0.0003 0.0002 0.9999963496128718 1e-06 3e-06 0.9999866022666295 7e-06 2e-05 4.512030167579651 0.08 0.08 70 
-2.2256486638387045 0.0002 0.0002 0.9999960501988728 1e-06 3e-06 0.9999869048595429 7e-06 1e-05 4.511931978861491 0.08 0.08 71 
-2.2256581179300943 0.0004 0.0002 0.9999960376818975 2e-06 3e-06 0.9999866650501887 7e-06 1e-05 4.51197421391805 0.08 0.08 72 
-2.2256453545888264 0.0002 0.0002 0.9999959892034531 1e-06 3e-06 0.999986600279808 7e-06 1e-05 4.512049387296041 0.08 0.08 73 
-2.2256525484720866 0.0003 0.0002 0.9999961024522781 2e-06 3e-06 0.9999867463111878 7e-06 1e-05 4.512008209228515 0.08 0.08 74 
-2.225677467981974 0.0003 0.0003 0.9999964938561121 2e-06 3e-06 0.9999850324789683 8e-06 2e-05 4.512031494776408 0.09 0.09 75 
-2.2256492805480956 0.0002 0.0002 0.999996174176534 2e-06 3e-06 0.9999862068891525 7e-06 1e-05 4.512014849980672 0.08 0.08 76 
-2.22564811706543 0.0003 0.0002 0.9999961469570796 1e-06 3e-06 0.9999861886103948 8e-06 2e-05 4.512054076194763 0.08 0.08 77 
-2.2256828435262044 0.0002 0.0002 0.9999962898095449 1e-06 3e-06 0.9999871583779653 7e-06 1e-05 4.512059885660808 0.08 0.08 78 
-2.225635560353597 0.0002 0.0002 0.9999960921208064 1e-06 3e-06 0.9999858379364014 8e-06 2e-05 4.512050994237264 0.08 0.08 79 
-2.225688018798828 0.0003 0.0003 0.9999962536493937 2e-06 3e-06 0.9999873346090317 7e-06 1e-05 4.511935439109802 0.08 0.08 80 
-2.225679553349813 0.0003 0.0002 0.9999962067604065 1e-06 3e-06 0.9999863511323929 7e-06 1e-05 4.511970809300741 0.08 0.08 81 
-2.2256609376271568 0.0002 0.0002 0.9999959743022919 1e-06 2e-06 0.9999867562452952 7e-06 1e-05 4.512110126813253 0.08 0.08 82 
-2.225657501220703 0.0003 0.0002 0.99999627272288 1e-06 3e-06 0.9999864325920741 7e-06 1e-05 4.512044192949931 0.08 0.08 83 
-2.2256232325236 0.0003 0.0002 0.9999957225720087 1e-06 3e-06 0.9999846190214157 7e-06 2e-05 4.512103382746378 0.09 0.09 84 
-2.2256536642710367 0.0003 0.0002 0.9999962264299392 1e-06 3e-06 0.9999861206610997 8e-06 2e-05 4.5119286076227825 0.09 0.09 85 
-2.225641574859619 0.0003 0.0002 0.999996026357015 2e-06 3e-06 0.9999861240386962 8e-06 2e-05 4.512007177670797 0.09 0.09 86 
-2.2256505139668783 0.0002 0.0002 0.9999964396158855 1e-06 3e-06 0.9999845510721207 7e-06 1e-05 4.511902615229289 0.07 0.07 87 
-2.2256204001108806 0.0003 0.0002 0.9999960088729858 2e-06 3e-06 0.9999864953756332 7e-06 1e-05 4.511998097101848 0.08 0.08 88 
-2.2256655279795328 0.0003 0.0002 0.9999964143832525 1e-06 3e-06 0.9999855099121729 8e-06 2e-05 4.511999168395996 0.09 0.09 89 
-2.2256652291615806 0.0003 0.0002 0.9999962816635768 1e-06 3e-06 0.9999867008129756 7e-06 1e-05 4.512002743085225 0.08 0.08 90 
-2.225780550638835 0.0004 0.0003 0.9999970112244289 2e-06 3e-06 0.9999878086646398 7e-06 2e-05 4.511967624028523 0.08 0.08 91 
-2.225605068206787 0.0003 0.0002 0.9999953665335973 1e-06 3e-06 0.9999862202008565 7e-06 1e-05 4.511994802157084 0.08 0.08 92 
-2.225655123392741 0.0003 0.0002 0.9999960271517435 2e-06 3e-06 0.9999871490399043 7e-06 1e-05 4.5119967269897465 0.08 0.08 93 
-2.22566294670105 0.0003 0.0002 0.9999962870279948 2e-06 3e-06 0.9999859978755316 8e-06 2e-05 4.5120901123682655 0.09 0.09 94 
-2.2255951372782388 0.0002 0.0002 0.9999962908029556 1e-06 3e-06 0.9999838133653005 6e-06 1e-05 4.5119061295191445 0.08 0.08 95 
-2.2256623268127442 0.0003 0.0002 0.999996295372645 1e-06 3e-06 0.9999860189358394 8e-06 2e-05 4.5120825163523355 0.09 0.09 96 
-2.225654748280843 0.0003 0.0002 0.9999963589509329 1e-06 3e-06 0.9999857288599014 8e-06 2e-05 4.512018535931905 0.08 0.08 97 
-2.2256177616119386 0.0003 0.0002 0.9999959572156271 1e-06 3e-06 0.9999856911102931 8e-06 2e-05 4.511983253161112 0.09 0.09 98 
-2.2256685860951744 0.0003 0.0002 0.9999964543183645 1e-06 3e-06 0.999986513654391 8e-06 2e-05 4.512048498789469 0.08 0.08 99 
