-1.826477689743042 0.005 0.005 0.9961949350436529 0.0003 0.0003 0.9978512213627497 5e-05 5e-05 4.252585617701213 0.07 0.07 0 
-2.04541015625 0.05 0.02 0.9989608858029048 0.0001 0.0002 0.9949857916434606 0.0009 0.003 4.389095207850138 0.5 0.5 1 
-2.224494930903117 0.003 0.001 0.9999625543753307 7e-06 1e-05 0.9999859188000361 1e-05 4e-05 4.511950481732686 0.1 0.1 2 
-2.2196767648061115 0.004 0.003 0.9998637044429779 9e-06 1e-05 0.9999348239103953 6e-05 9e-05 4.509749078750611 0.2 0.1 3 
-2.22104510307312 0.009 0.002 0.9998842799663543 1e-05 8e-05 0.9999792265892029 2e-05 7e-05 4.508966945012411 0.2 0.2 4 
-2.0433153343200683 0.03 0.02 0.9988102090358734 0.0001 0.0002 0.9950190842151642 0.0009 0.002 4.389710241158803 0.5 0.5 5 
-2.2218367067972817 0.004 0.002 0.9999176597595215 9e-06 2e-05 0.999981548388799 1e-05 3e-05 4.509845352172851 0.1 0.1 6 
-1.9884400177001953 0.002 0.002 0.9983581191301346 4e-05 4e-05 0.9961794563134512 6e-05 6e-05 4.355655385653178 0.07 0.07 7 
-2.048526760737101 0.04 0.02 0.9989427936077118 0.0001 0.0002 0.9950285585721333 0.0009 0.003 4.3954517086346945 0.5 0.5 8 
-1.9915390396118164 0.002 0.002 0.9984005802869796 4e-05 4e-05 0.9961403212944666 6e-05 6e-05 4.357771409352621 0.07 0.07 9 
-2.0513310273488363 0.04 0.02 0.9990841696659724 0.0001 0.0002 0.9950120343764624 0.0009 0.003 4.396559730370839 0.5 0.5 10 
-1.9185438028971353 0.008 0.006 0.9970991257826487 0.0005 0.0007 0.9966542293628057 9e-05 0.0001 4.309355060259501 0.2 0.1 11 
-2.2116782410939533 0.002 0.002 0.9996846558650335 2e-05 2e-05 0.9999233053127925 6e-05 7e-05 4.501753408114116 0.2 0.2 12 
-2.22203982035319 0.004 0.002 0.9999195611476899 9e-06 2e-05 0.9999818998575211 1e-05 3e-05 4.510093530019124 0.1 0.1 13 
-2.198166716893514 0.002 0.002 0.9995863980054855 3e-05 5e-05 0.9999446721871694 9e-06 2e-05 4.4922720845540365 0.1 0.1 14 
-2.222081003189087 0.004 0.002 0.9999213884274165 9e-06 2e-05 0.9999819395939509 1e-05 3e-05 4.5101192061106365 0.1 0.1 15 
-2.0483777936299643 0.04 0.02 0.9989412061373393 0.0001 0.0002 0.9950290457407633 0.0009 0.003 4.395747927824656 0.5 0.5 16 
-1.9913970915476482 0.002 0.002 0.9983939836422603 4e-05 4e-05 0.9961354754368464 5e-05 5e-05 4.357798983256022 0.07 0.07 17 
-1.9398814392089845 0.004 0.004 0.9975815159082413 9e-05 9e-05 0.9966020055611928 7e-05 7e-05 4.320248122215271 0.09 0.09 18 
-1.940280024210612 0.004 0.004 0.9975003067652385 8e-05 8e-05 0.9965923935174942 7e-05 7e-05 4.321138561566671 0.09 0.09 19 
-2.224624563852946 0.008 0.002 0.9999753624200821 1e-05 0.0001 0.9999848039944966 1e-05 7e-05 4.5112414582570395 0.2 0.2 20 
-2.0416336345672605 0.03 0.02 0.9987161626418432 0.0001 0.0002 0.9950270805756251 0.0009 0.002 4.389135629336039 0.5 0.5 21 
-2.041626593271891 0.04 0.02 0.9987166343132655 0.0001 0.0002 0.9950264700253805 0.0009 0.002 4.389167012373607 0.5 0.5 22 
-2.223219846089681 0.001 0.0008 0.9999394210179647 4e-06 7e-06 0.999985125263532 6e-06 2e-05 4.511300094922384 0.1 0.1 23 
-1.9899715932210287 0.002 0.002 0.9983858186006546 4e-05 4e-05 0.9961456020673116 5e-05 5e-05 4.357230683962504 0.07 0.07 24 
-1.98586319287618 0.002 0.002 0.9983379032214482 4e-05 4e-05 0.9962093168497086 6e-05 6e-05 4.3538010962804155 0.07 0.07 25 
-2.224588114420573 0.003 0.001 0.9999495575825373 7e-06 2e-05 0.9999816411733627 8e-06 2e-05 4.512789557774862 0.09 0.09 26 
-2.0484220790863037 0.04 0.02 0.9989451144138972 0.0001 0.0002 0.9950259904066722 0.0009 0.003 4.396084864934285 0.5 0.5 27 
-2.191318988800049 0.002 0.002 0.9994619017839432 4e-05 5e-05 0.9999389165639877 9e-06 2e-05 4.485653872489929 0.1 0.1 28 
-1.9856233596801758 0.002 0.002 0.9983276210228602 4e-05 4e-05 0.9962043211857478 6e-05 6e-05 4.353861347834269 0.07 0.07 29 
-2.0435729948679606 0.04 0.02 0.9988240100940069 0.0001 0.0002 0.9950141161680222 0.0009 0.003 4.389772855440776 0.5 0.5 30 
-1.9874266560872396 0.002 0.002 0.9983552187681198 4e-05 4e-05 0.9961943890651067 6e-05 6e-05 4.354822136561076 0.07 0.07 31 
-2.224313859939575 0.002 0.001 0.9999480410416921 6e-06 6e-06 0.9999855212370554 8e-06 3e-05 4.512618834177653 0.1 0.1 32 
-2.0450344403584797 0.05 0.02 0.9989524670441945 0.0001 0.0002 0.9949769417444865 0.0009 0.003 4.389693249066671 0.6 0.5 33 
-2.041658665339152 0.04 0.02 0.9987169245878855 0.0001 0.0002 0.995026908715566 0.0009 0.002 4.38906254529953 0.5 0.5 34 
-2.2236309623718262 0.002 0.001 0.9999699672063191 6e-06 1e-05 0.9999842532475789 7e-06 2e-05 4.511117560068766 0.1 0.1 35 
-2.0417282358805338 0.03 0.02 0.9987189469734827 0.0001 0.0002 0.9950259113311768 0.0009 0.002 4.389054330984751 0.5 0.5 36 
-2.2216634368896484 0.004 0.002 0.9999064668019613 9e-06 2e-05 0.9999808114767075 1e-05 3e-05 4.509954799016317 0.1 0.1 37 
-2.223944199879964 0.003 0.001 0.9999054664373398 7e-06 1e-05 0.9999841030438741 1e-05 4e-05 4.512414976755778 0.1 0.1 38 
-2.0416841157277426 0.04 0.02 0.9987168476978938 0.0001 0.0002 0.9950249836842219 0.0009 0.002 4.38909604549408 0.5 0.5 39 
-2.0413850116729737 0.04 0.02 0.9986878677209219 0.0001 0.0002 0.9950217111905416 0.0009 0.003 4.389331483046214 0.5 0.5 40 
-2.2223642285664877 0.002 0.001 0.9999364326397578 7e-06 1e-05 0.9999829250574112 8e-06 2e-05 4.510016845067342 0.1 0.1 41 
-2.045266803105672 0.05 0.02 0.998958617846171 0.0001 0.0002 0.9949800519148508 0.0009 0.003 4.390069039662679 0.6 0.5 42 
-2.048511714935303 0.04 0.02 0.9989457990725835 0.0001 0.0002 0.9950256852308909 0.0009 0.003 4.395527991453807 0.5 0.5 43 
-2.223721046447754 0.003 0.002 0.9998984134197235 7e-06 2e-05 0.9999820009867351 1e-05 9e-05 4.511864156723022 0.2 0.2 44 
-2.2239192867279054 0.002 0.001 0.9999679863452912 5e-06 8e-06 0.9999854705731074 6e-06 2e-05 4.511358946164449 0.1 0.1 45 
-2.0417265383402508 0.03 0.02 0.9987190153201421 0.0001 0.0002 0.9950256564219793 0.0009 0.002 4.389113904635112 0.5 0.5 46 
-1.9868931992848715 0.002 0.002 0.9983349162340164 4e-05 4e-05 0.9961948080857594 5e-05 5e-05 4.3547513357798255 0.07 0.07 47 
-2.050967814127604 0.04 0.02 0.9990694300333659 0.0001 0.0002 0.9950032699108123 0.0009 0.003 4.396969165007273 0.5 0.5 48 
-2.2229563426971435 0.009 0.002 0.9998408828179042 1e-05 0.0001 0.999977854291598 2e-05 7e-05 4.514114651679993 0.2 0.2 49 
-1.9872582244873047 0.002 0.002 0.9983538627624512 4e-05 4e-05 0.9961937421560287 6e-05 6e-05 4.354753311475118 0.07 0.07 50 
-2.0510242811838784 0.04 0.02 0.9990622264146805 0.0001 0.0002 0.9950167544682821 0.0009 0.003 4.397424538930257 0.5 0.5 51 
-1.9815791193644205 0.002 0.002 0.9982807817061742 4e-05 4e-05 0.9962507504224777 6e-05 6e-05 4.351095085144043 0.07 0.07 52 
-2.0486402034759523 0.04 0.02 0.9989484963814418 0.0001 0.0002 0.9950251730283102 0.0009 0.003 4.395832223097483 0.5 0.5 53 
-2.2237388706207275 0.002 0.001 0.9999181348085403 6e-06 9e-06 0.9999842302004496 1e-05 4e-05 4.512486227353414 0.1 0.1 54 
-2.223655595779419 0.005 0.002 0.9999181375900904 1e-05 3e-05 0.9999799066781998 2e-05 0.0001 4.5121402152379355 0.2 0.2 55 
-2.051124855677287 0.04 0.02 0.9990638186534245 0.0001 0.0002 0.9950171500444412 0.0009 0.003 4.397332796255747 0.5 0.5 56 
-2.041715571085612 0.03 0.02 0.998719053864479 0.0001 0.0002 0.9950259162982305 0.0009 0.002 4.389078017075857 0.5 0.5 57 
-1.989074338277181 0.002 0.002 0.9983663630485534 4e-05 4e-05 0.9961585323015849 5e-05 5e-05 4.356406556765238 0.07 0.07 58 
-1.9894818433125814 0.002 0.002 0.9983678597211838 4e-05 4e-05 0.9961593256394068 5e-05 5e-05 4.356556979815165 0.07 0.07 59 
-2.2212005201975504 0.009 0.002 0.9999061550696691 1e-05 9e-05 0.9999792532126108 2e-05 7e-05 4.509016249974569 0.2 0.2 60 
-2.0468873977661133 0.05 0.02 0.9989806224902471 0.0001 0.0002 0.994947783946991 0.0009 0.003 4.3907423249880475 0.6 0.5 61 
-1.9875033187866211 0.002 0.002 0.9983463929096857 4e-05 4e-05 0.9961785503228505 5e-05 5e-05 4.355281737645467 0.07 0.07 62 
-2.041667718887329 0.03 0.02 0.9987171699603399 0.0001 0.0002 0.9950273831685384 0.0009 0.002 4.3890954828262325 0.5 0.5 63 
-2.1913272825876873 0.002 0.003 0.9994622123241425 4e-05 5e-05 0.9999389537175496 9e-06 2e-05 4.485655833880107 0.1 0.1 64 
-1.942982438405355 0.004 0.004 0.9975281769037246 8e-05 8e-05 0.9965644617875417 6e-05 6e-05 4.32405444463094 0.08 0.08 65 
-1.9787735589345297 0.002 0.002 0.998244574467341 5e-05 5e-05 0.9962901252508164 6e-05 6e-05 4.349018623034159 0.07 0.07 66 
-2.224417870839437 0.004 0.001 0.9999459375937779 7e-06 1e-05 0.9999835449457168 1e-05 5e-05 4.512702930768331 0.1 0.1 67 
-1.983117488225301 0.002 0.002 0.9982956556479136 4e-05 4e-05 0.9962317331631978 6e-05 6e-05 4.3523466046651205 0.07 0.07 68 
-2.041771192550659 0.03 0.02 0.9987211269140244 0.0001 0.0002 0.995024830698967 0.0009 0.002 4.389063292344411 0.5 0.5 69 
-2.0432928657531737 0.04 0.02 0.9988100326061249 0.0001 0.0002 0.9950185630718867 0.0009 0.002 4.38973396619161 0.5 0.5 70 
-1.9920167032877605 0.002 0.002 0.9983956285317739 4e-05 4e-05 0.9961263930797577 5e-05 5e-05 4.358380688031515 0.07 0.07 71 
-1.9882804902394613 0.002 0.002 0.9983720829089483 4e-05 3e-05 0.9961741876602173 5e-05 5e-05 4.355705595016479 0.07 0.07 72 
-2.0412522633870442 0.03 0.02 0.9986856253941854 0.0001 0.0002 0.9950285931428273 0.0009 0.002 4.389403490225474 0.5 0.5 73 
-2.045477857589722 0.05 0.02 0.9989589854081472 0.0001 0.0002 0.9949872823556264 0.0009 0.003 4.389856800238292 0.5 0.5 74 
-2.198153171539307 0.002 0.002 0.9995826349655788 3e-05 5e-05 0.9999446779489517 9e-06 2e-05 4.49236028512319 0.1 0.1 75 
-2.2218252563476564 0.004 0.002 0.999917689760526 9e-06 2e-05 0.9999813743432363 1e-05 3e-05 4.509771483739217 0.1 0.1 76 
-2.0412676843007405 0.04 0.02 0.9986846596002579 0.0001 0.0002 0.9950282257795334 0.0009 0.002 4.3893136509259545 0.5 0.5 77 
-2.0413737392425535 0.04 0.02 0.9986880962053934 0.0001 0.0002 0.9950219835837683 0.0009 0.002 4.389355093638102 0.5 0.5 78 
-2.199917081197103 0.002 0.002 0.9996540033817292 3e-05 4e-05 0.9999474402268728 8e-06 2e-05 4.494299689928691 0.1 0.1 79 
-1.9425590737660725 0.004 0.004 0.997601576646169 9e-05 9e-05 0.9965822499990463 7e-05 7e-05 4.322007883389791 0.09 0.09 80 
-1.9379049332936604 0.004 0.004 0.9975396100680033 9e-05 9e-05 0.9966164084275564 7e-05 7e-05 4.318830076853434 0.09 0.09 81 
-2.22399941444397 0.001 0.0009 0.9999645328521729 4e-06 5e-06 0.9999851723512013 6e-06 2e-05 4.5117777744928995 0.1 0.1 82 
-2.04333012898763 0.03 0.02 0.9988105070590972 0.0001 0.0002 0.9950181597471237 0.0009 0.002 4.389689537684123 0.5 0.5 83 
-2.224475870132446 0.003 0.001 0.9999300154050191 7e-06 2e-05 0.9999818750222524 1e-05 2e-05 4.513222444852193 0.09 0.09 84 
-1.9886085764567056 0.002 0.002 0.9983615964651108 4e-05 4e-05 0.9961721303065618 6e-05 6e-05 4.3558598311742145 0.07 0.07 85 
-2.2238049793243406 0.001 0.001 0.9999696713685989 5e-06 7e-06 0.9999840788046519 7e-06 2e-05 4.511241183280945 0.1 0.1 86 
-2.1501996612548826 0.004 0.003 0.999114050467809 5e-05 0.0001 0.9998810543616613 8e-05 0.0001 4.444943383534749 0.2 0.2 87 
-2.0417141119639077 0.04 0.02 0.9987313067913055 0.0001 0.0002 0.9950257360935211 0.0009 0.002 4.389149067401886 0.5 0.5 88 
-2.0484156703948972 0.04 0.02 0.9989456562201182 0.0001 0.0002 0.9950236902634303 0.0009 0.003 4.395721884568532 0.5 0.5 89 
-2.2221481132507326 0.003 0.001 0.9996847409009934 1e-05 2e-05 0.9999783333142599 7e-06 1e-05 4.517462771733602 0.08 0.08 90 
-1.9856285158793132 0.002 0.002 0.9983258424202601 4e-05 4e-05 0.9962116825580597 6e-05 6e-05 4.353756326039632 0.07 0.07 91 
-2.0483876609802247 0.04 0.02 0.9989427288373312 0.0001 0.0002 0.995026437441508 0.0009 0.003 4.395646762847901 0.5 0.5 92 
-2.2239887936909994 0.002 0.001 0.999861911535263 6e-06 9e-06 0.9999819622437159 1e-05 3e-05 4.51495867729187 0.1 0.1 93 
-2.0450672849019367 0.05 0.02 0.998952631354332 0.0001 0.0002 0.994983565012614 0.0009 0.003 4.390073692798614 0.5 0.5 94 
-1.985305840174357 0.002 0.002 0.9983316524823507 4e-05 4e-05 0.9962158177296321 6e-05 6e-05 4.353426742553711 0.07 0.07 95 
-1.9200660641988119 0.008 0.006 0.9971123105287552 0.0005 0.0008 0.9966252046823502 0.0001 0.0002 4.3102893606821695 0.2 0.2 96 
-2.2228357124328615 0.009 0.002 0.9998812627792358 1e-05 0.0001 0.9999765680233638 2e-05 7e-05 4.512371479670207 0.2 0.2 97 
-1.9407321071624757 0.004 0.004 0.9975758043924967 0.0001 0.0001 0.9965955060720444 7e-05 7e-05 4.320832303365072 0.09 0.09 98 
-1.942211440404256 0.004 0.004 0.9975922111670176 9e-05 9e-05 0.9965826461712519 7e-05 7e-05 4.3219755093256635 0.09 0.09 99 
