-2.2257623640696207 0.0001 7e-05 0.9999935724337896 2e-06 3e-06 0.9999824068943659 1e-05 1e-05 4.512272958755493 0.06 0.06 0 
-2.22574951171875 0.0001 0.0001 0.9999913597106933 3e-06 3e-06 0.999980553984642 1e-05 2e-05 4.5122478501001995 0.07 0.07 1 
-2.2256739711761475 0.0002 0.0002 0.9999952065944672 3e-06 4e-06 0.9999914687871932 5e-06 6e-06 4.511933612823486 0.06 0.06 2 
-2.225975564320882 0.0004 0.0003 0.9999940707286199 2e-06 3e-06 0.9999891773859659 5e-06 1e-05 4.512895959218343 0.07 0.08 3 
-2.225762977600098 0.0001 0.0002 0.9999936709801356 2e-06 2e-06 0.9999798715114594 1e-05 2e-05 4.512666837374369 0.08 0.08 4 
-2.225773318608602 0.0001 0.0001 0.9999916497866312 3e-06 3e-06 0.9999824688831965 1e-05 1e-05 4.5125479443868 0.06 0.06 5 
-2.225884958902995 0.0003 0.0003 0.9999950361251831 7e-07 1e-06 0.999989431699117 8e-06 1e-05 4.5118828264872235 0.07 0.07 6 
-2.2258258152008055 0.0002 0.0001 0.99999347448349 2e-06 3e-06 0.9999857085943222 1e-05 1e-05 4.512035619417826 0.06 0.06 7 
-1.6447636890411377 0.4 0.1 0.9919639716545741 0.006 0.02 0.7954208108782769 0.1 0.3 5.0986337876319885 6.0 3.0 8 
-2.225741402308146 0.0001 0.0001 0.999994980096817 3e-06 3e-06 0.9999785379568735 1e-05 2e-05 4.5119917074839275 0.07 0.07 9 
-2.225766897201538 0.0002 0.0002 0.9999921989440917 3e-06 2e-06 0.9999887406826019 8e-06 9e-06 4.5124168888727825 0.07 0.07 10 
-2.225331678390503 0.0005 0.0004 0.9999857983986536 6e-06 6e-06 0.9999861063559851 7e-06 8e-06 4.511575231552124 0.08 0.08 11 
-2.2249709288279216 0.002 0.001 0.9999831449985505 7e-06 1e-05 0.999985635081927 5e-06 1e-05 4.512985089619955 0.07 0.06 12 
-2.2259205977121987 0.0003 0.0003 0.9999944722652435 8e-07 8e-07 0.999983935157458 1e-05 2e-05 4.512197831471761 0.07 0.07 13 
-2.2257972367604575 0.0006 0.0004 0.9999894531567891 4e-06 6e-06 0.9999952046076457 2e-06 3e-06 4.5118175903956095 0.07 0.07 14 
-2.2257546774546304 0.0001 0.0001 0.9999944446484248 3e-06 3e-06 0.9999866431951523 9e-06 1e-05 4.512098484039306 0.07 0.07 15 
-1.6389688555399577 0.3 0.1 0.9917529300848643 0.006 0.009 0.7772539616624514 0.1 0.3 5.182604128519694 4.0 3.0 16 
-1.7432548777262369 0.07 0.04 0.9948997155825297 0.002 0.004 0.9135952816406886 0.03 0.08 4.537585368951162 2.0 2.0 17 
-2.225792735417684 0.0001 0.0001 0.9999922116597494 2e-06 3e-06 0.9999820047616959 1e-05 1e-05 4.5122680648167925 0.07 0.07 18 
-1.7921158822377523 0.7 0.1 0.9954577352603277 0.003 0.007 0.9359723478555679 0.02 0.09 4.605410641034444 5.0 2.0 19 
-2.2257100359598794 0.0002 0.0002 0.9999944929281871 3e-06 3e-06 0.9999895346164703 7e-06 8e-06 4.512193924585978 0.07 0.07 20 
-1.6383583990732828 0.4 0.1 0.991564084092776 0.006 0.02 0.7622925512989362 0.2 0.3 5.276533256371816 6.0 3.0 21 
-1.6535836410522462 0.5 0.08 0.9910369310776392 0.003 0.01 0.9754053503274918 0.009 0.07 4.261269446611404 5.0 3.0 22 
-1.5105776643753053 0.5 0.2 0.981311648885409 0.02 0.05 0.4429064740737279 0.5 0.3 9.818746430079143 10.0 7.0 23 
-1.5459415054321288 0.9 0.2 0.9891300992170969 0.006 0.02 0.6454080996414026 0.2 0.4 6.8706529712677 20.0 4.0 24 
-2.087439791361491 0.003 0.003 0.9978836594025294 0.0002 0.0002 0.9957873425881067 0.0002 0.0002 4.522063440481822 0.7 0.7 25 
-2.2255566056569416 0.0003 0.0003 0.999993997613589 3e-06 4e-06 0.9999893627564113 8e-06 8e-06 4.51175100962321 0.07 0.07 26 
-1.8369616413116454 0.2 0.04 0.9962672118345897 0.002 0.003 0.9413483778635661 0.04 0.05 4.49484387477239 2.0 1.0 27 
-2.219716119766235 0.0004 0.0004 0.9999207309881846 2e-06 2e-06 0.999941828250885 9e-06 9e-06 4.515323616663615 0.03 0.03 28 
-2.2257322597503664 9e-05 6e-05 0.9999895733594895 3e-06 3e-06 0.9999753240744272 1e-05 1e-05 4.5127475500106815 0.06 0.06 29 
-2.1246015199025474 0.009 0.003 0.9998163115978241 2e-05 1e-05 0.9963821353514989 0.0001 0.0002 4.41879490852356 0.1 0.1 30 
-2.2257105096181236 0.0002 0.0002 0.9999959484736125 2e-06 2e-06 0.9999785472949346 1e-05 1e-05 4.512040556271871 0.07 0.07 31 
-2.2256157875061033 0.0001 0.0001 0.9999944204092026 3e-06 3e-06 0.999976665576299 1e-05 2e-05 4.511931769053141 0.08 0.08 32 
-1.9432031154632567 0.01 0.02 0.9973024739821752 0.001 0.002 0.9886362286408742 0.001 0.002 4.371738986968994 1.0 1.0 33 
-1.6461399014790852 0.3 0.1 0.9919852836926778 0.006 0.02 0.7951229750116666 0.1 0.4 5.123254925409952 7.0 3.0 34 
-2.225805114110311 0.0001 7e-05 0.9999943099419276 3e-06 3e-06 0.9999792464574178 1e-05 1e-05 4.512240597407023 0.06 0.06 35 
-2.2255477968851727 0.0005 0.0004 0.9999934722979863 4e-06 4e-06 0.9999910847345987 6e-06 7e-06 4.511710303624471 0.06 0.06 36 
-2.2257942231496175 0.0004 0.0003 0.9999888795614242 2e-06 1e-06 0.9999809245268504 1e-05 2e-05 4.512815006573995 0.08 0.08 37 
-2.2257996368408204 0.0001 0.0001 0.9999934617678324 2e-06 3e-06 0.999983192284902 1e-05 1e-05 4.512079873085022 0.06 0.06 38 
-2.2257418823242188 0.0001 8e-05 0.9999952834844589 3e-06 3e-06 0.9999808522065481 1e-05 1e-05 4.51205689907074 0.07 0.07 39 
-1.657981424331665 0.6 0.1 0.9925303832689921 0.005 0.01 0.8002055593331655 0.1 0.4 5.121110048294067 5.0 3.0 40 
-2.2257016054789225 0.0001 0.0001 0.9999934554100036 3e-06 3e-06 0.9999818156162897 1e-05 1e-05 4.512379132906596 0.07 0.07 41 
-2.2256950092315675 0.0002 0.0002 0.999988698164622 2e-06 2e-06 0.9999784974257151 1e-05 1e-05 4.512750630378723 0.07 0.07 42 
-1.643521868387858 0.6 0.1 0.9913846170902252 0.007 0.02 0.7809956881403923 0.1 0.3 5.228118588924408 6.0 3.0 43 
-2.225655746459961 0.0003 0.0003 0.999993968407313 4e-06 4e-06 0.9999915913740793 5e-06 6e-06 4.511803297996521 0.06 0.06 44 
-2.2256848589579263 0.0001 0.0001 0.9999939503272375 3e-06 3e-06 0.999988000591596 8e-06 9e-06 4.512067136764526 0.07 0.07 45 
-1.6516134484608969 0.4 0.1 0.990951244433721 0.007 0.02 0.7605949077010155 0.2 0.4 5.391116803487142 6.0 3.0 46 
-2.225831460952759 0.0004 0.0004 0.9999927711486817 4e-06 5e-06 0.9999946252504984 3e-06 4e-06 4.511923789978027 0.08 0.07 47 
-2.225750363667806 0.0001 8e-05 0.999994114836057 3e-06 3e-06 0.9999894513686498 8e-06 9e-06 4.512230356534322 0.07 0.06 48 
-1.6716920693715414 0.7 0.08 0.9933521908521652 0.005 0.008 0.8599941303332647 0.08 0.5 4.716884276072184 8.0 2.0 49 
-2.2256983534495034 0.0001 0.0001 0.9999947031339009 3e-06 3e-06 0.9999881643056869 8e-06 9e-06 4.511645269393921 0.07 0.07 50 
-1.9924350547790528 0.004 0.004 0.9982875406742096 0.001 0.001 0.980998583038648 0.0009 0.0009 4.441835395495096 0.8 0.8 51 
-2.125941594441732 0.01 0.004 0.9998119322458903 2e-05 2e-05 0.9965489979585012 0.0001 0.0003 4.4209000047047935 0.2 0.2 52 
-1.9194747225443523 0.08 0.03 0.9970679004987081 0.001 0.004 0.9823662662506103 0.004 0.01 4.363411026795705 2.0 1.0 53 
-2.2256580352783204 0.0001 0.0002 0.9999952908356985 3e-06 3e-06 0.9999807794888814 1e-05 1e-05 4.5112781206766766 0.07 0.07 54 
-1.6401807149251302 0.09 0.07 0.9919252550601959 0.006 0.009 0.8501076465845108 0.07 0.2 4.766517673333486 3.0 2.0 55 
-2.2255914974212647 0.0004 0.0004 0.9999907807509104 4e-06 4e-06 0.9999901936451594 6e-06 7e-06 4.5127495034535725 0.05 0.05 56 
-1.6371298694610597 0.7 0.1 0.9903703780968984 0.008 0.03 0.752650288840135 0.2 0.4 5.452897447745006 9.0 3.0 57 
-2.2257985782623293 6e-05 8e-05 0.9999917076031367 2e-06 2e-06 0.9999819908539455 1e-05 1e-05 4.512146855990092 0.07 0.07 58 
-2.2258188851674396 6e-05 5e-05 0.9999947845935822 2e-06 2e-06 0.9999806193510691 1e-05 1e-05 4.512208789189657 0.06 0.06 59 
-2.225676488876343 0.0003 0.0003 0.9999933743476868 3e-06 4e-06 0.9999917207161585 5e-06 5e-06 4.512271779378255 0.04 0.04 60 
-2.2256567351023357 9e-05 0.0001 0.9999955157438914 3e-06 3e-06 0.999983960390091 1e-05 1e-05 4.511967233022054 0.08 0.08 61 
-2.225836216608683 0.0001 0.0001 0.9999919909238816 3e-06 3e-06 0.9999835002422333 1e-05 1e-05 4.512190489768982 0.06 0.06 62 
-1.7779183355967203 0.3 0.08 0.9953833804527918 0.002 0.004 0.9003895632425944 0.05 0.4 4.654525370597839 4.0 2.0 63 
-2.2254283173878986 0.0006 0.0003 0.9999902069568634 3e-06 7e-06 0.9999717599153519 5e-06 9e-06 4.512177184422811 0.05 0.05 64 
-2.225737361907959 7e-05 0.0001 0.9999954225619634 2e-06 2e-06 0.9999801278114319 1e-05 1e-05 4.512281223932902 0.07 0.07 65 
-2.225776818593343 0.0001 0.0001 0.9999954825639725 2e-06 2e-06 0.9999901403983434 6e-06 7e-06 4.512074631055196 0.06 0.06 66 
-2.2257745393117268 0.0003 0.0002 0.9999955499172211 3e-06 3e-06 0.9999909192323685 6e-06 6e-06 4.5118707005182905 0.05 0.05 67 
-2.2254054737091065 0.0007 0.0004 0.9999761988719305 4e-06 6e-06 0.9999782431125641 7e-06 1e-05 4.513501124382019 0.08 0.08 68 
-2.2257498709360757 0.0001 0.0001 0.9999954078594844 3e-06 3e-06 0.9999888290961584 7e-06 8e-06 4.512001967430114 0.07 0.07 69 
-2.2257716115315755 0.0002 0.0001 0.9999951529502868 3e-06 3e-06 0.9999871130784352 8e-06 9e-06 4.51211932182312 0.06 0.06 70 
-2.2257241217295327 0.0005 0.0004 0.9999933562676112 1e-06 1e-06 0.9999777497847875 2e-05 3e-05 4.512419295310974 0.09 0.09 71 
-2.2257134532928466 0.0003 0.0002 0.9999932936827342 4e-06 4e-06 0.9999909516175588 6e-06 6e-06 4.5122318871816 0.06 0.06 72 
-2.2257275708516437 0.0002 0.0001 0.9999887412786483 4e-06 3e-06 0.9999820244312286 1e-05 1e-05 4.512384837468465 0.06 0.06 73 
-2.225578734079997 0.0004 0.0004 0.9999948950608571 3e-06 4e-06 0.9999905590216319 6e-06 7e-06 4.511838601430257 0.07 0.07 74 
-1.6337065315246582 0.7 0.2 0.9910226724545161 0.006 0.02 0.7609879794716835 0.2 0.5 5.542814990679423 8.0 4.0 75 
-2.225783322652181 0.0001 8e-05 0.9999954011042913 2e-06 3e-06 0.9999838747580846 9e-06 1e-05 4.512246052424113 0.06 0.06 76 
-2.225871264139811 0.0002 0.0002 0.9999964950482051 1e-06 1e-06 0.9999787553151449 1e-05 1e-05 4.512168281873067 0.07 0.07 77 
-2.225724951426188 0.0002 0.0001 0.9999957899252574 3e-06 3e-06 0.9999813622236252 1e-05 1e-05 4.512365946769714 0.06 0.06 78 
-2.2257829825083415 9e-05 6e-05 0.9999944754441579 3e-06 3e-06 0.9999839305877686 1e-05 1e-05 4.511629177729289 0.07 0.07 79 
-2.2255276997884113 0.0004 0.0004 0.9999900464216868 4e-06 4e-06 0.9999886296192805 7e-06 8e-06 4.512335661252339 0.06 0.06 80 
-2.2257407156626385 0.0003 0.0002 0.9999952191114425 2e-06 3e-06 0.9999924325942993 4e-06 4e-06 4.512127412160238 0.05 0.05 81 
-2.034571278889974 0.003 0.003 0.9985306890805562 0.0009 0.0009 0.9921877022584279 2e-05 2e-05 4.419874607721964 0.6 0.6 82 
-2.225670909881592 0.0003 0.0003 0.9999911159276962 4e-06 4e-06 0.999992396235466 4e-06 4e-06 4.512303133010864 0.04 0.04 83 
-2.1157309436798095 0.002 0.003 0.9993936874469121 0.0001 0.0002 0.9970290613174438 0.0003 0.0003 4.474576476414998 0.4 0.4 84 
-1.7509465090433756 0.6 0.1 0.9942433615525563 0.004 0.01 0.8730865703026454 0.06 0.2 4.728917708396912 2.0 2.0 85 
-2.2257744948069256 0.0001 0.0001 0.9999957066774369 2e-06 2e-06 0.9999807763099671 1e-05 1e-05 4.5123016023635865 0.07 0.07 86 
-2.2256428305308025 0.0002 0.0003 0.999994564851125 2e-06 3e-06 0.9999822513262431 1e-05 1e-05 4.511909421284994 0.08 0.08 87 
-1.9474487527211508 0.05 0.03 0.9976839427153269 0.001 0.003 0.9869014135996501 0.003 0.005 4.369508884747823 1.0 1.0 88 
-2.2256913312276203 9e-05 6e-05 0.9999948042631149 2e-06 3e-06 0.9999826514720916 1e-05 1e-05 4.511605461438497 0.07 0.07 89 
-2.2257490253448484 0.0002 0.0001 0.9999946469068527 3e-06 3e-06 0.9999867222706477 8e-06 9e-06 4.512201398213705 0.06 0.06 90 
-1.8308584086100261 0.2 0.07 0.9964694593350093 0.002 0.004 0.9053816765546798 0.05 0.2 4.6766822067896525 3.0 2.0 91 
-1.646806500752767 0.3 0.1 0.992035348614057 0.005 0.01 0.7983352380990982 0.1 0.4 5.081431430975596 5.0 3.0 92 
-2.104797871907552 0.0008 0.0007 0.9989639673630396 0.0003 0.0003 0.9959002995491028 0.0001 0.0001 4.4431516567866005 0.3 0.3 93 
-2.225628360112508 0.0002 0.0002 0.9999926578998566 4e-06 4e-06 0.9999882314602534 8e-06 8e-06 4.512617314656575 0.08 0.07 94 
-2.225568421681722 0.0003 0.0002 0.9999868084987005 4e-06 4e-06 0.9999897156159083 4e-06 5e-06 4.512763899167378 0.07 0.07 95 
-2.2257091490427654 0.0002 0.0001 0.999992711742719 3e-06 3e-06 0.9999822165568669 1e-05 1e-05 4.512186834017435 0.07 0.07 96 
-2.2256892903645835 0.0002 0.0001 0.9999938629070918 3e-06 3e-06 0.9999802213907242 1e-05 1e-05 4.512342198689779 0.07 0.07 97 
-2.225598888397217 0.0003 0.0002 0.9999853597084681 4e-06 3e-06 0.9999867135286331 8e-06 8e-06 4.5138396581014 0.08 0.08 98 
-2.2257731501261393 7e-05 5e-05 0.9999945574998855 2e-06 2e-06 0.9999832220872243 1e-05 1e-05 4.51216794013977 0.07 0.07 99 
