-2.225551570256551 0.0005 0.0005 0.9999923658370972 3e-06 1e-05 0.999991685350736 7e-06 2e-05 4.512095195452372 0.09 0.09 0 
9.19912622521224e-07 1 
-2.226208651860555 0.0003 0.0002 0.9999963319301606 2e-06 4e-06 0.9999974753459294 2e-06 6e-06 4.512196130752564 0.06 0.06 2 
-2.2242745399475097 0.005 0.002 0.9999893961350123 8e-06 3e-05 0.999976748029391 2e-05 0.0001 4.511256728172302 0.1 0.1 3 
-2.2262342007954916 8e-05 6e-05 0.9999920503298442 6e-07 1e-06 0.9999972105026245 9e-07 1e-06 4.512328147888184 0.05 0.05 4 
-2.225261344909668 0.001 0.0006 0.9999891863266627 7e-06 1e-05 0.99998759329319 1e-05 2e-05 4.5120333989461265 0.1 0.1 5 
58.790872192382814 6 
-2.2262039438883465 0.002 0.0003 0.9999979450305303 1e-06 3e-06 0.9999987320105235 7e-07 2e-06 4.512146978378296 0.04 0.04 7 
-2.224431562423706 0.004 0.001 0.9999850763877233 9e-06 3e-05 0.9999784616629283 2e-05 0.0001 4.511468302408854 0.1 0.1 8 
-2.226111962000529 0.005 0.0004 0.9999952938159307 3e-06 8e-06 0.9999981327851614 2e-06 6e-06 4.5121316798528035 0.06 0.05 9 
-2.224806807835897 0.002 0.0007 0.9999894165992737 5e-06 9e-06 0.9999858611822128 1e-05 3e-05 4.511629546483357 0.09 0.09 10 
9.203422564496577e-07 11 
-2.226327794392904 3e-05 3e-05 0.9999970823526383 4e-07 6e-07 0.9999984389543534 3e-07 3e-07 4.512266481717427 0.03 0.03 12 
9.199405781146198e-07 13 
-2.225067443847656 0.001 0.0006 0.999977381825447 6e-06 1e-05 0.9999889141321182 9e-06 2e-05 4.512035420735677 0.07 0.07 14 
9.19910473839991e-07 15 
-2.2263366031646727 0.0003 8e-05 0.9999980376164118 7e-07 1e-06 0.9999982041120529 3e-07 3e-07 4.51223269144694 0.04 0.04 16 
-2.2254054005940755 0.002 0.0009 0.9999907553195954 7e-06 3e-05 0.999991076985995 8e-06 4e-05 4.511782026290893 0.1 0.1 17 
-2.2253152688344318 0.002 0.0008 0.9999885737895966 6e-06 2e-05 0.9999877442916234 1e-05 6e-05 4.511928313573201 0.08 0.08 18 
-2.2262927373250325 4e-05 4e-05 0.999994370341301 6e-07 6e-07 0.9999973835547765 8e-07 9e-07 4.512307683626811 0.04 0.04 19 
-2.2241294034322103 0.006 0.002 0.9999853728214899 1e-05 3e-05 0.9999734550714493 2e-05 0.0001 4.511310125986735 0.2 0.2 20 
-2.2236195119222004 0.002 0.001 0.9999829606215159 1e-05 2e-05 0.9999640291929245 3e-05 0.0001 4.51093956788381 0.09 0.09 21 
-2.2262119325002034 9e-05 9e-05 0.9999969816207885 5e-07 6e-07 0.9999985977013905 3e-07 2e-07 4.512165228525798 0.03 0.03 22 
9.199234568768588e-07 23 
-2.2247218894958496 0.0003 0.0002 0.9999882787466049 3e-06 4e-06 0.9999911783138911 2e-06 3e-06 4.512003835042318 0.1 0.1 24 
9.199610985888285e-07 25 
-2.225635821024577 0.06 0.0009 0.9999932565291723 6e-06 9e-05 0.99999762515227 2e-06 5e-05 4.5118727874755855 0.1 0.1 26 
-2.224022970199585 0.005 0.002 0.9999823135137558 1e-05 3e-05 0.9999724417924881 2e-05 0.0001 4.511221661567688 0.09 0.1 27 
-2.226252737045288 6e-05 6e-05 0.999995990395546 5e-07 5e-07 0.9999978452920913 8e-07 9e-07 4.512229270935059 0.04 0.04 28 
-2.2242649745941163 0.006 0.002 0.9999881420532862 8e-06 3e-05 0.9999769065777461 2e-05 7e-05 4.511347804069519 0.2 0.2 29 
-2.2235524304707845 0.004 0.001 0.9999772767225902 1e-05 1e-05 0.9999388686815898 5e-05 0.0003 4.5116571553548175 0.2 0.2 30 
-2.224330151875814 0.003 0.001 0.999990028142929 4e-06 7e-06 0.9999817087252935 2e-05 8e-05 4.51139719804128 0.09 0.09 31 
-2.223750254313151 0.005 0.002 0.9999854278564453 1e-05 3e-05 0.9999703470865885 3e-05 0.0002 4.511143848101298 0.09 0.1 32 
-2.22614018758138 0.005 0.0003 0.9999936501185099 3e-06 1e-05 0.9999978735049566 1e-06 7e-06 4.512374348640442 0.07 0.07 33 
-2.225445721944173 0.002 0.0009 0.9999924252430598 6e-06 2e-05 0.999992591937383 7e-06 5e-05 4.512120232582093 0.1 0.1 34 
-2.2250805536905927 0.001 0.0005 0.9999847867091497 5e-06 8e-06 0.9999894199768702 8e-06 1e-05 4.511925024986267 0.06 0.06 35 
-2.22627511660258 4e-05 4e-05 0.9999955616394679 5e-07 6e-07 0.9999978977441788 8e-07 8e-07 4.512259748776754 0.04 0.04 36 
-2.225367472966512 0.002 0.001 0.9999914999802907 5e-06 1e-05 0.9999926469723384 6e-06 5e-05 4.511993581453959 0.08 0.08 37 
-2.2258533000946046 0.05 0.0007 0.9999935891230901 5e-06 5e-05 0.9999979452292125 2e-06 1e-05 4.512195467948914 0.07 0.07 38 
-2.224792544047038 0.001 0.0006 0.9999876089890798 5e-06 9e-06 0.9999884162346522 1e-05 1e-05 4.511781794230143 0.08 0.08 39 
-2.2261930465698243 0.001 0.0003 0.999996572136879 1e-06 3e-06 0.9999984528621038 7e-07 2e-06 4.512169593175252 0.04 0.04 40 
60.18230056762695 41 
-2.2247850481669107 0.02 0.002 0.9999912752707799 8e-06 4e-05 0.9999764037132263 2e-05 0.0002 4.51179584980011 0.1 0.1 42 
-2.22487478574117 0.001 0.0006 0.9999875734249751 4e-06 8e-06 0.999987540046374 1e-05 2e-05 4.5117294851938885 0.09 0.09 43 
-2.226247679392497 0.0005 0.0002 0.9999928871790568 2e-06 4e-06 0.9999974548816681 2e-06 4e-06 4.512469628651937 0.07 0.08 44 
-2.2255010763804117 0.0008 0.0006 0.9999925394852957 3e-06 1e-05 0.999994512796402 4e-06 2e-05 4.512077369689941 0.09 0.09 45 
9.19950991828955e-07 46 
76.56344909667969 47 
330.9348449707031 48 
-2.2263427861531575 5e-05 2e-05 0.9999935921033224 6e-07 6e-07 0.9999980487426122 7e-07 2e-06 4.51238520304362 0.05 0.05 49 
-2.2245879936218262 0.003 0.0009 0.9999897223711014 4e-06 6e-06 0.9999841072161992 1e-05 6e-05 4.5114384317398075 0.06 0.06 50 
-2.226232198079427 0.007 0.0003 0.9999974038203557 1e-06 1e-05 0.9999982410669327 7e-07 7e-06 4.512179349263509 0.04 0.04 51 
-2.224700682957967 0.003 0.0008 0.9999866177638371 6e-06 1e-05 0.9999833234151204 1e-05 5e-05 4.51164131005605 0.09 0.1 52 
-2.226138947804769 0.0003 0.0002 0.999993441303571 4e-06 7e-06 0.9999972228209177 2e-06 6e-06 4.512152999242147 0.07 0.07 53 
9.199441251439566e-07 54 
-2.2261879603068033 0.0004 0.0002 0.999996321996053 2e-06 6e-06 0.9999976921081543 2e-06 6e-06 4.512142566045125 0.07 0.07 55 
-2.2247728379567464 0.01 0.002 0.999991216858228 8e-06 3e-05 0.999986642797788 1e-05 0.0003 4.511701539357503 0.1 0.1 56 
76.96419067382813 57 
-2.2263062953948975 0.0006 0.0002 0.9999975947539012 6e-07 2e-06 0.999998539686203 4e-07 7e-07 4.512229727109273 0.04 0.04 58 
-2.2262476444244386 0.001 0.0003 0.9999981830517451 1e-06 3e-06 0.999998595515887 1e-06 4e-06 4.512150851885478 0.06 0.06 59 
-2.2262996927897136 0.0002 7e-05 0.9999965045849483 3e-07 5e-07 0.9999982392787934 3e-07 4e-07 4.51226983388265 0.04 0.04 60 
-2.2261971187591554 0.0002 0.0001 0.9999978641668955 1e-06 1e-06 0.9999975583950679 2e-06 3e-06 4.512101497650146 0.04 0.05 61 
-2.2250046634674074 0.002 0.0006 0.9999885892868042 6e-06 1e-05 0.9999872672557831 1e-05 2e-05 4.511775832176209 0.1 0.1 62 
-2.2262039311726887 0.0004 0.0002 0.9999980914592743 1e-06 3e-06 0.9999974940220515 2e-06 6e-06 4.5121780220667524 0.05 0.05 63 
-2.226256106694539 3e-05 3e-05 0.9999875152111053 5e-07 8e-07 0.9999976797898611 3e-07 2e-07 4.512486073176066 0.05 0.05 64 
-1.9753155962626139 70.0 0.3 0.9999862565596899 1e-05 6e-05 0.999989536801974 1e-05 6e-05 4.517491807937622 0.1 0.08 65 
-2.225188789367676 0.0006 0.0003 0.9999889981746674 4e-06 1e-05 0.9999963877598445 2e-06 7e-06 4.512071687380473 0.09 0.09 66 
-2.226253916422526 7e-05 7e-05 0.9999989994366963 4e-07 4e-07 0.9999986231327057 3e-07 4e-07 4.512116754849751 0.03 0.03 67 
-2.226273021697998 0.001 0.0002 0.9999984099467596 7e-07 2e-06 0.9999985462427139 7e-07 1e-06 4.5121486393610635 0.04 0.04 68 
-2.2258062489827473 0.0004 0.0002 0.999988185763359 5e-06 1e-05 0.9999884108702342 6e-06 9e-06 4.512023310661316 0.1 0.1 69 
-2.224804588953654 0.003 0.001 0.9999796505769094 1e-05 3e-05 0.9999823663632075 2e-05 9e-05 4.511782894134521 0.08 0.09 70 
-2.2261091391245524 0.02 0.0004 0.999996878306071 3e-06 3e-05 0.9999982847770055 2e-06 2e-05 4.512155507405599 0.07 0.06 71 
-2.2250566418965656 0.002 0.0006 0.9999865229924519 5e-06 8e-06 0.9999887675046921 1e-05 2e-05 4.511831812858581 0.07 0.07 72 
-2.225322971343994 0.001 0.0005 0.9999896631638209 3e-06 7e-06 0.9999893575906753 9e-06 2e-05 4.511828665733337 0.06 0.06 73 
-2.2244931729634603 0.003 0.001 0.9999872740109762 5e-06 7e-06 0.999980434179306 2e-05 6e-05 4.511395382881164 0.07 0.07 74 
-2.225559631983439 0.004 0.0009 0.999992725054423 5e-06 3e-05 0.9999893883864085 1e-05 9e-05 4.512159283955892 0.1 0.1 75 
-2.2248634020487468 0.005 0.001 0.9999914131561916 7e-06 3e-05 0.9999735816319784 2e-05 8e-05 4.511528420448303 0.1 0.1 76 
-2.2252321084340414 0.0009 0.0005 0.9999901356299719 5e-06 1e-05 0.9999892079830169 8e-06 1e-05 4.511902149518331 0.09 0.09 77 
-2.225199066797892 0.002 0.0005 0.9999872901042303 4e-06 7e-06 0.9999886550505956 1e-05 2e-05 4.511919649442037 0.06 0.06 78 
-2.224490820566813 0.004 0.002 0.9999871347347895 1e-05 3e-05 0.9999783144394556 2e-05 0.0001 4.511411178906759 0.2 0.2 79 
147.20514526367188 80 
-2.2262049674987794 0.0007 0.0002 0.999997988541921 2e-06 4e-06 0.999997655749321 2e-06 7e-06 4.512177233695984 0.07 0.06 81 
-2.2260293420155843 0.007 0.0005 0.9999916674693425 4e-06 1e-05 0.9999979235728582 1e-06 8e-06 4.512413724263509 0.07 0.07 82 
-2.222754621505737 0.004 0.002 0.9999800449609757 1e-05 4e-05 0.9999616549412409 3e-05 0.0001 4.5105869658788045 0.2 0.2 83 
-2.226365696589152 6e-05 5e-05 0.9999951114257176 2e-06 3e-06 0.9999981383482616 7e-07 1e-06 4.512339227994283 0.06 0.06 84 
-2.2262324873606363 0.0002 0.0001 0.9999990063905716 8e-07 1e-06 0.9999979148308437 2e-06 4e-06 4.512041846911113 0.05 0.05 85 
-2.2261886246999105 0.0001 0.0001 0.9999907330671947 2e-06 2e-06 0.9999972478548685 1e-06 1e-06 4.512328570683797 0.05 0.05 86 
-2.226105041503906 0.01 0.0004 0.9999973080555598 2e-06 2e-05 0.9999982815980911 2e-06 1e-05 4.512133762041728 0.07 0.06 87 
-2.2253050963083902 0.001 0.0005 0.9999885892868042 4e-06 6e-06 0.9999890514214833 9e-06 2e-05 4.51183931350708 0.07 0.07 88 
-2.225315046310425 0.003 0.001 0.9999911516904831 7e-06 3e-05 0.9999899812539419 9e-06 4e-05 4.512080407142639 0.1 0.1 89 
-2.2235091400146483 0.003 0.002 0.9999534398317337 2e-05 4e-05 0.9999669373035431 3e-05 9e-05 4.511793777147929 0.1 0.1 90 
-2.22438237508138 0.005 0.002 0.9999846839904785 9e-06 3e-05 0.9999782804648082 2e-05 8e-05 4.511521848042806 0.1 0.1 91 
-2.224651565551758 0.003 0.0008 0.9999814260005951 6e-06 9e-06 0.9999851214885712 1e-05 4e-05 4.5118330367406205 0.07 0.07 92 
-2.2259897486368816 0.02 0.0005 0.9999976036945979 2e-06 3e-05 0.9999983125925064 2e-06 1e-05 4.51203443368276 0.06 0.05 93 
-2.2250787448883056 0.001 0.0006 0.9999844161669413 4e-06 7e-06 0.9999883979558944 1e-05 2e-05 4.511800624529521 0.06 0.06 94 
-2.2247392304738365 0.01 0.002 0.9999877764781316 9e-06 6e-05 0.9999940508604049 6e-06 0.0002 4.511982882817586 0.08 0.09 95 
-2.225058323542277 0.0009 0.0004 0.9999907231330871 4e-06 7e-06 0.9999903345108032 7e-06 9e-06 4.511878620783488 0.09 0.09 96 
-2.2191094875335695 0.008 0.004 0.9999800461530686 2e-05 2e-05 0.9999294050534566 7e-05 0.0005 4.507801817258199 0.04 0.04 97 
9.199400551551662e-07 98 
-2.2239847977956138 0.005 0.002 0.9999853481849035 8e-06 3e-05 0.9999721636374791 2e-05 0.0001 4.511209039688111 0.09 0.1 99 
-2.224865929285685 0.01 0.002 0.9999882930517197 9e-06 4e-05 0.9999829924106598 2e-05 0.0001 4.511936546961467 0.09 0.09 100 
-2.2244109153747558 0.003 0.001 0.9999903611342112 4e-06 6e-06 0.9999779798587163 2e-05 9e-05 4.511275100708008 0.07 0.06 101 
-2.225789349873861 0.002 0.0007 0.9999948998292287 4e-06 1e-05 0.9999981929858526 2e-06 7e-06 4.5119887622197465 0.08 0.09 102 
60.105035400390626 103 
-2.2263304805755615 0.003 0.0002 0.9999965457121531 1e-06 4e-06 0.9999982591470082 7e-07 4e-06 4.512293650309245 0.05 0.04 104 
-2.226259225209554 0.004 0.0003 0.9999970138072968 3e-06 1e-05 0.9999987743298213 1e-06 5e-06 4.512243679364523 0.07 0.06 105 
-2.224937671025594 0.0004 0.0003 0.9999894458055496 5e-06 8e-06 0.9999940462907155 4e-06 6e-06 4.511820762952169 0.08 0.08 106 
-2.2262432193756103 0.0009 0.0002 0.9999922021230062 1e-06 2e-06 0.9999978250265121 3e-07 7e-07 4.512455466588338 0.05 0.05 107 
-2.22616730372111 0.008 0.0004 0.9999988899628321 1e-06 1e-05 0.999998691479365 1e-06 8e-06 4.512164254188537 0.05 0.06 108 
-2.2260206826527913 0.009 0.0005 0.9999957549571991 3e-06 2e-05 0.9999980010588964 2e-06 2e-05 4.5120003732045495 0.09 0.08 109 
-2.226148459116618 0.006 0.0003 0.9999958765506745 2e-06 9e-06 0.9999985476334889 1e-06 6e-06 4.512334028879802 0.07 0.06 110 
9.199445798913075e-07 111 
-2.226132911046346 0.006 0.0004 0.9999962906042735 3e-06 9e-06 0.9999982333183288 1e-06 7e-06 4.512239543596904 0.06 0.06 112 
-2.22618083635966 0.006 0.0003 0.9999967388312022 2e-06 1e-05 0.9999986282984415 1e-06 8e-06 4.512158786455791 0.05 0.05 113 
-2.2253729057312013 0.0009 0.0005 0.9999879151582718 4e-06 8e-06 0.9999897875388464 8e-06 2e-05 4.512038752237956 0.07 0.07 114 
-2.226389547983805 3e-05 3e-05 0.9999961405992508 6e-07 8e-07 0.9999980405966441 8e-07 1e-06 4.512315931320191 0.05 0.05 115 
-2.2251251061757404 0.001 0.0005 0.9999860505263011 5e-06 9e-06 0.9999901250998179 8e-06 2e-05 4.511888524691264 0.07 0.07 116 
-2.2251309808095296 0.001 0.0006 0.9999887772401174 4e-06 8e-06 0.9999889647960662 1e-05 2e-05 4.5118446413675946 0.07 0.07 117 
-2.22618345896403 8e-05 6e-05 0.9999860409895579 9e-07 1e-06 0.9999969557921091 9e-07 9e-07 4.512493154207865 0.05 0.05 118 
-2.2251409467061363 0.001 0.0005 0.9999877224365871 3e-06 6e-06 0.9999896609783172 9e-06 3e-05 4.511815638542175 0.06 0.06 119 
-2.2250644747416177 0.002 0.0006 0.9999777698516845 6e-06 1e-05 0.9999879095951716 1e-05 3e-05 4.512095017433166 0.08 0.07 120 
-2.226213057835897 0.0002 0.0002 0.9999973175923029 1e-06 2e-06 0.9999976845582327 2e-06 4e-06 4.512057816187541 0.05 0.05 121 
-2.224525540669759 0.005 0.001 0.9999892528851827 6e-06 1e-05 0.999981495141983 2e-05 0.0001 4.511403551101685 0.07 0.07 122 
-2.226330251693726 0.0008 0.0001 0.9999950848023097 2e-06 8e-06 0.999998744726181 1e-06 3e-06 4.512240365346273 0.07 0.07 123 
-2.226280355453491 0.0004 0.0002 0.9999910416205724 6e-06 2e-05 0.9999976921081543 2e-06 6e-06 4.512337412834167 0.1 0.1 124 
-2.2252054913838704 0.001 0.0005 0.9999840372800827 3e-06 5e-06 0.9999900730450948 8e-06 2e-05 4.512025206883749 0.06 0.06 125 
-2.2241838359832764 0.005 0.002 0.9999862114588419 9e-06 3e-05 0.9999752020835877 2e-05 0.0002 4.511289919217427 0.1 0.1 126 
-2.2262370268503826 0.0004 0.0001 0.9999952081839244 7e-07 1e-06 0.9999979617198308 3e-07 5e-07 4.512311617533366 0.04 0.04 127 
-2.226104873021444 0.0003 0.0002 0.9999944631258647 3e-06 4e-06 0.9999968771139781 2e-06 3e-06 4.512360617319743 0.1 0.1 128 
-2.226140152613322 0.007 0.0004 0.9999975472688675 2e-06 1e-05 0.9999979605277379 2e-06 7e-06 4.512102115948995 0.08 0.07 129 
-2.2251432768503823 0.001 0.0005 0.9999893975257873 5e-06 9e-06 0.9999896641572317 8e-06 1e-05 4.511874882380168 0.08 0.08 130 
-2.2262342166900635 0.0001 9e-05 0.9999948741992315 1e-06 1e-06 0.9999973187843959 1e-06 2e-06 4.512250951131185 0.04 0.04 131 
-2.2250967597961426 0.008 0.001 0.9999889647960662 9e-06 4e-05 0.9999915816386541 8e-06 0.0001 4.511856735547384 0.09 0.09 132 
-2.2261354732513428 0.0002 0.0002 0.9999900468190511 4e-06 8e-06 0.9999971038103104 1e-06 3e-06 4.5123434734344485 0.1 0.1 133 
-2.2252126852671306 0.001 0.0005 0.9999841688076655 4e-06 8e-06 0.9999896734952927 9e-06 2e-05 4.511945184071859 0.07 0.07 134 
-2.22626314163208 9e-05 7e-05 0.9999973857402802 6e-07 5e-07 0.9999976307153702 9e-07 1e-06 4.5121847995122275 0.03 0.03 135 
-2.226235243479411 0.001 0.0003 0.9999980874856313 1e-06 2e-06 0.9999985106786092 8e-07 2e-06 4.512133401234944 0.04 0.04 136 
-2.2245449288686117 0.004 0.001 0.9999889794985454 8e-06 2e-05 0.9999811355272928 2e-05 8e-05 4.511318990389506 0.08 0.09 137 
-2.225014756520589 0.001 0.0004 0.9999882298707962 3e-06 5e-06 0.9999913595120112 7e-06 1e-05 4.511835947036743 0.07 0.07 138 
-2.224927151997884 0.002 0.0007 0.999989213347435 6e-06 1e-05 0.9999870612223943 1e-05 2e-05 4.5117373355229695 0.1 0.1 139 
-2.226265427271525 0.002 0.0002 0.9999969039360682 1e-06 4e-06 0.9999985065062841 7e-07 3e-06 4.512156958580017 0.04 0.04 140 
-2.2236568196614583 0.002 0.001 0.9999767955144246 1e-05 2e-05 0.9999662846326828 3e-05 0.0001 4.51114794254303 0.1 0.1 141 
-2.225191701253255 0.001 0.0005 0.9999917860825857 2e-06 4e-06 0.9999901054302851 8e-06 2e-05 4.511799311637878 0.06 0.06 142 
-2.2262673981984458 7e-05 5e-05 0.9999964261054992 5e-07 6e-07 0.9999977107842764 9e-07 8e-07 4.512220385869344 0.04 0.04 143 
-2.2250887711842853 0.002 0.0007 0.9999902399381002 6e-06 1e-05 0.9999877987305323 1e-05 3e-05 4.511552751859029 0.1 0.1 144 
-2.224459835688273 0.004 0.001 0.9999843794107437 5e-06 1e-05 0.9999815636873245 2e-05 7e-05 4.511516197522481 0.07 0.08 145 
-2.2262410895029703 0.0004 0.0001 0.9999945543209712 1e-06 1e-06 0.9999980636437734 4e-07 3e-07 4.512390875816346 0.05 0.05 146 
9.202557180287841e-07 147 
-2.2262404696146647 0.0001 0.0001 0.9999922376871109 2e-06 3e-06 0.999997155268987 2e-06 2e-06 4.512370621363322 0.05 0.05 148 
-2.2255549971262614 0.0008 0.0004 0.9999913404385249 4e-06 9e-06 0.9999913503726323 7e-06 1e-05 4.511997326215108 0.07 0.07 149 
