-2.2200300375620525 0.003 0.002 0.9999474626779556 2e-05 3e-05 0.9998492133617402 7e-05 0.0001 4.510891542434693 0.2 0.2 0 
-2.222593663533529 0.003 0.002 0.999961844086647 2e-05 3e-05 0.9999015907446543 9e-05 0.0002 4.511035922368367 0.1 0.1 3 
-2.2197348244984947 0.004 0.002 0.99993452390035 3e-05 4e-05 0.9998411858081817 0.0001 0.0002 4.510679004987081 0.2 0.2 5 
-2.2202386029561363 0.003 0.001 0.9999593383073807 1e-05 3e-05 0.9998502777020136 5e-05 9e-05 4.510539185206095 0.1 0.1 8 
-2.221348161697388 0.003 0.002 0.9999284813801448 4e-05 0.0001 0.9999266441663106 6e-05 9e-05 4.5125014162063595 0.2 0.2 10 
-2.2216483116149903 0.003 0.002 0.9999460488557815 2e-05 2e-05 0.9998945903778076 6e-05 0.0001 4.51185094833374 0.2 0.2 11 
-2.2222807598114014 0.003 0.002 0.999963095386823 1e-05 3e-05 0.9999554936091105 4e-05 0.0001 4.512101693153381 0.2 0.2 12 
-2.224106616973877 0.002 0.001 0.9999658425649007 2e-05 4e-05 0.9999403208494186 4e-05 0.0001 4.5116007614135745 0.2 0.2 14 
-2.2198529370625812 0.002 0.001 0.999959001938502 1e-05 2e-05 0.9998609338204066 6e-05 9e-05 4.509256862004598 0.1 0.1 15 
-2.220657901763916 0.004 0.002 0.9999448144435883 3e-05 5e-05 0.9998937265078227 5e-05 0.0001 4.510275904337565 0.2 0.2 17 
-2.2205985387166343 0.002 0.002 0.9999500799179077 2e-05 3e-05 0.9998533695936203 4e-05 0.0001 4.51125235080719 0.2 0.2 19 
-2.2215502293904623 0.008 0.003 0.9999651340643565 2e-05 4e-05 0.9998300770918528 0.0001 0.0004 4.509408105214437 0.2 0.2 22 
-2.2206170463562014 0.003 0.002 0.9999593810240428 1e-05 2e-05 0.9998533471425375 0.0001 0.0002 4.511079119046529 0.2 0.2 23 
-2.2200781726837158 0.004 0.002 0.9999544483423233 2e-05 3e-05 0.9998730983336767 7e-05 0.0002 4.509343037605285 0.2 0.2 25 
-2.222275994618734 0.001 0.001 0.9999670618772507 1e-05 3e-05 0.9998925375938416 3e-05 7e-05 4.510304365158081 0.2 0.1 28 
-2.2227302328745524 0.002 0.002 0.9999588984251022 2e-05 4e-05 0.9999622414509456 3e-05 0.0001 4.5116396840413415 0.2 0.2 30 
-2.2213401635487875 0.004 0.002 0.9999697454770407 2e-05 2e-05 0.9998531667391459 0.0001 0.0003 4.510798548062643 0.2 0.2 32 
-2.224382568995158 0.001 0.001 0.9999650730689367 3e-05 4e-05 0.9999647716681163 3e-05 5e-05 4.510991177558899 0.1 0.2 38 
-2.222205972671509 0.003 0.002 0.9999611077706019 1e-05 3e-05 0.9999625317255656 3e-05 0.0001 4.511969110171 0.2 0.2 40 
-2.220948445002238 0.003 0.002 0.999930144349734 4e-05 7e-05 0.9998642875750859 9e-05 0.0002 4.5107870054245 0.2 0.2 41 
-2.2223813247680666 0.002 0.001 0.9999588360389073 1e-05 3e-05 0.9999179655313492 5e-05 0.0002 4.5115780878067016 0.2 0.2 42 
-2.220948041280111 0.003 0.002 0.9999545063575109 2e-05 3e-05 0.9998628582557042 7e-05 0.0001 4.510626880327861 0.2 0.2 44 
-2.220615269343058 0.002 0.001 0.9999611612161 1e-05 1e-05 0.9998533642292022 7e-05 0.0001 4.510664858818054 0.1 0.1 45 
-2.2226185671488445 0.003 0.002 0.9999663609266282 1e-05 2e-05 0.9998994515339533 6e-05 0.0001 4.511732033093771 0.2 0.2 47 
-2.2199225997924805 0.003 0.002 0.9999168318510055 2e-05 4e-05 0.9998405889670055 5e-05 8e-05 4.511660577456157 0.2 0.2 50 
-2.2210023053487142 0.004 0.002 0.9999112278223038 6e-05 0.0001 0.999890059431394 4e-05 9e-05 4.5117576185862225 0.2 0.2 52 
-2.219449774424235 0.002 0.002 0.9999149505297343 4e-05 7e-05 0.9998591826359431 6e-05 8e-05 4.5115370814005535 0.2 0.2 53 
-2.220940418243408 0.003 0.002 0.999976528286934 9e-06 2e-05 0.9998416699965795 9e-05 0.0002 4.508783981005351 0.1 0.1 55 
-2.2186741574605304 0.0009 0.0009 0.999966162443161 1e-05 1e-05 0.9997854351997375 8e-05 5e-05 4.508509403864543 0.1 0.1 56 
-2.2194751516977944 0.002 0.002 0.9999320900440216 3e-05 4e-05 0.9998197025060653 6e-05 9e-05 4.511779816945394 0.2 0.2 59 
-2.2255474789937337 3e-05 4e-05 0.9999786851803462 3e-06 3e-06 0.9999955968062083 7e-07 6e-07 4.513335242271423 0.1 0.1 60 
-2.22493213335673 0.0002 0.0001 0.9999544050296147 8e-06 8e-06 0.9999937651554743 1e-06 9e-07 4.514058678944906 0.1 0.1 66 
-2.2193673261006674 0.003 0.002 0.9999336763223012 2e-05 5e-05 0.9998196099201838 9e-05 0.0001 4.510760927200318 0.2 0.2 67 
-2.222866350809733 0.004 0.002 0.9999652942021687 2e-05 5e-05 0.9999585890769959 4e-05 0.0001 4.511845992406209 0.1 0.2 68 
-2.2210176436106366 0.004 0.002 0.9998996208111445 6e-05 0.0001 0.9999153776963552 7e-05 0.0001 4.510723767280578 0.2 0.2 71 
-2.220004103978475 0.003 0.002 0.9999294922749201 2e-05 3e-05 0.9999051340421041 6e-05 0.0003 4.508279609680176 0.2 0.2 73 
-2.2207841300964355 0.003 0.003 0.9999591668446859 3e-05 6e-05 0.999851557413737 0.0001 0.0002 4.509392177263896 0.2 0.2 74 
-2.218485377629598 0.006 0.003 0.9999022910992305 5e-05 0.0003 0.9998552942276001 0.0001 0.0002 4.511778031984965 0.3 0.3 76 
-2.223330637613932 0.001 0.001 0.9999333596229554 3e-05 5e-05 0.9999627329905828 2e-05 3e-05 4.513949828147888 0.2 0.2 79 
-2.2222695477803547 0.004 0.002 0.9999681770801544 2e-05 3e-05 0.9998866868019104 4e-05 9e-05 4.510128928820293 0.1 0.1 85 
-2.2190021737416585 0.003 0.002 0.9998030076424281 0.0001 0.0003 0.9998363975683848 0.0001 0.0003 4.513100802103678 0.2 0.2 86 
-2.2214002577463785 0.003 0.001 0.9999649939934413 2e-05 4e-05 0.9998695719242096 6e-05 0.0001 4.509845975240071 0.1 0.1 88 
-2.2206234455108644 0.005 0.002 0.9999358556667963 3e-05 0.0001 0.9999286945660909 5e-05 0.0001 4.50947921593984 0.2 0.2 91 
-2.2210043176015217 0.001 0.0008 0.9999710104862849 7e-06 6e-06 0.9998403280973435 5e-05 8e-05 4.50980265935262 0.1 0.1 92 
-2.2211437702178953 0.002 0.002 0.9999550926685333 2e-05 2e-05 0.9998795183499655 6e-05 0.0001 4.510611394246419 0.2 0.2 93 
-2.221942923863729 0.004 0.002 0.9999591722091039 1e-05 3e-05 0.9999471046527226 4e-05 9e-05 4.512154370943705 0.2 0.2 95 
-2.2229285621643067 0.002 0.001 0.9999715433518092 1e-05 2e-05 0.9998927481969198 3e-05 7e-05 4.511645595232646 0.2 0.2 96 
-2.222148857116699 0.002 0.001 0.9999707768360774 1e-05 1e-05 0.9998935802777609 8e-05 0.0002 4.511243387858073 0.1 0.1 97 
-2.222896515528361 0.004 0.002 0.9999682237704595 2e-05 4e-05 0.9999284521738688 7e-05 0.0002 4.511549843152364 0.1 0.2 98 
