-2.226053295135498 0.002 0.0003 0.9999698277314504 5e-06 2e-05 0.999995820124944 3e-06 5e-06 4.51454384803772 0.02 0.02 65 
-2.226250562667847 0.0004 8e-05 0.9999985611438751 7e-07 3e-06 0.9999993503093719 5e-07 1e-06 4.512137249310811 0.03 0.03 74 
-2.2263950061798097 2e-05 2e-05 0.9999971936146418 1e-06 2e-06 0.9999994107087453 4e-07 4e-07 4.512150486310323 0.006 0.006 77 
-2.2262001132965086 0.0006 0.0001 0.9999851723512013 2e-06 9e-06 0.9999974354108174 2e-06 1e-05 4.51380539894104 0.02 0.02 92 
-2.221081314086914 0.008 0.004 0.9997854580481847 2e-05 4e-05 0.9999707144498825 2e-05 3e-05 4.519633294741313 0.05 0.05 61 
-2.226010160446167 0.001 0.0003 0.999993459781011 5e-06 1e-05 0.9999962230523427 3e-06 2e-05 4.512582136789958 0.08 0.09 5 
-2.226224269866943 0.0004 0.0001 0.9999939260880152 2e-06 8e-06 0.999999326467514 5e-07 1e-06 4.512286367416382 0.01 0.01 47 
-2.220934371948242 0.01 0.005 0.999831268787384 0.0001 0.0003 0.9998133206367492 0.0002 0.0005 4.497363886833191 0.08 0.08 88 
-2.225589720408122 0.004 0.0009 0.9999685758352279 2e-05 0.0001 0.9999958183368047 4e-06 1e-05 4.512079030672709 0.02 0.02 9 
-2.2263615957895913 0.0002 0.0001 0.999996885061264 2e-06 3e-06 0.9999985414743423 1e-06 3e-06 4.512448302904764 0.03 0.04 31 
-2.2264303588867187 0.0001 3e-05 0.9999990389744441 7e-07 3e-06 0.9999991901715597 4e-07 9e-07 4.512125050226848 0.02 0.02 56 
-2.226368573506673 0.0001 7e-05 0.9999980827172598 1e-06 3e-06 0.9999990900357564 7e-07 2e-06 4.51226576646169 0.02 0.03 80 
-2.2256518586476646 0.001 0.0006 0.9999791437387466 1e-05 2e-05 0.9999947071075439 3e-06 1e-05 4.51372963587443 0.02 0.02 70 
-2.2263457361857095 0.0002 6e-05 0.9999965965747833 1e-06 5e-06 0.9999992217620214 5e-07 2e-06 4.5119548495610555 0.03 0.03 57 
-2.2226388613382975 0.01 0.003 0.9998909129699072 2e-05 6e-05 0.9999955465396245 3e-06 6e-06 4.518932005564372 0.03 0.03 43 
-2.2261380672454836 0.002 0.0004 0.9999918788671494 3e-06 1e-05 0.9999918868144353 6e-06 3e-05 4.512349209785461 0.07 0.07 71 
-2.224260498682658 0.007 0.002 0.9998836114009222 7e-05 0.0004 0.9999875909090042 1e-05 5e-05 4.516806314786275 0.04 0.05 75 
-2.2243241850535074 0.004 0.002 0.9999587800105413 3e-05 5e-05 0.9999877101182938 1e-05 2e-05 4.510938243865967 0.09 0.09 97 
-2.2232786273956298 0.001 0.0008 0.9992569454511007 9e-05 0.0001 0.9999851751327514 5e-06 9e-06 4.550625346501668 0.04 0.04 62 
-2.2243670082092284 0.0005 0.0004 0.9999184091885884 9e-06 9e-06 0.9999785703420639 2e-06 3e-06 4.511161472002665 0.03 0.03 33 
