-2.2224680042266844 0.003 0.002 0.999971013267835 1e-05 2e-05 0.9999313183625539 5e-05 0.0001 4.511132009824117 0.2 0.2 1 
-2.2148553403218587 0.006 0.004 0.9999133050441742 3e-05 3e-05 0.9995913463830948 0.0002 0.0005 4.508313185373942 0.3 0.2 2 
-2.2181330712636314 0.007 0.004 0.9998875822623571 5e-05 7e-05 0.9998131493727366 6e-05 0.0001 4.514391140937805 0.3 0.3 3 
-2.2197034136454263 0.005 0.003 0.9999200654029846 3e-05 8e-05 0.9998347336053848 8e-05 0.0001 4.5134608952204385 0.3 0.3 6 
-2.2210047181447345 0.003 0.002 0.999818750222524 0.0001 0.0002 0.9999154637257258 4e-05 0.0001 4.514724880854288 0.3 0.2 7 
-2.222179629007975 0.004 0.002 0.9999470134576162 3e-05 5e-05 0.9998999204238256 8e-05 0.0002 4.512773974736532 0.2 0.2 8 
-2.222591460545858 0.002 0.001 0.9999596931536993 1e-05 2e-05 0.9998737792174022 5e-05 0.0001 4.513091956774394 0.2 0.2 9 
-2.21854474067688 0.006 0.003 0.9999471904834112 1e-05 4e-05 0.9997620012362798 9e-05 0.0002 4.511284680366516 0.3 0.3 10 
-2.22228635152181 0.002 0.001 0.9999612919489542 1e-05 1e-05 0.9999356746673584 5e-05 7e-05 4.51244570573171 0.2 0.2 11 
-2.222038116455078 0.003 0.001 0.9999286341667175 2e-05 4e-05 0.999936194618543 4e-05 0.0001 4.5135068432490035 0.2 0.2 13 
-2.218067512512207 0.007 0.003 0.9998730897903443 4e-05 5e-05 0.9998143897453944 0.0001 0.0004 4.514069577852885 0.3 0.3 14 
-2.2226303386688233 0.0001 0.0001 0.9999621679385503 3e-06 3e-06 0.999801923831304 1e-06 1e-06 4.511742482185364 0.1 0.1 16 
-2.21681645711263 0.009 0.004 0.9998636649052302 5e-05 0.0002 0.9997830684979757 0.0001 0.0003 4.5145526885986325 0.3 0.3 17 
-2.214368995030721 0.001 0.001 0.9998771989345551 3e-05 3e-05 0.9993014256159465 0.0001 0.0002 4.516741315523784 0.2 0.2 18 
-2.2229048442840575 0.002 0.001 0.9999673986434936 1e-05 2e-05 0.9999304356177648 4e-05 7e-05 4.511962806383769 0.1 0.1 19 
-2.2206483332316083 0.003 0.002 0.9999196922779083 2e-05 2e-05 0.9999066317081451 3e-05 6e-05 4.511948692003886 0.2 0.2 20 
-2.2230489190419513 0.003 0.001 0.9999694176514944 1e-05 4e-05 0.9999195287624995 6e-05 0.0001 4.512726697921753 0.2 0.2 21 
-2.2204682540893557 0.003 0.002 0.9999221297105153 2e-05 4e-05 0.9998777385552724 4e-05 7e-05 4.512767243385315 0.2 0.2 22 
-2.22204865137736 0.004 0.002 0.9998837467034658 7e-05 0.0001 0.9999111489454905 6e-05 0.0002 4.5128173716863 0.3 0.3 23 
-2.2221560287475586 0.004 0.001 0.9999583917856216 2e-05 3e-05 0.9998948419094086 5e-05 0.0001 4.512163740793864 0.2 0.2 24 
-2.22435027440389 0.001 0.001 0.99996943851312 2e-05 4e-05 0.9999497626225153 3e-05 5e-05 4.512499470710754 0.1 0.1 25 
-2.220629405975342 0.003 0.002 0.9999345958232879 3e-05 3e-05 0.9997859380642573 9e-05 0.0002 4.512690022786458 0.2 0.2 26 
-2.223972193400065 0.002 0.001 0.9999399962027867 4e-05 9e-05 0.9999568931261699 3e-05 7e-05 4.513111154238383 0.2 0.2 28 
-2.1980230458577474 0.002 0.002 0.999739548365275 3e-05 5e-05 0.9983162613709767 0.0002 0.0003 4.518173680305481 0.1 0.1 29 
-2.223811289469401 0.003 0.001 0.9999669472376506 1e-05 2e-05 0.9999612667163214 3e-05 0.0001 4.512316315968832 0.3 0.3 31 
-2.2184354305267333 0.005 0.003 0.9999276127417882 2e-05 4e-05 0.9999125623703002 5e-05 9e-05 4.510875027974446 0.2 0.2 32 
-2.220040143330892 0.002 0.002 0.999928054412206 2e-05 3e-05 0.9998759406805039 4e-05 0.0001 4.511940706570943 0.2 0.2 33 
-2.2213057549794515 0.002 0.001 0.9999521758159001 1e-05 4e-05 0.9998601877689361 3e-05 3e-05 4.511546570460002 0.2 0.2 34 
-2.219752140045166 0.002 0.002 0.9998793329795201 5e-05 0.0001 0.9996892539660136 0.0002 0.0008 4.512849404017131 0.2 0.2 35 
-2.2211385504404704 0.0003 0.0003 0.999944056669871 1e-05 2e-05 0.9998587067921957 1e-05 1e-05 4.5139104207356775 0.1 0.1 37 
-2.211980113983154 0.008 0.005 0.9998717701435089 5e-05 6e-05 0.9996822005510331 0.0002 0.0006 4.51035579999288 0.3 0.3 38 
-2.2213319651285808 0.0004 0.0004 0.9999526715278626 1e-05 1e-05 0.9998316516478857 1e-05 2e-05 4.5118763097127275 0.1 0.1 39 
-2.2245118935902912 0.001 0.0007 0.999979334672292 9e-06 2e-05 0.9998775813976923 7e-05 0.0002 4.51276136080424 0.1 0.2 40 
-2.2188496939341227 0.007 0.004 0.9999206606547038 4e-05 0.0001 0.9998196828365326 7e-05 0.0004 4.512572151819865 0.3 0.3 42 
-2.221997979482015 0.003 0.002 0.9999667781591416 1e-05 3e-05 0.9998720645904541 8e-05 0.0001 4.512024586995443 0.2 0.2 43 
-2.2209124819437664 0.004 0.002 0.9999178399642309 4e-05 0.0002 0.9998903195063273 4e-05 0.0002 4.513262497584025 0.2 0.2 44 
-2.2205404949188234 0.0003 0.0003 0.9999386382102966 9e-06 9e-06 0.9999014409383138 3e-06 3e-06 4.512560725212097 0.1 0.1 45 
-2.217716128031413 0.01 0.004 0.999865003824234 5e-05 0.0002 0.9997671230634053 0.0001 0.0004 4.514476381937663 0.4 0.4 46 
-2.220455535252889 0.003 0.002 0.9999330061674118 2e-05 3e-05 0.9998759631315867 5e-05 8e-05 4.513499167760213 0.2 0.2 47 
-2.222277135848999 0.003 0.002 0.9998984295129776 5e-05 9e-05 0.9999382096529007 3e-05 4e-05 4.512766993840535 0.2 0.2 48 
-2.2150891812642417 0.003 0.002 0.9999264178673426 1e-05 2e-05 0.9996648331483206 7e-05 0.0001 4.51088921546936 0.3 0.3 50 
-2.218432378768921 0.008 0.004 0.9998761504888535 6e-05 0.0002 0.9997933181126912 0.0001 0.0005 4.514018999735514 0.2 0.3 51 
-2.214597915013631 0.008 0.005 0.9998348903656006 5e-05 8e-05 0.9996806397040685 0.0001 0.0003 4.515531930923462 0.4 0.4 52 
-2.209120658238729 0.02 0.008 0.9996429514884949 0.0002 0.0006 0.999287049372991 0.0003 0.0007 4.514992957115173 0.5 0.5 54 
-2.2230173683166505 0.002 0.001 0.9999553912878036 2e-05 4e-05 0.9999254928032557 3e-05 7e-05 4.513232339223226 0.3 0.3 55 
-2.2195937728881834 0.007 0.003 0.9999045334259669 4e-05 0.0001 0.999831387201945 0.0001 0.0003 4.511564553578695 0.2 0.2 56 
-2.2027206103007 0.009 0.005 0.999822572072347 4e-05 4e-05 0.9992129292090733 0.0002 0.0003 4.505834000905355 0.3 0.3 58 
-2.219641249974569 0.005 0.002 0.9998630422353745 6e-05 0.0001 0.9998849364121755 6e-05 0.0001 4.509662295977274 0.3 0.3 59 
-2.2199192587534586 0.007 0.003 0.9999437938133876 2e-05 6e-05 0.9998811878760656 6e-05 0.0001 4.511920475959778 0.4 0.4 60 
-2.2159082730611166 0.0008 0.0008 0.9999478097756703 7e-06 7e-06 0.999671381910642 5e-05 5e-05 4.507408337593079 0.2 0.2 61 
-2.221708663304647 0.004 0.002 0.9999436245361963 2e-05 3e-05 0.9998938552538554 4e-05 8e-05 4.512863232294719 0.2 0.2 62 
-2.2181555207570396 0.005 0.003 0.9999206479390462 3e-05 7e-05 0.9997936453421911 0.0001 0.0003 4.511174144744873 0.2 0.3 63 
-2.223900410334269 0.002 0.001 0.9999441230297088 3e-05 6e-05 0.9999133435885111 2e-05 3e-05 4.512868839899699 0.2 0.2 64 
-2.2234776560465495 0.002 0.0009 0.999930549065272 3e-05 6e-05 0.999966407418251 2e-05 4e-05 4.513860319455465 0.2 0.2 65 
-2.2214098358154297 0.003 0.002 0.9999594479799271 1e-05 1e-05 0.9998745403687159 5e-05 9e-05 4.512161537806193 0.2 0.2 66 
-2.2184384059906006 0.008 0.003 0.9998839783668518 6e-05 0.0001 0.9996438447634379 0.0001 0.0002 4.51253100713094 0.3 0.3 67 
-2.2225240961710613 0.003 0.002 0.9999459195137024 1e-05 2e-05 0.999896955092748 5e-05 0.0002 4.513160977363587 0.2 0.2 68 
-2.2181851800282795 0.0006 0.0006 0.9999177759885788 2e-05 1e-05 0.9998260007301967 5e-05 6e-05 4.511459129651388 0.1 0.1 70 
-2.22103004137675 0.003 0.002 0.9999316161870957 2e-05 4e-05 0.999896656870842 5e-05 7e-05 4.512167057991028 0.2 0.2 72 
-2.219861415227254 0.005 0.002 0.9999341829617818 2e-05 3e-05 0.999820342461268 6e-05 8e-05 4.513122595151265 0.2 0.2 74 
-2.2145810317993164 0.009 0.005 0.999851842323939 5e-05 0.0002 0.9998313627640406 9e-05 0.0003 4.5126278861363724 0.3 0.3 75 
-2.2193501663208006 0.003 0.002 0.9999246809879939 2e-05 3e-05 0.9998684108257294 7e-05 0.0001 4.513827819824218 0.2 0.2 76 
-2.2209422620137533 0.0003 0.0003 0.99995858391126 6e-06 6e-06 0.9998533167441686 1e-05 1e-05 4.511614111264547 0.1 0.1 77 
-2.1191575717926026 0.08 0.04 0.999196835954984 0.0003 0.0005 0.9664745877186457 0.01 0.04 4.676422225634257 2.0 1.0 78 
-2.215835927327474 0.01 0.006 0.9999445140361786 2e-05 7e-05 0.999598512450854 0.0003 0.0005 4.5078827015558876 0.4 0.4 82 
-2.2215816084543865 0.0004 0.0004 0.9999338940779368 2e-05 2e-05 0.9998395315806071 3e-05 3e-05 4.51378300189972 0.1 0.1 83 
-2.2242842610677083 0.002 0.0009 0.9999465696016947 3e-05 5e-05 0.9999576810995737 3e-05 5e-05 4.513475546836853 0.1 0.1 86 
-2.2230006949106853 0.0007 0.0007 0.9999804653724035 5e-06 4e-06 0.999888057510058 2e-05 5e-05 4.511273263295491 0.1 0.1 87 
-2.220797141393026 0.005 0.002 0.9999290347099304 3e-05 5e-05 0.999889652132988 5e-05 0.0001 4.51154660542806 0.2 0.2 88 
-2.2176482391357424 0.0006 0.0006 0.9998986558119456 2e-05 2e-05 0.999802282055219 2e-05 2e-05 4.511914671262105 0.2 0.2 89 
-2.221937033335368 0.002 0.001 0.9999557892481487 2e-05 2e-05 0.999913375377655 5e-05 9e-05 4.513055642445882 0.2 0.2 90 
-2.222408151626587 0.003 0.001 0.9999657601118088 9e-06 2e-05 0.9999137661854426 5e-05 5e-05 4.510744193394979 0.1 0.1 91 
-2.222923262914022 0.001 0.0009 0.9999678087234497 9e-06 7e-06 0.9998875216643015 4e-05 0.0001 4.512159288724264 0.1 0.1 92 
-2.2201837984720867 0.002 0.002 0.9999262601137161 2e-05 3e-05 0.999875971476237 3e-05 7e-05 4.513190069198608 0.2 0.2 93 
-2.223397108713786 0.004 0.002 0.9999243078629175 3e-05 9e-05 0.9998940952618917 7e-05 0.0002 4.515657442410787 0.2 0.2 94 
-2.2219069163004557 0.003 0.001 0.9999597730239232 1e-05 2e-05 0.9999104152123134 5e-05 8e-05 4.512441794077556 0.2 0.2 95 
-2.219263827006022 0.004 0.002 0.9999298961957296 2e-05 4e-05 0.9998401004076004 7e-05 0.0001 4.51374499797821 0.2 0.2 96 
-2.2158676465352376 0.009 0.004 0.9999212783575058 3e-05 9e-05 0.999738455414772 0.0001 0.0002 4.510965058008829 0.4 0.4 97 
-2.160862363179525 0.0003 0.0003 0.9985648502906164 2e-05 2e-05 0.9964046096801757 0.0002 0.0002 4.48647777557373 0.2 0.2 98 
-2.213080085118612 0.0007 0.0007 0.9999434651931127 5e-07 5e-07 0.9996082750956218 2e-05 2e-05 4.504782735506693 0.2 0.2 99 
