-2.22474999109904 0.0008 0.0006 0.9999891092379888 9e-06 1e-05 0.9999761748313903 2e-05 2e-05 4.510916945139567 0.08 0.08 50 
-2.2249486859639487 0.001 0.0007 0.9999914513031641 7e-06 8e-06 0.9999850126107533 9e-06 1e-05 4.5113316281636555 0.08 0.08 73 
-2.224811938603719 0.001 0.0007 0.9999898056189219 7e-06 9e-06 0.9999860936403274 9e-06 1e-05 4.51158095518748 0.07 0.07 98 
-2.2250371519724528 0.001 0.0009 0.9999906474351883 6e-06 1e-05 0.999990038673083 5e-06 7e-06 4.511569034258525 0.06 0.06 2 
-2.2247366015116374 0.0007 0.0005 0.9999879701932272 9e-06 1e-05 0.9999749918778738 2e-05 2e-05 4.511164542833964 0.08 0.08 75 
-2.2248418617248533 0.0008 0.0006 0.9999902244408926 7e-06 9e-06 0.999983204404513 1e-05 1e-05 4.511537858645121 0.08 0.08 67 
-2.2249053510030112 0.001 0.0008 0.9999876020352045 9e-06 1e-05 0.9999860115845998 8e-06 1e-05 4.511144156455994 0.08 0.08 69 
-2.224975166320801 0.001 0.0008 0.9999887424707413 6e-06 1e-05 0.9999894724289576 5e-06 5e-06 4.511634324391683 0.05 0.05 23 
-2.225070285797119 0.001 0.0009 0.9999883300065995 1e-05 1e-05 0.9999909573793411 5e-06 7e-06 4.511631568272908 0.07 0.07 94 
-2.2249848397572833 0.002 0.0009 0.9999898109833399 8e-06 1e-05 0.9999902892112732 6e-06 8e-06 4.511774593989054 0.07 0.07 68 
-2.2249563185373944 0.001 0.0007 0.9999881251653036 8e-06 1e-05 0.9999886953830719 7e-06 7e-06 4.512099110285441 0.06 0.06 21 
-2.2246357154846192 0.001 0.0009 0.9999870077768962 9e-06 1e-05 0.9999817113081614 1e-05 1e-05 4.511318756739299 0.08 0.08 90 
-2.2249554602305093 0.0009 0.0007 0.999989301164945 7e-06 1e-05 0.9999886842568716 7e-06 8e-06 4.5115616337458295 0.06 0.06 81 
-2.224927008946737 0.001 0.0007 0.9999894191821416 7e-06 1e-05 0.9999873958031337 7e-06 8e-06 4.511667288144429 0.06 0.06 9 
-2.224794683456421 0.0009 0.0007 0.9999896695216497 7e-06 9e-06 0.9999853517611822 1e-05 1e-05 4.5113639656702675 0.08 0.07 31 
-2.2254868380228676 0.0009 0.0008 0.999985703031222 6e-06 8e-06 0.9999910269180934 4e-06 5e-06 4.51353136698405 0.05 0.04 49 
-2.2249919255574544 0.001 0.0008 0.9999889248609543 8e-06 1e-05 0.9999890718857447 7e-06 8e-06 4.511321595509847 0.06 0.06 26 
-2.224728406270345 0.001 0.0008 0.9999884780248006 9e-06 1e-05 0.9999870455265045 8e-06 1e-05 4.511538615226746 0.07 0.07 77 
-2.2249660046895343 0.001 0.0009 0.9999890667200089 9e-06 1e-05 0.999989837606748 6e-06 9e-06 4.511590741475423 0.07 0.07 83 
-2.2246554311116538 0.001 0.0008 0.9999869934717814 1e-05 1e-05 0.999982023437818 1e-05 1e-05 4.511609646479289 0.08 0.08 18 
