-2.2264867719014485 0.0002 6e-05 0.9999992338816325 9e-07 3e-06 0.9999985283613205 1e-06 8e-06 4.512239828109741 0.04 0.04 113 
-2.2264929389953614 0.0002 6e-05 0.9999991504351298 8e-07 3e-06 0.9999986529350281 1e-06 6e-06 4.512189841270446 0.03 0.04 143 
-2.2264899730682375 0.0002 5e-05 0.9999992374579112 9e-07 3e-06 0.9999983658393224 2e-06 6e-06 4.51220249970754 0.04 0.03 64 
-2.2264824867248536 0.0003 7e-05 0.9999991482496262 9e-07 3e-06 0.9999983304738999 1e-06 1e-05 4.512173137664795 0.04 0.04 110 
-2.2264591153462727 0.0001 9e-05 0.9999992607037226 9e-07 1e-06 0.9999986722071965 1e-06 4e-06 4.512196723620097 0.03 0.03 53 
-2.2264920330047606 0.0002 6e-05 0.9999991003672282 8e-07 2e-06 0.9999986640612284 1e-06 9e-06 4.51232923189799 0.04 0.03 112 
-2.2264901065826415 0.0002 6e-05 0.9999990620215734 9e-07 3e-06 0.9999987093607584 1e-06 5e-06 4.512196712493896 0.03 0.03 97 
-2.22648401260376 0.0002 6e-05 0.9999991432825724 1e-06 2e-06 0.9999983445803324 2e-06 1e-05 4.512198923428853 0.04 0.04 98 
-2.226338841120402 0.0008 0.0002 0.9999992956717809 8e-07 3e-06 0.9999928416808447 6e-06 4e-05 4.512094759941101 0.04 0.05 145 
-2.2264926465352377 0.0002 6e-05 0.9999991943438847 9e-07 2e-06 0.9999986712137858 1e-06 7e-06 4.512185378074646 0.04 0.03 137 
-2.2264888032277423 0.0003 6e-05 0.9999992551406225 9e-07 2e-06 0.9999986376365025 1e-06 8e-06 4.512210998535156 0.04 0.04 51 
-2.2264888604482014 0.0002 6e-05 0.9999992074569066 9e-07 5e-06 0.9999987000226974 1e-06 9e-06 4.5121592458089195 0.05 0.04 106 
-2.226486368179321 0.0002 6e-05 0.9999991164604822 1e-06 3e-06 0.9999984689553578 2e-06 7e-06 4.512171885172526 0.04 0.04 84 
-2.226487035751343 0.0002 6e-05 0.9999991097052892 1e-06 2e-06 0.9999983801444372 2e-06 6e-06 4.512181269327799 0.04 0.05 107 
-2.2264975261688233 0.0002 5e-05 0.9999992138147354 8e-07 3e-06 0.9999987481037775 1e-06 5e-06 4.512234910329183 0.04 0.03 121 
-2.226487487157186 0.0002 6e-05 0.9999991331497828 1e-06 2e-06 0.9999985158443451 1e-06 8e-06 4.512153183619182 0.05 0.04 0 
-2.226483484903971 0.0002 6e-05 0.9999991605679194 1e-06 2e-06 0.9999983352422714 2e-06 8e-06 4.5122409915924075 0.04 0.04 21 
-2.2264885807037356 0.0002 6e-05 0.9999991277853648 9e-07 2e-06 0.9999986034631729 1e-06 7e-06 4.512197494506836 0.04 0.05 67 
-2.2264920330047606 0.0001 6e-05 0.99999915599823 1e-06 3e-06 0.9999985100825628 1e-06 6e-06 4.5122378571828206 0.03 0.03 49 
-2.2264879322052002 0.0002 6e-05 0.9999992537498474 9e-07 2e-06 0.9999985798199972 1e-06 6e-06 4.512265768051147 0.04 0.03 12 
