-2.2252587509155273 0.002 0.0008 0.9999788622061412 4e-06 1e-05 0.9999870332082113 9e-06 2e-05 4.5119158617655435 0.1 0.1 58 
-2.225188372929891 0.002 0.0009 0.9999785431226095 4e-06 1e-05 0.9999863568941753 8e-06 3e-05 4.511803428332011 0.1 0.1 15 
-2.22519952138265 0.003 0.0009 0.9999786472320557 4e-06 2e-05 0.9999851280450821 9e-06 3e-05 4.511614502271017 0.1 0.1 65 
-2.225253028869629 0.002 0.0009 0.9999801095326741 4e-06 1e-05 0.9999869096279145 9e-06 3e-05 4.511861438751221 0.1 0.1 84 
-2.2252058537801105 0.004 0.001 0.9999784113963445 4e-06 3e-05 0.9999853841463725 1e-05 3e-05 4.511418730417887 0.1 0.1 8 
-2.2252338536580405 0.002 0.0009 0.9999788618087768 4e-06 1e-05 0.9999863976240158 9e-06 2e-05 4.511858223279317 0.1 0.1 59 
-2.2252149041493734 0.003 0.0009 0.9999787837266922 4e-06 2e-05 0.9999853557348252 1e-05 3e-05 4.511987129847209 0.1 0.1 64 
-2.2252487818400066 0.002 0.0008 0.9999790928761164 4e-06 1e-05 0.9999868327379227 9e-06 2e-05 4.511862635612488 0.1 0.1 74 
-2.2250770886739093 0.002 0.0009 0.9999788987636566 5e-06 1e-05 0.9999833436806996 1e-05 6e-05 4.511726805369059 0.2 0.2 82 
-2.225018138885498 0.002 0.0008 0.9999783982833227 4e-06 5e-06 0.9999810981750489 1e-05 6e-05 4.511650357246399 0.1 0.2 31 
-2.2252124691009523 0.003 0.0009 0.9999788393576939 4e-06 2e-05 0.999984723329544 1e-05 3e-05 4.51148889541626 0.1 0.1 10 
-2.2252117188771567 0.003 0.0009 0.9999784153699874 4e-06 2e-05 0.9999853775898615 9e-06 3e-05 4.511580948829651 0.1 0.1 42 
-2.2251833979288738 0.003 0.0009 0.9999772538741429 5e-06 2e-05 0.9999854371945063 9e-06 3e-05 4.511581649780274 0.1 0.1 75 
-2.2251740455627442 0.002 0.0009 0.999978149731954 4e-06 1e-05 0.9999855105082194 9e-06 4e-05 4.51173099676768 0.1 0.1 45 
-2.2251865259806314 0.003 0.0009 0.9999781731764475 4e-06 1e-05 0.9999858391284943 9e-06 3e-05 4.511874593098958 0.1 0.1 99 
-2.225204480489095 0.002 0.0009 0.9999780966838201 4e-06 1e-05 0.9999867846568425 9e-06 2e-05 4.511784892082215 0.1 0.1 38 
-2.225207249323527 0.002 0.0009 0.999978981812795 5e-06 1e-05 0.9999866257111232 9e-06 3e-05 4.511890230178833 0.1 0.1 81 
-2.2252117347717286 0.002 0.0009 0.99997849047184 4e-06 1e-05 0.9999866404136022 8e-06 3e-05 4.511767902374268 0.1 0.1 71 
-2.22522167523702 0.002 0.0008 0.999980081319809 4e-06 1e-05 0.9999837281306585 1e-05 2e-05 4.511725126902262 0.1 0.1 88 
-2.225210205713908 0.002 0.0009 0.9999780448277792 4e-06 1e-05 0.9999863562981287 9e-06 3e-05 4.511746935844421 0.1 0.1 93 
