-2.224900722503662 0.002 0.0007 0.9999880767294339 4e-06 9e-06 0.9999854720064572 1e-05 3e-05 4.511618447303772 0.06 0.06 49 
-2.2234615428107127 0.004 0.002 0.9999607548117637 2e-05 7e-05 0.9999624810048512 3e-05 0.0001 4.5123298934527805 0.2 0.2 5 
-2.2261678525379724 0.0003 0.0002 0.9999976224132947 2e-06 5e-06 0.9999974880899701 2e-06 8e-06 4.512048494815827 0.07 0.07 11 
-2.224625437600272 0.005 0.001 0.999987841291087 8e-06 2e-05 0.9999809441821915 2e-05 9e-05 4.511821252959115 0.1 0.1 48 
-2.226257882799421 5e-05 6e-05 0.9999959077153887 5e-07 4e-07 0.9999984257987568 3e-07 3e-07 4.512218473638807 0.04 0.04 41 
-2.2262232542037963 0.0002 0.0001 0.9999982350638934 1e-06 2e-06 0.9999978299651827 2e-06 4e-06 4.512171988827841 0.05 0.05 7 
-2.226269578933716 0.001 0.0002 0.9999972139086042 1e-06 3e-06 0.9999984394226755 7e-07 2e-06 4.512211164406367 0.04 0.04 51 
-2.2263087749481203 4e-05 5e-05 0.999998596736363 3e-07 3e-07 0.9999987316983087 3e-07 2e-07 4.512194107260023 0.03 0.03 34 
-2.2239090647016253 0.004 0.001 0.9999857783317566 9e-06 4e-05 0.9999212543879237 7e-05 0.0003 4.510847985744476 0.08 0.08 12 
-2.2262883765356882 0.004 0.0002 0.9999968107257571 2e-06 7e-06 0.9999985894986562 1e-06 5e-06 4.512258815765381 0.05 0.05 10 
-2.2262383563177925 0.003 0.0002 0.999995875784329 2e-06 5e-06 0.9999980941414833 9e-07 4e-06 4.51219665663583 0.05 0.05 50 
-2.2250270060130526 0.002 0.001 0.9999811119266919 1e-05 4e-05 0.9999759688973426 2e-05 5e-05 4.5121308990887234 0.1 0.1 57 
-2.2250886610576086 0.004 0.001 0.9999920157449586 7e-06 3e-05 0.9999844046575682 1e-05 9e-05 4.511805408341544 0.1 0.1 59 
-2.226355872835432 0.0003 0.0001 0.999991934640067 4e-06 1e-05 0.9999982374055045 1e-06 4e-06 4.512377403463636 0.08 0.08 39 
-2.2249499661581855 0.002 0.001 0.9999889891062465 7e-06 2e-05 0.9999844306281634 1e-05 0.0001 4.511637607642583 0.09 0.09 42 
-2.225884962081909 0.001 0.0005 0.9999893331101962 8e-06 3e-05 0.9999913730791636 7e-06 2e-05 4.511929292338235 0.1 0.2 36 
-2.224465649468558 0.002 0.0008 0.9999889618584088 3e-06 6e-06 0.9999842279723712 1e-05 5e-05 4.511353387151446 0.06 0.06 6 
-2.225191903114319 0.001 0.0005 0.9999884507485799 3e-06 6e-06 0.9999902382493019 8e-06 2e-05 4.511821215493338 0.06 0.06 32 
-2.2261356694357737 0.003 0.0004 0.999997780578477 2e-06 6e-06 0.9999983908874648 1e-06 5e-06 4.512069930349077 0.05 0.05 12 
-2.22585700239454 0.0008 0.0004 0.9999913166676249 5e-06 2e-05 0.9999861583113671 1e-05 2e-05 4.5118422968047005 0.1 0.1 9 
-2.224569477353777 0.003 0.001 0.9999878370336124 8e-06 2e-05 0.999978184061391 2e-05 9e-05 4.511555370262691 0.1 0.1 30 
-2.2250618321555002 0.001 0.0006 0.999989937032972 4e-06 9e-06 0.9999885854976518 1e-05 1e-05 4.51170426436833 0.06 0.06 35 
-2.226274003301348 0.003 0.0002 0.9999970998082842 1e-06 5e-06 0.9999982927526746 8e-07 4e-06 4.512314319610596 0.05 0.05 47 
-2.2263677460806712 7e-05 5e-05 0.9999941176601819 2e-06 5e-06 0.9999977626970836 1e-06 2e-06 4.512469337667738 0.07 0.07 12 
-2.2251598153795515 0.001 0.0006 0.9999896577426366 6e-06 1e-05 0.9999882844941956 1e-05 3e-05 4.511787244251797 0.1 0.1 8 
-2.22625036580222 0.003 0.0003 0.9999989205173083 8e-07 5e-06 0.9999986706035477 1e-06 4e-06 4.512169281073979 0.05 0.05 12 
-2.224838468006679 0.001 0.0008 0.9999909349850246 5e-06 1e-05 0.9999884705458368 1e-05 2e-05 4.511591877256121 0.09 0.1 12 
-2.2262009790965487 0.008 0.0003 0.9999960746083941 2e-06 1e-05 0.999998199726854 8e-07 8e-06 4.512329084532602 0.05 0.05 12 
-2.2259408610207694 0.0008 0.0004 0.9999880420310157 6e-06 2e-05 0.9999905639461109 8e-06 1e-05 4.512337831088475 0.1 0.1 56 
-2.2253364937646047 0.001 0.0005 0.9999910222632544 5e-06 1e-05 0.9999896143163953 8e-06 2e-05 4.5120477846690585 0.1 0.1 60 
-2.2262584584099905 7e-05 6e-05 0.9999974553074156 3e-07 3e-07 0.9999977380037308 1e-06 1e-06 4.512198274476187 0.03 0.03 43 
-2.2261385781424385 0.0005 0.0002 0.9999939937676702 5e-06 2e-05 0.999997179210186 3e-06 9e-06 4.51189364535468 0.09 0.08 33 
-2.2263223137174335 0.0007 0.0002 0.9999981388449669 8e-07 2e-06 0.9999986009938376 5e-07 6e-07 4.512102213927678 0.04 0.04 12 
-2.221651257787432 0.007 0.002 0.9999616797481264 2e-05 3e-05 0.9999393988932882 6e-05 0.0002 4.51043210881097 0.1 0.1 4 
-2.2262279885155816 0.001 0.0002 0.9999961574162756 1e-06 3e-06 0.9999981013791902 8e-07 1e-06 4.512340939044952 0.05 0.05 31 
-2.226357408932277 0.0004 0.0002 0.9999987691640854 7e-07 1e-06 0.9999986757125173 5e-07 7e-07 4.51220372234072 0.04 0.04 12 
-2.2260031802313667 0.01 0.0005 0.9999982305935451 1e-06 2e-05 0.9999986840145928 1e-06 1e-05 4.512131011486053 0.04 0.04 12 
-2.226199800627572 0.001 0.0003 0.9999834550278527 1e-05 5e-05 0.9999975046941212 2e-06 1e-05 4.512246378830501 0.1 0.1 38 
-2.2262322391782488 0.003 0.0003 0.9999968963009971 1e-06 5e-06 0.9999984490019934 7e-07 4e-06 4.5122978704316274 0.04 0.05 40 
-2.2240789924349103 0.004 0.002 0.999989513201373 7e-06 2e-05 0.9999732077121735 2e-05 0.0001 4.511119142600468 0.08 0.08 1 
-2.2261605501174926 0.006 0.0003 0.9999962168080466 2e-06 9e-06 0.9999982999903815 9e-07 8e-06 4.5123970798083715 0.05 0.05 46 
-2.22585700239454 0.0008 0.0004 0.9999913166676249 5e-06 2e-05 0.9999861583113671 1e-05 2e-05 4.5118422968047005 0.1 0.1 1 
-2.2262257167271207 0.0001 8e-05 0.9999970612781388 7e-07 8e-07 0.9999974199703762 1e-06 1e-06 4.512260382516043 0.04 0.04 12 
-2.226291479383196 0.001 0.0002 0.9999983532088144 7e-07 2e-06 0.9999986305832863 5e-07 8e-07 4.512103090967451 0.04 0.04 12 
