-2.2243414844785416 0.003 0.001 0.99997179210186 1e-05 2e-05 0.9999431169458798 3e-05 5e-05 4.512254239831652 0.2 0.2 42 
-2.1910360268184115 0.02 0.01 0.9995353505015373 0.0002 0.0005 0.997748050732272 0.0007 0.001 4.504557755163738 0.8 0.8 76 
-2.2224257264818466 0.008 0.003 0.9999586686491966 3e-05 9e-05 0.999915300309658 7e-05 0.0002 4.510897471223559 0.2 0.2 51 
-2.2221222468784876 0.009 0.003 0.9999516708510262 3e-05 0.0001 0.9999204484479768 7e-05 0.0001 4.510931229591369 0.3 0.3 72 
-2.219538790839059 0.02 0.006 0.999971461721829 2e-05 5e-05 0.9998194345406124 0.0002 0.0007 4.50869574717113 0.2 0.3 94 
-2.2226188489368983 0.008 0.003 0.9999507022755486 3e-05 6e-05 0.9999302642686027 6e-05 0.0003 4.511553910800389 0.2 0.2 80 
-2.223798268181937 0.004 0.002 0.9999597715479988 2e-05 9e-05 0.9999360627361706 6e-05 0.0003 4.512135868413107 0.2 0.2 9 
-2.2200022186551776 0.01 0.005 0.9998797416687012 5e-05 0.0001 0.9999152596507753 7e-05 0.0002 4.511989894935063 0.3 0.3 1 
-2.2227411202022007 0.008 0.003 0.99995629212686 2e-05 5e-05 0.9999634944966861 3e-05 0.0001 4.512262184279305 0.2 0.2 4 
-2.2234090770993915 0.003 0.002 0.9999775997229985 1e-05 4e-05 0.9999272616846221 6e-05 0.0001 4.51061953987394 0.1 0.1 47 
-2.220693618910653 0.007 0.004 0.9999324413282531 3e-05 4e-05 0.9998836736593928 5e-05 0.0001 4.512631583213806 0.2 0.2 55 
-2.2220342533929007 0.01 0.004 0.9999507276075227 3e-05 0.0001 0.9998836947338922 0.0001 0.0005 4.5102423889296395 0.2 0.2 3 
-2.2170196771621704 0.01 0.006 0.9998720667191914 8e-05 0.0001 0.9997948750853538 0.0002 0.0009 4.51054049389703 0.2 0.2 68 
-2.2224821022578647 0.003 0.002 0.999928389276777 4e-05 0.0001 0.9999405499015536 3e-05 4e-05 4.510575050967081 0.2 0.2 38 
-2.2214199100221905 0.008 0.003 0.9999486991337367 2e-05 3e-05 0.9998716220259667 8e-05 0.0002 4.51102271931512 0.2 0.2 57 
-2.2236067874091012 0.005 0.002 0.9999462461897305 3e-05 9e-05 0.99995808750391 4e-05 0.0001 4.512255985396249 0.2 0.2 69 
-2.2206735917500087 0.008 0.004 0.9999434943710055 3e-05 0.0001 0.9998201040284974 0.0001 0.0004 4.508995389938354 0.3 0.3 53 
-2.2216070754187447 0.01 0.003 0.9999392449855804 4e-05 6e-05 0.9998793429562024 9e-05 0.0004 4.511381895201547 0.3 0.3 83 
-2.2163712876183648 0.01 0.006 0.9998155727982521 0.0001 0.0003 0.9997926616242954 0.0001 0.0004 4.512105391706739 0.4 0.4 65 
-2.222505875996181 0.009 0.003 0.9999622023531369 2e-05 8e-05 0.9998876701508249 0.0001 0.0004 4.511957338878086 0.2 0.2 58 
-2.223784565925598 0.006 0.002 0.9999670639634133 2e-05 6e-05 0.9999392383864948 6e-05 0.0002 4.512232073715755 0.2 0.2 79 
-2.222513621194022 0.007 0.003 0.9999606334737369 2e-05 8e-05 0.999893867969513 8e-05 0.0002 4.511158948285239 0.3 0.3 10 
-2.220861976487296 0.004 0.003 0.9999301857181958 4e-05 7e-05 0.9998888988580023 8e-05 0.0001 4.511044090134757 0.2 0.2 32 
-2.2210422958646503 0.006 0.003 0.999913533457688 4e-05 0.0001 0.9999282070568629 5e-05 0.0002 4.513414587293353 0.3 0.3 30 
-2.2235320091247557 0.004 0.002 0.9999595556940352 2e-05 4e-05 0.9999445161649159 5e-05 0.0001 4.512074649333954 0.2 0.2 74 
-2.2222919259752545 0.01 0.003 0.9999532071607453 3e-05 7e-05 0.9999090222375734 8e-05 0.0004 4.5118476595197405 0.3 0.3 31 
-2.2211959975106375 0.009 0.004 0.9999518075159618 3e-05 8e-05 0.999896329002721 7e-05 0.0003 4.511358405862536 0.3 0.3 43 
-2.222519758769444 0.005 0.002 0.9999436412538801 3e-05 0.0001 0.9999323693769319 3e-05 8e-05 4.511564089570727 0.2 0.3 62 
-2.22233339377812 0.01 0.003 0.9999610719936235 3e-05 0.0001 0.9998802225504603 0.0001 0.0005 4.510825516496386 0.2 0.2 8 
-2.2228745937347414 0.009 0.003 0.9999595433473587 2e-05 4e-05 0.9999087614672525 8e-05 0.0004 4.511124668802534 0.3 0.2 2 
-2.214817009653364 0.01 0.008 0.9997382962277958 0.0002 0.0006 0.9996260046958924 0.0001 0.0003 4.5161947769778115 0.4 0.5 36 
-2.2215857676097324 0.01 0.004 0.9999513985855238 3e-05 0.0001 0.9998685283320291 0.0001 0.0005 4.510628851822444 0.2 0.2 33 
-2.224359978948321 0.003 0.001 0.9999733201095036 1e-05 2e-05 0.9999578169413975 3e-05 0.0001 4.512020303521838 0.2 0.2 5 
-2.215895642553057 0.02 0.008 0.9998658039740154 6e-05 0.0002 0.9997635509286608 0.0002 0.0009 4.510158790860857 0.4 0.4 48 
-2.2249497754233225 0.001 0.0008 0.9999704375863075 2e-05 6e-05 0.9999868510024889 7e-06 9e-06 4.512989033971514 0.2 0.2 44 
