-2.22615564028422 0.0003 0.0002 0.9999972373247147 7e-07 1e-06 0.9999957712491353 3e-06 8e-06 4.51226983388265 0.06 0.06 101 
-2.226143109003703 6e-05 5e-05 0.9999978615840276 8e-07 1e-06 0.9999921447038651 2e-06 3e-06 4.512192214330037 0.05 0.05 103 
-2.2262086232503253 0.0001 0.0001 0.9999980459610621 8e-07 1e-06 0.9999957873423895 3e-06 6e-06 4.5121704196929935 0.06 0.06 14 
-2.226248648961385 0.0002 0.0001 0.9999984097480774 6e-07 1e-06 0.9999963680903117 3e-06 7e-06 4.512173527081807 0.06 0.06 135 
-2.2261823431650796 0.0004 0.0002 0.999997797012329 2e-06 3e-06 0.9999954851468404 3e-06 1e-05 4.512126328150432 0.08 0.08 27 
-2.2261762460072836 0.0002 0.0001 0.9999976269404094 8e-07 1e-06 0.9999952238798141 3e-06 7e-06 4.512253719965617 0.06 0.06 3 
-2.2262174034118654 0.0002 0.0001 0.9999981168905894 8e-07 1e-06 0.9999951076507568 3e-06 8e-06 4.512249875068664 0.06 0.06 2 
-2.226206970214844 0.0004 0.0002 0.9999979724486668 7e-07 1e-06 0.9999959423144659 3e-06 9e-06 4.512210556666056 0.07 0.07 84 
-2.226212739944458 0.0002 0.0001 0.9999982943137486 8e-07 2e-06 0.9999934534231821 4e-06 9e-06 4.512264714241028 0.06 0.06 105 
-2.226136687596639 0.0005 0.0002 0.9999973632891973 1e-06 2e-06 0.9999950623512268 3e-06 1e-05 4.512376537322998 0.08 0.08 102 
-2.2262120882670087 0.0002 0.0001 0.9999981810649236 7e-07 1e-06 0.999995222290357 3e-06 7e-06 4.51218652566274 0.06 0.06 75 
-2.2261675643920897 5e-06 6e-06 0.999998023112615 2e-07 3e-07 0.9999921542406082 3e-07 3e-07 4.512149421374003 0.04 0.04 45 
-2.226192518870036 0.0004 0.0002 0.9999978903929393 6e-07 9e-07 0.9999947530031205 3e-06 1e-05 4.512284836769104 0.06 0.07 69 
-2.2261710516611735 0.0002 0.0002 0.9999975870052974 1e-06 2e-06 0.9999952232837677 3e-06 8e-06 4.51219262599945 0.07 0.07 81 
-2.226230812072754 0.0002 0.0001 0.9999983352422714 8e-07 1e-06 0.9999958314498265 3e-06 7e-06 4.512171934445699 0.06 0.06 34 
-2.2261546357472737 0.0005 0.0002 0.9999974785248439 9e-07 1e-06 0.9999954501787821 3e-06 1e-05 4.5122499895095824 0.07 0.07 122 
-2.2261878649393716 0.0001 0.0001 0.9999980109930039 7e-07 1e-06 0.9999932839473089 3e-06 7e-06 4.512224888801574 0.05 0.05 125 
-2.226190678278605 0.0001 9e-05 0.999998137553533 7e-07 1e-06 0.9999936771392822 3e-06 6e-06 4.512219243049621 0.05 0.05 137 
-2.226143407821655 6e-06 6e-06 0.9999978893995285 3e-07 3e-07 0.9999907354513804 3e-07 2e-07 4.512180185317993 0.03 0.03 95 
-2.2261784013112385 0.0006 0.0002 0.999997874101003 6e-07 8e-07 0.9999935468037923 4e-06 2e-05 4.512178425788879 0.07 0.07 104 
