-2.226255801518758 0.0002 0.0001 0.9999984395503998 6e-07 1e-06 0.9999958022435507 3e-06 8e-06 4.512187191645304 0.06 0.06 0 
-2.2261096636454263 6e-06 7e-06 0.9999973899126053 3e-07 3e-07 0.9999908157189688 3e-07 3e-07 4.512166271209717 0.04 0.04 1 
-2.2261044851938885 0.0002 0.0001 0.9999969754616419 8e-07 1e-06 0.9999943784872691 3e-06 7e-06 4.512301702499389 0.06 0.06 2 
-2.2262333838144936 0.0003 0.0002 0.9999984765052795 9e-07 2e-06 0.9999959369500478 3e-06 7e-06 4.512161324818929 0.06 0.06 3 
-2.2261704126993815 0.0001 9e-05 0.9999980872869492 8e-07 2e-06 0.9999928665161133 3e-06 5e-06 4.512097136179606 0.05 0.05 4 
-2.2261751969655355 5e-05 4e-05 0.999998264114062 5e-07 7e-07 0.9999929239352544 2e-06 3e-06 4.512089397112528 0.05 0.05 5 
-2.226258913675944 0.0002 0.0001 0.9999984266360601 6e-07 1e-06 0.9999963704744975 3e-06 8e-06 4.512212233543396 0.06 0.06 6 
-2.2262109597524007 0.0002 0.0001 0.9999982780218124 7e-07 2e-06 0.9999945698181788 3e-06 9e-06 4.512194124857585 0.07 0.07 7 
-2.2262487761179606 0.0002 0.0001 0.9999984528621038 7e-07 1e-06 0.999996240735054 3e-06 8e-06 4.512161305745443 0.06 0.06 8 
-2.226175635655721 0.0003 0.0002 0.9999980646371841 9e-07 2e-06 0.9999924663702647 3e-06 7e-06 4.51223645846049 0.06 0.06 9 
-2.2261541652679444 6e-06 5e-06 0.9999979249636333 2e-07 2e-07 0.9999902311960857 3e-07 3e-07 4.512128446896871 0.04 0.04 10 
-2.226172030766805 0.0002 0.0001 0.9999983068307241 9e-07 2e-06 0.9999931728839875 2e-06 4e-06 4.5120865186055505 0.06 0.06 11 
-2.226184272766113 0.0001 7e-05 0.9999983678261439 6e-07 1e-06 0.9999930963913599 3e-06 4e-06 4.512089193662008 0.05 0.05 12 
-2.2261334800720216 7e-05 5e-05 0.9999976728359858 7e-07 1e-06 0.9999900976816813 2e-06 3e-06 4.512172088623047 0.05 0.05 13 
-2.2262000465393066 0.0003 0.0002 0.999997907280922 8e-07 1e-06 0.999995698928833 3e-06 9e-06 4.512099437713623 0.07 0.07 14 
-2.226187750498454 0.001 0.0003 0.9999976732333501 1e-06 6e-06 0.9999952999750773 3e-06 7e-06 4.512237437566122 0.06 0.06 15 
-2.226142333348592 0.0001 0.0001 0.9999973869323731 8e-07 1e-06 0.9999920050303142 4e-06 9e-06 4.512323234875997 0.06 0.06 16 
-2.2261957772572836 5e-05 5e-05 0.9999980447689693 6e-07 8e-07 0.999992717107137 3e-06 4e-06 4.512144610087077 0.05 0.05 17 
-2.2262128607432046 0.0002 0.0001 0.9999981156984965 8e-07 1e-06 0.9999952638149261 3e-06 9e-06 4.512063558896383 0.07 0.07 18 
-2.226210304896037 0.0002 0.0001 0.9999981391429901 7e-07 1e-06 0.999993104537328 3e-06 6e-06 4.512190224329631 0.05 0.05 19 
-2.2261877059936523 0.0001 8e-05 0.9999979591369629 7e-07 1e-06 0.9999933489163717 3e-06 6e-06 4.5122495396931965 0.06 0.06 20 
-2.2261664803822834 9e-05 7e-05 0.9999981304009755 7e-07 1e-06 0.9999923926591873 2e-06 3e-06 4.512169224421183 0.05 0.05 21 
-2.2261861610412597 9e-05 7e-05 0.999998294711113 6e-07 1e-06 0.9999933389822642 3e-06 4e-06 4.512073030471802 0.05 0.05 22 
-2.226268129348755 0.0002 0.0001 0.9999984814723333 7e-07 1e-06 0.999996312657992 3e-06 9e-06 4.51218321800232 0.06 0.06 23 
-2.226225077311198 0.0003 0.0001 0.9999986026684443 8e-07 2e-06 0.9999933459361394 3e-06 6e-06 4.51209189414978 0.05 0.05 24 
-2.226208051045736 0.0004 0.0002 0.9999983503421148 1e-06 3e-06 0.9999953647454579 3e-06 1e-05 4.512205807367961 0.04 0.04 25 
-2.2262355422973634 0.0002 0.0001 0.9999982812007269 7e-07 1e-06 0.9999953319629034 3e-06 7e-06 4.512157746950785 0.06 0.06 26 
-2.226146354675293 5e-06 5e-06 0.9999978282054265 3e-07 2e-07 0.9999907503525416 3e-07 2e-07 4.51213761806488 0.04 0.04 27 
-2.226188888549805 0.0001 8e-05 0.9999980113903681 7e-07 1e-06 0.9999943170944849 3e-06 6e-06 4.512248520851135 0.05 0.05 28 
-2.2262027422587076 0.0001 0.0001 0.9999981238444646 7e-07 1e-06 0.9999943470954895 3e-06 6e-06 4.5121431080500285 0.06 0.06 29 
-2.226193005243937 0.0001 0.0001 0.9999976656834284 8e-07 2e-06 0.99999460597833 3e-06 6e-06 4.512217588424683 0.06 0.06 30 
-2.2261614735921222 6e-06 5e-06 0.999998012383779 3e-07 3e-07 0.9999914656082789 3e-07 3e-07 4.512133844693502 0.04 0.04 31 
-2.2261748186747234 0.0002 0.0001 0.9999981902043025 9e-07 2e-06 0.9999914940198262 3e-06 4e-06 4.5121076234181725 0.05 0.05 32 
-2.2262490463256834 0.0003 0.0001 0.9999982849756877 7e-07 1e-06 0.9999965723355612 3e-06 1e-05 4.512162300745646 0.06 0.06 33 
-2.2262108612060545 0.0002 0.0001 0.9999978977441788 9e-07 2e-06 0.9999958729743957 3e-06 7e-06 4.512140199343364 0.06 0.06 34 
-2.2261778418223064 5e-06 5e-06 0.9999982366959254 2e-07 3e-07 0.9999919561545054 4e-07 3e-07 4.512137557665507 0.04 0.04 35 
-2.226226517359416 0.0002 0.0001 0.9999982895453771 7e-07 1e-06 0.9999950871864954 3e-06 8e-06 4.51218522866567 0.06 0.06 36 
-2.22615577061971 0.0002 0.0001 0.9999971129496892 9e-07 2e-06 0.9999952479203542 3e-06 8e-06 4.512359579404195 0.07 0.07 37 
-2.2262399673461912 0.0006 0.0002 0.9999985927343369 9e-07 3e-06 0.9999931919574737 3e-06 5e-06 4.512122076352437 0.05 0.05 38 
-2.2262231222788493 0.0001 0.0001 0.9999983523289363 7e-07 1e-06 0.9999944937229156 3e-06 6e-06 4.512179067929586 0.06 0.06 39 
-2.226219828923543 0.0003 0.0001 0.9999981196721395 7e-07 1e-06 0.9999959133068721 3e-06 9e-06 4.512188364664714 0.06 0.06 40 
-2.2261526075998943 5e-06 6e-06 0.999997874101003 3e-07 3e-07 0.9999905776977539 4e-07 3e-07 4.512141633033752 0.04 0.04 41 
-2.2261979738871256 0.0002 0.0001 0.9999984562397003 9e-07 2e-06 0.9999919664859772 3e-06 5e-06 4.512082301775615 0.05 0.05 42 
-2.2262395668029784 0.0002 0.0001 0.9999982591470082 7e-07 1e-06 0.9999960539738337 3e-06 8e-06 4.5121041107177735 0.06 0.06 43 
-2.2261989625295002 0.0004 0.0001 0.9999984751145045 1e-06 3e-06 0.9999935879309972 2e-06 4e-06 4.51209120909373 0.06 0.06 44 
-2.2262137953440346 0.0001 8e-05 0.9999982261657715 6e-07 1e-06 0.9999943010012309 3e-06 6e-06 4.512229914665222 0.05 0.05 45 
-2.2262171999613445 0.0002 0.0001 0.9999980084101359 7e-07 1e-06 0.9999955507119497 3e-06 7e-06 4.512272796630859 0.06 0.06 46 
-2.226226797103882 0.0002 0.0001 0.9999981621901194 7e-07 1e-06 0.9999958473443985 3e-06 8e-06 4.51212172349294 0.06 0.06 47 
-2.2262365086873372 0.0003 0.0002 0.999998407959938 8e-07 2e-06 0.999996297955513 3e-06 9e-06 4.512238669395447 0.07 0.07 48 
-2.2261828486124675 5e-05 4e-05 0.9999979245662689 6e-07 8e-07 0.9999919388691584 3e-06 4e-06 4.512240872383118 0.05 0.05 49 
-2.2261552015940347 0.0001 9e-05 0.9999976688623429 7e-07 1e-06 0.9999925591548284 3e-06 6e-06 4.512164486249288 0.06 0.06 50 
-2.226213442484538 0.0003 0.0001 0.9999981911977133 9e-07 2e-06 0.9999937228361766 3e-06 5e-06 4.512212360699971 0.06 0.06 51 
-2.226137237548828 0.0002 0.0001 0.999997149904569 7e-07 1e-06 0.9999944903453191 3e-06 7e-06 4.512160375912984 0.06 0.06 52 
-2.226150617599487 5e-05 5e-05 0.9999975878000259 6e-07 9e-07 0.9999929902950923 2e-06 4e-06 4.512277277310689 0.05 0.05 53 
-2.226194979349772 0.0002 0.0001 0.9999981027841568 8e-07 2e-06 0.9999930516878763 3e-06 7e-06 4.5122518555323285 0.06 0.06 54 
-2.2262307993570962 0.0003 0.0002 0.9999983483552932 9e-07 2e-06 0.9999943240483602 3e-06 7e-06 4.512180361747742 0.06 0.06 55 
-2.226238037745158 0.0002 0.0001 0.9999985784292221 8e-07 2e-06 0.9999931832154592 3e-06 6e-06 4.5121043618520105 0.05 0.05 56 
-2.2261834367116293 7e-05 6e-05 0.9999978701273601 6e-07 9e-07 0.9999911864598592 3e-06 5e-06 4.512213457425435 0.05 0.05 57 
-2.2261784331003827 0.0001 9e-05 0.9999977686007817 7e-07 1e-06 0.9999926749865214 3e-06 7e-06 4.512269582748413 0.06 0.06 58 
-2.22615834236145 0.0003 0.0002 0.9999973060687383 8e-07 2e-06 0.9999954547484716 3e-06 9e-06 4.512228498458862 0.07 0.07 59 
-2.226167271931966 0.0001 0.0001 0.9999972516298294 7e-07 1e-06 0.9999956095218658 3e-06 6e-06 4.512289992968241 0.06 0.06 60 
-2.2261615053812664 3e-05 3e-05 0.9999980109930039 6e-07 6e-07 0.9999917833010356 2e-06 2e-06 4.512105083465576 0.05 0.05 61 
-2.2261704222361245 0.0002 0.0001 0.999998021920522 8e-07 2e-06 0.9999920703967412 3e-06 6e-06 4.512236653963725 0.06 0.06 62 
-2.226192579269409 7e-05 6e-05 0.9999981570243835 7e-07 1e-06 0.9999932954708736 3e-06 4e-06 4.512180608113606 0.05 0.05 63 
-2.226169865926107 6e-06 5e-06 0.9999981490770976 3e-07 3e-07 0.9999921929836273 4e-07 4e-07 4.512131994565328 0.04 0.04 64 
-2.226229581832886 0.0005 0.0002 0.9999978146950403 6e-07 9e-07 0.9999955560763677 3e-06 1e-05 4.512183065414429 0.07 0.07 65 
-2.2261868476867677 0.0002 0.0001 0.9999983002742131 8e-07 2e-06 0.9999938038984935 3e-06 4e-06 4.512131751378377 0.05 0.05 66 
-2.2262361907958983 0.0002 0.0001 0.9999982724587123 8e-07 1e-06 0.9999962826569875 3e-06 7e-06 4.512135656674703 0.06 0.06 67 
-2.2262112681070962 0.0003 0.0001 0.999998419880867 7e-07 2e-06 0.9999926547209422 3e-06 5e-06 4.512108874320984 0.05 0.05 68 
-2.226178461710612 0.0002 0.0001 0.9999971318244935 7e-07 1e-06 0.9999957424402237 3e-06 7e-06 4.512301216125488 0.06 0.06 69 
-2.2261626815795896 5e-06 6e-06 0.9999979825814566 2e-07 2e-07 0.9999901153643926 3e-07 4e-07 4.5121266603469845 0.04 0.04 70 
-2.2261089070638023 6e-06 5e-06 0.9999975895881653 3e-07 3e-07 0.9999912343422572 2e-07 2e-07 4.512171754837036 0.04 0.04 71 
-2.2262226486206056 0.0002 0.0001 0.9999982057015101 7e-07 1e-06 0.9999945654471716 3e-06 8e-06 4.512189238866171 0.06 0.06 72 
-2.2261620934804283 5e-05 5e-05 0.9999980227152506 6e-07 9e-07 0.9999905707438786 2e-06 3e-06 4.512129139900208 0.05 0.05 73 
-2.226201826731364 0.0002 0.0001 0.9999984099467596 8e-07 2e-06 0.9999933423598607 3e-06 5e-06 4.512093076705932 0.05 0.05 74 
-2.2261620807647704 0.0004 0.0002 0.9999970153967539 7e-07 1e-06 0.9999947530031205 3e-06 1e-05 4.512239853541057 0.07 0.07 75 
-2.226173718770345 0.0002 0.0001 0.999998106956482 7e-07 1e-06 0.9999909180402756 3e-06 5e-06 4.512153183619182 0.05 0.05 76 
-2.2261738427480062 0.0003 0.0001 0.9999983119964599 1e-06 3e-06 0.9999939105908076 3e-06 4e-06 4.512115726470947 0.06 0.06 77 
-2.2261605898539227 0.0002 0.0001 0.9999967996279399 8e-07 1e-06 0.999994335770607 3e-06 8e-06 4.512304824193318 0.06 0.06 78 
-2.226163345972697 6e-06 5e-06 0.9999979758262634 2e-07 4e-07 0.99999103307724 3e-07 4e-07 4.512148423194885 0.04 0.04 79 
-2.2261835956573486 7e-05 6e-05 0.9999979291359583 6e-07 1e-06 0.9999925990899404 3e-06 5e-06 4.512203497886658 0.05 0.05 80 
-2.226212491989136 0.0001 8e-05 0.9999982849756877 8e-07 1e-06 0.9999952016274134 3e-06 5e-06 4.51223978360494 0.05 0.05 81 
-2.2262359619140626 0.0007 0.0002 0.9999985659122467 1e-06 5e-06 0.999994013706843 3e-06 4e-06 4.512138417561849 0.05 0.05 82 
-2.2261664485931396 1e-05 1e-05 0.9999979339043299 4e-07 5e-07 0.9999907233317693 1e-06 2e-06 4.512130149205526 0.04 0.04 83 
-2.226179033915202 4e-05 4e-05 0.9999983121951421 4e-07 8e-07 0.99999249736468 2e-06 3e-06 4.512122659683228 0.05 0.05 84 
-2.2261657238006594 5e-05 5e-05 0.9999978864192962 6e-07 8e-07 0.9999928033351898 2e-06 4e-06 4.51220873037974 0.05 0.05 85 
-2.2261918131510416 0.0002 0.0001 0.999998389283816 8e-07 1e-06 0.9999918287992478 3e-06 5e-06 4.512111883163453 0.05 0.05 86 
-2.226184771855672 8e-05 6e-05 0.9999983423948288 6e-07 1e-06 0.999993113676707 3e-06 4e-06 4.512134447097778 0.05 0.05 87 
-2.226200491587321 8e-05 7e-05 0.9999981798728307 6e-07 1e-06 0.9999928810199101 3e-06 6e-06 4.512137726147969 0.05 0.05 88 
-2.2261580149332683 9e-05 6e-05 0.9999981856346131 6e-07 1e-06 0.9999927115440369 2e-06 3e-06 4.512109246253967 0.05 0.05 89 
-2.2261904748280843 5e-05 5e-05 0.9999979039033254 5e-07 9e-07 0.9999933552742004 2e-06 4e-06 4.512172230084738 0.05 0.05 90 
-2.2262222798665365 0.0002 0.0001 0.9999982953071594 8e-07 2e-06 0.9999953494469325 3e-06 6e-06 4.512187102635702 0.06 0.06 91 
-2.2261762905120848 0.0003 0.0001 0.9999982488155365 9e-07 2e-06 0.9999933751424154 3e-06 4e-06 4.512146801948547 0.06 0.06 92 
-2.226196413040161 0.0003 0.0001 0.9999984300136566 9e-07 2e-06 0.9999941112597783 2e-06 4e-06 4.512071441014608 0.06 0.06 93 
-2.2261567656199137 0.0002 0.0001 0.9999972836176554 7e-07 1e-06 0.9999953562021255 3e-06 7e-06 4.512265841166179 0.06 0.06 94 
-2.226115109125773 7e-06 5e-06 0.9999976376692454 3e-07 3e-07 0.9999916207790375 3e-07 3e-07 4.512149079640706 0.04 0.04 95 
-2.2261361408233644 6e-06 7e-06 0.9999977890650431 4e-07 3e-07 0.9999903144439062 7e-07 6e-07 4.512157777150472 0.04 0.04 96 
-2.2261174456278483 6e-05 5e-05 0.9999975407123566 6e-07 1e-06 0.9999906822045644 2e-06 2e-06 4.512162709236145 0.05 0.05 97 
-2.2261569404602053 3e-05 3e-05 0.9999975778659185 5e-07 7e-07 0.9999912585814794 2e-06 3e-06 4.51224236647288 0.05 0.05 98 
-2.226231050491333 0.0002 0.0001 0.9999983276923498 8e-07 1e-06 0.9999960935115815 3e-06 7e-06 4.512210783958435 0.06 0.06 99 
