-2.208519843419393 0.001 0.001 0.9999668651819229 8e-06 3e-05 0.9991967219114304 1e-05 2e-05 4.495626362164815 0.2 0.2 0 
-2.222946850458781 0.0008 0.0006 0.999951355457306 1e-05 1e-05 0.9999624874194463 9e-06 7e-06 4.509477200508118 0.1 0.1 1 
-2.215165557861328 0.0006 0.0006 0.999891148408254 3e-06 3e-06 0.9999608812729518 1e-05 2e-05 4.500482912063599 0.3 0.3 2 
-2.223339074452718 0.002 0.002 0.9999559531609218 1e-05 2e-05 0.9985876015822093 2e-05 4e-05 4.524297164281209 0.2 0.2 8 
-2.1124835141499836 0.001 0.0009 0.9998702555894852 3e-05 4e-05 0.948409907023112 0.0005 0.0005 3.673600543340047 0.1 0.1 10 
-0.3877022504806519 0.0002 0.0002 0.8219780482848486 0.0004 0.0004 0.9840410673618316 0.002 0.002 2.4203844594955446 0.1 0.1 11 
-2.2229255453745522 0.0002 0.0002 0.9999602289994558 5e-06 5e-06 0.9985898164908091 3e-05 3e-05 4.521971077919006 0.1 0.1 13 
-2.201778558095296 0.0009 0.0008 0.9998744384447733 4e-06 5e-06 0.9987592738866806 9e-05 9e-05 4.465663510958354 0.3 0.3 14 
-2.2133607705434164 0.002 0.001 0.9999278289079666 6e-06 1e-05 0.9997342862685521 3e-05 0.0001 4.509764304161072 0.1 0.1 15 
-2.222403964996338 0.0003 0.0003 0.9999353341261545 1e-05 1e-05 0.9999470357100169 2e-05 2e-05 4.505258361498515 0.2 0.2 16 
-2.2121262454986574 0.0006 0.0006 0.9998684134085973 7e-06 7e-06 0.9995679010947546 9e-05 9e-05 4.471735501289368 0.2 0.2 17 
-2.2237907791137697 0.002 0.0007 0.9999758988618851 9e-06 1e-05 0.9999712457259496 8e-06 1e-05 4.5106656424204505 0.1 0.1 18 
-0.3895440022150675 0.0004 0.0003 0.8202610927820205 0.008 0.008 0.9834602429469427 0.0004 0.0004 2.4204521775245667 0.06 0.06 20 
-2.2130413564046223 0.0002 0.0002 0.9998780914147695 4e-06 4e-06 0.9998735123872757 4e-06 4e-06 4.510796208381652 0.2 0.2 21 
-2.2178849188486733 0.01 0.006 0.9999299069245656 4e-05 8e-05 0.99992318212986 7e-06 1e-05 4.505508286158244 0.2 0.2 22 
-2.2217932383219403 0.0008 0.0007 0.9999495617548625 1e-05 1e-05 0.9999677803119024 3e-06 3e-06 4.509600496292114 0.2 0.2 23 
-2.214255263010661 0.0008 0.0008 0.9999298985799153 3e-06 4e-06 0.9990248336394628 0.0002 0.0002 4.455609370867411 0.3 0.3 24 
-0.38844311237335205 0.0009 0.001 0.8202601573864619 0.002 0.002 0.9838037093480428 0.001 0.002 2.4150164842605593 0.2 0.2 25 
-2.21787880897522 0.002 0.002 0.9998781704902648 2e-05 2e-05 0.9999802527825038 1e-05 0.0001 4.509465131759644 0.2 0.2 26 
-2.2235991382598876 0.0003 0.0003 0.9999643202622731 7e-06 2e-05 0.9995952584346135 1e-05 2e-05 4.515351556142171 0.1 0.1 27 
-2.2153362019856773 0.0008 0.0007 0.9997506527105967 3e-05 4e-05 0.9998412299156189 3e-05 4e-05 4.509179906845093 0.3 0.3 28 
-2.2059521007537843 0.001 0.0009 0.9998848442236582 1e-05 1e-05 0.9977719952662786 5e-05 0.0001 4.498120757738749 0.3 0.2 29 
-2.222101345062256 0.002 0.001 0.9999295886357625 1e-05 2e-05 0.9999486615260442 2e-05 3e-05 4.505249349276225 0.2 0.2 31 
-2.2214474137624105 0.0005 0.0003 0.9999044090509415 2e-05 2e-05 0.9999284269412358 9e-06 1e-05 4.510990972518921 0.2 0.2 33 
-0.3884461720784505 0.001 0.0007 0.8199962971607844 0.01 0.01 0.984783622821172 0.001 0.001 2.411461351712545 0.2 0.2 34 
-2.2224061107635498 0.0005 0.0004 0.9999571464459102 6e-06 7e-06 0.9999689147869746 8e-06 1e-05 4.507616505622864 0.1 0.1 35 
-2.2148648643493654 0.003 0.002 0.9999360102415085 1e-05 3e-05 0.9999365731080373 9e-06 2e-05 4.505990392367045 0.2 0.2 36 
-2.2172877343495685 0.002 0.001 0.999316379626592 4e-05 5e-05 0.9997684425115585 4e-05 3e-05 4.511585725148519 0.2 0.2 40 
-2.212745418548584 0.0006 0.0005 0.9999251145124436 1e-05 1e-05 0.9999619479974111 5e-06 8e-06 4.50395719687144 0.2 0.2 41 
-0.38881219387054444 9e-05 0.0001 0.8198387797673543 0.008 0.008 0.9831723880767822 0.0008 0.0008 2.4178436986605325 0.1 0.1 42 
-2.222622261047363 0.0005 0.0004 0.9999516427516937 1e-05 1e-05 0.9999560830990474 1e-05 1e-05 4.51108413696289 0.2 0.2 43 
-2.2024672762552897 0.006 0.002 0.9998353266716004 5e-05 0.0001 0.9991958139340082 1e-05 1e-05 4.494795338312785 0.2 0.2 46 
-1.8777372709910074 0.0009 0.0004 0.9969009772936503 0.0002 0.0002 0.99821280280749 9e-05 0.0001 4.299436467488607 0.1 0.1 47 
-2.2122997665405273 0.002 0.002 0.9998131932814917 5e-05 6e-05 0.9995389644304912 0.0001 0.0002 4.49155549844106 0.3 0.3 48 
-2.2151305103302 0.003 0.002 0.9999023475249609 1e-05 1e-05 0.9983708240588506 7e-05 0.0001 4.522965939839681 0.2 0.2 52 
-2.225297203063965 0.0003 0.0002 0.9999907167752584 2e-06 3e-06 0.9999928788344066 4e-06 2e-05 4.512036779721578 0.09 0.09 53 
-2.2168073717753094 0.0002 0.0002 0.9999644098679225 3e-06 3e-06 0.9985706255833308 1e-05 1e-05 4.522502468427022 0.1 0.1 55 
-2.224557647705078 0.0004 0.0003 0.999986665447553 3e-06 3e-06 0.9999872678518296 3e-06 1e-05 4.511044805844625 0.09 0.09 56 
-2.207741142908732 0.001 0.001 0.9998007961114248 3e-05 3e-05 0.9997506395975748 3e-05 3e-05 4.489384973843892 0.3 0.3 57 
-2.2150932025909422 0.0008 0.0004 0.999964388012886 4e-06 5e-06 0.9999915268023809 4e-06 7e-06 4.504950545628866 0.1 0.1 58 
-2.2236129315694173 0.001 0.0005 0.999970406293869 9e-06 1e-05 0.9999469830592473 7e-06 1e-05 4.510478800137838 0.2 0.2 59 
-2.200699284871419 0.003 0.002 0.9996814272801081 3e-05 4e-05 0.9971132814884186 0.0005 0.0005 4.4300055472056075 0.3 0.3 60 
-2.2221846612294516 0.001 0.0008 0.9999163675308228 3e-05 4e-05 0.9998883070548376 3e-05 6e-05 4.500931115150451 0.2 0.2 62 
-0.38717594464619953 0.0009 0.0006 0.8207223449150721 0.002 0.002 0.9852091121673584 0.003 0.003 2.408618652820587 0.2 0.2 64 
-2.2216194311777753 0.002 0.001 0.9999366527795792 1e-05 1e-05 0.9999533985058466 7e-06 9e-06 4.5067659838994345 0.2 0.2 66 
-2.2179602273305257 0.002 0.001 0.9998340042432149 7e-05 5e-05 0.9998474687337875 5e-05 5e-05 4.505673033396403 0.3 0.2 67 
-0.3868639802932739 0.0009 0.0008 0.8205304209391276 0.01 0.01 0.9859094619750977 0.001 0.001 2.3989053058624266 0.2 0.2 68 
-2.2250424989064537 6e-05 5e-05 0.9999811728795369 3e-06 3e-06 0.9999725874265035 9e-07 1e-06 4.5119473695755 0.09 0.09 69 
-2.216711810429891 0.003 0.002 0.9999103444814682 3e-05 3e-05 0.9999320296446482 2e-05 3e-05 4.5016441774368285 0.2 0.2 70 
-2.2245484733581544 0.001 0.0005 0.9999737201134363 6e-06 1e-05 0.9985702808698018 2e-05 3e-05 4.528206055959066 0.1 0.1 71 
-2.2078607273101807 0.0003 0.0002 0.9999437348047893 8e-06 1e-05 0.9992125403881073 6e-06 6e-06 4.4976914548873905 0.1 0.1 73 
-2.2234143257141112 0.0004 0.0003 0.9999616368611653 3e-06 3e-06 0.9998472028970719 1e-05 1e-05 4.509245025316874 0.1 0.1 74 
-0.3884919309616089 0.0007 0.0005 0.8194173304239909 0.006 0.006 0.9837971939643224 0.0003 0.0003 2.414418471654256 0.2 0.2 75 
-0.3747213586171468 3.0 0.02 0.8234103904167811 0.005 0.01 0.9877352823813756 0.003 0.002 2.3941261887550356 0.2 0.2 76 
-2.220978469848633 0.0002 0.0002 0.9995490483442943 5e-05 5e-05 0.9984986052910487 2e-05 3e-05 4.524011408487956 0.2 0.2 77 
-2.224304313659668 0.001 0.0007 0.9999495194355646 7e-06 1e-05 0.9999081073204676 2e-05 3e-05 4.512673870722453 0.1 0.1 78 
-2.219163694381714 0.0003 0.0003 0.9999322571357091 1e-05 1e-05 0.9999058719476064 1e-05 1e-05 4.499654491742452 0.2 0.2 80 
-2.223228104909261 0.006 0.002 0.9999724970261256 1e-05 4e-05 0.9999595534801483 3e-05 0.0001 4.510459202130636 0.2 0.2 82 
-1.8753594175974528 0.0003 0.0003 0.9968724101781845 0.0001 0.0001 0.9997017751137416 0.0002 0.0002 4.272640102704366 0.2 0.2 83 
-2.223483861287435 0.001 0.0008 0.9999667235215505 9e-06 1e-05 0.9999904368321101 3e-06 5e-06 4.509563026428222 0.1 0.1 85 
-2.2217883110046386 0.0002 0.0002 0.9999280770619711 1e-05 1e-05 0.9998941928148269 3e-06 3e-06 4.510761528015137 0.1 0.1 86 
-0.3447373421986898 0.0001 0.0001 0.798472694158554 0.004 0.004 0.9742002155383428 0.0002 0.0002 2.293553800582886 0.1 0.1 87 
-0.37749789079030355 0.0004 0.0002 0.8137498293320338 0.001 0.001 0.9822210880120595 0.0007 0.0006 2.3813095768292745 0.1 0.1 89 
-2.223752981821696 0.001 0.0006 0.9999509253104528 2e-05 6e-05 0.9999883635838827 5e-06 9e-06 4.509690047899882 0.2 0.2 91 
-2.2202525742848715 0.0003 0.0003 0.9999316513538361 1e-05 1e-05 0.9985520639022192 2e-05 2e-05 4.527253227233887 0.1 0.1 94 
-2.209072767893473 0.001 0.0007 0.9999716454744338 6e-06 2e-05 0.9991799501578013 4e-05 7e-05 4.498087189992269 0.2 0.2 95 
-2.2221361637115478 0.0007 0.0005 0.9999681852261225 1e-05 1e-05 0.9999368623892466 7e-06 7e-06 4.506560193697611 0.2 0.2 97 
-2.224566764831543 0.0006 0.0005 0.9999854999780655 3e-06 5e-06 0.9999803898731867 1e-05 4e-05 4.51068151473999 0.1 0.1 99 
