-2.2251149463653563 0.002 0.0009 0.9999785061677297 5e-06 2e-05 0.9999846239884694 1e-05 3e-05 4.511951270103455 0.1 0.1 69 
-2.2251664479573567 0.002 0.0009 0.9999787932634354 5e-06 2e-05 0.9999853905042012 1e-05 2e-05 4.5120255057017005 0.1 0.1 56 
-2.2251298332214358 0.002 0.001 0.999978897968928 5e-06 2e-05 0.999984950820605 1e-05 3e-05 4.511857916514079 0.1 0.1 85 
-2.225210199356079 0.002 0.0009 0.9999793992439906 5e-06 2e-05 0.9999868144591649 1e-05 2e-05 4.51187149365743 0.1 0.1 7 
-2.2251548767089844 0.002 0.001 0.9999785552422206 5e-06 1e-05 0.9999848679701487 1e-05 3e-05 4.5120951286951705 0.1 0.1 87 
-2.225208126703898 0.002 0.0009 0.9999794548749924 5e-06 1e-05 0.9999868353207906 1e-05 2e-05 4.511866771380107 0.1 0.1 88 
-2.2250761858622234 0.002 0.001 0.9999787817398708 5e-06 2e-05 0.9999837086598078 1e-05 3e-05 4.511770730018616 0.2 0.2 53 
-2.2251886336008706 0.002 0.0009 0.999978820681572 4e-06 2e-05 0.9999855502446493 1e-05 3e-05 4.511953667004903 0.1 0.1 70 
-2.2251036262512205 0.002 0.0009 0.9999777009089788 5e-06 2e-05 0.9999862386782964 1e-05 3e-05 4.511836450894673 0.1 0.1 13 
-2.2251928679148354 0.002 0.0009 0.9999793748060862 5e-06 2e-05 0.9999865172306697 1e-05 3e-05 4.511891843477885 0.1 0.1 77 
-2.2251263840993247 0.002 0.0009 0.999977938135465 5e-06 2e-05 0.9999846005439759 1e-05 2e-05 4.512144910494486 0.1 0.1 90 
-2.2250793011983236 0.003 0.001 0.9999773953358332 5e-06 2e-05 0.9999834142128626 1e-05 3e-05 4.512055908838908 0.1 0.1 95 
-2.225224625269572 0.002 0.0009 0.999979413151741 4e-06 1e-05 0.999986620148023 1e-05 2e-05 4.511924398740133 0.1 0.1 62 
-2.2251418240865073 0.004 0.001 0.9999792887767156 5e-06 2e-05 0.9999844227234522 1e-05 3e-05 4.512083152135213 0.1 0.1 72 
-2.2251184431711835 0.004 0.001 0.999978088537852 6e-06 3e-05 0.9999851566553116 1e-05 2e-05 4.511745376586914 0.1 0.1 3 
-2.2251913070678713 0.002 0.0009 0.9999794089794158 5e-06 2e-05 0.9999860374132792 1e-05 3e-05 4.512023080190023 0.1 0.1 21 
-2.2252339839935305 0.002 0.0009 0.9999784980217615 5e-06 1e-05 0.9999862130482992 1e-05 2e-05 4.512012329101562 0.1 0.1 33 
-2.225085439682007 0.002 0.0009 0.9999776166677475 6e-06 2e-05 0.9999860358238221 1e-05 2e-05 4.511695388158162 0.1 0.1 83 
-2.2249683380126952 0.002 0.001 0.9999764045079549 5e-06 2e-05 0.9999839107195536 1e-05 4e-05 4.5123080635070805 0.1 0.1 0 
-2.225219685236613 0.002 0.0009 0.9999794731537501 4e-06 2e-05 0.9999865670998891 1e-05 2e-05 4.511879456837972 0.1 0.1 14 
