-2.225083141326904 0.003 0.001 0.9999804405371348 4e-06 7e-06 0.9999937105178833 5e-06 2e-05 4.511748050053915 0.2 0.2 12 
-2.2254195753733317 0.0003 0.0002 0.9999770834048589 6e-07 6e-07 0.9999953538179398 2e-06 3e-06 4.5115714438756305 0.09 0.09 13 
-2.224905020395915 0.002 0.0008 0.9999796819686889 4e-06 9e-06 0.9999927977720896 5e-06 8e-06 4.511392628351848 0.1 0.1 14 
-2.2112418365478517 0.004 0.001 0.9999880917867024 1e-05 2e-05 0.9992327477534612 7e-06 3e-05 4.498577874501546 0.2 0.2 15 
-2.2250599892934164 0.004 0.001 0.9999949208895366 4e-06 1e-05 0.999984855055809 1e-05 4e-05 4.511141146024068 0.2 0.2 17 
-2.2251108519236245 0.004 0.001 0.9999944897492726 4e-06 9e-06 0.9999971546729406 2e-06 6e-06 4.511525834401448 0.2 0.2 18 
-2.225155792236328 0.0007 0.0004 0.9999958888689677 2e-06 3e-06 0.999992847442627 3e-06 3e-06 4.511311672528585 0.1 0.1 19 
-2.225210018157959 0.001 0.0007 0.9999955201148987 3e-06 8e-06 0.9999951922893524 2e-06 5e-06 4.511287841796875 0.1 0.1 20 
-2.210687878926595 0.002 0.001 0.9999891110261281 9e-06 2e-05 0.9992346306641896 4e-06 1e-05 4.498795218467713 0.2 0.2 21 
-2.224913066228231 0.003 0.001 0.9999789289633433 5e-06 1e-05 0.9999929136037826 4e-06 8e-06 4.51117569287618 0.1 0.1 22 
-2.2251341851552326 0.003 0.001 0.9999934607744216 4e-06 7e-06 0.999990525841713 9e-06 4e-05 4.511067010561625 0.2 0.2 24 
-2.225091358820597 0.001 0.0005 0.9999771291017532 4e-06 6e-06 0.9999950746695201 3e-06 6e-06 4.511238428751628 0.1 0.1 25 
-2.2252037461598713 0.001 0.0007 0.9999943870306015 2e-06 3e-06 0.999989024400711 7e-06 1e-05 4.5112626091639205 0.1 0.1 26 
-2.2252595678965252 0.002 0.0007 0.9999821724494299 3e-06 7e-06 0.9999934713045756 5e-06 1e-05 4.511465530395508 0.1 0.1 27 
-2.2251654847462974 0.001 0.0006 0.9999951467911402 3e-06 5e-06 0.9999944494167964 4e-06 8e-06 4.5114044698079425 0.1 0.1 28 
-2.225361394882202 0.001 0.0006 0.9999939898649851 2e-06 5e-06 0.9999945491552353 2e-06 3e-06 4.51154335975647 0.1 0.1 29 
-2.211190923055013 0.001 0.0005 0.9999913821617762 5e-06 2e-05 0.9992332317431768 4e-06 6e-06 4.499311680793762 0.1 0.1 30 
-2.2251816844940184 0.0009 0.0004 0.9999962608019511 2e-06 4e-06 0.9999897436300913 9e-06 1e-05 4.51112634340922 0.1 0.1 31 
-2.2254614957173664 0.001 0.0005 0.999995259642601 7e-07 1e-06 0.9999935338894527 6e-06 2e-05 4.511613645553589 0.1 0.1 32 
-2.224750347137451 0.003 0.0008 0.9999889371792475 4e-06 1e-05 0.9999933262666066 4e-06 1e-05 4.511183141072591 0.1 0.1 35 
-2.210789000193278 0.002 0.0006 0.9999903213977813 4e-06 1e-05 0.9992116798957189 2e-05 4e-05 4.499638663927714 0.1 0.1 36 
-2.224931125640869 0.004 0.001 0.9999926304817199 5e-06 1e-05 0.9999974262714386 2e-06 1e-05 4.5111516634623205 0.2 0.2 37 
-2.2112891991933186 0.002 0.001 0.9999907036622365 5e-06 4e-05 0.9992357208331426 4e-06 2e-05 4.499451429049174 0.2 0.2 38 
-2.225279172261556 0.004 0.001 0.9999761152267456 6e-06 2e-05 0.9999948791662852 5e-06 3e-05 4.511886123021443 0.2 0.2 39 
-2.224619836807251 0.004 0.001 0.9999625724554062 5e-06 1e-05 0.999992406964302 6e-06 2e-05 4.511283003489177 0.2 0.2 40 
-2.2110330804189045 0.0003 0.0003 0.9999913241465886 3e-06 4e-06 0.9992236697673798 7e-06 7e-06 4.498955539067587 0.09 0.09 41 
-2.225232292811076 0.003 0.0008 0.999994909564654 4e-06 2e-05 0.9999941633145014 3e-06 8e-06 4.5114356851577755 0.1 0.1 42 
-2.22497057278951 0.001 0.0007 0.9999729969104131 2e-06 2e-06 0.9999869561195374 1e-05 2e-05 4.511544151306152 0.1 0.1 44 
-2.2250176366170247 0.001 0.0008 0.9999946713447571 2e-06 5e-06 0.9999904080231985 4e-06 8e-06 4.511322862307231 0.1 0.1 45 
-2.224872210820516 0.002 0.0008 0.9999797739585241 3e-06 8e-06 0.999996258020401 3e-06 1e-05 4.511204344431559 0.1 0.1 46 
-2.225181824366252 0.003 0.001 0.9999929815530777 6e-06 2e-05 0.9999923024574916 7e-06 3e-05 4.511317389806112 0.2 0.2 47 
-2.225201104482015 0.0009 0.0004 0.999997019569079 1e-06 3e-06 0.9999877812465032 1e-05 2e-05 4.511364469528198 0.1 0.1 48 
-2.211354446411133 0.0009 0.0005 0.9999933491150538 4e-06 7e-06 0.9992275907595952 9e-06 2e-05 4.499474641482036 0.1 0.1 49 
-2.224433224995931 0.004 0.002 0.9999934226274491 6e-06 1e-05 0.9999864155054092 9e-06 3e-05 4.511058753331502 0.1 0.1 50 
-2.2113790067036945 0.0009 0.0005 0.9999909321467082 5e-06 9e-06 0.9992302785317103 7e-06 1e-05 4.4994935671488445 0.1 0.1 52 
-2.2249596405029295 0.004 0.001 0.999994402329127 4e-06 1e-05 0.9999936588605245 4e-06 1e-05 4.511204873720805 0.2 0.2 53 
-2.2249594275156657 0.0008 0.0004 0.999994865655899 3e-06 6e-06 0.9999862225850423 3e-06 5e-06 4.511269313494364 0.09 0.09 54 
-2.2253947607676188 0.001 0.0006 0.9999780374765396 2e-06 4e-06 0.9999955580631892 3e-06 5e-06 4.511733606656392 0.1 0.1 55 
-2.225009870529175 0.001 0.0007 0.9999959069490433 3e-06 6e-06 0.9999868488311767 7e-06 9e-06 4.510822132428487 0.1 0.1 56 
-2.224651247660319 0.003 0.001 0.9999921037753423 5e-06 2e-05 0.9999902045726776 5e-06 1e-05 4.511111874580383 0.1 0.2 57 
-0.3910072390238444 0.0001 9e-05 0.819336002667745 0.0005 0.0005 0.9840120395024617 0.0005 0.0005 2.4180116629600525 0.06 0.06 58 
-2.2252916717529296 0.003 0.001 0.9999922730525335 4e-06 7e-06 0.9999951028823852 5e-06 2e-05 4.511259357134501 0.2 0.2 59 
-2.210988721847534 0.0002 0.0001 0.9999914135535558 2e-06 2e-06 0.9992228875557582 5e-06 6e-06 4.49927090326945 0.1 0.1 60 
-2.224936539332072 0.004 0.001 0.9999912496407827 6e-06 2e-05 0.9999932406346003 7e-06 3e-05 4.510495387713115 0.2 0.2 62 
-2.2252796522776284 0.0004 0.0003 0.999996481537819 2e-06 2e-06 0.999993000626564 2e-06 2e-06 4.511471492449442 0.09 0.09 63 
-2.2253203423817953 0.003 0.0009 0.9999915162722269 4e-06 7e-06 0.999995778799057 3e-06 9e-06 4.5121629412968955 0.2 0.2 64 
-2.2253717199961343 0.002 0.0007 0.999992332259814 3e-06 1e-05 0.9999956055482229 2e-06 5e-06 4.511557614008586 0.1 0.1 65 
-2.2250768693288165 0.0007 0.0004 0.9999964928627014 2e-06 3e-06 0.9999936330318451 5e-06 9e-06 4.5113421169916785 0.1 0.1 66 
-2.2253317642211914 0.0006 0.0005 0.9999930453300476 2e-06 3e-06 0.9999946002165476 4e-06 9e-06 4.511882365544637 0.1 0.1 67 
-2.210848461786906 0.0007 0.0004 0.9999910030762355 5e-06 5e-06 0.999227047363917 8e-06 1e-05 4.498596844673156 0.1 0.1 69 
-2.225120340983073 0.006 0.001 0.9999932980537415 5e-06 1e-05 0.9999934816360474 6e-06 5e-05 4.510859823226928 0.2 0.2 72 
-2.225198516845703 0.003 0.0008 0.999994952082634 3e-06 4e-06 0.999992626508077 6e-06 1e-05 4.511308830579122 0.1 0.2 73 
-2.2255516401926676 0.0002 0.0002 0.9999966335296631 1e-06 2e-06 0.9999948525428772 1e-06 2e-06 4.511593489646912 0.09 0.09 74 
-2.2253109995524087 0.002 0.0008 0.9999935853481293 4e-06 1e-05 0.9999938889344533 4e-06 2e-05 4.511448647181193 0.2 0.2 75 
-2.2251037788391113 0.001 0.0005 0.9999797681967417 3e-06 5e-06 0.9999898825089136 3e-06 6e-06 4.511302582422892 0.1 0.1 77 
-2.2251658821105957 0.0008 0.0006 0.9999616841475168 3e-06 7e-06 0.9999927653868993 4e-06 6e-06 4.513538333574931 0.1 0.1 78 
-2.2251230589548747 0.0004 0.0002 0.9999940937757492 1e-06 1e-06 0.9999945420026779 8e-07 9e-07 4.511602884928386 0.08 0.09 79 
-2.2108803272247313 0.0002 0.0002 0.999991664091746 6e-07 1e-06 0.9992274481058121 4e-06 5e-06 4.499026457468669 0.09 0.09 80 
-2.22518585840861 0.002 0.0008 0.9999934619665146 3e-06 7e-06 0.9999958686033885 3e-06 5e-06 4.511379121144612 0.2 0.1 81 
-2.2255408350626626 0.004 0.0009 0.999994775056839 4e-06 3e-05 0.9999949634075165 5e-06 2e-05 4.5116666889190675 0.2 0.2 82 
-0.3910248327255249 0.0004 0.0002 0.8193593273560206 0.002 0.002 0.9840177567799886 0.0005 0.0006 2.4180599864323935 0.09 0.09 83 
-2.225135046641032 0.005 0.001 0.9999940508604049 3e-06 9e-06 0.999993328054746 6e-06 4e-05 4.511461594899496 0.2 0.2 84 
-0.3909804010391235 0.0005 0.0003 0.8193899695078531 0.003 0.003 0.9840127958854039 0.0005 0.0006 2.41798987865448 0.09 0.09 85 
-2.2114089743296304 0.0008 0.0004 0.9999766993522644 3e-06 8e-06 0.999231892824173 5e-06 7e-06 4.49935693581899 0.09 0.09 86 
-2.210903952916463 0.001 0.0006 0.9999738128980001 4e-06 8e-06 0.9992269027233124 8e-06 1e-05 4.499193746248881 0.1 0.1 87 
-2.2107030137379966 0.004 0.001 0.9999748641252517 6e-06 2e-05 0.9992195296287537 2e-05 6e-05 4.498878897031148 0.2 0.2 88 
-2.1842862796783447 3e-06 3e-06 0.9998340888818105 6e-07 6e-07 0.9965590043862661 8e-06 8e-06 4.52824760278066 0.02 0.02 89 
-2.2246510791778564 0.002 0.001 0.9999798208475112 4e-06 8e-06 0.999987800916036 6e-06 1e-05 4.511348686218262 0.1 0.1 90 
-2.225057160059611 0.002 0.001 0.9999939626455308 4e-06 1e-05 0.999992369612058 5e-06 2e-05 4.5110827096303305 0.1 0.1 91 
-2.2256556034088133 0.0004 0.0003 0.9999946375687917 1e-06 2e-06 0.9999947597583135 1e-06 2e-06 4.511751831372579 0.08 0.08 92 
-2.225061044692993 0.003 0.001 0.9999782758951187 3e-06 7e-06 0.9999940156936645 5e-06 1e-05 4.51118114789327 0.2 0.2 95 
-2.22499711672465 0.002 0.0009 0.9999775548775991 4e-06 7e-06 0.9999870971838634 6e-06 1e-05 4.511404498418172 0.1 0.1 96 
-2.2107124614715574 0.001 0.0009 0.9999910660584768 5e-06 1e-05 0.9992185149590175 1e-05 2e-05 4.498668807347616 0.1 0.1 97 
-2.2249857012430825 0.002 0.001 0.999994882941246 4e-06 6e-06 0.9999932529528935 4e-06 6e-06 4.511115833918254 0.1 0.1 99 
