-2.2245528221130373 0.004 0.001 0.9999822167413576 9e-06 3e-05 0.9999820357986859 2e-05 8e-05 4.511785880156926 0.1 0.1 54 
-2.2259651252201627 5e-06 3e-05 0.999987682061536 1e-06 1e-06 0.9999980630619185 3e-07 3e-07 4.512543945653098 0.08 0.08 1 
-2.222824716567993 0.004 0.002 0.9999764806457928 1e-05 3e-05 0.9999624284250396 3e-05 7e-05 4.511273109912873 0.1 0.1 41 
-2.2258833987372264 0.0002 0.0001 0.999984211581094 2e-06 3e-06 0.9999973439744541 5e-07 8e-07 4.5129907284464155 0.09 0.09 5 
-2.2241530793053763 0.002 0.001 0.9999856118644986 1e-05 2e-05 0.9999422205345971 5e-05 0.0001 4.511218266827719 0.1 0.1 2 
-2.2227545431682043 0.003 0.002 0.999981384405068 1e-05 2e-05 0.9999628339494978 3e-05 0.0002 4.5105196833610535 0.1 0.1 39 
-2.225516312462943 0.0001 0.0001 0.9999840240393366 3e-06 4e-06 0.9999964894992964 6e-07 7e-07 4.512684226036072 0.1 0.1 42 
-2.2251918384007046 0.001 0.0007 0.9999875926545688 8e-06 1e-05 0.9999887732522829 1e-05 2e-05 4.512406195913043 0.1 0.1 36 
-2.2259992497307914 0.005 0.0003 0.9999901728970664 3e-06 7e-06 0.9999977895191737 1e-06 5e-06 4.5126292790685385 0.08 0.08 51 
-2.2261128766196117 0.0009 0.0003 0.9999854913779668 7e-06 1e-05 0.999996840102332 2e-06 3e-06 4.512568151950836 0.09 0.09 4 
-2.2236510685511996 0.003 0.002 0.9999733092529434 1e-05 3e-05 0.9999703307236943 3e-05 0.0001 4.511285499164036 0.1 0.1 3 
-2.223156898362296 0.003 0.002 0.9999721712299756 1e-05 2e-05 0.9999678036996297 3e-05 0.0002 4.511427324158805 0.1 0.1 53 
-2.2248371532985143 0.002 0.0006 0.9999883187668664 5e-06 9e-06 0.9999877767903464 1e-05 2e-05 4.511932005201067 0.09 0.1 35 
-2.2250440563474383 0.002 0.0007 0.9999857444848333 7e-06 1e-05 0.999989065527916 1e-05 2e-05 4.512234575407845 0.1 0.1 46 
-2.2233802318572997 0.004 0.002 0.9999658610139575 3e-05 9e-05 0.9999669592295374 3e-05 9e-05 4.5115018759455 0.2 0.2 37 
-2.2261680500847953 0.0003 0.0001 0.9999875632779939 3e-06 4e-06 0.9999971789973122 2e-06 1e-06 4.512678689616067 0.07 0.07 33 
-2.223041411808559 0.005 0.002 0.9999454525964601 3e-05 0.0001 0.9999477503555162 4e-05 0.0002 4.5117034333092825 0.2 0.2 47 
-2.223738087926592 0.004 0.002 0.9999787847910608 9e-06 2e-05 0.9999711568866457 3e-05 7e-05 4.5119412285940985 0.1 0.1 31 
-2.225240009171622 0.002 0.0008 0.9999866023659706 9e-06 2e-05 0.9999899108495031 9e-06 2e-05 4.51242743730545 0.1 0.1 38 
-2.2257244552884785 0.0001 0.0001 0.9999880011592592 3e-06 3e-06 0.999996708546366 1e-06 1e-06 4.512609819003514 0.1 0.1 48 
-2.223752542904445 0.003 0.002 0.9999844727771623 9e-06 2e-05 0.999973041670663 2e-05 9e-05 4.511228149277823 0.1 0.1 6 
