-2.2180726528167725 0.008 0.004 0.9998953927840505 3e-05 3e-05 0.9997918752687318 0.0001 0.0005 4.5124715345246456 0.2 0.3 90 
-2.2215698923383442 0.008 0.003 0.999929201390062 3e-05 6e-05 0.999922422851835 6e-05 0.0002 4.512984842913491 0.2 0.2 1 
-2.2182903698512484 0.008 0.005 0.9998739280870983 6e-05 0.0001 0.9994649503912244 0.0003 0.001 4.5144168359892705 0.4 0.4 76 
-2.2213223797934396 0.0006 0.0005 0.9999754211732319 5e-06 5e-06 0.9999356399689402 2e-05 2e-05 4.510252571105957 0.08 0.08 99 
-2.2198624781199863 0.01 0.005 0.9999275273510388 3e-05 9e-05 0.9998488126056535 0.0001 0.0004 4.510800174304417 0.4 0.4 34 
-2.218786917413984 0.01 0.004 0.99989002261843 4e-05 0.0001 0.9998529344797135 8e-05 0.0002 4.511677937848227 0.3 0.3 55 
-2.217215520995004 0.003 0.002 0.9999249388064657 2e-05 3e-05 0.9998223713466099 5e-05 0.0001 4.509082027844021 0.3 0.3 89 
-2.2231928314481464 0.005 0.002 0.9999409552131381 2e-05 6e-05 0.999945992231369 4e-05 0.0001 4.513169819968088 0.2 0.2 101 
-2.217157847540719 0.02 0.006 0.9998759593282427 6e-05 0.0001 0.9997501271111625 0.0001 0.0004 4.512098600183214 0.4 0.4 71 
-1.7362305777413505 0.02 0.006 0.9936165141207831 0.0009 0.001 0.9319861152342388 0.0008 0.001 4.554211623328072 0.6 0.5 80 
-2.2228357655661446 0.009 0.003 0.9999431725059237 3e-05 0.0001 0.9999270624348096 6e-05 0.0003 4.512407367570059 0.2 0.3 32 
-2.2204463618142265 0.005 0.002 0.9999138872538295 3e-05 3e-05 0.9998607060738972 9e-05 0.0003 4.513186061382294 0.3 0.3 74 
-2.217791063444955 0.0006 0.0005 0.9998883573072297 2e-05 2e-05 0.9997896588274411 2e-05 3e-05 4.513877030781337 0.2 0.2 100 
-2.2185831887381418 0.01 0.005 0.999912577867508 4e-05 0.0001 0.9998676857778004 7e-05 0.0002 4.510190679345812 0.2 0.2 86 
-2.213056925364903 0.01 0.006 0.9998038351535797 9e-05 0.0002 0.9996060814176287 5e-05 0.0002 4.514848870890481 0.3 0.3 88 
-2.2066680329186577 0.05 0.01 0.9997116184660366 0.0001 0.0005 0.9990866145917348 0.0001 0.0008 4.511329633849008 0.5 0.5 52 
-2.216178798675537 0.02 0.007 0.9998998684542519 4e-05 0.0001 0.9997831133859498 0.0002 0.0004 4.509773857252938 0.4 0.4 60 
-2.2227414199284143 0.005 0.003 0.999958875136716 2e-05 7e-05 0.9999281385115215 5e-05 0.0001 4.511009814058031 0.2 0.2 53 
-2.2237993580954414 0.004 0.002 0.9999566259128707 2e-05 7e-05 0.9999148979783058 6e-05 0.0001 4.51327543939863 0.2 0.2 40 
-2.2204541172300067 0.006 0.004 0.9998899564146996 5e-05 0.0001 0.9999283611774444 4e-05 0.0001 4.514717437539782 0.3 0.3 94 
-2.2220459733690534 0.009 0.003 0.9999557627098901 2e-05 0.0001 0.9998974038021905 9e-05 0.0004 4.511162907736642 0.3 0.3 6 
-2.2174450261252265 0.02 0.007 0.9998673483729362 7e-05 0.0002 0.9996505415865353 0.0001 0.0004 4.511977425643376 0.4 0.4 91 
-2.2234381846019198 0.002 0.001 0.9999703386000225 8e-06 2e-05 0.9999408960342407 3e-05 7e-05 4.51238853250231 0.1 0.1 10 
-2.212140107154846 0.01 0.007 0.9998194147433553 7e-05 0.0002 0.9997073871748788 0.0002 0.0004 4.509365485395704 0.4 0.4 45 
-2.2176169259207588 0.02 0.006 0.9999523541757038 3e-05 6e-05 0.9998199162738663 0.0001 0.0004 4.507788334574018 0.4 0.4 48 
-2.2179390975407194 0.0008 0.0007 0.9998677683728082 3e-05 3e-05 0.9997332434569086 1e-05 2e-05 4.517122501986368 0.2 0.2 65 
-2.219503569602966 0.02 0.005 0.9999044256550925 5e-05 0.0001 0.9998249264700072 9e-05 0.0004 4.5120439461299355 0.3 0.3 3 
-2.22000002520425 0.02 0.005 0.9999376901558468 3e-05 0.0002 0.999913828926427 7e-05 0.0003 4.510820826462337 0.2 0.3 62 
-2.217913450513567 0.02 0.006 0.9998823849218232 5e-05 0.0002 0.999393361381122 0.0002 0.0005 4.5173985515322 0.3 0.3 69 
-2.2234836305890764 0.006 0.003 0.9999673998781613 1e-05 7e-05 0.9999194647584643 5e-05 0.0002 4.513577059337071 0.3 0.2 77 
-2.2222443069730486 0.006 0.003 0.9999578184315137 1e-05 3e-05 0.9999096393585205 7e-05 0.0002 4.512101561682565 0.3 0.3 54 
-2.2199977329799108 0.01 0.004 0.9998791077307292 6e-05 0.0001 0.9998798857842173 6e-05 8e-05 4.513282246249062 0.3 0.3 85 
-2.2127430779593333 0.02 0.008 0.9998745213661875 2e-05 8e-05 0.9994414450866835 0.0003 0.0006 4.5136225513049535 0.4 0.3 56 
-2.2179788657597133 0.004 0.003 0.9997585217867578 6e-05 8e-05 0.999808960727283 4e-05 8e-05 4.519185168402536 0.3 0.3 47 
-2.210660457611084 0.02 0.007 0.9998112682785306 7e-05 0.0001 0.9996434956789017 0.0001 0.0002 4.509352162906102 0.4 0.4 63 
-2.2179958752223423 0.01 0.005 0.999917125914778 4e-05 0.0001 0.999869125017098 6e-05 0.0001 4.510873634474618 0.2 0.2 87 
-2.219614659036909 0.02 0.004 0.9999070403831346 6e-05 0.0003 0.999818365062986 0.0001 0.0006 4.5109083797250475 0.5 0.6 7 
-2.221170701299395 0.005 0.003 0.9999164264116969 4e-05 8e-05 0.9998297250696591 0.0001 0.0003 4.513801504884447 0.2 0.2 9 
-2.212839242390224 0.02 0.009 0.9998132820640292 9e-05 0.0002 0.9994535688843046 0.0003 0.001 4.512845049585615 0.5 0.4 73 
-2.217409655026027 0.003 0.002 0.9999393073575837 2e-05 3e-05 0.9997769270624434 5e-05 0.0001 4.508853254999433 0.3 0.3 81 
-2.217371732848031 0.02 0.006 0.9999119024191584 4e-05 0.0001 0.99981586762837 0.0002 0.0006 4.510276120049613 0.4 0.4 78 
-2.2200052193232946 0.001 0.0009 0.999924978188106 2e-05 2e-05 0.9998831478612763 2e-05 4e-05 4.512360043185097 0.2 0.2 44 
-2.2173642124448505 0.006 0.004 0.9998725450464657 5e-05 0.0001 0.9998649405581611 6e-05 0.0001 4.510739300932203 0.3 0.3 67 
-2.221200704574585 0.004 0.002 0.9999630872692381 8e-06 3e-05 0.9998693553464754 6e-05 0.0001 4.509805221217019 0.1 0.1 2 
-2.210696598461696 0.02 0.009 0.9998910986951419 5e-05 8e-05 0.9997071670634406 0.0003 0.002 4.508438776220594 0.3 0.3 57 
-2.217236290659223 0.01 0.004 0.9999244589890752 2e-05 8e-05 0.9997463170971189 0.0001 0.0002 4.508643933704922 0.1 0.2 61 
-2.2144133159092494 0.003 0.002 0.9998713082500866 3e-05 3e-05 0.9997876801661083 9e-05 0.0002 4.510862684249878 0.3 0.3 70 
-2.2211096252713887 0.006 0.002 0.9999368028981345 2e-05 5e-05 0.9998810527580125 6e-05 0.0002 4.512441972323827 0.2 0.2 5 
-2.2100006444113593 0.01 0.007 0.9998372818742479 6e-05 0.0001 0.9997458438788142 0.0002 0.0007 4.50863231590816 0.4 0.4 59 
-2.2215300730296543 0.01 0.003 0.999935858803136 3e-05 0.0001 0.9999003806284495 6e-05 0.0002 4.512069058418274 0.3 0.3 82 
-2.2094874552318027 0.02 0.006 0.9998480219926152 6e-05 0.0002 0.9998548633285931 0.0001 0.0004 4.507840691293989 0.5 0.4 37 
-2.2194802556719098 0.02 0.005 0.999848234653473 8e-05 0.0003 0.9998989313840866 7e-05 0.0003 4.514083611965179 0.4 0.5 4 
-2.2221302373068674 0.003 0.002 0.9999259161097663 3e-05 2e-05 0.9998760968446732 9e-05 0.0001 4.514068159035274 0.2 0.2 8 
-2.2117974076952254 0.0009 0.0007 0.9995710034455572 9e-05 9e-05 0.9992479230676379 5e-05 5e-05 4.52976177249636 0.3 0.3 96 
-2.2211765800203596 0.01 0.004 0.9999612384608814 2e-05 0.0001 0.9998886674642563 0.0001 0.0004 4.508887795039586 0.3 0.3 66 
-2.222239487511771 0.01 0.003 0.9999472820333072 2e-05 0.0001 0.9998317320431982 7e-05 0.0003 4.512853590079716 0.2 0.2 35 
-2.219686358315604 0.01 0.004 0.9999057607991355 4e-05 9e-05 0.9998868467552321 8e-05 0.0002 4.511400035449436 0.3 0.3 43 
