-2.2253568681081135 0.001 0.0005 0.9999974250793457 2e-06 4e-06 0.9999891714255015 4e-06 6e-06 4.511535545984904 0.09 0.1 40 
-2.2250882816314697 0.002 0.0005 0.9999722429116567 3e-06 7e-06 0.9999947049220403 2e-06 3e-06 4.511550421714783 0.1 0.1 1 
-2.2250491491953532 0.003 0.001 0.9999717269341151 5e-06 3e-05 0.9999913805723191 6e-06 2e-05 4.511851668357849 0.1 0.2 100 
-2.2249939473470053 0.001 0.0008 0.9999751297632853 3e-06 5e-06 0.9999939362208049 2e-06 4e-06 4.511336159706116 0.1 0.1 72 
-2.2251258023579914 0.001 0.0007 0.9999798069397609 2e-06 3e-06 0.9999946463108063 2e-06 3e-06 4.511444449424744 0.1 0.1 44 
-2.2250333913167317 0.0009 0.0005 0.999976722796758 1e-06 3e-06 0.9999907364447912 3e-06 2e-06 4.511471834182739 0.1 0.1 122 
-2.224941266377767 0.001 0.0007 0.9999783974885941 3e-06 6e-06 0.9999908836682637 6e-06 1e-05 4.5115348180135095 0.2 0.1 34 
-2.224896256128947 3e-06 3e-06 0.9999834211667379 3e-07 2e-07 0.996409995953242 5e-06 5e-06 4.559733273188273 0.01 0.01 51 
-2.224995985031128 0.002 0.0006 0.9999729828039805 3e-06 5e-06 0.9999938754240671 3e-06 4e-06 4.511433841387431 0.1 0.1 120 
-2.2247747548421226 0.005 0.001 0.9999741868178049 5e-06 1e-05 0.9999935926993688 5e-06 2e-05 4.511079699198405 0.2 0.2 57 
-2.225211731592814 0.003 0.0009 0.9999778604507447 3e-06 7e-06 0.9999947851896286 4e-06 6e-06 4.511370952924093 0.1 0.1 31 
-2.225158001581828 0.003 0.001 0.9999798174699147 4e-06 1e-05 0.999995343486468 4e-06 5e-06 4.511261137326558 0.1 0.1 139 
-2.22494029045105 0.004 0.001 0.9999924186865489 4e-06 3e-05 0.999990038673083 9e-06 4e-05 4.510934947331746 0.2 0.2 88 
-2.2246634070078533 0.002 0.0008 0.9999940601984659 3e-06 6e-06 0.9999841596682867 7e-06 1e-05 4.511164116859436 0.1 0.1 55 
-2.2250883547465006 0.004 0.001 0.9999777855475743 3e-06 7e-06 0.9999912559986115 7e-06 3e-05 4.511335660616557 0.2 0.2 23 
-2.2246603043874105 0.006 0.001 0.9999646745125452 5e-06 1e-05 0.9999846084912618 1e-05 6e-05 4.511131372451782 0.2 0.2 137 
-2.2250137265523273 0.002 0.0008 0.9999776216348012 3e-06 5e-06 0.9999903299411138 5e-06 7e-06 4.5115363931655885 0.1 0.1 145 
-2.2245810572306315 0.01 0.002 0.9999752207597097 5e-06 3e-05 0.999989567399025 8e-06 3e-05 4.5110412168502805 0.2 0.2 115 
-2.224864524205526 0.002 0.0009 0.9999788858493169 3e-06 5e-06 0.9999861945708592 7e-06 8e-06 4.5112403949101765 0.1 0.1 112 
-2.2247667121887207 0.003 0.001 0.9999702900648118 4e-06 9e-06 0.9999878185987473 6e-06 9e-06 4.511356585820516 0.2 0.2 9 
