-2.2256894397735594 0.0003 0.0003 0.999993626276652 3e-06 3e-06 0.9999905743201574 6e-06 6e-06 4.511711621284485 0.06 0.06 0 
-2.226009521484375 7e-05 8e-05 0.9999956460793813 2e-06 2e-06 0.9999853646755219 1e-05 1e-05 4.511896982192993 0.05 0.05 1 
-2.225790580113729 0.0002 0.0002 0.9999960192044576 3e-06 3e-06 0.9999911659955978 6e-06 6e-06 4.511668203671773 0.05 0.05 2 
-2.2256800969441732 0.0003 0.0003 0.9999926898876826 3e-06 3e-06 0.9999898966153463 6e-06 7e-06 4.5117276032765705 0.06 0.06 3 
-2.2260402234395347 9e-05 8e-05 0.9999969724814097 2e-06 2e-06 0.9999913746118545 7e-06 8e-06 4.512015803654989 0.05 0.05 4 
-2.225892381668091 0.0001 0.0001 0.9999962987502417 2e-06 2e-06 0.9999897837638855 8e-06 8e-06 4.51165662765503 0.06 0.06 5 
-2.2258087253570555 0.0001 7e-05 0.9999952433506648 3e-06 3e-06 0.9999822044372558 1e-05 1e-05 4.511853747367859 0.06 0.06 6 
-2.225787731806437 0.0002 0.0002 0.9999960297346115 3e-06 3e-06 0.9999920012553533 5e-06 5e-06 4.5116670767466225 0.05 0.05 7 
-2.2257516129811603 0.0003 0.0002 0.9999949759244919 3e-06 3e-06 0.9999914638201396 5e-06 5e-06 4.511847127278646 0.05 0.05 8 
-2.2256112925211586 0.0003 0.0003 0.9999928651253382 3e-06 4e-06 0.9999878575404485 7e-06 8e-06 4.511476915677388 0.07 0.06 9 
-2.2257923475901285 0.0003 0.0002 0.9999957728385925 3e-06 3e-06 0.9999919782082239 5e-06 6e-06 4.511661465962728 0.05 0.05 10 
-2.2259050305684407 0.0003 0.0003 0.9999967255194981 1e-06 1e-06 0.9999921109278996 6e-06 9e-06 4.51185863494873 0.06 0.06 11 
-2.1605807813008626 0.001 0.002 0.9996636656920115 6e-05 4e-05 0.9994410091638565 4e-05 5e-05 4.4850539875030515 0.06 0.06 12 
-2.225576721827189 0.0003 0.0002 0.999992569287618 3e-06 3e-06 0.9999875289201736 6e-06 7e-06 4.511466368039449 0.06 0.06 13 
-2.2258458360036215 0.0002 0.0002 0.9999963321288426 3e-06 3e-06 0.9999914596478144 6e-06 6e-06 4.511949550310771 0.05 0.05 14 
-2.2258431498209634 0.0002 0.0001 0.9999967352549235 2e-06 3e-06 0.999990527232488 6e-06 7e-06 4.511633466084798 0.05 0.05 15 
-2.225809685389201 0.0001 0.0001 0.9999954092502594 2e-06 2e-06 0.9999813232819239 1e-05 1e-05 4.511976296106974 0.06 0.06 16 
-2.2257791646321614 0.0002 0.0002 0.9999957517782847 3e-06 3e-06 0.9999908683697383 6e-06 6e-06 4.511720266342163 0.06 0.06 17 
-2.225937957763672 0.0001 0.0001 0.99999724984169 2e-06 2e-06 0.9999841221173604 1e-05 1e-05 4.51188972791036 0.06 0.06 18 
-2.2259789943695067 0.0002 0.0002 0.9999972200393676 8e-07 8e-07 0.999993064602216 5e-06 7e-06 4.512094910939535 0.05 0.05 19 
-2.2257908248901366 0.0001 0.0001 0.9999965826670328 2e-06 2e-06 0.9999898628393808 5e-06 5e-06 4.51183660030365 0.05 0.05 20 
-2.225820744832357 0.0002 0.0002 0.9999959214528402 3e-06 3e-06 0.9999915144840876 5e-06 6e-06 4.511670476595561 0.05 0.05 21 
-2.2259045886993407 0.0002 0.0001 0.999997100631396 2e-06 2e-06 0.9999916005134583 6e-06 6e-06 4.511726962725321 0.04 0.04 22 
-2.2258426666259767 0.0002 0.0002 0.9999965902169545 3e-06 3e-06 0.9999911556641261 6e-06 6e-06 4.511930546760559 0.05 0.05 23 
-2.225936727523804 0.0001 0.0001 0.9999964612722397 2e-06 2e-06 0.9999844839175542 1e-05 1e-05 4.5119549735387166 0.06 0.06 24 
-2.2258303578694663 0.0002 0.0002 0.9999959899981816 3e-06 3e-06 0.9999914481242498 6e-06 6e-06 4.511788970629374 0.05 0.05 25 
-2.2258732573191327 0.0002 0.0002 0.999996833006541 3e-06 3e-06 0.9999908806880315 6e-06 6e-06 4.511720943450928 0.05 0.04 26 
-1.6382804425557453 0.08 0.1 0.9917519191900889 0.006 0.008 0.9398835160334905 0.03 0.1 4.226933917204539 3.0 2.0 27 
-2.2257967313130695 0.0002 0.0002 0.9999961187442143 3e-06 3e-06 0.999991769194603 5e-06 6e-06 4.511665515899658 0.05 0.05 28 
-2.2258985010782877 0.0001 0.0001 0.9999964525302251 2e-06 2e-06 0.9999826697508494 1e-05 1e-05 4.511877907117208 0.06 0.06 29 
-2.2259251181284587 0.0001 0.0001 0.9999964412053426 2e-06 2e-06 0.9999841094017029 1e-05 1e-05 4.5119450489679975 0.06 0.06 30 
-2.2257406584421795 0.0002 0.0002 0.9999950645367305 3e-06 3e-06 0.9999898838996887 6e-06 6e-06 4.511795349121094 0.06 0.06 31 
-2.2258154582977294 0.0002 0.0002 0.9999951865275701 3e-06 3e-06 0.9999914010365804 5e-06 6e-06 4.511802848180135 0.05 0.05 32 
-2.22573205947876 0.0003 0.0003 0.9999954905112585 3e-06 3e-06 0.9999916068712871 5e-06 6e-06 4.51180823802948 0.05 0.05 33 
-2.2259132862091064 8e-05 5e-05 0.999996488293012 2e-06 2e-06 0.9999845935901006 1e-05 1e-05 4.5117263380686445 0.06 0.06 34 
-1.6080788421630858 0.4 0.1 0.984998682141304 0.01 0.04 0.6395833464463552 0.2 0.4 6.595907220840454 10.0 4.0 35 
-2.2257285722096762 0.0002 0.0002 0.9999959258238474 3e-06 3e-06 0.9999903237819672 7e-06 7e-06 4.5118167718251545 0.06 0.06 36 
-2.225738900502523 0.0002 0.0002 0.9999937836329142 3e-06 3e-06 0.9999890480438868 6e-06 7e-06 4.511877365112305 0.06 0.05 37 
-2.225816329320272 0.0002 0.0002 0.9999963782231013 3e-06 3e-06 0.9999914654095967 6e-06 6e-06 4.511846534411112 0.05 0.05 38 
-2.226019843419393 0.0002 0.0002 0.9999962198734283 3e-06 3e-06 0.9999930276473363 5e-06 6e-06 4.5119839350382485 0.05 0.05 39 
-2.225952924092611 3e-05 4e-05 0.9999963613351186 2e-06 2e-06 0.9999833011627197 1e-05 1e-05 4.511690882047017 0.06 0.06 40 
-2.225953919092814 0.0001 0.0001 0.9999977858861288 7e-07 1e-06 0.999995593627294 2e-06 3e-06 4.5119090684254965 0.05 0.05 41 
-2.2259713331858317 8e-05 8e-05 0.9999965113401413 2e-06 2e-06 0.9999837938944499 1e-05 1e-05 4.511869926452636 0.06 0.06 42 
-2.2259608364105223 0.0001 0.0002 0.9999975262085596 1e-06 2e-06 0.9999858464797338 1e-05 1e-05 4.512022229830424 0.06 0.06 43 
-2.225895751317342 0.0002 0.0002 0.9999974765380224 1e-06 1e-06 0.9999760415156682 1e-05 1e-05 4.511643096605937 0.06 0.06 44 
-2.226110264460246 6e-05 9e-05 0.9999964396158855 8e-07 1e-06 0.9999907533327739 5e-06 6e-06 4.512051699956258 0.05 0.05 45 
-2.098483346303304 0.2 0.07 0.9994598790009817 0.0003 0.0006 0.9962189801534017 0.001 0.008 4.468167198499044 2.0 2.0 46 
-2.226079511642456 0.0002 0.0002 0.9999969947338104 2e-06 3e-06 0.9999936628341675 5e-06 5e-06 4.511846248308817 0.04 0.04 47 
-2.2256271584828693 0.0003 0.0002 0.9999891845385234 4e-06 4e-06 0.9999890804290772 6e-06 6e-06 4.511325057347616 0.05 0.05 48 
-2.2257101917266846 0.0002 0.0002 0.9999956997235616 3e-06 3e-06 0.9999887895584106 8e-06 8e-06 4.511607807477315 0.06 0.06 49 
-2.2260332012176516 0.0002 0.0002 0.9999969565868377 2e-06 2e-06 0.9999927902221679 6e-06 6e-06 4.511819966634115 0.04 0.04 50 
-1.8018102423350015 0.04 0.02 0.9958381026983261 0.002 0.002 0.9428458937009175 0.02 0.03 4.440047790209452 2.0 1.0 51 
-2.22587290763855 0.0002 0.0002 0.9999964570999146 2e-06 3e-06 0.9999910257260005 6e-06 6e-06 4.511670430501302 0.05 0.05 52 
-2.2257382329305013 0.0003 0.0003 0.999995605746905 3e-06 4e-06 0.99999171992143 5e-06 6e-06 4.5118311389287316 0.05 0.05 53 
-2.2261331049601236 0.0004 0.0003 0.9999979627132416 8e-07 1e-06 0.9999845023949941 7e-06 1e-05 4.512068271636963 0.06 0.06 54 
-1.9903070863087973 0.01 0.01 0.9983094771703084 0.0006 0.0006 0.9947775260607401 0.001 0.001 4.417486585776011 0.8 0.8 55 
-2.225834124883016 0.0002 0.0002 0.9999957662820816 3e-06 3e-06 0.9999912621577581 6e-06 6e-06 4.511845331192017 0.05 0.05 56 
-2.225930633544922 9e-05 8e-05 0.9999945757786433 3e-06 3e-06 0.9999859915177027 1e-05 1e-05 4.511603865623474 0.06 0.06 57 
-2.2258610280354816 0.0001 0.0001 0.9999972903728485 2e-06 2e-06 0.9999903722604115 7e-06 7e-06 4.511722977956136 0.06 0.06 58 
-1.6413997141520182 0.4 0.1 0.991791594227155 0.006 0.02 0.7844023050864538 0.2 0.3 5.19844514131546 7.0 3.0 59 
-2.225819025039673 0.0002 0.0002 0.9999959429105123 3e-06 3e-06 0.9999906547864278 6e-06 7e-06 4.5117187484105425 0.05 0.05 60 
-2.225940923690796 7e-05 6e-05 0.9999965826670328 2e-06 2e-06 0.9999827196200689 1e-05 1e-05 4.51179838180542 0.05 0.05 61 
-2.2258418782552085 0.0002 0.0002 0.9999962977568309 3e-06 3e-06 0.9999909832080205 6e-06 6e-06 4.511650748252869 0.05 0.05 62 
-2.2258100922902426 0.0003 0.0002 0.9999965373675028 2e-06 3e-06 0.9999932026863099 4e-06 4e-06 4.5117435550689695 0.04 0.04 63 
-2.225889221827189 9e-05 8e-05 0.9999959776798885 2e-06 2e-06 0.9999818889300028 1e-05 1e-05 4.511838760375976 0.06 0.06 64 
-2.2260372416178384 0.0002 0.0002 0.9999968510866165 2e-06 3e-06 0.9999918641646703 6e-06 7e-06 4.511854499181112 0.05 0.05 65 
-2.1422826512654622 0.001 0.001 0.9997852770487468 6e-05 6e-05 0.996085523168246 4e-05 4e-05 4.485244750181834 0.9 0.9 66 
-2.22558251063029 0.0003 0.0003 0.9999919946988424 4e-06 4e-06 0.9999884424606958 6e-06 6e-06 4.511669158935547 0.06 0.06 67 
-2.225965690612793 0.0002 0.0002 0.9999956524372101 2e-06 2e-06 0.999992106159528 2e-06 3e-06 4.5119501495361325 0.04 0.04 68 
-2.1247347736358644 0.0009 0.0009 0.9996947089831034 7e-05 7e-05 0.9941450742880503 0.0001 0.0001 4.484583280086517 0.9 0.9 69 
-2.225871458053589 0.0002 0.0002 0.9999962862332662 3e-06 3e-06 0.9999910261233648 6e-06 6e-06 4.51178514957428 0.05 0.05 70 
-2.1432374572753905 0.001 0.001 0.9997276230653127 3e-05 3e-05 0.9938602711757024 0.0005 0.0005 4.487574377059937 0.7 0.7 71 
-2.2258403237660724 0.0002 0.0002 0.9999965488910675 3e-06 3e-06 0.9999926449855169 5e-06 5e-06 4.511826793352763 0.04 0.04 72 
-2.2258550612131756 0.0002 0.0002 0.999996453722318 3e-06 3e-06 0.9999915838241578 5e-06 6e-06 4.511751058896382 0.05 0.05 73 
-2.225692955652873 0.0003 0.0002 0.9999955441554388 3e-06 3e-06 0.9999892310301463 7e-06 8e-06 4.511677045822143 0.06 0.06 74 
-2.225902624130249 2e-05 2e-05 0.9999952296415965 2e-06 2e-06 0.9999849553902944 1e-05 1e-05 4.511656182607015 0.06 0.06 75 
-2.2259078788757325 0.0002 0.0001 0.9999966977039972 2e-06 3e-06 0.9999885672330856 7e-06 8e-06 4.511674410502116 0.05 0.05 76 
-2.2256226603190106 0.0002 0.0001 0.9999946375687917 3e-06 3e-06 0.9999859978755316 9e-06 1e-05 4.511940196355184 0.07 0.07 77 
-2.2257595539093016 0.0002 0.0002 0.9999936286608379 3e-06 3e-06 0.9999901096026103 6e-06 6e-06 4.511809520721435 0.05 0.05 78 
-2.2255965646107994 0.0003 0.0002 0.99999320824941 3e-06 3e-06 0.9999867371718089 7e-06 8e-06 4.511664787928264 0.06 0.06 79 
-2.2259439849853515 0.0001 9e-05 0.999997233748436 2e-06 2e-06 0.9999892296393712 8e-06 8e-06 4.5119234450658166 0.05 0.05 80 
-2.225793851216634 0.0001 0.0001 0.99999562839667 2e-06 2e-06 0.999987594683965 7e-06 8e-06 4.511651264826456 0.06 0.05 81 
-2.2259026686350505 0.0002 0.0002 0.9999975526332855 1e-06 1e-06 0.9999781594673792 1e-05 1e-05 4.511922920544942 0.06 0.06 82 
-2.2259066327412924 8e-05 6e-05 0.9999964900811513 2e-06 2e-06 0.9999836534261703 1e-05 1e-05 4.5117806577682495 0.06 0.06 83 
-2.225903425216675 9e-05 9e-05 0.9999956329663594 2e-06 3e-06 0.9999818817774455 1e-05 1e-05 4.51157870610555 0.05 0.05 84 
-2.225924762090047 5e-05 5e-05 0.9999962617953618 2e-06 2e-06 0.9999830802281697 1e-05 1e-05 4.511793529192607 0.06 0.06 85 
-2.2259277280171714 7e-05 7e-05 0.999996215303739 3e-06 3e-06 0.9999835453430812 1e-05 1e-05 4.511810048421224 0.06 0.06 86 
-2.2260270945231118 0.0001 8e-05 0.9999972871939341 2e-06 3e-06 0.9999865804115932 1e-05 1e-05 4.511916433970134 0.05 0.05 87 
-2.225839360555013 0.0002 0.0002 0.9999963700771332 3e-06 3e-06 0.9999902234474818 7e-06 7e-06 4.511686256726583 0.05 0.05 88 
-2.2258395449320476 0.0002 0.0002 0.9999966512123744 3e-06 3e-06 0.9999921474854151 5e-06 5e-06 4.51190672715505 0.04 0.04 89 
-2.2259595934549967 0.0001 0.0001 0.9999978870153428 1e-06 1e-06 0.9999789182345072 1e-05 1e-05 4.511691230138143 0.05 0.05 90 
-2.225976333618164 6e-05 6e-05 0.9999978502591451 1e-06 1e-06 0.9999859011173249 1e-05 1e-05 4.511958278020223 0.06 0.06 91 
-2.2259347534179685 8e-05 8e-05 0.9999971628189087 2e-06 2e-06 0.9999845550457637 1e-05 1e-05 4.511787091890971 0.06 0.06 92 
-2.2255984624226888 0.0004 0.0003 0.9999946928024293 3e-06 4e-06 0.9999883836507797 4e-06 4e-06 4.511692934036255 0.06 0.06 93 
-2.225837224324544 0.0002 0.0001 0.9999956911802292 3e-06 3e-06 0.9999890939394633 7e-06 7e-06 4.511959498723348 0.06 0.06 94 
-2.225773369471232 0.0002 0.0002 0.9999958517154058 3e-06 3e-06 0.9999902840455374 6e-06 7e-06 4.511655855178833 0.06 0.05 95 
-2.2256735960642495 0.0003 0.0003 0.999993059039116 4e-06 4e-06 0.9999901314576467 5e-06 6e-06 4.511637848218282 0.06 0.06 96 
-2.2260002835591632 9e-05 8e-05 0.999997611840566 2e-06 2e-06 0.9999854618310928 1e-05 1e-05 4.512012758255005 0.06 0.06 97 
-2.2258618227640787 0.0001 6e-05 0.9999962709347407 3e-06 3e-06 0.9999854310353598 9e-06 1e-05 4.511871876716614 0.06 0.06 98 
-2.225880626042684 0.0002 0.0002 0.9999978146950403 1e-06 1e-06 0.9999761233727137 1e-05 2e-05 4.511892204284668 0.06 0.06 99 
-2.2262090047200522 0.001 0.0003 0.9999968824783961 2e-06 1e-05 0.9999944293498992 5e-06 3e-05 4.511819864908854 0.09 0.1 100 
-2.225772269566854 0.0003 0.0002 0.9999951090415319 3e-06 3e-06 0.9999910746018091 5e-06 6e-06 4.511864088376363 0.05 0.05 101 
-2.2258364899953205 0.0002 0.0002 0.9999961998065313 3e-06 3e-06 0.999991521636645 5e-06 6e-06 4.511867478688558 0.05 0.05 102 
-2.2258880074818927 9e-05 6e-05 0.99999471783638 2e-06 3e-06 0.99998470723629 1e-05 1e-05 4.511732784907023 0.06 0.06 103 
-2.225957975387573 8e-05 9e-05 0.9999971985816956 2e-06 2e-06 0.9999843631188075 1e-05 1e-05 4.5119631497065225 0.06 0.06 104 
-2.225847832361857 0.0001 6e-05 0.9999956627686818 2e-06 3e-06 0.9999827384948731 1e-05 1e-05 4.511895627975464 0.06 0.06 105 
-2.2256989002227785 0.0003 0.0002 0.999994298418363 3e-06 3e-06 0.9999900734424592 6e-06 6e-06 4.511799230575561 0.05 0.05 106 
-2.225975605646769 0.0001 0.0001 0.9999970148007075 2e-06 2e-06 0.9999870212872823 1e-05 1e-05 4.511835254033406 0.06 0.06 107 
-1.657719399134318 0.8 0.1 0.9907445897658665 0.007 0.03 0.770051033894221 0.2 0.5 5.31840934197108 5.0 3.0 108 
-2.2258907731374107 0.0001 0.0002 0.9999973299105962 1e-06 2e-06 0.999979614019394 1e-05 1e-05 4.511992975870768 0.06 0.06 109 
-2.2258214569091797 7e-05 9e-05 0.9999964640537897 2e-06 2e-06 0.9999815014998118 1e-05 1e-05 4.511904379526774 0.06 0.06 110 
-2.0642537371317546 0.05 0.03 0.9990588728586832 0.0005 0.001 0.995463107029597 0.0003 0.0002 4.424614431858063 0.6 0.6 111 
-2.2256741587320965 0.001 0.0005 0.9999953929583232 3e-06 8e-06 0.9999866408109664 7e-06 2e-05 4.511972934405009 0.08 0.08 112 
-2.2258281008402507 0.0002 0.0002 0.9999967022736868 2e-06 3e-06 0.999991574883461 5e-06 6e-06 4.511902435620626 0.04 0.04 113 
-2.2258502292633056 0.0002 0.0001 0.9999966180324554 2e-06 2e-06 0.9999905000130336 6e-06 7e-06 4.511915025711059 0.05 0.05 114 
-2.225694850285848 0.0002 0.0002 0.9999946121374766 3e-06 3e-06 0.9999892568588257 7e-06 7e-06 4.511779441833496 0.06 0.06 115 
-2.2258768526713055 0.0001 8e-05 0.999996924996376 2e-06 2e-06 0.9999879348278046 8e-06 9e-06 4.511843605041504 0.05 0.05 116 
-2.2257055791219074 0.0002 0.0002 0.9999950681130091 3e-06 3e-06 0.9999892256657282 7e-06 7e-06 4.511927162806193 0.06 0.06 117 
-2.225989767710368 0.0002 0.0002 0.9999975415070852 2e-06 2e-06 0.9999897203842799 8e-06 9e-06 4.512004954020182 0.06 0.06 118 
-2.2259365844726564 6e-05 6e-05 0.9999966535965602 2e-06 2e-06 0.9999840452273687 1e-05 1e-05 4.511801853179931 0.06 0.06 119 
-2.225963598887126 4e-05 4e-05 0.9999984284241994 1e-06 1e-06 0.9999901360273361 6e-06 7e-06 4.511865839958191 0.05 0.05 120 
-2.226125853856405 0.0003 0.0002 0.9999967247247696 2e-06 2e-06 0.9999887937307358 5e-06 9e-06 4.51207200050354 0.06 0.06 121 
-2.2260235341389976 0.0002 0.0001 0.9999966617425283 2e-06 2e-06 0.999993426601092 5e-06 5e-06 4.512092378934224 0.05 0.05 122 
-2.2258361752827964 0.0002 0.0002 0.999996401667595 3e-06 3e-06 0.999992180665334 5e-06 5e-06 4.511851606369018 0.04 0.04 123 
-2.225897178649902 0.0002 0.0001 0.9999966146548589 3e-06 3e-06 0.9999905482927958 7e-06 7e-06 4.511945546468099 0.05 0.05 124 
-2.225686279932658 0.0003 0.0003 0.9999933203061422 3e-06 4e-06 0.999990207751592 5e-06 6e-06 4.511601225535075 0.05 0.05 125 
-2.225943168004354 7e-05 7e-05 0.9999956421057383 2e-06 2e-06 0.9999838942289352 1e-05 1e-05 4.511947406133016 0.06 0.06 126 
-2.226177609761556 0.0006 0.0002 0.9999980970223745 1e-06 5e-06 0.9999895578622818 5e-06 9e-06 4.512202728589376 0.06 0.06 127 
-2.2258428446451823 0.0003 0.0002 0.9999961479504903 3e-06 3e-06 0.9999916150172552 5e-06 5e-06 4.511729021072387 0.04 0.04 128 
-2.2257770538330077 0.0002 0.0002 0.9999949540694555 2e-06 2e-06 0.9999922486146291 4e-06 5e-06 4.511936357816061 0.06 0.06 129 
-2.225629809697469 0.0002 0.0002 0.999994138677915 4e-06 4e-06 0.9999876757462819 9e-06 9e-06 4.511893032391866 0.07 0.06 130 
-2.2260570971171063 0.0001 0.0001 0.9999984341859818 7e-07 8e-07 0.9999895437558493 8e-06 9e-06 4.511878242492676 0.05 0.05 131 
-2.2259335072835285 0.0001 0.0001 0.9999974258740743 2e-06 2e-06 0.999984532992045 1e-05 1e-05 4.511671867370605 0.06 0.06 132 
-2.2258591810862223 0.0002 0.0002 0.999996545513471 3e-06 3e-06 0.9999912899732589 6e-06 6e-06 4.511766807238261 0.05 0.05 133 
-2.2258167552947996 0.0002 0.0002 0.999996287226677 3e-06 3e-06 0.9999916104475657 5e-06 6e-06 4.51179088751475 0.05 0.05 134 
-2.2258508268992108 0.0002 0.0001 0.9999959462881088 3e-06 3e-06 0.9999882209300995 7e-06 8e-06 4.511760711669922 0.05 0.05 135 
-2.2258003425598143 0.0002 0.0002 0.9999953476587932 3e-06 3e-06 0.999990339477857 6e-06 7e-06 4.511634074846904 0.05 0.05 136 
-2.225753714243571 0.0003 0.0002 0.9999953256050745 3e-06 4e-06 0.9999926207462947 5e-06 5e-06 4.511897630691529 0.05 0.05 137 
-2.2258686796824136 0.0002 0.0001 0.9999968153238297 2e-06 2e-06 0.99998983780543 7e-06 7e-06 4.511798434257507 0.05 0.05 138 
-2.2256931336720784 0.0003 0.0003 0.9999939924478531 3e-06 3e-06 0.9999904642502467 6e-06 6e-06 4.5116425148646035 0.06 0.06 139 
-2.2257644748687744 0.0001 7e-05 0.9999955294529597 2e-06 2e-06 0.9999817311763763 9e-06 1e-05 4.511590189933777 0.06 0.06 140 
-2.2258782323201496 0.0002 0.0002 0.9999968387683232 3e-06 3e-06 0.9999908137321473 6e-06 6e-06 4.5118671909968056 0.05 0.05 141 
-2.225777161916097 0.0003 0.0002 0.9999958753585816 3e-06 4e-06 0.9999923717975616 5e-06 5e-06 4.51177457968394 0.05 0.05 142 
-1.6493241818745932 0.5 0.1 0.9914491677284241 0.007 0.02 0.7953816862901052 0.1 0.3 5.127837638854981 7.0 3.0 143 
-2.2259076690673827 0.0001 0.0001 0.9999963571627934 3e-06 3e-06 0.9999871853987375 1e-05 1e-05 4.511680873235067 0.06 0.06 144 
-2.2256695365905763 0.0002 0.0002 0.9999944486220678 3e-06 3e-06 0.9999881333112717 6e-06 7e-06 4.51168167591095 0.06 0.06 145 
-2.2258702246348063 0.0002 0.0002 0.9999965969721476 3e-06 3e-06 0.9999905115365982 6e-06 7e-06 4.5118707656860355 0.05 0.05 146 
-2.2257501633961994 0.0003 0.0002 0.9999945471684138 4e-06 4e-06 0.9999851344029108 1e-05 1e-05 4.511791609128316 0.06 0.06 147 
-2.2259266408284506 7e-05 6e-05 0.9999965006113052 2e-06 2e-06 0.9999853481849035 1e-05 1e-05 4.5116746791203814 0.06 0.06 148 
-2.22584810256958 0.0002 0.0002 0.9999968582391738 3e-06 3e-06 0.9999905172983805 7e-06 7e-06 4.511922097206115 0.05 0.05 149 
