-2.220686124165853 0.0007 0.0007 0.9999084057410558 2e-05 2e-05 0.998577367067337 2e-05 2e-05 4.5260151592890425 0.2 0.2 0 
-2.2228061040242513 0.002 0.001 0.9999653069178264 1e-05 2e-05 0.9999742213884989 8e-06 2e-05 4.511216004689534 0.1 0.1 1 
-2.222480672200521 0.001 0.0008 0.999974080324173 9e-06 2e-05 0.9994476536909739 1e-05 1e-05 4.512204044659932 0.1 0.1 2 
-2.222815736134847 0.003 0.001 0.9999696218967438 1e-05 3e-05 0.9999950446685155 3e-06 5e-06 4.509951233863831 0.1 0.1 3 
4.615909347194247e-05 4 
-2.2207276884714764 0.003 0.001 0.9999564329783122 2e-05 2e-05 0.9999088740348816 2e-05 3e-05 4.500732593536377 0.2 0.2 5 
-2.220731569925944 0.0001 0.0001 0.9999562839667002 7e-06 7e-06 0.9998170880476633 2e-05 2e-05 4.500162847836813 0.2 0.2 6 
9.221876894116577e-07 7 
-2.22438650449117 0.001 0.0006 0.9999705340464909 8e-06 1e-05 0.9999384103218715 2e-06 2e-06 4.512685976028442 0.1 0.1 8 
-2.223328046798706 0.0005 0.0004 0.9999774138132731 5e-06 9e-06 0.9999746326605479 9e-06 9e-06 4.509444743792216 0.1 0.1 9 
9.206866707245353e-07 10 
-2.219572219848633 0.0005 0.0005 0.9999175798892975 1e-05 1e-05 0.9998710463444392 2e-05 2e-05 4.501869599024455 0.2 0.2 11 
-2.222011213302612 0.005 0.002 0.9999719876050949 1e-05 4e-05 0.9985720495382945 2e-05 3e-05 4.521992486317952 0.1 0.1 12 
-2.22115873336792 0.0003 0.0004 0.9999538401762644 1e-05 1e-05 0.9999503862857818 7e-06 7e-06 4.505955656369527 0.2 0.2 13 
9.20513048185967e-07 14 
-2.222994867960612 0.001 0.0009 0.9999612208207448 9e-06 2e-05 0.9999653820196788 2e-05 3e-05 4.51118974049886 0.2 0.2 15 
-2.2087693150838215 0.0008 0.0007 0.9999735156695048 6e-06 9e-06 0.9991801285743713 2e-05 3e-05 4.494857563972473 0.1 0.1 16 
-2.2153866068522134 0.0005 0.0003 0.9999576469262441 7e-06 9e-06 0.9998974621295929 3e-05 3e-05 4.501300973892212 0.2 0.2 17 
9.204663001582958e-07 18 
9.204281127495051e-07 19 
-2.2218843237559 0.0007 0.0005 0.9999558943510055 8e-06 1e-05 0.9999568140506745 9e-06 2e-05 4.50942740281423 0.1 0.2 20 
0.01885506957769394 21 
9.20524917091825e-07 22 
-2.2236363665262857 0.0004 0.0002 0.9999702296654384 4e-06 5e-06 0.9999711771806081 6e-06 1e-05 4.511440087954203 0.1 0.1 23 
9.202380852002534e-07 24 
-2.207160536448161 0.002 0.001 0.9999459093809128 1e-05 2e-05 0.9991928150256475 3e-06 4e-06 4.492889587084452 0.2 0.2 25 
9.20620027500263e-07 26 
-2.2138255659739174 0.0007 0.0007 0.9999243927001953 8e-06 1e-05 0.9993460921446482 0.0002 0.0002 4.457338040669759 0.3 0.3 27 
-0.3901439587275187 0.0005 0.0003 0.8196611072619756 0.009 0.009 0.9832288771867752 8e-05 8e-05 2.4200407107671102 0.1 0.1 28 
-2.2201154295603436 0.003 0.001 0.9999409906069437 1e-05 1e-05 0.998542881210645 5e-05 9e-05 4.510945922533671 0.2 0.3 29 
9.20531306292105e-07 30 
-2.2224234453837077 0.002 0.0009 0.9999702781438827 1e-05 2e-05 0.9999928162495295 2e-06 3e-06 4.508608816464742 0.1 0.1 31 
0.01989056318998337 32 
0.013877863064408302 33 
-2.2223639170328777 0.0003 0.0003 0.9999572978417078 8e-06 9e-06 0.9998924571275711 3e-05 4e-05 4.499144810040792 0.2 0.2 34 
-2.2104981772104897 0.002 0.001 0.9999853992462158 6e-06 2e-05 0.9992237083117167 1e-05 2e-05 4.498945156733195 0.1 0.2 35 
-2.221503966649373 0.0002 0.0002 0.9999559557437897 1e-05 8e-06 0.9994445208708446 4e-06 5e-06 4.513899916013082 0.1 0.1 36 
9.204741672874662e-07 37 
-2.219489278793335 0.002 0.002 0.9999732780456543 8e-06 1e-05 0.9997538201014201 8e-05 9e-05 4.4896453332901 0.2 0.2 38 
-2.2210484759012856 0.0003 0.0002 0.9999656569957733 4e-06 4e-06 0.999868383606275 4e-05 5e-05 4.4953025611241655 0.2 0.2 39 
-2.218211193084717 0.0004 0.0004 0.9998864056666692 2e-05 2e-05 0.9999079505602518 2e-06 2e-06 4.510121440887451 0.2 0.2 40 
9.205502578879532e-07 41 
9.201537068292964e-07 42 
9.204709954246937e-07 43 
9.204754064739973e-07 44 
-2.221661345163981 0.0006 0.0005 0.9999334321419397 1e-05 2e-05 0.9985744700829188 2e-05 3e-05 4.5245035489400225 0.2 0.2 45 
0.00323993768543005 46 
-2.221386969884237 0.004 0.002 0.9999639550844829 1e-05 4e-05 0.999949855208397 2e-05 2e-05 4.508468718528747 0.1 0.2 47 
9.204885145663865e-07 48 
-2.2236593278249104 0.001 0.0005 0.999986984928449 4e-06 1e-05 0.9999771336714427 2e-06 2e-06 4.510057093302409 0.07 0.07 49 
-2.2235222975413005 0.002 0.0008 0.9999793968598047 7e-06 3e-05 0.9999583788712819 2e-05 8e-05 4.5108522701263425 0.1 0.1 50 
-2.218901646931966 0.002 0.001 0.999979639450709 6e-06 3e-06 0.999617680311203 0.0001 0.0002 4.475940930048624 0.2 0.2 51 
-2.223847255706787 0.0008 0.0004 0.9999827140569687 5e-06 6e-06 0.9999551147222518 4e-06 4e-06 4.508787272771199 0.1 0.1 52 
-2.213886620203654 0.0005 0.0003 0.9999619432290395 2e-06 3e-06 0.9985502747694651 3e-05 3e-05 4.520425295829773 0.1 0.1 53 
-2.2235057799021405 0.0003 0.0003 0.999963052670161 9e-06 9e-06 0.9998041468858719 7e-06 2e-05 4.512588669459025 0.2 0.2 54 
-2.2172324148813884 0.0006 0.0005 0.9999433273077011 8e-06 8e-06 0.9997292810678482 8e-05 8e-05 4.4824911292394 0.2 0.2 55 
-2.2227183469136556 0.003 0.001 0.9999678061405818 1e-05 2e-05 0.9999802327156067 8e-06 1e-05 4.510446030298869 0.2 0.2 56 
9.203899708154495e-07 57 
9.217277238349197e-07 58 
-2.2221787643432616 0.0005 0.0004 0.999955430428187 8e-06 9e-06 0.9999585606654485 9e-06 1e-05 4.505396788914998 0.2 0.2 59 
9.204737807522179e-07 60 
-2.225672903060913 0.0003 0.0002 0.9999885455767313 3e-06 3e-06 0.9999940900007883 3e-06 7e-06 4.511942286491394 0.09 0.09 61 
-2.2228393427530926 0.001 0.0009 0.9999685343106588 1e-05 1e-05 0.9985586287577947 2e-05 3e-05 4.526478781700134 0.1 0.1 62 
-2.2194455273946128 0.002 0.001 0.9999712431430816 6e-06 6e-06 0.9999479275941848 3e-05 4e-05 4.506577455202739 0.2 0.2 63 
-2.221145102183024 0.0006 0.0005 0.9999711567163467 4e-06 5e-06 0.9998395200570425 5e-05 5e-05 4.4954845348993935 0.2 0.2 64 
-0.38745351473490397 0.004 0.001 0.8206877229611079 0.02 0.02 0.9831052289406459 0.0007 0.001 2.4212055269877117 0.3 0.2 65 
-2.21964701016744 0.001 0.0007 0.9999579334259033 1e-05 1e-05 0.9997481644153595 9e-05 8e-05 4.488246544202169 0.2 0.2 66 
9.205237688547641e-07 67 
-2.223050912221273 0.001 0.0005 0.9999756358067194 6e-06 4e-06 0.9999350903431574 1e-05 2e-05 4.505429735183716 0.2 0.2 68 
9.168833685180289e-07 69 
-2.2226778284708657 0.003 0.002 0.9999544040362041 2e-05 4e-05 0.9985561358928681 2e-05 3e-05 4.526729744275411 0.1 0.1 70 
-2.2215095138549805 0.001 0.001 0.9999444425106049 1e-05 2e-05 0.9985679072141648 3e-05 4e-05 4.524093104998271 0.2 0.2 71 
-2.217921705245972 0.0004 0.0004 0.9999502950906753 5e-06 5e-06 0.9997454351186752 3e-05 3e-05 4.493369685808817 0.2 0.2 72 
9.207558150592376e-07 73 
-2.2224305057525635 0.0002 0.0002 0.9999689431985219 4e-06 4e-06 0.9999402519067129 9e-06 1e-05 4.509497769673666 0.1 0.1 74 
-2.2232235145568846 0.001 0.001 0.9999724372227987 1e-05 1e-05 0.9998488759994507 1e-05 5e-05 4.510624618530273 0.2 0.2 75 
-2.223453019460042 0.001 0.0005 0.9999762376149496 6e-06 1e-05 0.9999183235565822 6e-06 6e-06 4.509743474324544 0.1 0.1 76 
-0.3898958683013916 0.001 0.0006 0.8196519102652867 0.01 0.01 0.9839693931738536 0.001 0.001 2.418506289323171 0.05 0.05 77 
9.204664365825011e-07 78 
0.01863105781376362 79 
0.01290979478508234 80 
-2.223567841847738 0.0004 0.0003 0.9999817401170731 4e-06 5e-06 0.9999749135971069 3e-06 5e-06 4.509753818511963 0.1 0.1 81 
9.205177434523648e-07 82 
-2.2236070728302 0.002 0.0009 0.9999828797578811 6e-06 1e-05 0.9999735323588054 9e-06 1e-05 4.510913283030192 0.1 0.1 83 
9.205555443259073e-07 84 
-2.2237653350830078 0.0004 0.0004 0.9999877516428629 3e-06 3e-06 0.9985698733727137 1e-05 1e-05 4.525506664911906 0.1 0.1 85 
9.20549268812465e-07 86 
-2.2224970467885337 0.0001 0.0001 0.9999739998579025 2e-06 2e-06 0.9999821782112122 8e-07 9e-07 4.5089407682418825 0.1 0.1 87 
0.017675140500068666 88 
9.206110121340316e-07 89 
-2.2163199679056804 0.002 0.001 0.999940570195516 8e-06 8e-06 0.9983231091499328 0.0001 0.0001 4.484513533910116 0.3 0.3 90 
-2.220923951466878 0.0006 0.0004 0.9999724586804708 6e-06 6e-06 0.99987275660038 2e-05 2e-05 4.500246322949727 0.2 0.2 91 
9.205190735883662e-07 92 
9.204607181345636e-07 93 
-2.2138362375895184 0.003 0.002 0.9999549714724223 1e-05 1e-05 0.9999312686920167 1e-05 2e-05 4.499257047971089 0.2 0.2 94 
9.205226433550706e-07 95 
-2.208410209019979 0.0007 0.0006 0.9999656713008881 7e-06 6e-06 0.9991797329982122 1e-05 2e-05 4.4982612466812135 0.2 0.2 96 
-2.2234083525339763 0.001 0.001 0.9999665691455205 1e-05 1e-05 0.9999746835231781 6e-06 6e-06 4.510149814287821 0.1 0.1 97 
-2.2202017943064374 0.0007 0.0006 0.999935357371966 1e-05 2e-05 0.9999208442370097 6e-06 8e-06 4.508475987116496 0.2 0.2 98 
-2.224553804397583 0.0009 0.0004 0.9999903591473898 4e-06 8e-06 0.9999986799558004 7e-07 8e-07 4.511186402638753 0.06 0.06 99 
0.009703565202653409 100 
0.01128366943448782 101 
9.20571574170026e-07 102 
9.205659011968237e-07 103 
-2.2084508609771727 0.001 0.0009 0.9999670559167861 1e-05 8e-06 0.997771367430687 2e-05 3e-05 4.514010806083679 0.1 0.1 104 
-0.3383565092086792 0.008 0.004 0.8564195162057877 0.01 0.01 0.9828481632471084 0.002 0.003 2.571192812919617 0.5 0.5 105 
9.226906399817381e-07 106 
0.004171929229050875 107 
-2.212328640619914 0.0003 0.0003 0.9999435540040335 5e-06 6e-06 0.9999122405052185 7e-06 6e-06 4.498848764101664 0.2 0.2 108 
9.204650041283457e-07 109 
-2.2225434080759685 0.0002 0.0004 0.999977174003919 3e-06 3e-06 0.9999173814058304 7e-06 7e-06 4.504519112904867 0.1 0.1 110 
-2.2194820245107016 0.0003 0.0003 0.9999608357747396 4e-06 3e-06 0.999725622733434 5e-05 5e-05 4.495227754910787 0.2 0.2 111 
9.198765269502474e-07 112 
-2.208969128926595 0.001 0.0008 0.9999649751186371 8e-06 1e-05 0.9991788665453593 2e-05 2e-05 4.498591680526733 0.1 0.1 113 
nan 114 
0.004134841542690992 115 
0.0059286924079060555 116 
-2.222014700571696 0.0009 0.0008 0.999963293671608 8e-06 8e-06 0.9999865857760112 5e-06 7e-06 4.510126841862997 0.1 0.1 117 
-2.2250191179911294 0.0002 0.0002 0.9999880319833756 3e-06 3e-06 0.9999711736043294 2e-05 3e-05 4.511382988293966 0.07 0.07 118 
9.207374091602106e-07 119 
-2.222414674758911 0.004 0.001 0.9999573548634847 1e-05 3e-05 0.9999601701895396 1e-05 1e-05 4.510554240544637 0.1 0.1 120 
0.006446054670959711 121 
9.204436764775892e-07 122 
9.20445381780155e-07 123 
-2.208678741455078 0.0005 0.0005 0.9999543132384618 3e-06 3e-06 0.9991974719365437 1e-05 3e-05 4.496817800203959 0.1 0.1 124 
808.18984375 125 
-0.3897743558883667 0.0002 0.0002 0.8202375465631485 0.001 0.001 0.9842192902167638 0.001 0.001 2.418350530465444 0.1 0.1 126 
-2.2167421340942384 0.004 0.002 0.9999692338705063 7e-06 7e-06 0.9983378946781158 0.0001 0.0002 4.484096714655558 0.2 0.3 127 
-2.22156538327535 0.0006 0.0005 0.9999635682503383 6e-06 7e-06 0.9999277595678965 1e-05 3e-05 4.5079387855529784 0.2 0.2 128 
-2.222402760187785 0.0002 0.0002 0.9999612629413605 3e-06 3e-06 0.9999013763666152 1e-05 2e-05 4.505436612764995 0.2 0.2 129 
9.204375714944035e-07 130 
-2.2187116527557373 0.0009 0.0007 0.9999147329727809 2e-05 2e-05 0.9999339244763057 5e-06 6e-06 4.507863273620606 0.2 0.2 131 
0.015842172130942345 132 
-0.6605229075749716 0.0001 0.0001 0.9031407680114111 0.0005 0.0005 0.987366726398468 0.0005 0.0005 2.964197127819061 0.1 0.1 133 
9.205025207847939e-07 134 
0.004849165957421064 135 
-2.219326464335124 0.0008 0.0008 0.9999284674723943 2e-05 2e-05 0.9998095222314198 2e-05 2e-05 4.496315883000691 0.2 0.2 136 
9.205857509186899e-07 137 
343.8399353027344 138 
9.207049856740923e-07 139 
9.205498713527049e-07 140 
9.204219395542168e-07 141 
-2.222304989496867 0.0004 0.0005 0.9999645874897639 9e-06 1e-05 0.9999233468373616 2e-05 1e-05 4.50385183652242 0.2 0.2 142 
-2.222178055445353 0.001 0.001 0.9999752928813298 9e-06 2e-05 0.9999498625596365 1e-05 9e-06 4.506352025667827 0.2 0.2 143 
-2.22340763092041 0.002 0.0008 0.9999833240111669 8e-06 3e-05 0.9999878428379695 4e-06 6e-06 4.509550782839457 0.09 0.09 144 
9.205034643855469e-07 145 
9.20682543892326e-07 146 
-2.202754325866699 0.0006 0.0004 0.9999065268039703 5e-06 6e-06 0.9988367805878321 8e-05 8e-05 4.460699017842611 0.2 0.2 147 
9.204448474520177e-07 148 
-2.2218309020996094 0.002 0.001 0.9999462006489436 2e-05 3e-05 0.9999504142999649 2e-05 5e-05 4.505613702138265 0.2 0.2 149 
