-2.211437447865804 0.02 0.009 0.9998011177778244 7e-05 0.0002 0.9996922932068507 0.0002 0.001 4.5097313324610395 0.4 0.4 2 
-2.200085722605387 0.03 0.01 0.9998326750596365 0.0001 0.0004 0.9988268170754114 0.0006 0.001 4.493263762791951 0.3 0.3 3 
-2.2078554185231525 0.008 0.005 0.9997680566708247 9e-05 0.0001 0.9998635375499725 5e-05 8e-05 4.5108114496866865 0.4 0.3 4 
-2.20241327603658 0.04 0.01 0.9997035098075867 0.0002 0.0005 0.9997269544998805 0.0002 0.0008 4.507707775433858 0.5 0.5 5 
-2.2132255999247232 0.02 0.008 0.9998417059580486 6e-05 0.0004 0.9997880838314692 0.0002 0.0009 4.510015495618185 0.3 0.3 7 
-2.203512159983317 0.03 0.01 0.9995627192656199 0.0002 0.001 0.9996895166238149 0.0002 0.0008 4.508136650721232 0.6 0.6 11 
-2.2130895296732587 0.03 0.01 0.9998623623450598 9e-05 0.0005 0.9995501633485159 0.0004 0.002 4.504122133255005 0.4 0.4 12 
-2.2067601776123045 0.01 0.008 0.9997678250074387 0.0001 0.0002 0.9994870491822561 0.0002 0.0004 4.505371494293213 0.3 0.3 14 
-2.213406744003296 0.02 0.007 0.9997420257329941 0.0001 0.0005 0.999785894950231 0.0001 0.0003 4.512632526556651 0.5 0.5 15 
-2.2147430896759035 0.009 0.005 0.9997823276122411 0.0001 0.0003 0.9997349766890208 0.0001 0.0002 4.509899268150329 0.4 0.3 18 
-2.2099310143788657 0.008 0.007 0.9998287363847097 5e-05 0.0002 0.9998845654726028 6e-05 0.0003 4.509229397773742 0.3 0.3 20 
-2.2182265249888102 0.03 0.006 0.9998157821098963 0.0001 0.0003 0.9998755449056625 7e-05 0.0004 4.5131540791193645 0.5 0.5 23 
-2.214611965815226 0.02 0.007 0.99974143187205 0.0002 0.0006 0.9998922856648763 6e-05 0.0003 4.511289219856263 0.4 0.4 24 
-2.2120817057291666 0.02 0.007 0.9997722462813059 0.0001 0.0006 0.9998050971825918 0.0001 0.0005 4.511394050916036 0.5 0.5 25 
-2.1914429823557535 0.04 0.02 0.9993317904074986 0.0004 0.001 0.9994984704256058 0.0004 0.002 4.509875402450562 0.7 0.7 26 
-2.2128090858459473 0.02 0.009 0.9998164337873459 0.0001 0.0004 0.999790229399999 0.0001 0.0003 4.511536866823832 0.4 0.4 31 
-2.2036692969004315 0.03 0.01 0.9996602674325307 0.0002 0.001 0.9996699404716491 0.0003 0.002 4.507724459966024 0.4 0.4 33 
-2.20799059232076 0.02 0.008 0.999768855770429 0.0001 0.0004 0.9997531793514888 0.0002 0.0007 4.510781467755636 0.5 0.5 39 
-2.2018596204121907 0.03 0.01 0.9996432465314865 0.0002 0.0008 0.9995858281850815 0.0004 0.002 4.506870648066203 0.3 0.4 40 
-2.1961308670043946 0.05 0.02 0.9994431116183599 0.0003 0.0009 0.9996248267094294 0.0003 0.001 4.508741230169932 0.6 0.7 41 
-2.2005871550242104 0.02 0.009 0.9995893180370331 0.0002 0.0003 0.9996907210350037 0.0002 0.0005 4.507542250951131 0.5 0.5 44 
-2.208302965164185 0.03 0.01 0.9997900251547496 8e-05 0.0003 0.9996688411633173 0.0002 0.001 4.509138867060344 0.4 0.4 45 
-2.2132375971476237 0.01 0.006 0.9997752437988917 9e-05 0.0002 0.9998615964253743 7e-05 0.0004 4.5136149867375694 0.4 0.4 48 
-2.2050922457377116 0.03 0.01 0.999668839375178 0.0002 0.001 0.9996338905890783 0.0003 0.0007 4.505449515978495 0.5 0.5 49 
-2.2110773213704427 0.04 0.009 0.9997337983051936 0.0001 0.0004 0.9997590291500091 9e-05 0.0005 4.514624349276224 0.4 0.5 50 
-2.200486631393433 0.04 0.01 0.9994597466786702 0.0003 0.0009 0.9995145674546559 0.0002 0.0004 4.510719938278198 0.7 0.7 54 
-2.206374518076579 0.02 0.009 0.9997187501192093 0.0001 0.0003 0.9997220611572266 0.0002 0.0004 4.511645716031392 0.5 0.5 63 
-2.2132927068074544 0.009 0.005 0.999742906888326 9e-05 0.0003 0.9997806441783905 0.0001 0.0003 4.512788300514221 0.4 0.4 64 
-2.2142714341481526 0.01 0.007 0.9998528963327408 6e-05 0.0001 0.9997197359800338 0.0002 0.0005 4.510428606669108 0.3 0.3 65 
-2.2150358231862386 0.02 0.008 0.9997634009520213 0.0001 0.0005 0.9997770088911057 0.0002 0.0009 4.510679292678833 0.4 0.4 67 
-2.215341154734294 0.01 0.006 0.9998527236779531 7e-05 0.0001 0.999685383439064 0.0001 0.0005 4.510940767923991 0.4 0.4 68 
-2.2029218769073484 0.03 0.02 0.9996082496643066 0.0002 0.0007 0.9996752907832464 0.0003 0.001 4.510035836696625 0.6 0.6 79 
-2.2067273743947347 0.04 0.01 0.9995945660273234 0.0003 0.001 0.9997351292769114 0.0002 0.0004 4.509898654619852 0.6 0.5 82 
-2.2063967831929525 0.03 0.01 0.9996901951233546 0.0002 0.0009 0.9997230648994446 0.0002 0.0007 4.5073527073860165 0.6 0.5 85 
-2.2149886830647785 0.01 0.006 0.9998037648200989 0.0001 0.0002 0.9998222496112188 9e-05 0.0002 4.512312060991923 0.3 0.3 87 
-2.2040650844573975 0.06 0.02 0.9997499408324559 0.0001 0.0003 0.9994663719336192 0.0005 0.003 4.506903134981791 0.3 0.4 89 
-2.2020769119262695 0.03 0.01 0.9997162854671479 0.0002 0.0005 0.9996535166104634 0.0003 0.001 4.506419555346171 0.5 0.5 93 
-2.2060886987050377 0.06 0.008 0.9996818407376608 0.0001 0.0004 0.9997544880708059 0.0002 0.004 4.511870293617249 0.5 0.5 94 
