-2.2254256947835285 0.0002 0.0002 0.999991875688235 2e-06 3e-06 0.9999873705705007 6e-06 1e-05 4.512507362365723 0.07 0.07 5 
-2.2254171816507977 0.0003 0.0002 0.9999919984738032 2e-06 4e-06 0.9999855381250381 6e-06 8e-06 4.512529349327087 0.08 0.08 38 
-2.2254631996154783 0.0002 0.0002 0.9999928722778956 1e-06 3e-06 0.9999859790007274 6e-06 1e-05 4.512262603441874 0.07 0.07 11 
-2.2254575284322105 2e-05 2e-05 0.9999942648410797 4e-07 3e-07 0.9999824490149816 7e-07 7e-07 4.512212974230448 0.05 0.05 42 
-2.225498536427816 0.0002 0.0002 0.9999931814273199 2e-06 2e-06 0.9999842049678167 8e-06 1e-05 4.512396869659423 0.08 0.08 40 
-2.225476551055908 0.0002 0.0002 0.9999921248356501 2e-06 3e-06 0.9999860926469167 7e-06 1e-05 4.512565267880758 0.07 0.07 1 
-2.2252804247538247 0.0002 0.0002 0.9999891624848047 2e-06 3e-06 0.9999843764305115 7e-06 1e-05 4.512753254572551 0.08 0.08 70 
-2.225619331995646 0.0002 0.0002 0.9999942197402318 1e-06 3e-06 0.9999877119064331 6e-06 1e-05 4.512353337605794 0.07 0.07 7 
-2.2255409812927245 0.0002 0.0001 0.9999931206305822 2e-06 3e-06 0.9999868100881577 6e-06 1e-05 4.512452464103699 0.07 0.07 43 
-2.225418955485026 0.0002 0.0002 0.999992086092631 2e-06 3e-06 0.9999854278564453 8e-06 1e-05 4.512533540725708 0.08 0.08 48 
-2.2255532614390057 2e-05 2e-05 0.9999943431218465 3e-07 3e-07 0.9999838938315709 7e-07 6e-07 4.512212777137757 0.05 0.05 44 
-2.2253261025746665 0.0003 0.0002 0.9999895751476288 2e-06 4e-06 0.9999857221047084 7e-06 1e-05 4.512719591458638 0.08 0.08 91 
-2.2256201903025308 0.0002 0.0002 0.9999943741162618 2e-06 2e-06 0.9999870280424754 8e-06 2e-05 4.512302455902099 0.07 0.07 95 
-2.225546115239461 0.0002 0.0001 0.999993667602539 1e-06 2e-06 0.9999867502848307 6e-06 1e-05 4.512199986775716 0.07 0.07 15 
-2.2255578581492106 0.0002 0.0002 0.9999934349457423 2e-06 2e-06 0.9999855850140253 7e-06 1e-05 4.512369233767192 0.07 0.07 83 
-2.225526386896769 0.0001 0.0001 0.999993596871694 1e-06 2e-06 0.9999847020705541 6e-06 7e-06 4.51234599908193 0.06 0.06 86 
-2.2253292655944823 0.0005 0.0003 0.9999900126457214 3e-06 5e-06 0.9999851189057032 7e-06 1e-05 4.512734376589457 0.08 0.08 94 
-2.2255492877960203 0.0002 0.0002 0.9999934715032578 1e-06 2e-06 0.9999861530462901 8e-06 1e-05 4.512351059913636 0.07 0.07 56 
-2.225523373285929 0.0003 0.0002 0.9999931665261587 2e-06 2e-06 0.9999867540597915 6e-06 1e-05 4.512257542610168 0.07 0.08 21 
-2.2254640833536783 2e-05 2e-05 0.9999936258792878 4e-07 4e-07 0.9999814720948538 8e-07 8e-07 4.512252421379089 0.05 0.05 18 
