-2.2246474107106526 0.0008 0.0007 0.9999890681107839 8e-06 1e-05 0.9999760649601619 2e-05 2e-05 4.511076677640279 0.08 0.07 91 
-2.2245251433054607 0.0009 0.0008 0.9999873101711273 9e-06 1e-05 0.9999773526191711 2e-05 2e-05 4.510858888626099 0.08 0.08 8 
-2.2246490701039634 0.0006 0.0005 0.9999877959489822 9e-06 1e-05 0.9999697697162628 2e-05 3e-05 4.510997212727864 0.09 0.09 25 
-2.225096127192179 0.0007 0.0006 0.9999934017658234 3e-06 4e-06 0.9999841543038687 8e-06 2e-05 4.511793265342712 0.1 0.1 85 
-2.2245925108591718 0.0007 0.0006 0.999987216591835 1e-05 1e-05 0.9999704835812251 2e-05 2e-05 4.5111382913589475 0.08 0.08 33 
-2.2235321394602456 0.0009 0.0008 0.9999829582373301 8e-06 1e-05 0.999954461256663 2e-05 3e-05 4.51071455001831 0.1 0.1 53 
-2.2247284030914307 0.001 0.0008 0.9999896013736724 7e-06 9e-06 0.999984779159228 9e-06 1e-05 4.51124361038208 0.07 0.07 68 
-2.2247723515828453 0.0009 0.0007 0.9999903202056885 6e-06 8e-06 0.9999846529960632 1e-05 1e-05 4.511316396395365 0.08 0.07 55 
-2.2250752703348797 0.0004 0.0004 0.9999912947416305 4e-06 4e-06 0.9999749064445496 2e-05 2e-05 4.511439317067464 0.09 0.09 39 
-2.2249728647867837 0.001 0.0008 0.9999909077088038 7e-06 8e-06 0.9999885906775793 6e-06 8e-06 4.511339818636577 0.07 0.07 15 
-2.2248140366872153 0.0003 0.0004 0.9999925853808721 6e-06 8e-06 0.9999521776040395 3e-05 4e-05 4.511589193344117 0.1 0.1 0 
-2.2245655186971027 0.0008 0.0007 0.9999824104706446 1e-05 1e-05 0.999972155491511 2e-05 2e-05 4.510580242474874 0.08 0.08 89 
-2.224580561319987 0.0009 0.0007 0.9999882014592488 1e-05 1e-05 0.9999767406781515 2e-05 2e-05 4.511131927172343 0.08 0.08 97 
-2.2250678730010987 0.0003 0.0002 0.9999919948975245 5e-06 4e-06 0.9999743576844533 2e-05 2e-05 4.511194314956665 0.09 0.09 48 
-2.2247315502166747 0.0006 0.0005 0.9999905190865199 8e-06 9e-06 0.999970611333847 2e-05 3e-05 4.511132210095724 0.08 0.08 38 
-2.2244565232594806 0.0008 0.0007 0.9999868142604827 8e-06 9e-06 0.9999733952681223 2e-05 2e-05 4.510779449144999 0.08 0.08 5 
-2.2245383008321125 0.0008 0.0007 0.9999900378783544 6e-06 9e-06 0.9999770128726959 2e-05 2e-05 4.51091206073761 0.07 0.07 77 
-2.224682461420695 0.0007 0.0006 0.9999896480639776 8e-06 9e-06 0.9999718125661214 2e-05 2e-05 4.510796791712443 0.08 0.08 61 
-2.2247758515675864 0.0008 0.0007 0.9999912875890732 6e-06 7e-06 0.9999829228719076 1e-05 1e-05 4.511308004061381 0.07 0.07 87 
-2.2249982007344564 0.001 0.0008 0.9999836585919062 8e-06 1e-05 0.999983995159467 9e-06 2e-05 4.511029790242513 0.09 0.09 94 
