-2.226119327545166 0.0008 0.0004 0.9999928051233291 6e-06 4e-05 0.9999943008025487 5e-06 2e-05 4.511977113087972 0.06 0.07 60 
-2.2258129692077637 0.001 0.0006 0.9999804854393005 2e-05 5e-05 0.9999924945831299 7e-06 3e-05 4.511885697046916 0.1 0.1 283 
-2.226050491333008 0.001 0.0004 0.9999930077791214 5e-06 2e-05 0.9999783444404602 6e-06 2e-05 4.512110287348429 0.1 0.1 52 
-2.2255215136210125 0.002 0.0008 0.9999560576677322 4e-05 9e-05 0.9999429098765056 5e-05 0.0001 4.510802345275879 0.1 0.09 164 
-2.226149435043335 0.001 0.0003 0.9999854135513305 1e-05 5e-05 0.9999862323204677 1e-05 3e-05 4.511605809529622 0.1 0.1 1022 
-2.2263119570414225 0.0003 0.0002 0.9999959415197373 3e-06 1e-05 0.9999961123863856 4e-06 1e-05 4.512188599904378 0.06 0.05 754 
-2.226286668777466 0.0006 0.0002 0.9999919404586156 7e-06 1e-05 0.9999899544318517 9e-06 4e-05 4.51183899084727 0.06 0.06 459 
-2.22578958829244 0.001 0.0005 0.9999829049905141 1e-05 5e-05 0.9999762684106827 2e-05 6e-05 4.511664737065633 0.1 0.1 526 
-2.2260873381296795 0.0004 0.0003 0.9999740689992904 2e-05 6e-05 0.9999959993362427 3e-06 1e-05 4.511648669242859 0.07 0.09 968 
-2.225982494354248 0.002 0.0005 0.999985480705897 1e-05 4e-05 0.9999824857711792 2e-05 7e-05 4.511273749669393 0.1 0.1 167 
-2.226212657292684 0.0009 0.0003 0.9999835805098216 1e-05 3e-05 0.9999974522988001 2e-06 1e-05 4.511836382548014 0.07 0.07 1033 
-2.225978790918986 0.001 0.0004 0.9999788790941239 2e-05 4e-05 0.9999892312288284 1e-05 3e-05 4.511578739484151 0.1 0.09 273 
-2.2262179247538247 0.0007 0.0003 0.9999909563859304 8e-06 3e-05 0.9999904209375381 9e-06 5e-05 4.512149801254273 0.09 0.08 951 
-2.2261243597666422 0.0008 0.0003 0.9999852021535237 1e-05 4e-05 0.9999932690461477 6e-06 3e-05 4.511741409301758 0.1 0.1 739 
-2.226038277943929 0.003 0.0005 0.9999677270650864 3e-05 0.0003 0.9999920336405436 8e-06 7e-05 4.511608843803406 0.1 0.1 514 
-2.226294183731079 0.0008 0.0002 0.9999899291992187 8e-06 3e-05 0.9999951420227686 5e-06 4e-05 4.51245087146759 0.08 0.08 401 
-2.226314468383789 0.0006 0.0002 0.999990801413854 7e-06 4e-05 0.9999964497486751 3e-06 1e-05 4.51211237112681 0.1 0.09 390 
-2.2258947626749674 0.001 0.0006 0.9999741516510645 2e-05 6e-05 0.9999410297473271 1e-05 6e-05 4.5128896586100264 0.1 0.1 667 
-2.2261068566640216 0.001 0.0004 0.9999907485644023 8e-06 4e-05 0.9999954112370809 4e-06 2e-05 4.512124242782593 0.09 0.09 323 
-2.2260845438639323 0.0009 0.0004 0.9999869519472122 1e-05 4e-05 0.9999869139989217 1e-05 5e-05 4.511853493054708 0.1 0.09 267 
