-2.2101704597473146 0.0006 0.0006 0.9998229187726975 2e-05 2e-05 0.9998697878917059 2e-05 1e-05 4.494862580299378 0.07 0.07 0 
-1.49254137357076 0.6 0.2 0.9827899142106374 0.01 0.05 0.6553214101990064 0.2 0.4 6.359598064422608 9.0 4.0 1 
-1.490049524307251 0.8 0.2 0.9862099140882492 0.01 0.02 0.7525480447212854 0.2 0.5 5.463932228088379 9.0 3.0 2 
-1.7705679861704509 0.2 0.08 0.9949808084964752 0.002 0.003 0.9654898460706075 0.02 0.06 4.437297764619191 3.0 2.0 3 
-1.8516912142435709 0.08 0.05 0.9965396444002788 0.0008 0.001 0.9872641142209371 0.005 0.006 4.344694547653198 2.0 2.0 4 
-1.4932559903462728 0.8 0.2 0.9834976055224737 0.01 0.05 0.6962703509132068 0.2 0.4 5.913281752268474 10.0 3.0 5 
-1.4865577920277913 0.9 0.2 0.9852889148394267 0.01 0.03 0.7410395698746045 0.2 0.5 5.579193499883016 9.0 3.0 6 
-1.4250640932718912 0.7 0.2 0.9853773705164591 0.009 0.01 0.8209198674559594 0.2 0.4 5.065786935091019 8.0 3.0 7 
-2.2251833216349284 0.002 0.0009 0.9999887561798095 9e-06 2e-05 0.9999911044041315 4e-06 5e-06 4.5119479544957475 0.07 0.08 8 
-2.2242674732208254 0.0008 0.0007 0.9999863237142563 9e-06 1e-05 0.999967711965243 2e-05 3e-05 4.510722929636637 0.1 0.1 9 
-2.224700638453166 0.0007 0.0006 0.9999902147054672 8e-06 9e-06 0.9999745583534241 2e-05 2e-05 4.51109293460846 0.08 0.08 10 
-1.4854435269037882 0.6 0.2 0.9775921328862508 0.02 0.07 0.70379087438186 0.2 0.4 5.690754561424256 7.0 3.0 11 
-2.224741408030192 0.0005 0.0004 0.9999905717372894 4e-06 6e-06 0.9999715884526571 1e-05 1e-05 4.511533101399739 0.08 0.08 12 
-2.2245938269297283 0.001 0.0008 0.9999878480037053 9e-06 1e-05 0.9999788991610209 1e-05 1e-05 4.511033299763997 0.08 0.08 13 
-2.224590301513672 0.0008 0.0007 0.9999889618158341 9e-06 1e-05 0.9999754218260447 2e-05 2e-05 4.510779558817545 0.08 0.08 14 
-2.2246642748514813 0.0007 0.0006 0.9999889977773031 8e-06 1e-05 0.9999727294842402 2e-05 2e-05 4.510999313990275 0.08 0.07 15 
-2.2147106583913168 0.01 0.009 0.9997157539923985 3e-05 3e-05 0.9995339981714885 0.0004 0.0006 4.535268383026123 0.3 0.4 16 
-2.2250957266489664 0.0005 0.0003 0.9999920099973678 5e-06 5e-06 0.9999791093667348 1e-05 2e-05 4.511803784370422 0.08 0.08 17 
-2.2246194903055825 0.0009 0.0007 0.9999891589085261 9e-06 1e-05 0.9999763677517574 2e-05 2e-05 4.511018652915954 0.08 0.08 18 
-2.2247099113464355 0.0007 0.0006 0.9999900207916895 8e-06 8e-06 0.9999725564320883 2e-05 2e-05 4.5113701883951824 0.08 0.08 19 
-2.2251594130198162 0.001 0.0008 0.9999916172027588 6e-06 7e-06 0.9999821384747823 3e-06 2e-06 4.5117852465311685 0.1 0.1 20 
-2.224160976409912 0.001 0.001 0.999980376958847 1e-05 1e-05 0.9999701766173045 2e-05 2e-05 4.510326984723409 0.08 0.08 21 
-2.224466832478841 0.001 0.0009 0.9999854908386866 1e-05 1e-05 0.9999766629934311 2e-05 2e-05 4.511159737904866 0.08 0.08 22 
-1.3984373505910237 0.8 0.2 0.9827114597956339 0.009 0.02 0.7710442258914312 0.2 0.4 5.163153924147288 6.0 2.0 23 
-2.2242829545338947 0.001 0.0008 0.9999816670020422 1e-05 1e-05 0.9999714444080988 2e-05 2e-05 4.510751465161642 0.1 0.09 24 
-2.2252810764312745 0.001 0.0007 0.9999904368321101 3e-06 5e-06 0.9999815096457799 2e-05 3e-05 4.51184223651886 0.08 0.08 25 
-2.224166259765625 0.001 0.001 0.9999846913417181 1e-05 1e-05 0.9999718999862671 2e-05 2e-05 4.510726725260417 0.1 0.1 26 
-1.5210092480977375 0.7 0.2 0.9876689408222834 0.008 0.02 0.6999857305486997 0.2 0.5 6.177283132870992 10.0 3.0 27 
-1.832736037572225 0.09 0.06 0.9960977963606517 0.001 0.002 0.973616518775622 0.007 0.009 4.368072052001953 2.0 2.0 28 
-2.2246210765838623 0.0008 0.0007 0.9999868206183116 9e-06 1e-05 0.9999756071964899 2e-05 2e-05 4.510680691401164 0.07 0.07 29 
-2.1899041239420574 0.0001 0.0001 0.9998710564772288 3e-05 3e-05 0.9978824271758397 7e-05 7e-05 4.494414076805115 0.3 0.3 30 
-2.2067808151245116 0.02 0.01 0.9997872906923294 2e-05 2e-05 0.999464304447174 0.0005 0.0007 4.530623873074849 0.5 0.5 31 
-2.2244905122121175 0.0009 0.0008 0.999988091190656 7e-06 9e-06 0.9999764736493428 1e-05 2e-05 4.511117536226909 0.08 0.08 32 
-2.224943698247274 0.0007 0.0005 0.9999874585866928 6e-06 7e-06 0.9999768853187561 1e-05 2e-05 4.511900738080342 0.08 0.08 34 
-1.5621060117085774 0.7 0.2 0.9894905149936676 0.008 0.02 0.7433152537544568 0.2 0.4 5.538718113899231 8.0 3.0 35 
-1.506972115834554 0.7 0.2 0.9868124053875605 0.01 0.03 0.6681096609930197 0.2 0.5 6.322702992757161 10.0 4.0 36 
-2.2237891864776613 0.0009 0.0007 0.999983252286911 9e-06 1e-05 0.999958809018135 2e-05 3e-05 4.510572234789531 0.1 0.1 37 
-2.2246624851226806 0.001 0.0009 0.9999879219134649 1e-05 1e-05 0.9999826423327128 1e-05 1e-05 4.511206367810567 0.08 0.08 38 
-2.224651689529419 0.0009 0.0009 0.9999870383739471 1e-05 1e-05 0.9999834982554118 9e-06 1e-05 4.51172212600708 0.08 0.07 39 
-2.224643494288127 0.0009 0.0007 0.9999881003300349 9e-06 1e-05 0.9999776371320088 2e-05 2e-05 4.511162764231364 0.07 0.07 40 
-2.2245990244547524 0.0008 0.0007 0.9999875968694687 1e-05 1e-05 0.9999732172489166 2e-05 2e-05 4.510900286038717 0.08 0.08 41 
-2.122216157913208 0.002 0.002 0.9994259879986445 0.0001 0.0001 0.9997235151131948 6e-05 6e-05 4.453144884109497 0.1 0.1 42 
-2.2008105309804282 0.04 0.02 0.9998152031501134 9e-06 2e-05 0.9993979255358378 0.0005 0.001 4.531660403410593 0.8 0.8 43 
-2.224697898228963 0.0008 0.0007 0.9999885924657186 9e-06 1e-05 0.9999753234783808 2e-05 2e-05 4.511223402023315 0.08 0.07 44 
-1.5167264207204183 0.6 0.2 0.9880908862749735 0.008 0.02 0.8058473672469457 0.1 0.3 4.9643638229370115 5.0 2.0 45 
-1.5242506217956544 0.5 0.2 0.9883967844645182 0.008 0.01 0.8106958506504695 0.1 0.3 4.919001886049906 4.0 2.0 46 
-1.5875842634836832 0.3 0.1 0.9905974407990773 0.006 0.009 0.8798064359029134 0.07 0.4 4.65306396484375 6.0 2.0 47 
-2.183955726623535 0.03 0.02 0.9993424115578333 5e-05 4e-05 0.9992360796531041 0.0004 0.0004 4.540987689495086 0.8 0.9 48 
-1.5208067639668783 0.6 0.2 0.988408839503924 0.007 0.02 0.8138783433039983 0.1 0.3 4.897746272881826 5.0 2.0 49 
-1.5967463493347167 0.1 0.06 0.98966175198555 0.007 0.01 0.8955533089240392 0.05 0.07 4.606789987881978 3.0 2.0 50 
-2.224611310958862 0.0007 0.0006 0.9999884215990702 9e-06 1e-05 0.9999729281663895 2e-05 2e-05 4.510976158777873 0.08 0.08 51 
-1.5288267199198404 0.5 0.2 0.9886528573433558 0.006 0.01 0.8273075850804646 0.1 0.3 4.801225836277008 5.0 2.0 52 
-1.5461863899230956 0.6 0.2 0.9891514996687572 0.007 0.02 0.7856783719857534 0.1 0.4 5.128165636857351 6.0 3.0 53 
-2.2247616322835286 0.0004 0.0003 0.9999921478827795 4e-06 5e-06 0.9999545852343241 4e-05 5e-05 4.51171059290568 0.1 0.09 54 
-1.4912599817911785 0.4 0.2 0.9859744540850321 0.01 0.03 0.6838910627365112 0.2 0.5 5.963982105255127 7.0 3.0 55 
-2.222705535888672 0.002 0.002 0.9999583288033803 6e-06 6e-06 0.9998841373125712 0.0001 0.0001 4.513985268274943 0.2 0.2 56 
-1.4937592633565266 0.5 0.2 0.981977423230807 0.02 0.05 0.7536897655328115 0.2 0.4 5.300031778812408 7.0 3.0 57 
-2.064194142023722 0.01 0.01 0.9995379316806793 2e-05 2e-05 0.9940902853012085 0.0001 0.0001 4.358627168337504 0.2 0.2 58 
-1.7104161516825358 0.1 0.07 0.9936467278003692 0.002 0.003 0.9658305495977402 0.02 0.04 4.372996942996979 3.0 2.0 59 
-2.224785016377767 0.0003 0.0003 0.999991613427798 6e-06 7e-06 0.9999516280492147 4e-05 5e-05 4.510903986295064 0.09 0.09 60 
-2.2244657484690347 0.0006 0.0005 0.9999894241491953 7e-06 1e-05 0.9999656603733699 3e-05 4e-05 4.5108256483078 0.09 0.09 61 
-1.4867288128534952 0.4 0.2 0.9557270411650339 0.04 0.1 0.7225777927041054 0.2 0.4 5.368483645121256 6.0 3.0 62 
-2.2246430555979413 0.0007 0.0006 0.9999870520830154 9e-06 1e-05 0.9999721755584081 2e-05 2e-05 4.5111808570226035 0.08 0.07 63 
-1.5227137819925944 0.6 0.2 0.9881767443815868 0.008 0.01 0.8139578466614087 0.1 0.4 4.880394955476125 4.0 2.0 64 
-2.2242311954498293 0.0009 0.0008 0.9999854745467504 9e-06 1e-05 0.9999694869915644 2e-05 2e-05 4.510966588656108 0.1 0.1 65 
-1.5246174049377441 0.6 0.2 0.9885714141527812 0.007 0.02 0.8158487395445506 0.1 0.3 4.868686501979828 6.0 3.0 66 
-1.5667014122009277 0.6 0.2 0.98675705631574 0.01 0.03 0.7773310931523641 0.2 0.4 5.167070712248484 5.0 3.0 67 
-2.0504919052124024 0.02 0.02 0.999454296429952 5e-05 4e-05 0.9934968284765879 0.0002 0.0002 4.343423074086507 0.2 0.2 68 
-2.043427810668945 0.02 0.02 0.9994198660055796 3e-05 3e-05 0.9931311084826787 8e-05 8e-05 4.334145590464274 0.2 0.2 69 
-2.2244676907857257 0.0008 0.0007 0.9999875827630361 9e-06 9e-06 0.9999717396497726 2e-05 2e-05 4.510721939404806 0.09 0.09 70 
-2.093896230061849 0.01 0.01 0.9997051382064819 8e-06 8e-06 0.9950560643275579 0.0001 0.0002 4.3925433460871375 0.2 0.2 71 
-1.5184037335713705 0.5 0.2 0.9854956936836242 0.01 0.03 0.7540707750121752 0.2 0.4 5.306955842177073 7.0 3.0 72 
-2.2246535619099936 0.0008 0.0007 0.9999883679548899 9e-06 1e-05 0.9999755960702896 2e-05 2e-05 4.511092003186544 0.07 0.07 73 
-2.2248010540008547 0.001 0.0008 0.9999895610411962 7e-06 9e-06 0.9999825175603231 1e-05 1e-05 4.511830461819967 0.08 0.08 74 
-1.5704595597585043 0.5 0.1 0.9888772338628768 0.006 0.007 0.9106623444954555 0.05 0.3 4.509535343249639 7.0 3.0 75 
-2.22450319925944 0.001 0.0009 0.9999853845437368 1e-05 1e-05 0.9999810437361399 1e-05 1e-05 4.511520932515462 0.08 0.08 76 
-1.880998732248942 0.2 0.1 0.9970068236192068 0.001 0.002 0.987050292690595 0.004 0.01 4.413347871303558 2.0 2.0 77 
-2.225034917195638 0.0007 0.0003 0.9999879604578018 5e-06 5e-06 0.9999769759178162 1e-05 2e-05 4.5113410059611 0.08 0.08 78 
-2.2241808478037517 0.0009 0.0008 0.9999816191196441 1e-05 1e-05 0.999965789715449 2e-05 3e-05 4.510834741592407 0.09 0.09 79 
-2.2243556372324624 0.0009 0.0008 0.9999856607119242 9e-06 1e-05 0.9999716661373774 2e-05 2e-05 4.510614967346191 0.09 0.08 80 
-1.6770597330729167 0.1 0.07 0.9927624869346618 0.002 0.003 0.9553017858664195 0.02 0.05 4.402543746630351 3.0 2.0 81 
-1.524281759262085 0.6 0.2 0.9884261544545492 0.007 0.02 0.8232120124499003 0.1 0.3 4.838030802408854 6.0 2.0 82 
-1.5239649232228596 0.6 0.2 0.9885052039225897 0.006 0.01 0.8154564770062764 0.1 0.3 4.9060085582733155 5.0 2.0 83 
-2.224707727432251 0.0003 0.0002 0.999991337855657 5e-06 6e-06 0.9999609982967377 3e-05 4e-05 4.511748210589091 0.09 0.09 84 
-2.2246551005045574 0.001 0.0009 0.9999881823857625 9e-06 1e-05 0.9999810300270716 1e-05 2e-05 4.511373586654663 0.08 0.08 85 
-2.224823207855225 0.0009 0.0007 0.999990230401357 7e-06 9e-06 0.9999819972117742 1e-05 1e-05 4.511212813059489 0.07 0.07 86 
-2.1610677369435627 0.002 0.002 0.9997277321418127 0.0001 0.0001 0.997641680041949 0.0004 0.0004 4.486765197118124 0.4 0.4 87 
-2.2243832206726073 0.0008 0.0007 0.9999883035818736 9e-06 1e-05 0.9999733020861944 2e-05 2e-05 4.511087991396586 0.1 0.1 88 
-1.2679372437795002 1.0 0.4 0.974450960556666 0.02 0.02 0.8523208707571029 0.1 0.5 4.744581534862518 10.0 3.0 89 
-2.22446715037028 0.0008 0.0007 0.999986680150032 1e-05 1e-05 0.99997212211291 2e-05 2e-05 4.511253197987874 0.09 0.09 91 
-1.5228139527638753 0.8 0.2 0.988352326353391 0.007 0.02 0.8192174753546715 0.1 0.3 4.88131649017334 7.0 2.0 92 
-1.5985412311553955 0.02 0.02 0.9894110222657522 0.002 0.002 0.9218864643573761 0.02 0.02 4.404773126443227 2.0 2.0 93 
-1.5271305147806804 0.7 0.2 0.9885904016097387 0.006 0.01 0.8250228874882062 0.1 0.3 4.844493658542633 6.0 2.0 94 
-2.2242350165049234 0.001 0.0009 0.999971959789594 1e-05 1e-05 0.9999729317426681 2e-05 2e-05 4.51276630560557 0.08 0.08 95 
-2.2248369725545247 0.0005 0.0004 0.9999853620926539 4e-06 5e-06 0.9999823490778605 5e-06 7e-06 4.511613394419352 0.08 0.08 96 
-2.2246128845214845 0.0007 0.0006 0.9999837319056193 9e-06 9e-06 0.9999707601467769 2e-05 2e-05 4.5106341854731244 0.08 0.08 97 
-2.225070120493571 8e-06 8e-06 0.9999865605433782 5e-07 4e-07 0.9999739634990692 1e-06 1e-06 4.511647990544637 0.06 0.06 98 
-1.5054272238413493 0.5 0.2 0.9868228991826375 0.01 0.02 0.7199491814772288 0.2 0.5 5.819050875504812 10.0 4.0 99 
