-2.2252489058176677 0.002 0.0008 0.9999776291847229 4e-06 1e-05 0.9999867395559947 8e-06 2e-05 4.511638693809509 0.1 0.1 12 
-2.225254077911377 0.002 0.0009 0.9999779212474823 4e-06 1e-05 0.9999866245190302 9e-06 2e-05 4.511610136032105 0.1 0.1 79 
-2.225275224049886 0.002 0.0009 0.999979043006897 4e-06 1e-05 0.9999869084358215 9e-06 3e-05 4.511688895225525 0.1 0.1 83 
-2.2252699756622314 0.002 0.0009 0.9999798645575841 4e-06 1e-05 0.9999861075480779 1e-05 3e-05 4.511812602678935 0.1 0.1 41 
-2.225189898808797 0.003 0.0009 0.9999788018067678 4e-06 2e-05 0.9999815026919047 1e-05 3e-05 4.511742380460103 0.1 0.1 99 
-2.2252451292673747 0.003 0.0009 0.9999796547492346 4e-06 1e-05 0.9999864651759466 9e-06 3e-05 4.511634933153788 0.1 0.1 59 
-2.2251362959543863 0.002 0.0009 0.999976123770078 5e-06 1e-05 0.9999867375691732 8e-06 3e-05 4.511505352656046 0.1 0.1 5 
-2.2251681677500406 0.002 0.0008 0.9999767225980759 5e-06 1e-05 0.9999861874183019 8e-06 3e-05 4.511761353810628 0.1 0.1 80 
-2.225257485707601 0.002 0.0009 0.9999792756636937 4e-06 1e-05 0.9999862273534139 9e-06 2e-05 4.511827592849731 0.1 0.1 76 
-2.225228633880615 0.002 0.0009 0.9999794280529022 4e-06 1e-05 0.9999861983458201 9e-06 3e-05 4.5117058912913 0.1 0.1 33 
-2.225153684616089 0.003 0.0008 0.9999786194165547 4e-06 2e-05 0.9999799944957097 1e-05 3e-05 4.511655597686768 0.1 0.1 32 
-2.2251962566375734 0.003 0.0009 0.9999785675605138 4e-06 1e-05 0.9999849750598272 1e-05 4e-05 4.51154926776886 0.1 0.1 51 
-2.2252138296763104 0.003 0.0009 0.9999788010120392 4e-06 2e-05 0.999986102382342 9e-06 3e-05 4.511726001103719 0.1 0.1 81 
-2.2252078501383465 0.002 0.0008 0.9999783021211625 4e-06 1e-05 0.9999845031897227 1e-05 2e-05 4.511851218541463 0.1 0.1 1 
-2.2252016639709473 0.002 0.0008 0.9999782182772954 4e-06 1e-05 0.9999859029054642 8e-06 3e-05 4.511652868588765 0.1 0.1 39 
-2.225228850046794 0.002 0.0008 0.999978731473287 4e-06 1e-05 0.9999868822097778 8e-06 2e-05 4.511740255355835 0.1 0.1 64 
-2.225163170496623 0.002 0.0009 0.9999776562054952 5e-06 1e-05 0.9999850646654764 1e-05 3e-05 4.511751804351807 0.1 0.1 93 
-2.225238822301229 0.002 0.0009 0.9999785802761714 4e-06 1e-05 0.9999866072336833 9e-06 3e-05 4.5117727518081665 0.1 0.1 61 
-2.2252082029978433 0.002 0.0009 0.9999771763881048 4e-06 1e-05 0.9999863531192144 8e-06 3e-05 4.511701676050822 0.1 0.1 63 
-2.225182259877523 0.002 0.0008 0.9999771525462469 5e-06 1e-05 0.9999863996108374 8e-06 3e-05 4.511747350692749 0.1 0.1 48 
