-2.2255038897196453 0.005 0.001 0.9999791258573532 1e-05 6e-05 0.9999797693888346 2e-05 0.0001 4.51627925713857 0.2 0.2 0 
-2.2251927947998045 0.005 0.001 0.9999540684620539 7e-06 2e-05 0.9999893740812937 9e-06 5e-05 4.512185546557109 0.2 0.2 1 
-2.135809729894002 0.002 0.001 0.9998336676756541 4e-05 7e-05 0.994980307618777 6e-05 9e-05 4.444126580556234 0.1 0.1 2 
-2.2246902847290038 0.001 0.0004 0.9999479097127915 3e-06 5e-06 0.99998750269413 7e-06 3e-05 4.51286963780721 0.1 0.1 4 
-2.22504363377889 0.002 0.001 0.9999806847174962 7e-06 2e-05 0.9999852879842123 1e-05 5e-05 4.511828351020813 0.1 0.1 5 
-2.2247257455190024 0.006 0.002 0.9999764305353165 6e-06 2e-05 0.9999843092759451 1e-05 0.0001 4.5120489819844565 0.2 0.2 6 
-2.2251253096262613 0.006 0.0008 0.9999922790129979 1e-06 3e-06 0.9999908741315205 7e-06 0.0004 4.5118934392929075 0.2 0.1 8 
-2.135584824879964 0.004 0.002 0.9998446094989777 5e-05 0.0001 0.9949712961912155 6e-05 0.0001 4.444256056149801 0.2 0.2 9 
-2.225079698562622 0.002 0.001 0.9999824700752894 3e-06 6e-06 0.9999913905064265 5e-06 7e-05 4.512145148913065 0.2 0.2 10 
-2.2239284960428876 0.005 0.002 0.999982059597969 9e-06 3e-05 0.9999660124381383 3e-05 0.0002 4.510870734850566 0.2 0.2 11 
-2.1358851369222007 0.001 0.0008 0.9998466016848883 4e-05 5e-05 0.9949763882160186 6e-05 8e-05 4.4441705369949345 0.1 0.1 14 
-2.13618852297465 0.003 0.001 0.999846228758494 4e-05 8e-05 0.9949740499258042 7e-05 0.0001 4.444310839970907 0.1 0.1 15 
-2.2249797630310058 0.001 0.0006 0.999968786239624 4e-06 2e-05 0.999985567331314 9e-06 3e-05 4.511817142168681 0.2 0.2 18 
-2.1361430899302163 0.003 0.0008 0.9998470111687978 4e-05 8e-05 0.994958798289299 5e-05 8e-05 4.444536789258321 0.1 0.1 19 
-2.22423508644104 0.005 0.002 0.9999836784601212 9e-06 3e-05 0.9999843925237656 1e-05 9e-05 4.511184466679891 0.2 0.2 20 
-2.2243378257751463 0.01 0.002 0.9999903215964635 9e-06 5e-05 0.9999754756689072 2e-05 0.0002 4.510859622955322 0.3 0.3 21 
-2.2250387795766193 0.002 0.0008 0.9999866298834483 4e-06 1e-05 0.9999852913618088 5e-06 2e-05 4.511633245150248 0.1 0.1 23 
-2.224862750371297 0.002 0.0009 0.9999842969576518 4e-06 1e-05 0.9999860014518102 1e-05 3e-05 4.512071045239766 0.2 0.2 24 
-2.224494609832764 0.002 0.0007 0.9999720958868662 3e-06 5e-06 0.9999862259626389 1e-05 8e-05 4.512065766652425 0.2 0.2 25 
-2.2249203077952067 0.0007 0.0004 0.9999910837411881 2e-06 2e-06 0.9999898652235667 6e-06 2e-05 4.5116619459788 0.1 0.1 26 
-2.223954350153605 0.008 0.002 0.9999834644794464 8e-06 2e-05 0.9999532634019852 3e-05 0.0002 4.511456305185954 0.2 0.2 27 
-2.2245249716440836 0.006 0.002 0.9999813361962636 9e-06 6e-05 0.9999701577425003 2e-05 0.0001 4.511487577756246 0.2 0.3 29 
-2.224868574142456 0.001 0.0007 0.9999725019931793 4e-06 1e-05 0.9999882197380066 9e-06 6e-05 4.512198335329692 0.1 0.2 30 
-2.224189421335856 0.003 0.001 0.9999756473302841 4e-06 6e-06 0.9999788977702458 2e-05 9e-05 4.51202396551768 0.2 0.2 31 
-2.2251302719116213 0.0007 0.0004 0.9999906621376673 2e-06 6e-06 0.999987623890241 6e-06 1e-05 4.511931541760762 0.1 0.1 33 
-2.2242269070943195 0.009 0.002 0.9999759821097056 1e-05 5e-05 0.9999834889173508 1e-05 9e-05 4.511530621846517 0.2 0.2 34 
-2.225216754277547 0.002 0.0009 0.9999919225772221 5e-06 1e-05 0.9999866555134456 1e-05 6e-05 4.511500463485718 0.2 0.2 35 
-2.2252979310353598 0.003 0.001 0.9999770951271058 6e-06 2e-05 0.9999884702761968 1e-05 5e-05 4.512223281860352 0.2 0.2 36 
-2.2249984900156656 0.0008 0.0003 0.9999558889865875 3e-06 4e-06 0.9999899903933207 5e-06 2e-05 4.5130504719416304 0.1 0.1 37 
-2.2247658888498942 0.003 0.001 0.9999357304970423 6e-06 1e-05 0.9999859809875489 1e-05 5e-05 4.51285182317098 0.2 0.2 38 
-2.2247659969329834 0.002 0.0009 0.9999902431170146 4e-06 9e-06 0.9999830989042918 1e-05 4e-05 4.511827073097229 0.2 0.2 39 
-2.2246659088134764 0.001 0.0006 0.9999640615781148 4e-06 7e-06 0.9999853837490081 1e-05 3e-05 4.512400728861491 0.1 0.2 40 
-2.1341523202260335 0.009 0.004 0.9998222488164902 9e-05 0.0003 0.9949829755226771 7e-05 0.0001 4.443109111785889 0.2 0.3 41 
-2.224251998265584 0.004 0.001 0.9999054465691248 8e-06 2e-05 0.9999867165088654 1e-05 8e-05 4.513195645014445 0.2 0.2 42 
-2.224253079096476 0.008 0.002 0.9999844527244568 1e-05 6e-05 0.999977287252744 2e-05 6e-05 4.510833619435628 0.2 0.2 43 
-2.2237699826558432 0.007 0.002 0.9999870081742604 1e-05 3e-05 0.9999675786495209 2e-05 0.0002 4.511093791325887 0.2 0.2 44 
-2.225241731007894 0.006 0.001 0.9999922484159469 5e-06 3e-05 0.9999844974279404 1e-05 9e-05 4.511430617968242 0.2 0.2 45 
-1.7279806105295816 0.001 0.0009 0.9950668154160182 0.0003 0.0004 0.9643571803967158 0.0005 0.0005 4.04617209593455 0.1 0.1 46 
-2.22461363474528 0.0005 0.0004 0.9999046017726262 3e-06 5e-06 0.9999876725673675 5e-06 7e-06 4.514516404469808 0.1 0.1 47 
-2.2248118273417155 0.001 0.0006 0.9999627610047658 2e-06 5e-06 0.9999861462910971 8e-06 3e-05 4.512450631459554 0.1 0.1 48 
-2.2251004632314046 0.006 0.001 0.9999882465600968 5e-06 2e-05 0.9999848572413127 1e-05 6e-05 4.51199249903361 0.2 0.2 49 
-2.1358594544728597 0.002 0.0009 0.9998394052187601 4e-05 6e-05 0.994950819214185 6e-05 0.0001 4.444294597307841 0.1 0.1 50 
-2.224867378870646 0.0009 0.0006 0.9999771747986476 3e-06 8e-06 0.9999848041931788 1e-05 3e-05 4.511678586006164 0.2 0.1 51 
-2.2242210992177327 0.005 0.002 0.9999826045831045 1e-05 4e-05 0.9999797429641087 1e-05 0.0001 4.511051330566406 0.2 0.2 52 
-2.1355196317036946 0.002 0.001 0.9998411925633749 5e-05 8e-05 0.9949774277210236 6e-05 9e-05 4.444159169197082 0.2 0.1 53 
-2.224715871810913 0.002 0.0008 0.9999831881125768 3e-06 1e-05 0.9999873437484106 8e-06 3e-05 4.511889456113179 0.2 0.2 54 
-1.7278231843312581 0.001 0.001 0.9950602674484252 0.0003 0.0004 0.9643555529912313 0.0005 0.0006 4.045888640880585 0.1 0.1 55 
-2.223703571955363 0.007 0.002 0.9999838680028915 1e-05 3e-05 0.999981721440951 2e-05 0.0002 4.510232755343119 0.2 0.2 56 
-2.2247978019714356 0.001 0.0006 0.9999740795294444 2e-06 5e-06 0.9999879852930704 8e-06 4e-05 4.511667000452677 0.1 0.1 57 
-2.225161794026693 0.0008 0.0007 0.999994289080302 3e-06 3e-05 0.9999925895531973 4e-06 3e-05 4.5117107645670576 0.1 0.1 58 
-2.224443235397339 0.003 0.0009 0.9999030741055807 6e-06 1e-05 0.9999885787566503 8e-06 0.0002 4.5147825050354005 0.2 0.2 59 
-2.2249321111043296 0.0009 0.0005 0.9999775809049606 3e-06 1e-05 0.9999877492586772 5e-06 2e-05 4.512184003194173 0.1 0.1 61 
-2.224948558807373 0.005 0.001 0.9999799990653991 5e-06 3e-05 0.9999833224217097 9e-06 0.0003 4.51186043103536 0.1 0.2 62 
-2.225035743713379 0.002 0.0008 0.9999862976868947 5e-06 1e-05 0.9999850831429163 6e-06 3e-05 4.51164363861084 0.1 0.1 63 
-2.2241723855336506 0.007 0.002 0.9999762048323949 1e-05 6e-05 0.9999820548295975 2e-05 0.0001 4.511322415669759 0.2 0.2 64 
-2.2250778738657635 0.002 0.0007 0.9999923090140025 3e-06 7e-06 0.9999912504355113 6e-06 5e-05 4.5116771221160885 0.1 0.2 65 
-2.224840621948242 0.008 0.002 0.9999889415502549 6e-06 3e-05 0.9999787125984828 2e-05 0.0001 4.511433048248291 0.2 0.2 66 
-2.2248691082000733 0.0008 0.0006 0.999989637931188 3e-06 6e-06 0.9999873894453049 9e-06 3e-05 4.511708876291911 0.2 0.2 67 
-2.2245622634887696 0.002 0.0008 0.9999579968055089 4e-06 1e-05 0.9999635420242945 2e-05 5e-05 4.512471191088358 0.1 0.1 68 
-2.224472993214925 0.002 0.0009 0.9999793229500452 4e-06 7e-06 0.9999826455116272 1e-05 6e-05 4.511567842165629 0.1 0.2 69 
-2.224619528452555 0.002 0.0008 0.9999732335408529 3e-06 5e-06 0.9999871408939361 8e-06 4e-05 4.511965667406718 0.2 0.2 70 
-2.224567486445109 0.001 0.0008 0.9999932760000229 4e-06 3e-05 0.9999837923049927 1e-05 3e-05 4.5110752503077185 0.1 0.1 71 
-2.225046345392863 0.001 0.0008 0.9999812895059585 3e-06 2e-05 0.9999875114361445 6e-06 4e-05 4.512096509933472 0.2 0.2 72 
-2.224105164210002 0.005 0.002 0.9999472777048747 1e-05 3e-05 0.9999811458587646 2e-05 6e-05 4.512112650871277 0.2 0.2 73 
-2.224087387720744 0.005 0.002 0.9999848602215449 7e-06 3e-05 0.9999525155623754 2e-05 0.0002 4.511347738901774 0.2 0.2 74 
-1.7276295534769694 0.002 0.001 0.995049413839976 0.0004 0.0005 0.964360032081604 0.0006 0.0006 4.04698675553004 0.1 0.2 75 
-2.2246675872802735 0.001 0.0005 0.999985608458519 2e-06 5e-06 0.9999829318126042 9e-06 5e-05 4.511858061154683 0.1 0.1 76 
-2.224960743586222 0.002 0.0006 0.9999824851751328 2e-06 8e-06 0.9999896581967672 8e-06 5e-05 4.511714164415995 0.2 0.2 77 
-2.2253846009572347 0.006 0.001 0.9999835634231568 5e-06 2e-05 0.9999853277206421 1e-05 0.0001 4.511240255037944 0.2 0.2 78 
-2.2247327105204264 0.002 0.001 0.9999689094225566 5e-06 2e-05 0.9999854497114817 1e-05 4e-05 4.51166603565216 0.2 0.2 79 
-2.225025291442871 0.0007 0.0004 0.9999763345718384 4e-06 7e-06 0.9999911628166834 5e-06 2e-05 4.512279319763183 0.1 0.1 80 
-1.7278706137339275 0.002 0.0007 0.9950662151972453 0.0004 0.0004 0.9643616314729054 0.0005 0.0005 4.046468149820964 0.1 0.1 81 
-2.225143299102783 0.001 0.0007 0.999968428015709 5e-06 2e-05 0.999987799723943 6e-06 3e-05 4.511804548899333 0.1 0.1 83 
-2.225128396352132 0.001 0.0008 0.9999593053261439 5e-06 2e-05 0.9999880810578664 8e-06 4e-05 4.512850656509399 0.1 0.1 84 
-2.135814739863078 0.001 0.0007 0.9998459639151891 4e-05 5e-05 0.9949752779801687 6e-05 8e-05 4.444216957092285 0.1 0.1 85 
-2.224646342595418 0.05 0.002 0.999980547229449 5e-06 9e-05 0.9999789470434188 2e-05 0.003 4.511250594456991 0.2 0.3 86 
-1.7282282002766927 0.001 0.0008 0.9950588190555573 0.0003 0.0004 0.9643699504931768 0.0004 0.0004 4.046352664629619 0.08 0.08 87 
-2.224976946512858 0.003 0.001 0.9999800902605057 6e-06 2e-05 0.9999867389599483 1e-05 9e-05 4.512035878499349 0.1 0.2 88 
-2.2250523789723715 0.0003 0.0002 0.9999847614765167 6e-07 8e-07 0.9999888503551483 3e-06 3e-06 4.51189058303833 0.1 0.1 89 
-2.2249907048543296 0.003 0.001 0.9999878525733947 4e-06 1e-05 0.9999874617656072 1e-05 6e-05 4.511790126164755 0.2 0.2 90 
-2.2248018900553386 0.001 0.0009 0.9999033615986506 6e-06 3e-05 0.9999882779518763 8e-06 3e-05 4.514345660209655 0.1 0.1 91 
-2.224937842686971 0.001 0.0005 0.999989984035492 1e-06 2e-06 0.99998921473821 5e-06 2e-05 4.511697282791138 0.1 0.1 93 
-1.7271597862243653 0.001 0.0009 0.9950694018602371 0.0003 0.0004 0.9643695090214411 0.0004 0.0004 4.049436122576395 0.1 0.1 94 
-2.225270217259725 0.0007 0.0005 0.9999877711137136 3e-06 6e-06 0.9999928690989812 3e-06 2e-05 4.511733873685201 0.1 0.1 95 
-2.135454142888387 0.004 0.002 0.9998407139380773 6e-05 0.0001 0.9949743082125981 6e-05 0.0001 4.443965137799581 0.1 0.1 96 
-2.225108092625936 0.0009 0.0007 0.9999820915857951 2e-06 9e-06 0.9999868007500966 9e-06 3e-05 4.512194318771362 0.1 0.1 98 
-2.135482139587402 0.002 0.002 0.9998412189881006 5e-05 9e-05 0.9949798713127772 6e-05 0.0001 4.444010175069173 0.2 0.1 99 
