-2.225489298502604 0.0005 0.0003 0.9999916088581086 2e-06 4e-06 0.9999865984916687 9e-06 2e-05 4.512471812566122 0.09 0.09 0 
-2.2255262502034507 0.0007 0.0004 0.9999918192625046 2e-06 4e-06 0.9999872523546219 9e-06 3e-05 4.512299520174662 0.09 0.09 1 
-2.225494174957275 0.001 0.0005 0.9999923398097356 2e-06 3e-06 0.9999855822324752 1e-05 4e-05 4.512381529808044 0.1 0.1 2 
-2.2252490584055584 2e-05 2e-05 0.9999895755449931 8e-07 7e-07 0.9999808877706527 8e-07 8e-07 4.512635033925374 0.06 0.06 3 
-2.225293003718058 0.0004 0.0003 0.9999894710381826 3e-06 4e-06 0.9999855341513951 9e-06 2e-05 4.51274847984314 0.09 0.09 4 
-2.2255052661895753 0.0004 0.0003 0.9999922273556391 2e-06 4e-06 0.9999862748384476 9e-06 2e-05 4.512498518625895 0.08 0.08 5 
-2.225434929529826 0.0005 0.0003 0.9999905135234197 2e-06 4e-06 0.9999865319331487 9e-06 2e-05 4.512704586982727 0.09 0.09 6 
-2.2253788566589354 2e-05 2e-05 0.9999919692675273 6e-07 6e-07 0.9999809245268504 8e-07 9e-07 4.5124519205093385 0.05 0.05 7 
-2.2254767354329426 0.0007 0.0004 0.9999920974175135 2e-06 3e-06 0.99998271048069 1e-05 3e-05 4.512476771672567 0.09 0.09 8 
-2.225478099187215 0.0004 0.0003 0.9999919782082239 2e-06 4e-06 0.9999865553776424 1e-05 2e-05 4.512501511573792 0.09 0.09 9 
-2.2253882471720376 0.0004 0.0003 0.9999905169010163 2e-06 4e-06 0.9999852840105693 1e-05 2e-05 4.512574915885925 0.09 0.09 10 
-2.2253652064005536 0.0006 0.0004 0.9999907277027766 2e-06 3e-06 0.9999866155783336 9e-06 3e-05 4.512682738304139 0.09 0.09 11 
-2.22554869333903 0.0005 0.0004 0.9999926133950552 2e-06 4e-06 0.9999869918823242 1e-05 3e-05 4.512478421529134 0.09 0.09 12 
-2.225520846048991 0.0005 0.0003 0.9999923827250798 2e-06 3e-06 0.9999877876043319 8e-06 2e-05 4.512485485076905 0.08 0.08 13 
-2.2252681891123456 0.0004 0.0003 0.9999887537956238 3e-06 4e-06 0.9999855323632558 9e-06 2e-05 4.512787419954936 0.09 0.09 14 
-2.225336564381917 0.0003 0.0003 0.9999901344378789 2e-06 4e-06 0.99998506406943 9e-06 2e-05 4.512824279467265 0.09 0.09 15 
-2.2255043252309163 0.0005 0.0003 0.9999913867314657 2e-06 4e-06 0.999985301097234 1e-05 2e-05 4.512588062286377 0.08 0.08 16 
-2.225296532313029 0.0003 0.0003 0.9999892801046372 3e-06 4e-06 0.9999847509463629 9e-06 2e-05 4.512859279314677 0.09 0.09 17 
-2.225554854075114 0.0005 0.0003 0.9999930334091186 2e-06 4e-06 0.9999869271119436 9e-06 2e-05 4.5123684819539385 0.08 0.08 18 
-2.225564235051473 0.0006 0.0004 0.9999928345282872 2e-06 3e-06 0.9999858033657074 1e-05 3e-05 4.512564880053202 0.08 0.09 19 
-2.2254541460673014 0.0006 0.0004 0.9999920191367467 2e-06 3e-06 0.999987112681071 9e-06 2e-05 4.512633156776428 0.08 0.08 20 
-2.2253956921895344 0.0009 0.0005 0.999991163611412 2e-06 4e-06 0.9999833808342615 1e-05 4e-05 4.512683862050374 0.1 0.1 21 
-2.2255875937143963 0.0005 0.0003 0.9999932334820429 2e-06 3e-06 0.9999876701831818 9e-06 2e-05 4.512458885510762 0.09 0.08 22 
-2.225506277084351 0.0004 0.0003 0.9999918589989344 2e-06 4e-06 0.9999860388040542 9e-06 2e-05 4.512433935801188 0.08 0.08 23 
-2.2255076217651366 0.0004 0.0003 0.9999925110737483 2e-06 4e-06 0.9999865355094274 9e-06 2e-05 4.512428531646728 0.08 0.08 24 
-2.2255859756469727 0.0005 0.0003 0.9999933501084646 2e-06 4e-06 0.9999877599875132 9e-06 2e-05 4.512344326972961 0.08 0.08 25 
-2.2253662522633872 0.0002 0.0001 0.9999919881423315 2e-06 3e-06 0.9999810173114141 8e-06 1e-05 4.512527489662171 0.07 0.07 26 
-2.2254114977518715 2e-05 2e-05 0.9999926620721817 6e-07 6e-07 0.9999812602996826 9e-07 8e-07 4.5124529377619425 0.05 0.05 27 
-2.2252634302775065 0.0005 0.0004 0.9999888730049133 3e-06 4e-06 0.9999839665492376 9e-06 2e-05 4.512755552927653 0.09 0.09 28 
-2.2252985668182372 0.0004 0.0003 0.9999894537528355 3e-06 5e-06 0.9999854816993078 9e-06 2e-05 4.5128942998250325 0.09 0.09 29 
-2.2253760051727296 0.0005 0.0003 0.9999905018011729 2e-06 3e-06 0.9999868837992351 8e-06 2e-05 4.512636558214823 0.08 0.08 30 
-2.225295162200928 2e-05 2e-05 0.9999907596906026 8e-07 8e-07 0.9999810993671417 9e-07 8e-07 4.512636922200521 0.05 0.05 31 
-2.225298055013021 0.0003 0.0003 0.9999894394477209 2e-06 4e-06 0.9999824200073878 9e-06 2e-05 4.5128304370244345 0.08 0.08 32 
-2.225465265909831 0.0004 0.0003 0.999991218249003 2e-06 4e-06 0.9999859068791072 9e-06 2e-05 4.512477957407634 0.08 0.08 33 
-2.2254061571757 0.0004 0.0003 0.9999911824862162 2e-06 4e-06 0.9999854067961375 9e-06 2e-05 4.5127316697438555 0.09 0.09 34 
-2.225564152399699 0.001 0.0006 0.9999927508831025 3e-06 1e-05 0.9999863290786744 1e-05 5e-05 4.512560482025147 0.1 0.1 35 
-2.225200284322103 0.0003 0.0003 0.9999872108300527 3e-06 4e-06 0.999984476963679 9e-06 2e-05 4.513016098340352 0.09 0.09 36 
-2.225512523651123 0.0002 0.0002 0.9999933548768362 1e-06 2e-06 0.9999836333592733 8e-06 1e-05 4.512442979812622 0.06 0.06 37 
-2.225371284484863 2e-05 2e-05 0.9999920876820882 6e-07 6e-07 0.9999801792701085 9e-07 8e-07 4.512472213109334 0.05 0.05 38 
-2.2254306252797447 0.0004 0.0003 0.9999915383259456 2e-06 4e-06 0.9999859154224395 1e-05 2e-05 4.512537590662638 0.09 0.09 39 
-2.225191322962443 2e-05 2e-05 0.9999887915452321 9e-07 1e-06 0.9999802396694819 8e-07 8e-07 4.512745703061421 0.06 0.06 40 
-2.2255516401926676 0.0006 0.0004 0.9999914666016897 2e-06 4e-06 0.9999875179926554 9e-06 2e-05 4.5124879137674965 0.09 0.09 41 
-2.2255729166666667 0.0002 0.0002 0.9999938909212748 1e-06 2e-06 0.9999810852607092 8e-06 2e-05 4.512351180712382 0.06 0.06 42 
-2.2254765319824217 0.0004 0.0003 0.9999916271368663 2e-06 4e-06 0.9999851649999618 9e-06 2e-05 4.5124222803115845 0.08 0.08 43 
-2.225035759607951 0.0005 0.0004 0.9999855722983678 3e-06 5e-06 0.9999794785181682 1e-05 2e-05 4.5129305442174275 0.09 0.09 44 
-2.2253428363800047 0.0005 0.0003 0.9999894634882609 2e-06 4e-06 0.9999854212999344 9e-06 2e-05 4.512701943715413 0.09 0.09 45 
-2.2255619843800862 0.0005 0.0003 0.9999933006366094 2e-06 3e-06 0.9999865794181824 1e-05 3e-05 4.512376062075297 0.08 0.08 46 
-2.2255115286509195 0.0005 0.0003 0.999992000857989 2e-06 4e-06 0.9999874099095662 9e-06 2e-05 4.512434738477071 0.09 0.09 47 
-2.225514472325643 0.0004 0.0003 0.9999924770991008 2e-06 4e-06 0.9999867671728134 9e-06 2e-05 4.5124337768554685 0.08 0.08 48 
-2.2253451347351074 0.0004 0.0003 0.9999901640415192 3e-06 4e-06 0.9999851143360138 1e-05 2e-05 4.512832145690918 0.09 0.09 49 
-2.2251737689971924 0.0006 0.0004 0.9999848256508509 3e-06 5e-06 0.9999805253744125 9e-06 2e-05 4.512833480834961 0.1 0.1 50 
-2.2256297874450683 0.0009 0.0004 0.9999936509132386 2e-06 3e-06 0.9999890671173731 8e-06 3e-05 4.5123677285512285 0.09 0.09 51 
-2.2253050327301027 2e-05 2e-05 0.999991142352422 7e-07 7e-07 0.9999803841114044 8e-07 8e-07 4.512542904218038 0.05 0.05 52 
-2.22535982131958 2e-05 2e-05 0.9999919472138087 6e-07 6e-07 0.9999798454840978 8e-07 8e-07 4.512450672785441 0.05 0.05 53 
-2.2253981018066407 0.0005 0.0003 0.9999906702836354 2e-06 4e-06 0.9999863668282827 9e-06 2e-05 4.51263934135437 0.08 0.08 54 
-2.225401372909546 0.0007 0.0004 0.9999898558855057 2e-06 3e-06 0.9999816918373108 1e-05 3e-05 4.513073457082113 0.09 0.09 55 
-2.225275688171387 0.0003 0.0003 0.999988543788592 3e-06 4e-06 0.9999844441811244 9e-06 2e-05 4.512859485944112 0.09 0.09 56 
-2.225531514485677 0.0004 0.0003 0.999992932677269 2e-06 4e-06 0.999987096786499 9e-06 2e-05 4.512321780522664 0.08 0.08 57 
-2.2253904819488524 0.0004 0.0003 0.9999904398123424 2e-06 4e-06 0.9999857145547867 9e-06 2e-05 4.512753628094991 0.08 0.08 58 
-2.2253490606943767 2e-05 2e-05 0.999992104768753 6e-07 6e-07 0.9999799931049347 8e-07 8e-07 4.512441177368164 0.05 0.05 59 
-2.2255307483673095 0.0004 0.0003 0.9999926159779231 2e-06 4e-06 0.9999868675072988 9e-06 2e-05 4.512498485247294 0.08 0.08 60 
-2.225455109278361 0.0004 0.0003 0.9999910479784012 2e-06 4e-06 0.9999849832057953 9e-06 2e-05 4.512670291264852 0.08 0.08 61 
-2.225345261891683 0.0004 0.0003 0.9999895505110423 3e-06 5e-06 0.9999839115142822 9e-06 2e-05 4.512824352582296 0.09 0.09 62 
-2.225445515314738 0.0004 0.0003 0.9999911506970723 2e-06 4e-06 0.9999869892994563 9e-06 2e-05 4.512603363990784 0.08 0.08 63 
-2.2254856204986573 0.0004 0.0003 0.9999912577867508 2e-06 4e-06 0.9999859380722046 9e-06 2e-05 4.512481822967529 0.08 0.08 64 
-2.22528294245402 0.0006 0.0004 0.9999887798229853 2e-06 4e-06 0.9999843575557072 8e-06 2e-05 4.512660072644551 0.09 0.09 65 
-2.2254599126180015 0.0005 0.0003 0.9999918973445893 2e-06 4e-06 0.9999869430065155 1e-05 2e-05 4.5123968474070235 0.08 0.09 66 
-2.225192454655965 0.0003 0.0003 0.9999863704045614 3e-06 4e-06 0.9999837140242259 9e-06 2e-05 4.513108579317729 0.09 0.09 67 
-2.22533616065979 0.0004 0.0003 0.9999898229042689 2e-06 4e-06 0.9999852170546849 1e-05 2e-05 4.512780305544536 0.09 0.09 68 
-2.225467561086019 0.0004 0.0003 0.9999913473924001 2e-06 4e-06 0.9999860811233521 1e-05 2e-05 4.5124810647964475 0.09 0.09 69 
-2.2253257115681966 2e-05 2e-05 0.9999918333689372 7e-07 8e-07 0.999978991150856 9e-07 8e-07 4.512516541481018 0.05 0.05 70 
-2.225283784866333 2e-05 2e-05 0.999990709622701 8e-07 7e-07 0.9999819741646448 8e-07 7e-07 4.51254813671112 0.05 0.05 71 
-2.225488437016805 0.0004 0.0003 0.999991118311882 2e-06 4e-06 0.9999867012103398 9e-06 2e-05 4.512603413263957 0.08 0.08 72 
-2.225548178354899 0.0005 0.0003 0.9999931051333746 2e-06 4e-06 0.9999874625603358 9e-06 2e-05 4.512513589859009 0.08 0.08 73 
-2.225391839345296 2e-05 2e-05 0.9999925303459167 6e-07 5e-07 0.9999764672915141 9e-07 1e-06 4.512437901496887 0.05 0.05 74 
-2.2255309422810874 0.0005 0.0003 0.9999926700194677 2e-06 4e-06 0.9999864991505941 1e-05 2e-05 4.512571762402852 0.08 0.08 75 
-2.225560681025187 0.0005 0.0003 0.9999933207035064 2e-06 4e-06 0.9999863841136296 1e-05 3e-05 4.512379941940307 0.09 0.08 76 
-2.225537382761637 0.0004 0.0003 0.9999929320812225 2e-06 3e-06 0.9999869771798452 9e-06 2e-05 4.512496713002522 0.08 0.08 77 
-2.2253278414408366 0.0005 0.0003 0.9999896601835887 2e-06 4e-06 0.9999858458836873 9e-06 2e-05 4.512750272750854 0.08 0.08 78 
-2.2254805183410644 0.0006 0.0004 0.9999911791086197 2e-06 4e-06 0.9999872996409734 8e-06 2e-05 4.512500899632772 0.09 0.09 79 
-2.2254747676849367 0.0005 0.0003 0.999991457660993 2e-06 4e-06 0.9999849047263464 1e-05 3e-05 4.512639508247376 0.09 0.09 80 
-2.225417776107788 2e-05 2e-05 0.9999928134679794 5e-07 6e-07 0.9999808311462403 9e-07 9e-07 4.512438100179036 0.05 0.05 81 
-2.2254880714416503 0.0004 0.0003 0.9999919233719508 2e-06 4e-06 0.9999868822097778 9e-06 2e-05 4.512568650245666 0.08 0.08 82 
-2.2253916200002033 2e-05 2e-05 0.9999918788671494 6e-07 5e-07 0.9999815583229065 8e-07 8e-07 4.512441240946452 0.05 0.05 83 
-2.2250816090901693 0.0004 0.0003 0.9999842057625453 3e-06 4e-06 0.9999829665819804 1e-05 2e-05 4.513063640594482 0.09 0.09 84 
-2.2253888988494874 0.0004 0.0003 0.9999905125300089 2e-06 4e-06 0.9999844507376353 9e-06 2e-05 4.51255886554718 0.08 0.08 85 
-2.2253688844045003 2e-05 2e-05 0.9999910328785578 6e-07 6e-07 0.9999764168262482 1e-06 1e-06 4.512457888921102 0.05 0.05 86 
-2.2255179023742677 0.0006 0.0004 0.9999924918015798 2e-06 3e-06 0.9999841936429341 1e-05 3e-05 4.5123997402191165 0.09 0.09 87 
-2.2252837816874185 0.0004 0.0003 0.9999890486399333 3e-06 4e-06 0.9999853201707204 9e-06 2e-05 4.5127743323644 0.09 0.09 88 
-2.2254767068227133 6e-05 5e-05 0.9999929889043172 1e-06 1e-06 0.9999823160966237 6e-06 7e-06 4.512387790679932 0.06 0.05 89 
-2.225508705774943 0.0006 0.0004 0.9999914858738581 2e-06 5e-06 0.9999867922067642 9e-06 2e-05 4.5125561014811195 0.09 0.09 90 
-2.2253519090016685 2e-05 2e-05 0.9999915550152461 6e-07 8e-07 0.9999812803665797 8e-07 8e-07 4.512517499923706 0.05 0.05 91 
-2.225546391805013 0.0005 0.0003 0.9999929944674174 2e-06 4e-06 0.9999865126609803 9e-06 2e-05 4.512308278083801 0.08 0.08 92 
-2.2253384971618653 2e-05 2e-05 0.9999911385774612 6e-07 7e-07 0.9999760526418686 9e-07 8e-07 4.512529376347859 0.05 0.05 93 
-2.2254308795928956 2e-05 1e-05 0.9999921319882075 5e-07 5e-07 0.9999808593591054 8e-07 8e-07 4.512398818333944 0.05 0.05 94 
-2.2255190976460777 0.0004 0.0003 0.9999919758240382 2e-06 4e-06 0.9999855923652649 1e-05 2e-05 4.5124276256561275 0.08 0.08 95 
-2.2254707336425783 0.0005 0.0004 0.9999924234549205 2e-06 3e-06 0.9999856730302175 1e-05 3e-05 4.512486027081807 0.09 0.09 96 
-2.2255146884918213 0.0005 0.0003 0.9999927445252736 2e-06 4e-06 0.9999869126081466 1e-05 2e-05 4.512405727704366 0.09 0.09 97 
-2.225216798782349 0.0003 0.0003 0.9999876048167546 3e-06 4e-06 0.9999849969148635 9e-06 2e-05 4.512873428662618 0.09 0.09 98 
-2.2251842053731283 0.0003 0.0002 0.9999884076913198 3e-06 5e-06 0.999981717467308 7e-06 1e-05 4.512877672513326 0.09 0.09 99 
