-2.224258664449056 0.0007 0.0006 0.9999866914749146 8e-06 1e-05 0.9999645717938741 2e-05 3e-05 4.510686564445495 0.1 0.09 50 
-2.224704392751058 0.0006 0.0005 0.9999890891710917 9e-06 1e-05 0.999970598022143 2e-05 3e-05 4.510918788909912 0.08 0.08 77 
-2.225434980392456 0.0005 0.0003 0.9999930214881897 4e-06 4e-06 0.9999896244208017 6e-06 6e-06 4.511796927452087 0.05 0.05 23 
-2.2243596998850506 0.0007 0.0006 0.9999829290310541 1e-05 1e-05 0.9999665824572245 2e-05 3e-05 4.511014041900634 0.09 0.09 57 
-2.2242599741617837 0.001 0.001 0.9999848484992981 1e-05 1e-05 0.9999784117937088 1e-05 1e-05 4.511379857063293 0.08 0.08 76 
-2.2246902052561444 0.0007 0.0006 0.9999877216418585 7e-06 9e-06 0.9999738496541977 2e-05 2e-05 4.510539032618205 0.07 0.07 32 
-2.224778610865275 0.0009 0.0008 0.9999897436300913 8e-06 9e-06 0.9999841890732447 1e-05 1e-05 4.511127854983012 0.07 0.07 81 
-2.22562993367513 0.0006 0.0005 0.9999911632140478 7e-06 7e-06 0.9999879129727681 8e-06 1e-05 4.511904702186585 0.07 0.07 36 
-2.2252225430806476 0.0005 0.0004 0.9999934385220209 3e-06 3e-06 0.9999812527497609 1e-05 1e-05 4.51167389233907 0.05 0.05 67 
-2.2245954132080077 0.0007 0.0007 0.999987458785375 1e-05 1e-05 0.9999736734231313 2e-05 2e-05 4.51069548924764 0.08 0.08 6 
-2.2246672026316325 0.0008 0.0007 0.9999888410170873 9e-06 1e-05 0.9999758332967759 2e-05 2e-05 4.51127831141154 0.08 0.08 7 
-2.2253766600290934 0.0003 0.0002 0.9999875750144323 3e-06 6e-06 0.9999768157800039 8e-06 1e-05 4.511750898361206 0.08 0.08 84 
-2.2242691930135092 0.0009 0.0008 0.9999862974882125 1e-05 1e-05 0.9999706274271012 2e-05 3e-05 4.510824433962504 0.1 0.1 71 
-2.224386119842529 0.0008 0.0007 0.9999857511123021 1e-05 1e-05 0.9999707327286402 2e-05 2e-05 4.511261494954427 0.09 0.09 11 
-2.2246877193450927 0.0008 0.0007 0.9999883176883062 1e-05 1e-05 0.9999742478132247 2e-05 2e-05 4.510988516807556 0.07 0.07 3 
-2.224745693206787 0.0006 0.0005 0.9999892828861873 9e-06 9e-06 0.9999714736143748 2e-05 3e-05 4.510974961916606 0.08 0.08 34 
-2.2247406832377115 0.0007 0.0006 0.9999894265333812 9e-06 1e-05 0.9999726043144862 2e-05 2e-05 4.51099317073822 0.08 0.07 22 
-2.2246618938446043 0.0008 0.0007 0.9999893271923065 8e-06 9e-06 0.9999793686469396 1e-05 2e-05 4.510863355000814 0.08 0.07 5 
-2.2245684401194254 0.0007 0.0006 0.9999877335627874 8e-06 9e-06 0.9999707553784053 2e-05 3e-05 4.51095025062561 0.09 0.09 39 
-2.2245823446909587 0.0007 0.0006 0.9999858043591181 9e-06 1e-05 0.9999723331133524 2e-05 2e-05 4.511333937644959 0.08 0.08 54 
