-2.2264966996510824 0.0001 5e-05 0.9999991204341253 9e-07 3e-06 0.9999987596273422 1e-06 5e-06 4.512100631395976 0.03 0.04 0 
-2.2264987818400064 0.0002 5e-05 0.9999992259343465 8e-07 2e-06 0.9999986362457275 1e-06 5e-06 4.512142663002014 0.04 0.03 1 
-2.2264940706888834 0.0002 6e-05 0.999999202688535 9e-07 3e-06 0.9999985682964325 1e-06 6e-06 4.512119978268942 0.03 0.04 2 
-2.2264930248260497 0.0002 6e-05 0.9999992018938064 9e-07 3e-06 0.9999985484282176 2e-06 7e-06 4.5120633061726885 0.03 0.04 3 
-2.226497163772583 0.0001 6e-05 0.9999992275238037 8e-07 3e-06 0.9999987385670344 1e-06 4e-06 4.5121935240427655 0.04 0.04 4 
-2.2264998467763264 0.0001 5e-05 0.9999992736180623 8e-07 2e-06 0.999998836517334 1e-06 6e-06 4.5121826394399 0.03 0.03 5 
-2.2265001900990806 0.0002 5e-05 0.9999992080529531 8e-07 2e-06 0.9999987441301346 1e-06 6e-06 4.512253977457682 0.03 0.03 6 
-2.22649720509847 0.0002 5e-05 0.9999992895126343 7e-07 3e-06 0.9999986668427785 1e-06 4e-06 4.512176559766133 0.04 0.03 7 
-2.2264956792195636 0.0002 6e-05 0.9999992354710897 9e-07 4e-06 0.9999986279010773 1e-06 7e-06 4.512155372301738 0.03 0.04 8 
-2.226495548884074 0.0001 5e-05 0.9999992165962855 9e-07 2e-06 0.9999986143906912 2e-06 6e-06 4.512233462333679 0.04 0.04 9 
-2.226500507990519 0.0001 5e-05 0.9999991516272227 8e-07 3e-06 0.9999987624088923 1e-06 5e-06 4.512130343119304 0.04 0.03 10 
-2.226498778661092 0.0002 5e-05 0.9999992499748865 9e-07 2e-06 0.9999987373749415 1e-06 5e-06 4.512213102976481 0.04 0.03 11 
-2.2264965693155925 0.0001 5e-05 0.9999991546074549 8e-07 2e-06 0.9999985814094543 1e-06 7e-06 4.512256093025208 0.03 0.03 12 
-2.22650003751119 0.0001 5e-05 0.9999992128213246 8e-07 2e-06 0.9999987673759461 1e-06 6e-06 4.512266837755839 0.04 0.03 13 
-2.226497109731038 0.0002 5e-05 0.9999992126226425 8e-07 3e-06 0.9999986485640208 1e-06 6e-06 4.512158034642537 0.03 0.03 14 
-2.226496334075928 0.0002 5e-05 0.9999992503722509 9e-07 2e-06 0.9999987351894378 1e-06 6e-06 4.51218729019165 0.04 0.03 15 
-2.2263420645395913 0.0007 0.0002 0.9999993560711543 8e-07 4e-06 0.9999927451213201 7e-06 4e-05 4.512130266825358 0.05 0.05 16 
-2.226501833597819 0.0002 5e-05 0.9999991202354431 9e-07 3e-06 0.9999989014863968 1e-06 5e-06 4.512283466657003 0.04 0.03 17 
-2.2265010420481364 0.0001 5e-05 0.9999991609652837 1e-06 3e-06 0.9999988263845444 1e-06 6e-06 4.512107671101888 0.03 0.03 18 
-2.226495615641276 0.0002 5e-05 0.9999991331497828 9e-07 3e-06 0.9999985553820928 1e-06 7e-06 4.512107526461284 0.03 0.04 19 
-2.226500123341878 0.0002 5e-05 0.9999992684523265 9e-07 2e-06 0.9999987067778905 1e-06 5e-06 4.512216914494832 0.03 0.04 20 
-2.2264929389953614 0.0002 5e-05 0.9999991416931152 1e-06 2e-06 0.9999985406796138 1e-06 7e-06 4.512184028625488 0.04 0.04 21 
-2.2264988613128662 0.0001 5e-05 0.9999991458654404 1e-06 3e-06 0.9999986732006073 1e-06 5e-06 4.512195307413737 0.03 0.04 22 
-2.2264961020151772 0.0001 6e-05 0.9999991927544276 9e-07 3e-06 0.9999987335999807 1e-06 5e-06 4.512248942057291 0.04 0.04 23 
-2.226495196024577 0.0001 6e-05 0.9999992448091507 9e-07 3e-06 0.9999985816081365 1e-06 8e-06 4.5120840915044145 0.03 0.03 24 
-2.2264945952097577 0.0002 5e-05 0.9999991989135742 9e-07 2e-06 0.9999985704819362 1e-06 7e-06 4.512195723851522 0.04 0.04 25 
-2.226493905385335 0.0002 6e-05 0.9999991703033447 9e-07 3e-06 0.9999986674388249 1e-06 7e-06 4.512141443888346 0.04 0.04 26 
-2.2264981174468996 0.0001 5e-05 0.9999992684523265 1e-06 3e-06 0.9999987590312958 1e-06 5e-06 4.512173819541931 0.03 0.03 27 
-2.2264973322550454 0.0001 5e-05 0.9999991615613302 8e-07 2e-06 0.9999987840652466 1e-06 4e-06 4.512119145393371 0.04 0.04 28 
-2.226499681472778 0.0002 5e-05 0.9999992007017136 8e-07 2e-06 0.999998986919721 1e-06 4e-06 4.512158266703287 0.03 0.04 29 
-2.2264964230855306 0.0002 5e-05 0.9999992249409357 9e-07 2e-06 0.9999986737966537 1e-06 4e-06 4.512140914599101 0.04 0.04 30 
-2.226459108988444 0.0001 9e-05 0.9999992289145787 7e-07 1e-06 0.9999985243876776 1e-06 4e-06 4.512189742724101 0.04 0.04 31 
-2.2264977296193442 0.0001 5e-05 0.9999992493788401 1e-06 3e-06 0.99999875664711 1e-06 5e-06 4.512145422299703 0.04 0.03 32 
-2.226501712799072 0.0001 5e-05 0.9999991915623347 8e-07 3e-06 0.9999988575776418 1e-06 3e-06 4.512280162175497 0.04 0.03 33 
-2.2264955298105877 0.0002 6e-05 0.9999991838137309 9e-07 3e-06 0.9999985776344935 2e-06 7e-06 4.512273933092753 0.04 0.04 34 
-2.226497122446696 0.0002 5e-05 0.9999992092450459 9e-07 2e-06 0.9999986177682877 2e-06 6e-06 4.51210705280304 0.03 0.04 35 
-2.226498991648356 0.0001 5e-05 0.9999992126226425 8e-07 3e-06 0.9999986133972804 1e-06 5e-06 4.512230841318766 0.03 0.03 36 
-2.2264978472391763 0.0001 5e-05 0.9999992010990778 9e-07 2e-06 0.999998659491539 2e-06 7e-06 4.512190101941426 0.03 0.03 37 
-2.226331949234009 0.001 0.0002 0.9999991895755133 9e-07 5e-06 0.999992658495903 7e-06 3e-05 4.512086423238118 0.05 0.05 38 
-2.226493574778239 0.0002 6e-05 0.999999138712883 1e-06 4e-06 0.9999987161159516 1e-06 4e-06 4.512227869033813 0.03 0.03 39 
-2.226498362223307 0.0002 5e-05 0.9999991198380788 9e-07 3e-06 0.9999987330039343 1e-06 4e-06 4.512097069422404 0.03 0.03 40 
-2.226498785018921 0.0002 5e-05 0.9999991703033447 8e-07 3e-06 0.9999986960490544 1e-06 7e-06 4.512207476298014 0.03 0.03 41 
-2.2265035820007326 0.0002 5e-05 0.9999992666641871 7e-07 2e-06 0.9999989680449168 1e-06 5e-06 4.512302093505859 0.03 0.03 42 
-2.2264974689483643 0.0002 5e-05 0.9999992124239604 8e-07 2e-06 0.9999987624088923 1e-06 5e-06 4.512120049794515 0.03 0.04 43 
-2.2264971001942953 0.0002 5e-05 0.9999991915623347 9e-07 2e-06 0.9999986722071965 1e-06 5e-06 4.512178301811218 0.04 0.03 44 
-2.226459223429362 0.0001 9e-05 0.9999992316961288 6e-07 1e-06 0.9999984880288442 1e-06 6e-06 4.512191699345906 0.03 0.03 45 
-2.226492411295573 0.0002 6e-05 0.9999991589784623 1e-06 2e-06 0.9999985533952713 1e-06 9e-06 4.512296792666118 0.05 0.03 46 
-2.2264992745717365 9e-05 5e-05 0.9999991911649704 8e-07 2e-06 0.9999988210201264 1e-06 4e-06 4.512131029764811 0.03 0.04 47 
-2.2264959716796877 0.0002 5e-05 0.9999991957346598 7e-07 2e-06 0.999998755455017 1e-06 7e-06 4.512147741317749 0.03 0.03 48 
-2.2264949067433677 0.0002 5e-05 0.9999991369247436 1e-06 3e-06 0.9999986910820007 2e-06 6e-06 4.512187414169311 0.04 0.04 49 
-2.226495790481567 0.0002 6e-05 0.999999165336291 8e-07 2e-06 0.9999985750516256 2e-06 5e-06 4.512178389231364 0.04 0.03 50 
-2.226502466201782 0.0001 5e-05 0.9999991438786189 7e-07 3e-06 0.9999988253911336 1e-06 4e-06 4.512148281733195 0.04 0.03 51 
-2.2264966615041097 0.0002 5e-05 0.9999991844097773 8e-07 3e-06 0.9999986908833186 1e-06 7e-06 4.512069369951884 0.03 0.04 52 
-2.2264995511372883 0.0001 6e-05 0.9999992326895396 8e-07 2e-06 0.9999987310171128 1e-06 6e-06 4.512153382301331 0.03 0.04 53 
-2.2264981587727863 0.0002 5e-05 0.9999992082516352 8e-07 3e-06 0.9999986724058787 1e-06 6e-06 4.512134874661763 0.03 0.04 54 
-2.226342856089274 0.0005 0.0002 0.9999993232885996 8e-07 3e-06 0.9999930860598882 6e-06 2e-05 4.512085541089376 0.05 0.04 55 
-2.2264996655782063 0.0001 5e-05 0.9999992261330287 8e-07 2e-06 0.9999987779060999 1e-06 5e-06 4.512214872042338 0.04 0.03 56 
-2.226491921742757 0.0001 6e-05 0.9999991295735041 1e-06 3e-06 0.9999984953800837 2e-06 6e-06 4.512134645779928 0.04 0.03 57 
-2.226499900817871 0.0001 5e-05 0.9999991073211034 1e-06 3e-06 0.9999988486369451 1e-06 7e-06 4.512205106417338 0.04 0.03 58 
-2.2265000534057617 0.0001 5e-05 0.9999992354710897 8e-07 2e-06 0.9999988408883412 1e-06 4e-06 4.512201269467671 0.03 0.03 59 
-2.2264979902903237 0.0001 5e-05 0.9999992328882218 9e-07 3e-06 0.9999987379709879 1e-06 6e-06 4.512221577962239 0.04 0.04 60 
-2.226498928070068 0.0001 5e-05 0.9999992354710897 8e-07 2e-06 0.9999987073739369 1e-06 6e-06 4.512203760147095 0.03 0.03 61 
-2.2264981079101562 0.0002 5e-05 0.9999991605679194 8e-07 3e-06 0.9999985776344935 1e-06 5e-06 4.5122763617833455 0.03 0.03 62 
-2.226496753692627 0.0001 5e-05 0.9999992406368255 9e-07 2e-06 0.999998584985733 1e-06 5e-06 4.512108483314514 0.03 0.04 63 
-2.2264940388997396 0.0001 6e-05 0.999999211827914 9e-07 2e-06 0.9999984979629517 2e-06 5e-06 4.5121841669082645 0.04 0.03 64 
-2.2264987500508626 0.0001 5e-05 0.9999990693728129 8e-07 2e-06 0.9999987240632375 1e-06 8e-06 4.512329990069071 0.04 0.03 65 
-2.2265015093485516 0.0002 5e-05 0.9999991766611735 9e-07 2e-06 0.9999988625446955 1e-06 4e-06 4.512230065663656 0.03 0.03 66 
-2.226500701904297 0.0001 5e-05 0.999999157389005 8e-07 4e-06 0.9999987969795863 1e-06 4e-06 4.512238960266114 0.03 0.03 67 
-2.2264908027648924 0.0003 6e-05 0.9999992352724075 9e-07 3e-06 0.9999984862407049 2e-06 6e-06 4.512104657491048 0.03 0.04 68 
-2.2264992014567055 0.0001 5e-05 0.9999991657336553 8e-07 3e-06 0.9999987467130025 1e-06 4e-06 4.512265067100525 0.04 0.03 69 
-2.2264948495229087 0.0002 6e-05 0.9999993499120077 7e-07 2e-06 0.9999988009532292 1e-06 5e-06 4.512109929720561 0.04 0.04 70 
-2.226499245961507 0.0001 5e-05 0.9999992223580678 9e-07 2e-06 0.9999986404180526 1e-06 6e-06 4.512149958610535 0.03 0.04 71 
-2.2264983558654787 0.0002 5e-05 0.9999991476535797 9e-07 3e-06 0.9999987749258678 1e-06 6e-06 4.512152935663859 0.03 0.03 72 
-2.226463476816813 0.0001 8e-05 0.999999287923177 8e-07 2e-06 0.9999987427393595 1e-06 4e-06 4.512178378105164 0.03 0.03 73 
-2.226500104268392 0.0001 5e-05 0.9999991567929586 8e-07 3e-06 0.9999988309542338 1e-06 4e-06 4.512146611213684 0.03 0.03 74 
-2.2264980602264406 0.0002 5e-05 0.9999992591142655 9e-07 3e-06 0.9999987355868022 1e-06 5e-06 4.512132477760315 0.04 0.03 75 
-2.2265002663930256 0.0002 5e-05 0.9999991385142009 9e-07 3e-06 0.9999988464514414 1e-06 4e-06 4.512126593589783 0.03 0.04 76 
-2.226499312718709 0.0002 5e-05 0.9999991903702418 8e-07 3e-06 0.9999987371762593 1e-06 7e-06 4.512112887700399 0.03 0.03 77 
-2.2264576721191407 0.0001 9e-05 0.9999992589155833 7e-07 2e-06 0.9999984896183014 2e-06 3e-06 4.5121573193868 0.03 0.03 78 
-2.226497608820597 0.0002 5e-05 0.9999992309014002 8e-07 2e-06 0.9999987401564916 1e-06 5e-06 4.512182165781657 0.03 0.04 80 
-2.2265004316965737 0.0001 5e-05 0.999999241232872 9e-07 2e-06 0.9999988067150116 1e-06 4e-06 4.512155372301738 0.04 0.03 81 
-2.226499319076538 0.0002 5e-05 0.9999992928902308 8e-07 2e-06 0.9999987224737803 1e-06 5e-06 4.512195337613424 0.04 0.03 82 
-2.2265087890625 8e-05 4e-05 0.9999993006388347 8e-07 2e-06 0.9999990004301071 1e-06 3e-06 4.5122581466039025 0.03 0.03 83 
-2.226498991648356 0.0001 5e-05 0.9999992034832637 8e-07 3e-06 0.9999987385670344 1e-06 7e-06 4.51215274810791 0.03 0.03 84 
-2.2264568837483725 0.0001 9e-05 0.9999991563955942 8e-07 2e-06 0.9999984971682231 1e-06 4e-06 4.51217235883077 0.03 0.02 85 
-2.2265009625752765 0.0001 5e-05 0.9999991705020269 9e-07 2e-06 0.9999988593657811 1e-06 6e-06 4.512227908770243 0.03 0.03 86 
-2.2264971764882406 0.0001 5e-05 0.9999992070595424 9e-07 2e-06 0.9999986352523168 1e-06 4e-06 4.512182455062867 0.03 0.04 87 
-2.226500825881958 0.0001 5e-05 0.9999992473920186 9e-07 2e-06 0.999998787244161 1e-06 6e-06 4.512210807800293 0.03 0.04 88 
-2.22649938583374 0.0001 5e-05 0.9999991766611735 8e-07 3e-06 0.9999987218777339 1e-06 5e-06 4.5121749464670815 0.04 0.03 89 
-2.2264961338043214 0.0002 5e-05 0.9999991299708685 9e-07 3e-06 0.9999986735979716 1e-06 9e-06 4.512196683883667 0.03 0.03 90 
-2.226497268676758 0.0001 5e-05 0.9999991961320241 9e-07 2e-06 0.9999987119436264 1e-06 5e-06 4.512106860478719 0.03 0.03 91 
-2.2264941533406577 0.0002 6e-05 0.9999990896383921 1e-06 2e-06 0.9999986712137858 1e-06 6e-06 4.512186716397603 0.04 0.03 92 
-2.2264990774790445 0.0001 5e-05 0.9999992430210114 9e-07 2e-06 0.9999987111488978 1e-06 5e-06 4.512133798599243 0.04 0.04 93 
-2.226500393549601 0.0002 5e-05 0.9999992098410925 8e-07 2e-06 0.9999988269805908 1e-06 6e-06 4.512142651875814 0.03 0.03 94 
-2.2264937369028726 0.0001 5e-05 0.9999991927544276 9e-07 2e-06 0.9999986229340235 1e-06 6e-06 4.512148019472758 0.04 0.04 95 
-2.226500851313273 0.0002 5e-05 0.9999992187817891 8e-07 3e-06 0.9999988396962484 1e-06 5e-06 4.5121581792831424 0.03 0.04 96 
-2.2265007146199545 0.0001 5e-05 0.9999992382526398 9e-07 2e-06 0.9999988319476446 1e-06 6e-06 4.5121203819910685 0.03 0.03 97 
-2.22649951616923 0.0001 5e-05 0.999999261101087 7e-07 2e-06 0.9999987032016119 1e-06 6e-06 4.512218618392945 0.03 0.03 98 
-2.226502774556478 0.0002 5e-05 0.9999992835521698 7e-07 2e-06 0.9999988782405853 1e-06 6e-06 4.512161030769348 0.03 0.03 99 
