9.199082001032366e-07 0 
-2.2246203327178957 0.002 0.001 0.9999838225046793 8e-06 2e-05 0.9999854153394699 1e-05 0.0001 4.511804315249125 0.1 0.1 1 
-2.226291370391846 0.002 0.0002 0.9999964336554209 1e-06 4e-06 0.9999984447161356 4e-07 2e-06 4.512299292882283 0.04 0.04 2 
9.199182272823236e-07 3 
-2.2252775319417317 0.002 0.0006 0.9999883049726486 7e-06 1e-05 0.9999893188476563 9e-06 2e-05 4.512054446538289 0.1 0.1 4 
-2.2261177698771157 0.002 0.0003 0.9999909959236781 2e-06 7e-06 0.9999979454278946 6e-07 3e-06 4.512453999519348 0.06 0.06 5 
9.199499800160992e-07 6 
1190.4324462890625 7 
-2.224871514638265 0.001 0.0006 0.9999738973379135 6e-06 1e-05 0.9999871095021565 1e-05 3e-05 4.5123173681894935 0.1 0.1 8 
-2.2260376834869384 0.01 0.0004 0.9999927246570587 4e-06 1e-05 0.9999977833032608 2e-06 1e-05 4.512271265983582 0.08 0.08 9 
-2.225855588912964 0.03 0.0007 0.9999940675497055 4e-06 4e-05 0.9999979794025421 1e-06 2e-05 4.5122009309132896 0.06 0.06 10 
-2.224062220255534 0.006 0.002 0.999985842903455 9e-06 3e-05 0.9999730233351389 2e-05 0.0001 4.511374009450277 0.1 0.1 11 
-2.223257548014323 0.004 0.002 0.999978968501091 1e-05 3e-05 0.9999636205037435 3e-05 8e-05 4.511174529393514 0.1 0.1 12 
-2.2261427561442058 0.01 0.0004 0.9999958477417628 3e-06 2e-05 0.9999982899427414 1e-06 1e-05 4.512222310702006 0.05 0.05 13 
-2.2247485637664797 0.002 0.0007 0.9999777656793595 6e-06 1e-05 0.9999862579504649 1e-05 3e-05 4.512070506413778 0.08 0.08 14 
-2.226173152923584 0.003 0.0003 0.9999924319982528 3e-06 6e-06 0.9999979734420776 1e-06 3e-06 4.512402067184448 0.06 0.06 15 
-2.2262510204315187 0.001 0.0001 0.9999940445025762 2e-06 2e-06 0.9999976489941279 1e-06 5e-06 4.512475190162658 0.07 0.07 16 
-2.2262748432159425 2e-05 2e-05 0.9999926280975342 7e-07 7e-07 0.9999971544742584 8e-07 7e-07 4.512449889183045 0.04 0.04 17 
9.199181363328535e-07 18 
-2.22625851949056 3e-05 3e-05 0.9999922639131547 8e-07 8e-07 0.9999973406394322 7e-07 7e-07 4.512413984934489 0.05 0.04 19 
-2.2261517524719237 0.0003 0.0002 0.9999930473168691 4e-06 7e-06 0.9999974977970123 2e-06 4e-06 4.51230012734731 0.07 0.07 20 
-2.224819361368815 0.001 0.0007 0.9999863137801488 4e-06 9e-06 0.9999852112929026 1e-05 4e-05 4.511973675092062 0.09 0.09 21 
nan 22 
-2.2252843888600666 0.001 0.0005 0.9999882926543554 4e-06 8e-06 0.9999880752960841 1e-05 3e-05 4.5120545069376625 0.08 0.08 23 
201.6742736816406 24 
-2.224591827392578 0.003 0.0009 0.9999870735406876 7e-06 1e-05 0.9999843374888102 1e-05 5e-05 4.511640625 0.1 0.1 25 
-2.226151218414307 0.007 0.0003 0.9999937218427658 3e-06 1e-05 0.9999981453021367 1e-06 7e-06 4.5123437277475995 0.07 0.07 26 
-2.226246474583944 0.0009 0.0002 0.9999930677811305 1e-06 3e-06 0.999998173515002 4e-07 9e-07 4.512433958053589 0.05 0.05 27 
9.199189435094012e-07 28 
-2.2260908285776773 0.004 0.0004 0.9999945535262426 4e-06 2e-05 0.9999982565641403 2e-06 7e-06 4.512261230150859 0.09 0.1 29 
-2.2261195882161458 0.008 0.0003 0.9999934528271357 3e-06 1e-05 0.9999975401163101 1e-06 1e-05 4.512396440505982 0.07 0.07 30 
-2.2244126097361248 0.003 0.001 0.9999887553850809 5e-06 1e-05 0.999981180826823 2e-05 6e-05 4.511460324923197 0.1 0.1 31 
438.8939453125 32 
9.199155897476885e-07 33 
-2.225001605351766 0.002 0.0006 0.9999872050682703 6e-06 1e-05 0.9999876646200816 1e-05 3e-05 4.511942200660705 0.09 0.1 34 
-2.225794305801392 0.001 0.0005 0.9999957674741745 2e-06 4e-06 0.9999946107467016 4e-06 2e-05 4.512207053502401 0.09 0.09 35 
-2.226026865641276 6e-05 8e-05 0.9999851950009664 3e-06 4e-06 0.9999972834189733 7e-07 6e-07 4.512699373563131 0.08 0.08 36 
-2.2258942890167237 0.03 0.0006 0.9999922557671865 5e-06 5e-05 0.9999976776043574 2e-06 3e-05 4.5123476966222125 0.1 0.1 37 
-2.2262575022379556 7e-05 7e-05 0.9999961674213409 6e-07 6e-07 0.9999978025754293 9e-07 1e-06 4.512244782447815 0.04 0.04 38 
-2.225014041264852 0.001 0.0006 0.9999796805779139 7e-06 1e-05 0.9999885950485865 9e-06 1e-05 4.51213951587677 0.09 0.09 39 
-2.2262023735046386 5e-05 5e-05 0.9999898358186086 9e-07 9e-07 0.9999970579147339 8e-07 7e-07 4.51247266292572 0.05 0.05 40 
-2.2243742688496906 0.01 0.002 0.999983545144399 1e-05 7e-05 0.9999742341041565 3e-05 0.0002 4.511707215309143 0.2 0.2 41 
-2.2263006210327148 3e-05 3e-05 0.9999952548742295 7e-07 8e-07 0.9999985297520956 3e-07 3e-07 4.512314739227295 0.04 0.04 42 
-2.2254707845052084 0.0009 0.0006 0.9999931506315867 4e-06 2e-05 0.9999920360247294 6e-06 2e-05 4.512189817428589 0.1 0.1 43 
-2.2259326076507566 0.0005 0.0004 0.9999948902924856 3e-06 7e-06 0.9999966601530711 2e-06 3e-05 4.51229731241862 0.1 0.1 44 
-2.2256889502207438 0.02 0.0008 0.9999873920281728 9e-06 3e-05 0.9999972961346308 2e-06 2e-05 4.512494320869446 0.1 0.1 45 
-2.2262206204732258 0.004 0.0002 0.9999933671951294 3e-06 7e-06 0.9999980980157852 9e-07 5e-06 4.512409381866455 0.06 0.07 46 
-2.224268798828125 0.005 0.001 0.9999854715665182 6e-06 1e-05 0.9999785393476486 2e-05 0.0001 4.511511408487956 0.1 0.1 47 
9.19912372410181e-07 48 
9.1990932560293e-07 49 
-2.2241158962249754 0.003 0.001 0.9999879678090413 6e-06 1e-05 0.9999773224194844 2e-05 0.0002 4.5113754590352375 0.1 0.1 50 
-2.2248060925801596 0.002 0.0007 0.9999862253665924 8e-06 1e-05 0.9999866578976313 1e-05 3e-05 4.511892066001892 0.1 0.1 51 
-2.22414085706075 0.005 0.002 0.9999876733620962 7e-06 1e-05 0.9999767287572225 2e-05 9e-05 4.511344637870788 0.2 0.2 52 
9.203390845868853e-07 53 
-2.22625150680542 0.0008 0.0002 0.999994540810585 1e-06 2e-06 0.9999982794125875 4e-07 1e-06 4.512287049293518 0.05 0.05 54 
9.194838753501245e-07 55 
-2.2243305683135985 0.003 0.001 0.999986053109169 9e-06 2e-05 0.9999762670199076 2e-05 8e-05 4.511509402592977 0.1 0.1 56 
-2.2261712455749514 0.0002 0.0002 0.9999973380565643 2e-06 3e-06 0.9999979458252589 2e-06 3e-06 4.512114496231079 0.06 0.06 57 
-2.226166763305664 0.006 0.0003 0.9999948346614838 3e-06 1e-05 0.9999979547659557 1e-06 8e-06 4.512322460810344 0.07 0.07 58 
-2.2248362795511882 0.002 0.0006 0.9999895058075587 5e-06 8e-06 0.9999878279368083 1e-05 2e-05 4.511653399467468 0.08 0.08 59 
-2.2236654790242514 0.006 0.002 0.9999810030062993 1e-05 3e-05 0.9999697405099869 3e-05 0.0001 4.511306932767233 0.2 0.2 60 
-2.226199722290039 0.0005 0.0002 0.9999945463736852 4e-06 1e-05 0.9999977473417918 2e-06 8e-06 4.512220881779989 0.09 0.09 61 
-2.226290175120036 4e-05 3e-05 0.9999962814648946 4e-07 5e-07 0.9999981037775676 2e-07 3e-07 4.512368372281393 0.05 0.05 62 
9.203383569911239e-07 63 
-2.226048679351807 0.0006 0.0003 0.9999847972393036 1e-05 3e-05 0.9999965232610702 3e-06 7e-06 4.512460864384969 0.1 0.1 64 
9.199095529766055e-07 65 
-2.226175206502279 0.0002 9e-05 0.9999908469120662 1e-06 2e-06 0.9999982023239136 7e-07 9e-07 4.512345814704895 0.06 0.06 66 
-2.2262410672505695 2e-05 2e-05 0.9999910857280095 7e-07 7e-07 0.9999976795911789 3e-07 3e-07 4.512445871035258 0.06 0.06 67 
-2.225195328394572 0.0006 0.0005 0.9999864864349365 4e-06 1e-05 0.9999927810827891 6e-06 2e-05 4.512149756749471 0.09 0.09 68 
471.3735778808594 69 
-2.226100721359253 0.001 0.0002 0.9999899905920029 2e-06 3e-06 0.9999975927670797 6e-07 9e-07 4.512548761367798 0.07 0.07 70 
9.199477176480287e-07 71 
-2.2240133094787597 0.004 0.001 0.9999828380346298 7e-06 1e-05 0.9999807051817576 2e-05 7e-05 4.51155202070872 0.1 0.1 72 
-2.2244772052764894 0.002 0.0008 0.9999815116326014 7e-06 1e-05 0.9999848107496897 1e-05 4e-05 4.5119188133875525 0.1 0.1 73 
-2.2247873655954997 0.002 0.0007 0.9999849098920822 7e-06 1e-05 0.9999860356251399 1e-05 3e-05 4.511911231676738 0.09 0.09 74 
-2.2259266662597654 0.02 0.0006 0.9999936674038569 5e-06 3e-05 0.9999977896610895 2e-06 2e-05 4.512152075767517 0.07 0.07 75 
-2.223401114145915 0.004 0.002 0.9999835626284281 1e-05 2e-05 0.9999668858448665 3e-05 0.0001 4.511086928049723 0.1 0.1 76 
9.199494115819106e-07 77 
-2.223082447052002 0.005 0.002 0.9999685806035995 1e-05 4e-05 0.9999660311142603 3e-05 0.0001 4.511260344187419 0.1 0.1 78 
409.10402221679686 79 
-2.2243836021423338 0.003 0.001 0.9999723140398661 1e-05 3e-05 0.999976949095726 2e-05 7e-05 4.5119705438613895 0.1 0.1 80 
-2.2261249192555748 0.01 0.0004 0.9999944325288137 4e-06 2e-05 0.9999980719884237 2e-06 1e-05 4.512411111195882 0.08 0.1 81 
-2.2249838225046794 0.002 0.0008 0.999970760345459 2e-05 2e-05 0.9999777489900589 2e-05 2e-05 4.512283020019531 0.1 0.1 82 
9.199139640259091e-07 83 
9.199538908433169e-07 84 
9.199578926200047e-07 85 
1018.2561645507812 86 
-2.226217501958211 0.0001 4e-05 0.9999880613883336 2e-06 2e-06 0.9999976380666097 3e-07 3e-07 4.512614075342814 0.06 0.06 87 
-2.2237533473968507 0.003 0.002 0.9999772946039835 1e-05 2e-05 0.9999685162305831 3e-05 8e-05 4.511555738449097 0.1 0.1 88 
9.199063697451493e-07 89 
-2.22624062538147 6e-05 5e-05 0.9999939648310343 5e-07 5e-07 0.9999982235829036 3e-07 2e-07 4.512346172332764 0.04 0.04 90 
-2.2235342566172283 0.004 0.002 0.9999636665980021 2e-05 4e-05 0.999968413511912 3e-05 0.0001 4.511596077283223 0.1 0.1 91 
9.199160558637232e-07 92 
-2.2262772115071616 3e-05 3e-05 0.9999947683016459 9e-07 1e-06 0.9999980529149374 5e-07 7e-07 4.512412880261739 0.05 0.05 93 
-2.224089091618856 0.005 0.002 0.9999820454915365 1e-05 3e-05 0.9999749207496643 2e-05 0.0001 4.511636776924133 0.2 0.2 94 
-2.2242236455281574 0.004 0.002 0.9999809114138285 1e-05 3e-05 0.9999751629432042 2e-05 0.0001 4.511423212687174 0.09 0.09 95 
-2.224670867919922 0.003 0.0008 0.9999880224466324 5e-06 1e-05 0.9999836069345475 1e-05 7e-05 4.5118317810694375 0.09 0.1 96 
-2.22597160021464 0.008 0.0005 0.9999918975432713 3e-06 1e-05 0.9999978836377462 1e-06 8e-06 4.512380636533101 0.08 0.08 97 
-2.225111338297526 0.0003 0.0002 0.9999923014640808 3e-06 8e-06 0.9999961696068446 2e-06 3e-06 4.511932841936747 0.08 0.08 98 
-2.226276979446411 0.001 0.0002 0.9999961483478547 1e-06 3e-06 0.9999981820583344 6e-07 2e-06 4.512318682670593 0.05 0.05 99 
-2.223795429865519 0.004 0.002 0.9999773708979288 1e-05 3e-05 0.999973321557045 2e-05 0.0001 4.511437528928121 0.1 0.1 100 
-2.226091604232788 0.06 0.0004 0.9999929304917653 5e-06 6e-05 0.9999981524546941 1e-06 4e-06 4.512449224789937 0.05 0.08 101 
-2.2260640462239585 0.0005 0.0003 0.9999856481949488 9e-06 2e-05 0.9999967094262441 3e-06 6e-06 4.512538611094157 0.1 0.1 102 
-2.2262052504221597 0.0005 0.0002 0.999993530313174 6e-06 2e-05 0.9999973398447036 2e-06 8e-06 4.51215003490448 0.1 0.09 103 
-2.226216319402059 0.002 0.0003 0.9999943206707637 4e-06 7e-06 0.9999981149037679 1e-06 4e-06 4.512318884531657 0.08 0.08 104 
9.199237297252694e-07 105 
-2.2262605381011964 0.003 0.0002 0.9999952518939972 2e-06 6e-06 0.9999982380867004 8e-07 4e-06 4.512357942263285 0.06 0.06 106 
-2.2237350781758627 0.004 0.002 0.9999870097637177 8e-06 2e-05 0.9999726452430089 2e-05 0.0001 4.511123263041179 0.1 0.1 107 
-2.224500697453817 0.003 0.001 0.9999864667654037 8e-06 1e-05 0.999982765118281 2e-05 5e-05 4.511647151311238 0.1 0.1 108 
-2.225469601949056 0.0005 0.0003 0.9999848055839539 4e-06 7e-06 0.9999924991528193 6e-06 1e-05 4.512308440208435 0.08 0.08 109 
-2.224813241958618 0.001 0.0006 0.9999884728590648 5e-06 7e-06 0.999988723397255 1e-05 1e-05 4.511756264368693 0.07 0.08 110 
-2.2250794315338136 0.004 0.001 0.9999921625852585 7e-06 2e-05 0.9999893953402837 1e-05 5e-05 4.511878523826599 0.1 0.1 111 
-2.2259824403127033 0.009 0.0005 0.9999902572234471 6e-06 2e-05 0.9999975458780924 2e-06 1e-05 4.512540950775146 0.1 0.1 112 
-2.225615339279175 0.002 0.0007 0.9999928609530131 5e-06 2e-05 0.9999920868873596 7e-06 3e-05 4.51224596341451 0.1 0.1 113 
-2.225990028381348 0.0003 0.0002 0.9999921957651774 4e-06 9e-06 0.9999961171547572 2e-06 2e-05 4.512422773043315 0.1 0.1 114 
-2.2256041622161864 0.002 0.0007 0.9999778584639232 1e-05 3e-05 0.9999858266115189 1e-05 4e-05 4.5122174564997355 0.1 0.1 115 
-2.22375807762146 0.004 0.002 0.999982579946518 9e-06 2e-05 0.9999704100688298 3e-05 0.0001 4.511293416023254 0.1 0.1 116 
-2.2262191263834636 0.002 0.0003 0.9999949405590693 4e-06 3e-05 0.9999984753131866 2e-06 6e-06 4.512105509440104 0.09 0.1 117 
-2.22621945699056 0.008 0.0003 0.999996601541837 2e-06 1e-05 0.9999984991550446 7e-07 8e-06 4.51217877070109 0.04 0.04 118 
-2.224948822657267 0.001 0.0006 0.999987553358078 6e-06 1e-05 0.9999874160687129 1e-05 2e-05 4.511929014523824 0.08 0.09 119 
9.199460919262493e-07 120 
-2.2236943944295247 0.005 0.002 0.9999851008256276 9e-06 2e-05 0.9999729879697163 3e-05 0.0001 4.511034900347392 0.2 0.2 121 
-2.2260869693756105 0.008 0.0004 0.9999898819128672 4e-06 1e-05 0.99999755859375 1e-06 8e-06 4.512500384648641 0.07 0.07 122 
-2.226245778401693 3e-05 2e-05 0.9999886272350947 1e-06 1e-06 0.9999974936246872 4e-07 7e-07 4.512614868481954 0.07 0.07 123 
-2.226157471338908 0.003 0.0003 0.9999946584304173 4e-06 2e-05 0.9999982823928197 2e-06 6e-06 4.512133070627848 0.1 0.09 124 
9.199209330290614e-07 125 
-2.2259095033009846 4e-05 4e-05 0.9999867026011149 2e-06 2e-06 0.9999969702959061 8e-07 7e-07 4.512305769920349 0.08 0.08 126 
-2.224780804316203 0.002 0.0007 0.9999862976868947 4e-06 8e-06 0.9999864983558655 1e-05 2e-05 4.511605930328369 0.07 0.07 127 
9.199686019201181e-07 128 
-2.2261458269755043 0.0006 0.0003 0.9999903976917267 7e-06 2e-05 0.9999968085686366 3e-06 1e-05 4.512259128888448 0.1 0.1 129 
-2.22601216952006 0.009 0.0004 0.999992116689682 4e-06 1e-05 0.9999976287285487 1e-06 9e-06 4.512390281359354 0.08 0.08 130 
-2.2246734937032064 0.002 0.0007 0.9999866157770156 4e-06 6e-06 0.999986984928449 1e-05 3e-05 4.511711603800456 0.07 0.07 131 
-2.225527982711792 0.001 0.0006 0.9999781717856725 1e-05 3e-05 0.9999897424379984 7e-06 2e-05 4.512128189404805 0.2 0.1 132 
-2.2250378481547037 0.0008 0.0005 0.999989928205808 4e-06 8e-06 0.9999896494547525 9e-06 2e-05 4.512029430071513 0.09 0.09 133 
-2.2242389869689942 0.004 0.001 0.9999860409895579 5e-06 1e-05 0.9999807361761729 2e-05 7e-05 4.511445008913676 0.09 0.1 134 
-2.2261852169036866 9e-05 9e-05 0.9999947448571523 9e-07 8e-07 0.9999983072280884 6e-07 8e-07 4.512287764549256 0.05 0.05 135 
9.200742169923615e-07 136 
-2.2260860856374105 0.01 0.0004 0.999996407032013 2e-06 2e-05 0.9999982219934463 2e-06 1e-05 4.5122141265869145 0.07 0.07 137 
-2.22493504524231 0.002 0.0007 0.9999823023875555 5e-06 8e-06 0.9999866064389547 1e-05 3e-05 4.5117911561330155 0.08 0.08 138 
-2.226145652135213 0.0004 0.0002 0.9999911739428838 7e-06 2e-05 0.9999974799156189 2e-06 5e-06 4.512347354888916 0.09 0.09 139 
399.306396484375 140 
-2.2262649726867676 0.001 0.0002 0.9999972869952519 1e-06 4e-06 0.9999987721443176 5e-07 1e-06 4.512175175348918 0.04 0.04 141 
-2.224473581314087 0.003 0.001 0.9999843716621399 9e-06 2e-05 0.9999789921442668 2e-05 8e-05 4.5117213249206545 0.1 0.1 142 
-2.223705593744914 0.004 0.002 0.9999781435728073 1e-05 2e-05 0.9999704859654108 3e-05 7e-05 4.51148668607076 0.1 0.1 143 
-2.2260641034444175 0.0007 0.0002 0.9999906136592229 2e-06 3e-06 0.9999973579247793 4e-07 7e-07 4.512508502006531 0.07 0.07 144 
-2.226175317764282 0.005 0.0003 0.9999935603141785 3e-06 9e-06 0.9999977741638819 1e-06 6e-06 4.51243270556132 0.07 0.07 145 
-2.2245756022135414 0.06 0.002 0.9999847722053528 1e-05 0.0001 0.9999648108084996 3e-05 0.002 4.511815735499064 0.2 0.1 146 
9.200297540701285e-07 147 
9.199299938700278e-07 148 
9.199221722155926e-07 149 
