-2.2244820181528726 8e-05 6e-05 0.9999913360675176 4e-07 3e-07 0.9999301848808925 2e-06 2e-06 4.511605618794759 0.08 0.08 1 
-2.2250437482198078 4e-05 4e-05 0.9999530975023906 3e-06 3e-06 0.9999906581640243 6e-07 1e-06 4.511025609970093 0.1 0.1 50 
-2.225623912811279 0.0004 0.0003 0.9999928677082062 1e-06 2e-06 0.9998459291458129 5e-06 6e-06 4.512166266441345 0.09 0.09 60 
-2.2242141914367677 0.001 0.0006 0.9999635616938273 6e-06 9e-06 0.9999695591131846 7e-06 8e-06 4.511866976420085 0.1 0.1 92 
-2.2255744965871176 7e-05 9e-05 0.999993100365003 9e-07 1e-06 0.999886129697164 7e-07 7e-07 4.511990834871928 0.07 0.07 29 
-2.2226953156789144 8e-05 8e-05 0.99996040503184 4e-06 4e-06 0.9999053915341695 5e-06 5e-06 4.511686668395996 0.1 0.1 5 
-2.2259746170043946 0.0004 0.0002 0.9999957690636317 2e-06 6e-06 0.9999985406796138 1e-06 3e-06 4.5120652564366655 0.05 0.05 42 
-2.2208437220255535 0.003 0.002 0.9999286325772604 1e-05 2e-05 0.9998218268156052 7e-05 0.0001 4.496368322372437 0.2 0.2 41 
-2.2240123335520425 8e-05 8e-05 0.9999782039721807 2e-06 2e-06 0.9999813630183538 9e-07 8e-07 4.5104046599070236 0.1 0.1 20 
-2.225101779301961 0.0007 0.0003 0.9999877931674321 3e-06 6e-06 0.99997434536616 8e-06 3e-05 4.511631291707356 0.1 0.1 8 
-2.22509682337443 0.0002 0.0001 0.9999812090396881 2e-06 2e-06 0.9999930113554001 3e-06 7e-06 4.511501340866089 0.09 0.09 10 
-2.222897253036499 0.003 0.002 0.9999214388926824 2e-05 3e-05 0.9998576847712198 1e-05 4e-05 4.513386826515198 0.2 0.2 71 
-2.2255122756958006 0.0004 0.0003 0.9999890987078349 1e-06 2e-06 0.9999537553389867 1e-05 2e-05 4.50632289091746 0.08 0.08 7 
-2.224613202412923 0.0006 0.0004 0.9999720470110576 4e-06 6e-06 0.9998778873682022 7e-06 9e-06 4.512004419962565 0.1 0.1 59 
-2.224207051595052 0.0003 0.0002 0.9999865915377935 2e-06 2e-06 0.9999388657013575 1e-05 1e-05 4.505657887458801 0.1 0.1 62 
-2.2219407685597736 0.0008 0.0007 0.9999486833810807 7e-06 9e-06 0.9998655352989833 2e-05 2e-05 4.504489374160767 0.2 0.2 67 
-2.2224070580800372 0.0001 0.0001 0.9999220993121465 6e-06 6e-06 0.9993308238188425 1e-05 1e-05 4.5151792955398555 0.1 0.1 12 
-2.2216038068135577 0.0001 0.0001 0.9999477791786194 5e-06 5e-06 0.9999581887324651 2e-06 2e-06 4.510535567601522 0.2 0.2 98 
-2.223804410298665 0.004 0.002 0.9999756628274917 1e-05 5e-05 0.9999133386214574 2e-05 5e-05 4.507582831382751 0.2 0.2 77 
-2.2235697396596272 0.0003 0.0002 0.9999641889333725 4e-06 4e-06 0.9997394766410191 2e-05 3e-05 4.498720056215922 0.1 0.1 84 
