-2.223104476928711 0.0005 0.0004 0.9999646222591401 7e-06 1e-05 0.9999190682172775 2e-05 2e-05 4.510544255574544 0.09 0.09 11 
-2.223939218521118 0.06 0.002 0.9998881075779597 8e-05 0.0004 0.9999718485275905 1e-05 3e-05 4.514391331672669 0.1 0.2 18 
-2.2200005785624186 0.004 0.0009 0.9999459747473399 2e-05 4e-05 0.9999960013230642 3e-06 1e-05 4.509818971951803 0.09 0.09 23 
-2.225380713144938 0.0009 0.0005 0.9999852617581685 1e-05 2e-05 0.9999433366457621 2e-05 4e-05 4.5119222609202065 0.1 0.1 29 
-2.2209103107452393 0.001 0.001 0.9999383473396302 2e-05 6e-05 0.9999453188975652 2e-05 7e-05 4.506118040084839 0.1 0.2 30 
-2.222350861231486 0.002 0.001 0.9999613906939825 2e-05 5e-05 0.99971759279569 8e-05 9e-05 4.507222336133321 0.1 0.1 31 
-2.2251737022399904 0.0009 0.0005 0.9999725085496902 1e-05 8e-05 0.9985420127709707 4e-05 0.0001 4.525115200678507 0.1 0.1 35 
-2.2204364331563315 0.03 0.003 0.9999595177173615 2e-05 0.0007 0.999971810777982 2e-05 0.0002 4.507766087849935 0.1 0.2 41 
-2.222481978734334 0.01 0.001 0.9999754865964253 1e-05 3e-05 0.9999524607261022 2e-05 0.0006 4.505377103487651 0.2 0.2 78 
-2.22573135693868 0.003 0.0006 0.9999633061885834 3e-05 0.0002 0.9999920411904653 7e-06 2e-05 4.512278161048889 0.2 0.2 88 
-2.2214321994781496 0.005 0.003 0.9999427779515584 4e-05 0.0003 0.9997946145137151 7e-05 0.0001 4.510154706637064 0.2 0.2 98 
