-2.225047206878662 0.002 0.001 0.9999753216902415 5e-06 2e-05 0.9999851063887278 1e-05 2e-05 4.512203095753987 0.1 0.1 93 
-2.225119161605835 0.002 0.0009 0.9999778616428375 5e-06 2e-05 0.9999861206610997 1e-05 2e-05 4.512095162073771 0.1 0.1 23 
-2.2251194127400717 0.002 0.001 0.9999766614039739 5e-06 2e-05 0.9999859780073166 1e-05 2e-05 4.5120372343063355 0.1 0.1 51 
-2.2251207447052 0.002 0.001 0.9999772785107295 5e-06 2e-05 0.9999856068690618 1e-05 2e-05 4.512001016934713 0.1 0.1 9 
-2.2251093673706053 0.002 0.0009 0.9999773865938186 5e-06 2e-05 0.9999858448902766 1e-05 3e-05 4.512167921066284 0.1 0.1 28 
-2.2252034950256347 0.002 0.0009 0.9999776222308476 5e-06 1e-05 0.9999865633249283 1e-05 2e-05 4.512180385589599 0.1 0.1 30 
-2.2250711727142334 0.002 0.001 0.9999751019477844 5e-06 2e-05 0.999985410173734 1e-05 2e-05 4.51227054754893 0.1 0.1 43 
-2.225119218826294 0.002 0.0009 0.9999770764509837 5e-06 2e-05 0.9999845782915752 1e-05 3e-05 4.512131287256877 0.1 0.1 99 
-2.225125099817912 0.002 0.001 0.9999775658051173 5e-06 2e-05 0.999986163576444 1e-05 2e-05 4.511981091499329 0.1 0.1 39 
-2.225162467956543 0.002 0.0009 0.9999781519174575 5e-06 2e-05 0.9999862039089202 1e-05 3e-05 4.511875754992167 0.1 0.1 25 
-2.2251069100697833 0.002 0.001 0.9999768620729447 5e-06 2e-05 0.999985601902008 1e-05 2e-05 4.512257412274678 0.1 0.1 78 
-2.2251182142893473 0.002 0.001 0.9999776353438695 5e-06 2e-05 0.9999862871567409 1e-05 2e-05 4.511908531188965 0.1 0.1 14 
-2.225149841308594 0.002 0.0009 0.9999775391817093 4e-06 2e-05 0.999985993305842 1e-05 2e-05 4.511997399330139 0.1 0.1 8 
-2.2250755564371745 0.002 0.001 0.999976421991984 5e-06 2e-05 0.9999853366613388 1e-05 2e-05 4.512209202448527 0.1 0.1 62 
-2.225111379623413 0.002 0.001 0.999977035522461 5e-06 2e-05 0.9999860394001007 1e-05 2e-05 4.511948579152425 0.1 0.1 0 
-2.225129493077596 0.002 0.001 0.9999763800700505 5e-06 2e-05 0.999986026485761 1e-05 2e-05 4.51227284749349 0.1 0.1 92 
-2.225074189503988 0.003 0.001 0.9999786478281021 5e-06 2e-05 0.999983364144961 1e-05 7e-05 4.511805740992228 0.2 0.2 29 
-2.225041694641113 0.002 0.001 0.999978652993838 5e-06 1e-05 0.9999821319182713 1e-05 4e-05 4.511903290748596 0.2 0.2 52 
-2.2250954659779865 0.002 0.001 0.999977240562439 5e-06 2e-05 0.9999854111671448 1e-05 2e-05 4.512056008974711 0.1 0.1 58 
-2.224902261098226 0.003 0.001 0.9999747101465861 6e-06 2e-05 0.9999847038586934 1e-05 3e-05 4.51219429175059 0.1 0.1 89 
