-2.2249140773500713 0.003 0.001 0.9999719113111496 2e-05 5e-05 0.999997525555747 2e-06 1e-06 4.511696645191738 0.1 0.1 46 
-2.2247104031699045 0.0009 0.0007 0.9999900070684297 4e-06 7e-06 0.9999860308000019 7e-06 1e-05 4.511521353040423 0.1 0.1 78 
-2.2240307058606827 0.005 0.002 0.9999881718839918 6e-06 2e-05 0.9999677956104278 2e-05 2e-05 4.510259483541761 0.1 0.1 17 
-2.223063611984253 0.004 0.003 0.9999790438583919 1e-05 6e-05 0.9999242840068681 4e-05 9e-05 4.505203865255628 0.2 0.2 39 
-2.2231714623314995 0.009 0.003 0.999971880870206 1e-05 9e-05 0.9999987093465669 8e-07 2e-06 4.5111590555736 0.09 0.1 66 
-2.222666982242039 0.0006 0.0006 0.9999814559306417 5e-06 7e-06 0.9999263120549066 2e-05 3e-05 4.5027412159102305 0.2 0.2 90 
-2.2226722887584143 0.001 0.0007 0.9999519556760788 1e-05 1e-05 0.9999682334916932 1e-05 3e-05 4.510768170016153 0.2 0.2 29 
-2.2228240660258702 0.01 0.003 0.9999793308121817 1e-05 3e-05 0.9999792580093656 2e-05 5e-05 4.51008620602744 0.2 0.2 88 
-2.222454684121268 0.004 0.002 0.9999726829784257 1e-05 5e-05 0.99999211451837 4e-06 8e-06 4.508555655820029 0.1 0.1 98 
-2.2245971952165875 0.004 0.001 0.9999896477375712 7e-06 4e-05 0.9999935237424714 5e-06 2e-05 4.510707242148263 0.09 0.09 83 
-2.225278241293771 0.002 0.0008 0.999990876019001 4e-06 1e-05 0.9999855835522924 1e-05 9e-05 4.511118762833732 0.1 0.1 9 
-2.225365706852504 0.003 0.001 0.9999713014279094 3e-05 9e-05 0.9999944618770055 4e-06 3e-05 4.511268876280103 0.1 0.1 75 
-2.223386025428772 0.002 0.002 0.9999616833669799 3e-05 8e-05 0.999995422576155 3e-06 3e-06 4.510269275733402 0.1 0.1 64 
-2.2245293412889753 0.005 0.002 0.9999881863594056 9e-06 4e-05 0.9999780148267746 2e-05 5e-05 4.510733996118818 0.1 0.2 72 
-2.221914795466832 0.008 0.002 0.9999848267861775 1e-05 3e-05 0.9999004029801913 3e-05 3e-05 4.5078577075685775 0.2 0.2 93 
-2.2237646784101215 0.004 0.002 0.9999760440417699 2e-05 7e-05 0.9999759442039898 2e-05 5e-05 4.511240533420017 0.2 0.2 43 
-2.2246208940233503 0.0006 0.0005 0.9999887153506279 5e-06 7e-06 0.9999724002821105 1e-05 2e-05 4.511163135937282 0.09 0.09 79 
-2.2251788003104074 0.002 0.0008 0.9999727313007627 2e-05 4e-05 0.9999770258154188 1e-05 4e-05 4.511349861962454 0.1 0.1 2 
-2.222111085483006 0.004 0.002 0.9999724058168274 1e-05 3e-05 0.9999648760472025 2e-05 3e-05 4.509387474400657 0.2 0.2 89 
-2.2246656588145663 0.004 0.002 0.9999920915280069 6e-06 1e-05 0.9999713293143682 2e-05 4e-05 4.511099033696311 0.08 0.09 48 
