-2.2254612763722736 0.001 0.0004 0.9999915208419164 2e-06 3e-06 0.9999867556492488 1e-05 4e-05 4.512424639066061 0.1 0.1 0 
-2.2255534648895265 0.003 0.0008 0.9999930389722188 4e-06 2e-05 0.9999863773584365 1e-05 0.0001 4.512081831296285 0.1 0.1 1 
-2.225474557876587 0.002 0.0009 0.999990955789884 4e-06 2e-05 0.999985025525093 1e-05 6e-05 4.512609969774882 0.1 0.1 2 
-2.225344378153483 0.002 0.0006 0.999991524219513 2e-06 2e-06 0.9999828920761744 1e-05 6e-05 4.512544496854146 0.1 0.1 3 
-2.225348008473714 0.001 0.0005 0.9999904904762904 2e-06 3e-06 0.9999859704573949 1e-05 4e-05 4.512604920069377 0.1 0.1 4 
-2.225470848083496 0.001 0.0005 0.9999911429484686 2e-06 3e-06 0.9999855850140253 1e-05 4e-05 4.512493189175924 0.1 0.1 5 
-2.2255045064290364 0.002 0.0008 0.9999920570850372 4e-06 2e-05 0.9999862076838811 1e-05 5e-05 4.51219940662384 0.1 0.1 6 
-2.2255158265431723 0.004 0.0008 0.9999925623337428 4e-06 2e-05 0.9999858599901199 1e-05 5e-05 4.512386144002279 0.1 0.1 7 
-2.225415188471476 0.001 0.0005 0.9999908496936162 2e-06 3e-06 0.999984578092893 1e-05 4e-05 4.51252916653951 0.1 0.1 8 
-2.225547507603963 0.002 0.0007 0.999992614587148 4e-06 2e-05 0.9999867153167724 1e-05 6e-05 4.51218505859375 0.1 0.1 9 
-2.2253508059183758 0.0009 0.0005 0.9999910418192546 2e-06 3e-06 0.9999790298938751 1e-05 4e-05 4.512377848625183 0.1 0.1 10 
-2.2253292496999104 0.001 0.0006 0.9999908469120662 2e-06 3e-06 0.9999853265285492 1e-05 5e-05 4.512535864512126 0.1 0.1 11 
-2.2253577868143717 0.001 0.0005 0.999991151491801 2e-06 2e-06 0.9999852820237478 1e-05 4e-05 4.512564350763957 0.1 0.1 12 
-2.225566349029541 0.002 0.0008 0.9999925104777018 4e-06 2e-05 0.999986163576444 1e-05 5e-05 4.5124059629440305 0.1 0.1 13 
-2.2255286693573 0.002 0.0008 0.9999924590190251 4e-06 2e-05 0.9999832431475322 1e-05 9e-05 4.51226509253184 0.1 0.1 14 
-2.2254256216684976 0.002 0.0005 0.9999913120269776 2e-06 3e-06 0.9999853557348252 1e-05 5e-05 4.5126506678263345 0.1 0.1 15 
-2.225444771448771 0.001 0.0005 0.9999916072686513 2e-06 3e-06 0.9999864363670349 1e-05 5e-05 4.512505057652791 0.1 0.1 16 
-2.2253981526692708 0.002 0.0006 0.9999912931521734 2e-06 4e-06 0.9999862819910049 1e-05 7e-05 4.512685810724895 0.1 0.1 17 
-2.2255139446258543 0.002 0.0005 0.9999924530585607 2e-06 3e-06 0.9999854266643524 1e-05 6e-05 4.51218265692393 0.1 0.1 18 
-2.2255593236287434 0.003 0.0008 0.999992949962616 4e-06 2e-05 0.9999854503075282 1e-05 5e-05 4.5122963285446165 0.1 0.1 19 
-2.225535643895467 0.002 0.0007 0.9999931512276331 4e-06 1e-05 0.999985214471817 1e-05 6e-05 4.512281781832377 0.1 0.1 20 
-2.22548823038737 0.002 0.0005 0.9999914801120758 2e-06 3e-06 0.9999862335125606 1e-05 6e-05 4.512299254735311 0.1 0.1 21 
-2.225314162572225 0.0009 0.0005 0.9999904145797094 2e-06 3e-06 0.9999796126286189 1e-05 4e-05 4.512555952072144 0.1 0.1 22 
-2.225497255325317 0.001 0.0007 0.9999916472037633 3e-06 1e-05 0.9999848997592926 1e-05 5e-05 4.512303414344788 0.1 0.1 23 
-2.2254296112060548 0.002 0.0005 0.999991180896759 2e-06 3e-06 0.9999861991405488 1e-05 5e-05 4.512459615071615 0.1 0.1 24 
-2.225504805246989 0.002 0.0008 0.99999205549558 4e-06 1e-05 0.9999864375591279 1e-05 7e-05 4.512280279795329 0.1 0.1 25 
-2.2255591932932535 0.003 0.0008 0.9999925406773885 4e-06 3e-05 0.9999840935071309 1e-05 5e-05 4.512198100090027 0.1 0.1 26 
-2.225544557571411 0.003 0.0008 0.999993411898613 4e-06 2e-05 0.9999846080938976 1e-05 5e-05 4.5122071599960325 0.1 0.1 27 
-2.2254575538635253 0.002 0.0008 0.9999911242723465 4e-06 2e-05 0.9999839299917221 1e-05 5e-05 4.512395002047221 0.1 0.1 28 
-2.225416078567505 0.003 0.0009 0.9999914105733235 5e-06 2e-05 0.9999827643235525 1e-05 8e-05 4.512239691416423 0.1 0.1 29 
-2.2254473908742267 0.002 0.0006 0.9999919327100119 2e-06 3e-06 0.9999860938390096 1e-05 5e-05 4.512487347920736 0.1 0.1 30 
-2.2253906027475994 0.003 0.001 0.9999907785654067 5e-06 3e-05 0.99998441974322 1e-05 7e-05 4.512789893150329 0.1 0.1 31 
-2.225254144668579 0.001 0.0005 0.9999875436226527 3e-06 4e-06 0.9999838578701019 1e-05 4e-05 4.512792126337687 0.1 0.1 32 
-2.2253946431477867 0.001 0.0005 0.9999905914068222 2e-06 4e-06 0.999985844095548 1e-05 4e-05 4.512541130383809 0.1 0.1 33 
-2.2254323132832847 0.002 0.0005 0.9999916958808899 2e-06 3e-06 0.9999861228466034 1e-05 5e-05 4.512524468104044 0.1 0.1 34 
-2.2255136998494467 0.002 0.0005 0.9999922114610672 2e-06 3e-06 0.9999849394957224 1e-05 6e-05 4.5124587392807 0.1 0.1 35 
-2.225546569824219 0.003 0.0008 0.9999931178490321 4e-06 2e-05 0.9999866163730622 1e-05 7e-05 4.512215657234192 0.1 0.1 36 
-2.2255303700764975 0.002 0.0007 0.9999926722049713 4e-06 2e-05 0.9999853734175365 1e-05 5e-05 4.512289017041525 0.1 0.1 37 
-2.225520102183024 0.003 0.0009 0.9999922694762547 4e-06 2e-05 0.99998486439387 1e-05 7e-05 4.512497676213583 0.1 0.1 38 
-2.225592641830444 0.002 0.0007 0.9999935378630956 4e-06 2e-05 0.9999867059787114 1e-05 4e-05 4.512444917360941 0.1 0.1 39 
-2.2254309113820394 0.002 0.0008 0.9999928053220113 4e-06 2e-05 0.9999818903207779 1e-05 6e-05 4.512234954833985 0.1 0.1 40 
-2.2253962675730388 0.001 0.0005 0.9999913211663564 2e-06 3e-06 0.9999852180480957 1e-05 5e-05 4.512543805440267 0.1 0.1 41 
-2.2255242093404135 0.002 0.0007 0.9999923747777939 4e-06 1e-05 0.9999855452775955 1e-05 7e-05 4.512405473391215 0.1 0.1 42 
-2.225131702423096 0.001 0.0006 0.9999859072764714 3e-06 4e-06 0.9999826868375142 1e-05 4e-05 4.51285105228424 0.1 0.1 43 
-2.225150473912557 0.001 0.0006 0.9999851862589518 3e-06 4e-06 0.9999814985195795 1e-05 4e-05 4.512884661356608 0.1 0.1 44 
-2.225336939493815 0.001 0.0005 0.9999897863467534 2e-06 3e-06 0.9999852625528971 1e-05 4e-05 4.5126943651835125 0.1 0.1 45 
-2.2255672868092855 0.003 0.0007 0.9999932326873143 4e-06 1e-05 0.999986079732577 1e-05 8e-05 4.512213597297668 0.1 0.1 46 
-2.225573771794637 0.003 0.0008 0.9999933075904847 4e-06 2e-05 0.9999864979585011 1e-05 5e-05 4.512252868016561 0.1 0.1 47 
-2.2255317815144857 0.003 0.0008 0.9999927455186843 4e-06 2e-05 0.9999835022290547 1e-05 6e-05 4.512378443082174 0.1 0.1 48 
-2.2254547182718913 0.002 0.0007 0.9999913728237152 4e-06 1e-05 0.9999851367870967 1e-05 8e-05 4.512459979057312 0.1 0.1 49 
-2.225268980662028 0.001 0.0005 0.9999888801574707 2e-06 4e-06 0.9999849005540212 1e-05 4e-05 4.5128813648223876 0.1 0.1 50 
-2.2255196444193523 0.004 0.0009 0.9999929765860239 4e-06 2e-05 0.9999858200550079 1e-05 6e-05 4.512466907501221 0.1 0.1 51 
-2.225450636545817 0.001 0.0005 0.9999923549095789 2e-06 3e-06 0.9999861178795496 1e-05 5e-05 4.512331188519796 0.1 0.1 52 
-2.225469853083293 0.001 0.0005 0.9999930109580358 1e-06 2e-06 0.9999831332763036 1e-05 5e-05 4.512287710507711 0.1 0.1 53 
-2.225570217768351 0.003 0.0008 0.9999928933382034 4e-06 2e-05 0.9999856756130854 1e-05 5e-05 4.512184611956278 0.1 0.1 54 
-2.2254394753774007 0.003 0.0009 0.999992161989212 4e-06 2e-05 0.9999845816691717 1e-05 6e-05 4.512514675458272 0.1 0.1 55 
-2.2255858771006265 0.002 0.0007 0.9999932010968526 3e-06 1e-05 0.9999853326876958 1e-05 5e-05 4.512373127937317 0.1 0.1 56 
-2.22546737353007 0.001 0.0005 0.9999917328357697 2e-06 3e-06 0.9999853287140529 1e-05 4e-05 4.512401839892069 0.1 0.1 57 
-2.2255274295806884 0.002 0.0007 0.9999921333789825 4e-06 1e-05 0.9999856638908386 1e-05 7e-05 4.512457966804504 0.1 0.1 58 
-2.2254974746704104 0.003 0.0008 0.9999927053848903 4e-06 1e-05 0.9999851546684901 1e-05 7e-05 4.5124184513092045 0.1 0.1 59 
-2.2252760251363117 0.001 0.0006 0.999989213347435 2e-06 4e-06 0.9999825565020243 1e-05 4e-05 4.51284861723582 0.1 0.1 60 
-2.2253822231292726 0.001 0.0005 0.9999908836682637 2e-06 4e-06 0.9999832487106324 1e-05 4e-05 4.5123807779947915 0.1 0.1 61 
-2.225528656641642 0.002 0.0005 0.999992412130038 2e-06 3e-06 0.9999866459767024 1e-05 7e-05 4.512272663116455 0.1 0.1 62 
-2.225526107152303 0.002 0.0007 0.9999923690160115 4e-06 1e-05 0.9999857366085052 1e-05 5e-05 4.512417600949605 0.1 0.1 63 
-2.2253163782755534 0.001 0.0005 0.9999901781479518 2e-06 4e-06 0.9999848616123199 1e-05 4e-05 4.51263462861379 0.1 0.1 64 
-2.225406068166097 0.002 0.0005 0.9999911779165268 2e-06 3e-06 0.9999853384494781 1e-05 5e-05 4.5124171431859335 0.1 0.1 65 
-2.2254274781545003 0.002 0.0005 0.9999912548065185 2e-06 4e-06 0.999986565709114 1e-05 6e-05 4.512411692937215 0.1 0.1 66 
-2.225364007949829 0.0009 0.0005 0.9999905584255854 2e-06 4e-06 0.9999835294485092 1e-05 4e-05 4.5126678164800005 0.1 0.1 67 
-2.2252310498555503 0.0007 0.0005 0.9999870628118515 3e-06 5e-06 0.9999830909570058 1e-05 3e-05 4.512918383280436 0.1 0.1 68 
-2.225550978978475 0.002 0.0007 0.9999927987655004 4e-06 1e-05 0.9999859442313512 1e-05 6e-05 4.5123460531234745 0.1 0.1 69 
-2.225413840611776 0.002 0.0005 0.9999908743302027 2e-06 4e-06 0.9999857801198959 1e-05 6e-05 4.512427191734314 0.1 0.1 70 
-2.2253494930267332 0.002 0.0006 0.9999901179472606 2e-06 3e-06 0.9999858665466309 1e-05 6e-05 4.512498483657837 0.1 0.1 71 
-2.225523977279663 0.002 0.0007 0.9999924743175507 4e-06 1e-05 0.9999851753314336 1e-05 5e-05 4.512301330566406 0.1 0.1 72 
-2.2255537446339924 0.002 0.0007 0.9999927163124085 4e-06 2e-05 0.9999854401747386 1e-05 5e-05 4.5123436625798545 0.1 0.1 73 
-2.2255249309539793 0.002 0.0008 0.9999929149945577 4e-06 2e-05 0.9999862337112426 1e-05 5e-05 4.512444914182027 0.1 0.1 74 
-2.225481627782186 0.002 0.0005 0.999992030262947 2e-06 3e-06 0.9999858323733012 1e-05 6e-05 4.512348589897155 0.1 0.1 75 
-2.2254456520080566 0.003 0.0009 0.9999921270211538 4e-06 2e-05 0.9999846577644348 1e-05 7e-05 4.51249384244283 0.1 0.1 76 
-2.225543565750122 0.003 0.0008 0.9999931865930557 4e-06 2e-05 0.9999863092104594 1e-05 4e-05 4.51216868241628 0.1 0.1 77 
-2.2253691641489666 0.002 0.0005 0.9999912230173746 2e-06 3e-06 0.9999850304921468 1e-05 5e-05 4.512606104214986 0.1 0.1 78 
-2.2254790687561035 0.004 0.0009 0.9999908260504404 5e-06 3e-05 0.9999849861860275 1e-05 5e-05 4.512348283131917 0.1 0.1 79 
-2.2254904619852702 0.003 0.0009 0.9999923662344614 4e-06 2e-05 0.999985977212588 1e-05 6e-05 4.512248457272848 0.1 0.1 80 
-2.225356651941935 0.0007 0.0004 0.9999915778636932 2e-06 3e-06 0.9999815618991852 1e-05 3e-05 4.512467306454976 0.09 0.09 81 
-2.2254474194844565 0.001 0.0005 0.9999912830193838 2e-06 3e-06 0.999983143011729 1e-05 4e-05 4.512387429873149 0.1 0.1 82 
-2.2251997725168864 0.0008 0.0005 0.9999868963162104 3e-06 4e-06 0.9999842141071955 1e-05 3e-05 4.513018067677816 0.1 0.1 83 
-2.225269889831543 0.001 0.0005 0.9999894160032272 3e-06 4e-06 0.999984184106191 1e-05 4e-05 4.512594518661499 0.1 0.1 84 
-2.2255379136403404 0.003 0.0008 0.999992449482282 4e-06 2e-05 0.9999856696526209 1e-05 6e-05 4.512310167948405 0.1 0.1 85 
-2.2256134382883705 0.001 0.0006 0.9999933842817942 3e-06 9e-06 0.9999868754545848 1e-05 5e-05 4.512491569519043 0.1 0.1 86 
-2.225406732559204 0.004 0.0009 0.9999915679295858 4e-06 2e-05 0.9999848355849584 1e-05 4e-05 4.512419953346252 0.1 0.1 87 
-2.225518198013306 0.003 0.0008 0.9999925887584686 4e-06 2e-05 0.9999841660261154 1e-05 8e-05 4.512540397644043 0.1 0.1 88 
-2.2254883289337157 0.003 0.0008 0.9999915126959483 4e-06 2e-05 0.9999849816163381 1e-05 7e-05 4.512436292966207 0.1 0.1 89 
-2.2254383913675944 0.001 0.0005 0.9999917618433635 2e-06 3e-06 0.999985573887825 1e-05 4e-05 4.51261403242747 0.1 0.1 90 
-2.2253321488698323 0.001 0.0006 0.9999899971485138 2e-06 4e-06 0.9999850801626842 1e-05 4e-05 4.512466405232748 0.1 0.1 91 
-2.2255158869425458 0.001 0.0005 0.9999922247727712 2e-06 2e-06 0.9999846315383911 1e-05 5e-05 4.512349406878154 0.1 0.1 92 
-2.2253378423055015 0.0004 0.0003 0.999991218249003 2e-06 3e-06 0.9999818553527197 1e-05 2e-05 4.512627107302348 0.08 0.08 93 
-2.2252511183420816 0.001 0.0005 0.9999881341060003 3e-06 4e-06 0.9999835405747096 1e-05 4e-05 4.512694255510966 0.1 0.1 94 
-2.2254786777496336 0.002 0.0008 0.9999917342265447 4e-06 2e-05 0.9999860785404842 1e-05 5e-05 4.51251279036204 0.1 0.1 95 
-2.225416762034098 0.002 0.0008 0.999991999467214 4e-06 1e-05 0.9999812455972036 1e-05 8e-05 4.5124755954742435 0.1 0.1 96 
-2.2252397632598875 0.002 0.0006 0.9999876014391581 2e-06 4e-06 0.9999791540702184 1e-05 6e-05 4.512685912450155 0.1 0.1 97 
-2.225187514623006 0.0006 0.0004 0.9999867715438207 3e-06 5e-06 0.9999742774168651 1e-05 3e-05 4.5130114126205445 0.1 0.1 98 
-2.2253753821055096 0.001 0.0005 0.9999917278687159 2e-06 3e-06 0.9999820148944855 1e-05 5e-05 4.512486371994019 0.1 0.1 99 
-2.2253799629211426 0.0009 0.0005 0.9999911055962245 2e-06 4e-06 0.9999855488538743 1e-05 3e-05 4.5124848222732545 0.1 0.1 100 
-2.2254696051279703 0.002 0.0005 0.9999914429585139 2e-06 3e-06 0.9999843345085779 1e-05 5e-05 4.512599198023478 0.1 0.1 101 
-2.2254042339324953 0.002 0.0008 0.9999917161464691 4e-06 2e-05 0.999979495604833 1e-05 9e-05 4.512413527170817 0.1 0.1 102 
-2.2255444208780926 0.002 0.0007 0.9999926173686982 4e-06 2e-05 0.999986179471016 1e-05 5e-05 4.512351469993591 0.1 0.1 103 
-2.2253504371643067 0.001 0.0005 0.999990217089653 2e-06 3e-06 0.999985507329305 1e-05 4e-05 4.512585773468017 0.1 0.1 104 
-2.2255227851867674 0.003 0.0008 0.9999926614761353 4e-06 2e-05 0.9999859845638275 1e-05 7e-05 4.512326432863872 0.1 0.1 105 
-2.225278876622518 0.001 0.0005 0.9999881205956141 2e-06 3e-06 0.999983899195989 1e-05 4e-05 4.512768383026123 0.1 0.1 106 
-2.2254044500986736 0.0006 0.0004 0.9999925363063812 2e-06 3e-06 0.9999808464447657 1e-05 3e-05 4.512306785583496 0.09 0.09 107 
-2.225532439549764 0.002 0.0007 0.9999926795562109 4e-06 2e-05 0.9999850314855575 1e-05 7e-05 4.512304503122966 0.1 0.1 108 
-2.225547202428182 0.004 0.0008 0.9999924012025198 4e-06 2e-05 0.99998568157355 1e-05 6e-05 4.512401151657104 0.1 0.1 109 
-2.225526431401571 0.002 0.0008 0.9999920998016993 4e-06 2e-05 0.9999851049979528 1e-05 5e-05 4.512424176534017 0.1 0.1 110 
-2.225562782287598 0.003 0.0007 0.9999934264024098 4e-06 2e-05 0.9999853203694026 1e-05 8e-05 4.512542606989543 0.1 0.1 111 
-2.225087798436483 0.0002 0.0002 0.9999858528375626 2e-06 3e-06 0.9999700033664704 9e-06 1e-05 4.513072139422099 0.08 0.08 112 
-2.2255467637379964 0.003 0.0008 0.9999929197629293 4e-06 2e-05 0.9999861067533493 1e-05 4e-05 4.51239787419637 0.1 0.1 113 
-2.2255772177378335 0.002 0.0007 0.9999929354588191 4e-06 1e-05 0.9999854962031046 1e-05 5e-05 4.512249746322632 0.1 0.1 114 
-2.2255754057566324 0.002 0.0007 0.9999933731555939 4e-06 2e-05 0.9999864836533864 1e-05 5e-05 4.512205651601156 0.1 0.1 115 
-2.2254194513956707 0.001 0.0005 0.9999913668632507 2e-06 2e-06 0.9999853326876958 1e-05 4e-05 4.51241770585378 0.1 0.1 116 
-2.2256000423431397 0.001 0.0006 0.9999934031565985 3e-06 1e-05 0.99998599310716 1e-05 4e-05 4.512315963109335 0.1 0.1 117 
-2.2255423641204835 0.001 0.0007 0.9999922521909078 3e-06 1e-05 0.9999853730201721 1e-05 5e-05 4.512409920692444 0.1 0.1 118 
-2.2255705483754475 0.002 0.0007 0.9999928694963455 4e-06 2e-05 0.999985951979955 1e-05 5e-05 4.512184453010559 0.1 0.1 119 
-2.2254585615793863 0.002 0.0005 0.9999918115139007 2e-06 2e-06 0.9999856193860371 1e-05 6e-05 4.512422625223795 0.1 0.1 120 
-2.2255071512858073 0.002 0.0005 0.9999920457601548 2e-06 2e-06 0.9999845423301061 1e-05 6e-05 4.512561049461365 0.1 0.1 121 
-2.2252770837148033 0.0007 0.0005 0.9999888787666956 3e-06 5e-06 0.9999843851725261 1e-05 3e-05 4.512845010757446 0.1 0.1 122 
-2.225348501205444 0.001 0.0005 0.9999899526437124 2e-06 4e-06 0.9999844239155451 1e-05 4e-05 4.512586015065511 0.1 0.1 123 
-2.225412441889445 0.0009 0.0005 0.9999911997715633 2e-06 4e-06 0.9999854898452759 1e-05 4e-05 4.512462062835693 0.1 0.1 124 
-2.2255251185099283 0.002 0.0008 0.9999926737944285 4e-06 2e-05 0.9999842451016108 1e-05 5e-05 4.512418848673502 0.1 0.1 125 
-2.225420115788778 0.001 0.0005 0.9999911681811015 2e-06 3e-06 0.9999860886732738 1e-05 4e-05 4.512450496355693 0.1 0.1 126 
-2.2254012743632 0.0004 0.0003 0.9999915534257888 2e-06 4e-06 0.9999814790487289 1e-05 2e-05 4.512453260421753 0.08 0.08 127 
-2.2255022144317627 0.001 0.0007 0.9999927860498429 3e-06 1e-05 0.9999824452400208 1e-05 7e-05 4.512273449897766 0.1 0.1 128 
-2.2253103065490722 0.0008 0.0005 0.9999895729621251 2e-06 4e-06 0.9999828525384267 1e-05 3e-05 4.512795575459799 0.1 0.1 129 
-2.225597257614136 0.003 0.0008 0.9999928996960322 4e-06 2e-05 0.9999863560994466 1e-05 6e-05 4.512238090833028 0.1 0.1 130 
-2.225551783243815 0.003 0.0007 0.999992006222407 4e-06 2e-05 0.9999847189585368 1e-05 4e-05 4.512115381558736 0.1 0.1 131 
-2.22550537109375 0.002 0.0005 0.9999922335147857 2e-06 2e-06 0.9999860004583995 1e-05 6e-05 4.512168933550517 0.1 0.1 132 
-2.2254512214660647 0.004 0.0009 0.9999919293324152 5e-06 3e-05 0.9999851214885712 1e-05 6e-05 4.5124633614222205 0.1 0.1 133 
-2.2254580624898277 0.003 0.0008 0.9999906382958095 4e-06 2e-05 0.9999852275848389 1e-05 7e-05 4.5122136243184405 0.1 0.1 134 
-2.225506626764933 0.002 0.0007 0.9999915941556294 4e-06 1e-05 0.9999859813849131 1e-05 6e-05 4.512424372037252 0.1 0.1 135 
-2.2254715983072915 0.001 0.0005 0.9999908838669459 2e-06 3e-06 0.9999855709075928 1e-05 5e-05 4.5124567079544065 0.1 0.1 136 
-2.2255383078257243 0.003 0.0008 0.9999931798378626 4e-06 2e-05 0.9999853118260702 1e-05 6e-05 4.512309109369914 0.1 0.1 137 
-2.2254824193318683 0.002 0.0008 0.9999923390150071 4e-06 1e-05 0.999985410173734 1e-05 9e-05 4.512480614980062 0.1 0.1 138 
-2.2251755523681642 0.0007 0.0005 0.9999876793225606 3e-06 5e-06 0.9999844344456991 1e-05 3e-05 4.5128502861658735 0.1 0.1 139 
-2.225470034281413 0.001 0.0005 0.9999917078018189 2e-06 3e-06 0.9999863602717718 1e-05 5e-05 4.51238151550293 0.1 0.1 140 
-2.2252659161885577 0.0009 0.0005 0.9999889781077703 3e-06 5e-06 0.9999844336509705 1e-05 4e-05 4.5126062790552774 0.1 0.1 141 
-2.225299186706543 0.001 0.0005 0.9999892423550288 2e-06 3e-06 0.9999839870134989 1e-05 4e-05 4.512580218315125 0.1 0.1 142 
-2.2255250803629556 0.002 0.0008 0.9999920849005381 4e-06 3e-05 0.9999847668409347 1e-05 6e-05 4.512484978040059 0.1 0.1 143 
-2.225543540318807 0.003 0.0008 0.9999927405516307 4e-06 2e-05 0.9999853990475337 1e-05 6e-05 4.512521861394246 0.1 0.1 144 
-2.2255486710866292 0.002 0.0007 0.9999932541449865 4e-06 1e-05 0.9999859764178594 1e-05 7e-05 4.512289633750916 0.1 0.1 145 
-2.225329246520996 0.002 0.0006 0.9999896186590195 2e-06 3e-06 0.9999849845965704 1e-05 6e-05 4.512461539904277 0.1 0.1 146 
-2.225567092895508 0.002 0.0007 0.9999927695592244 4e-06 2e-05 0.9999866563081742 1e-05 6e-05 4.512018480300903 0.1 0.1 147 
-2.2254527632395424 0.001 0.0005 0.9999927745262782 2e-06 2e-06 0.9999819020430247 1e-05 5e-05 4.512287263870239 0.1 0.1 148 
-2.225525811513265 0.001 0.0004 0.9999928085009256 2e-06 3e-06 0.9999879612525304 1e-05 4e-05 4.512455215454102 0.1 0.1 149 
