-0.3880091428756714 0.0005 0.0005 0.8193493570600238 0.008 0.008 0.9839131338255745 0.002 0.002 2.410473190035139 0.07 0.07 25 
-2.216075873374939 0.002 0.002 0.9999356035675321 7e-06 8e-06 0.9999255295310702 2e-05 5e-05 4.5015918220792495 0.3 0.4 14 
-2.209629958016532 4e-05 8e-05 0.9999601728149823 5e-06 5e-06 0.9991868791835649 1e-05 1e-05 4.499720868042537 0.1 0.1 16 
-2.212254878452846 0.002 0.002 0.9993625904832567 0.0001 0.0001 0.9998170729194369 5e-06 6e-06 4.5131125978061135 0.2 0.2 92 
-2.2200320414134436 0.0005 0.0006 0.9999456820743424 9e-06 9e-06 0.9985234362738473 4e-05 5e-05 4.519521297727312 0.2 0.2 96 
-2.2221751519611903 0.0007 0.0004 0.9999673249466079 5e-06 5e-06 0.999950620319162 8e-06 1e-05 4.509247882025583 0.1 0.1 86 
-2.214310271399362 0.0002 0.0002 0.9999507525137492 2e-06 3e-07 0.9997703828981944 4e-07 5e-07 4.508279519421714 0.08 0.08 82 
-2.219738190514701 0.007 0.004 0.9997951909899712 0.0001 0.0002 0.9999925211071968 3e-06 4e-06 4.5117203167506625 0.2 0.2 80 
-2.2237692356109617 0.007 0.002 0.999973948087011 1e-05 5e-05 0.9999815372484071 1e-05 6e-05 4.510647138527461 0.2 0.2 93 
-2.217862561770848 0.001 0.001 0.9998672012771879 3e-05 3e-05 0.9995270390595709 1e-05 4e-05 4.509782571452004 0.2 0.2 15 
-2.223960372379848 0.005 0.001 0.9999758958816528 1e-05 9e-05 0.9999760434031486 2e-05 5e-05 4.509453305176327 0.2 0.2 98 
-2.218099457877023 0.0008 0.0005 0.9999499625393322 5e-06 5e-06 0.9999071487358638 3e-06 3e-06 4.504893040657043 0.2 0.2 72 
-2.221146961620876 0.001 0.0006 0.9999699305210795 8e-06 9e-06 0.9998976219977651 1e-05 7e-05 4.508871625150953 0.2 0.2 101 
-2.2219016143253874 0.0002 0.0002 0.9999526151588984 9e-06 9e-06 0.9985595637134144 2e-05 2e-05 4.527085932663509 0.2 0.2 2 
-2.215894307409014 0.05 0.01 0.9998075268098287 0.0002 0.0005 0.9999756721513612 2e-05 8e-05 4.5044300207069945 0.3 0.5 49 
-2.2228013924189978 0.006 0.002 0.9999726476413863 1e-05 4e-05 0.9999247082642146 4e-05 9e-05 4.507643752438682 0.3 0.3 68 
-0.3901433433805193 0.0009 0.0005 0.8195986943585533 0.008 0.008 0.9840013406106404 0.0007 0.0007 2.4178420432976315 0.09 0.09 27 
-2.2234182596206664 0.002 0.001 0.9999742524964469 8e-06 8e-06 0.9999858969024249 5e-06 5e-06 4.511860411507743 0.1 0.1 36 
-2.2190021548952377 0.0003 0.0004 0.9998967287795885 2e-05 1e-05 0.9994003242680005 4e-06 4e-06 4.512734859330314 0.2 0.2 4 
-2.217255575316293 0.001 0.0008 0.9998430220144136 3e-05 2e-05 0.9998819380998611 2e-05 4e-05 4.501850693566459 0.2 0.2 23 
-2.2213419130870276 0.001 0.001 0.9999253622123173 2e-05 2e-05 0.9999774926475116 4e-06 2e-06 4.510223683289119 0.2 0.2 47 
-2.206816666466849 0.005 0.003 0.9996025813477379 9e-05 0.0001 0.9999736204743386 1e-05 7e-05 4.507723592008863 0.4 0.4 76 
-2.2220401559557232 0.0003 0.0002 0.9999671880687986 5e-06 6e-06 0.9999308562704495 4e-06 4e-06 4.508733415603638 0.2 0.2 46 
-2.2118785449436733 0.02 0.01 0.9999071821570397 4e-05 6e-05 0.9998743461711066 3e-05 4e-05 4.5058855925287515 0.07 0.08 29 
-2.222626444271633 0.005 0.003 0.999948456457683 2e-05 9e-05 0.9999663693564279 2e-05 3e-05 4.508070460387638 0.2 0.3 62 
-2.213363879067557 0.002 0.002 0.9999317935534886 2e-05 3e-05 0.9999200273837362 5e-05 0.0001 4.498825063024248 0.2 0.2 97 
-2.223248870032174 0.005 0.002 0.9999762339251382 1e-05 4e-05 0.999977339378425 2e-05 6e-05 4.50934111901692 0.2 0.2 84 
-2.20878917830331 0.005 0.002 0.999955583683082 1e-05 2e-05 0.9991831775222506 3e-05 6e-05 4.492592370510101 0.2 0.2 83 
-2.1988794463021413 0.003 0.002 0.9999069654515811 1e-05 2e-05 0.9991326981357166 2e-05 3e-05 4.488965703759875 0.4 0.4 34 
-2.204106787272862 0.01 0.005 0.9999395161867142 3e-05 0.0002 0.9990211955138615 0.0001 0.0002 4.482797033446175 0.3 0.3 11 
-0.3908891899245126 5e-05 6e-05 0.8196548295872552 0.0002 0.0002 0.9840789554374558 0.0005 0.0005 2.418636837175914 0.06 0.06 32 
-2.223006875174386 0.0002 0.0002 0.9999646188957351 8e-06 3e-06 0.9999435607876096 4e-06 4e-06 4.5083048616136825 0.1 0.1 20 
-2.2224528959819247 0.001 0.001 0.9999624071376664 1e-05 1e-05 0.9998801735895021 1e-05 1e-05 4.509719548906599 0.2 0.2 45 
-2.220845590318952 0.0007 0.0006 0.9999771009598459 6e-06 6e-06 0.9997394570282527 8e-05 9e-05 4.48762463586671 0.2 0.2 3 
-2.2228334665298464 0.001 0.0007 0.9999782366412027 5e-06 5e-06 0.9999468545828547 1e-05 1e-05 4.5061116865703035 0.1 0.1 28 
-2.2127658843994142 0.003 0.002 0.9998637382473264 2e-05 1e-05 0.9999401394809996 3e-05 3e-05 4.502385870047978 0.4 0.4 79 
-2.2196975878306797 0.01 0.004 0.9999564145292554 2e-05 2e-05 0.9998218498059681 0.0001 0.0002 4.503624905858721 0.3 0.3 1 
-2.2117446967533656 0.003 0.002 0.9997281202248165 6e-05 8e-05 0.9984384672982353 4e-05 7e-05 4.50361795766013 0.3 0.3 113 
-2.223668122291565 0.005 0.002 0.9999629061136927 2e-05 2e-05 0.9999844046575682 1e-05 2e-05 4.511359460013253 0.3 0.3 165 
-2.2149694510868616 0.0005 0.0005 0.9997781219226973 4e-05 5e-05 0.9999607090439115 5e-06 4e-06 4.508992847374508 0.2 0.2 185 
-2.220151322228568 0.003 0.002 0.9999788825001036 5e-06 7e-06 0.9996957776801927 0.0001 0.0002 4.482309797831944 0.3 0.3 164 
-2.2092643635613576 0.001 0.0009 0.9998169007045882 2e-05 1e-05 0.9984881120068686 6e-05 8e-05 4.512539950438908 0.2 0.2 183 
-2.2120883362633843 0.0008 0.0006 0.9999244023646627 1e-05 1e-05 0.9999352301870074 6e-06 7e-06 4.498386355808803 0.1 0.1 194 
-2.206027068410601 0.002 0.002 0.9999187131013189 1e-05 3e-05 0.9990350323063987 5e-05 7e-05 4.495629307201931 0.2 0.2 118 
-2.2239531074251446 0.0007 0.0005 0.9999750118170466 6e-06 7e-06 0.9999894218785422 6e-06 2e-05 4.5122434258460995 0.1 0.1 196 
-2.2141691514423916 0.009 0.003 0.9999305258904184 4e-05 0.0002 0.9999629376190049 2e-05 4e-05 4.5046948773520334 0.2 0.2 107 
-2.21967385496412 0.01 0.004 0.9998708435467312 6e-05 0.0002 0.9985584874238287 3e-05 5e-05 4.522642804895129 0.2 0.2 127 
-2.2155143771852766 0.008 0.004 0.9997949725815228 5e-05 8e-05 0.9998999291232654 7e-05 0.0001 4.508953433377402 0.3 0.3 134 
-2.2231971400124686 0.004 0.001 0.999983354125704 7e-06 3e-05 0.999940380028316 3e-05 3e-05 4.509407355104174 0.1 0.1 181 
-2.2145749398640224 0.002 0.001 0.9999617446746145 7e-06 9e-06 0.9985432858978 3e-05 0.0001 4.521615544387273 0.1 0.1 109 
-2.219841480255127 0.01 0.005 0.9999201167907034 4e-05 0.0001 0.9999462832297598 3e-05 7e-05 4.505095030580248 0.4 0.4 122 
-2.219410528455462 0.001 0.0008 0.9999162299292428 2e-05 2e-05 0.999296290746757 2e-05 2e-05 4.516178882122039 0.2 0.2 154 
-0.38639907155718123 0.0004 0.0003 0.8210657498666218 0.004 0.004 0.9855228204812322 0.002 0.002 2.4033468127250672 0.2 0.2 141 
-2.2215133701051983 0.004 0.001 0.9999623111316136 9e-06 1e-05 0.999927114376 5e-05 0.0002 4.509050343717847 0.2 0.2 139 
-2.219877406529018 0.0005 0.0005 0.9999620301382882 5e-06 5e-06 0.999876021700246 2e-05 2e-05 4.494725407872881 0.2 0.2 170 
-0.37955996309007917 0.001 0.001 0.8251669911401612 0.01 0.01 0.9873706747378622 0.002 0.002 2.392486868585859 0.2 0.2 168 
-2.2170870304107666 0.01 0.006 0.9998814248612948 6e-05 7e-05 0.9999367175357682 5e-05 7e-05 4.506587583678109 0.2 0.3 191 
-2.223145260129656 0.004 0.002 0.9999478787183762 3e-05 0.0002 0.9985622129270009 3e-05 6e-05 4.5249056424413405 0.2 0.2 173 
-2.21770156451634 0.007 0.003 0.9999423263328416 2e-05 3e-05 0.9998615124395915 7e-05 0.0002 4.494973892824991 0.3 0.3 120 
-2.2181538343429565 0.03 0.008 0.9998692514640944 8e-05 0.0004 0.9985844999551773 3e-05 0.0002 4.515015270028796 0.3 0.4 138 
-0.3894563010760716 0.001 0.0007 0.8198361360601016 0.009 0.01 0.9839374735951424 0.0009 0.001 2.4186489045619965 0.04 0.04 157 
-2.2209071499960764 0.003 0.002 0.9998517117330006 2e-05 4e-05 0.9999563457710402 2e-05 4e-05 4.510302054882049 0.2 0.2 193 
-2.2230212245668683 0.002 0.0008 0.9999077205147062 5e-05 7e-05 0.9999860365475927 1e-05 5e-05 4.510875952243805 0.1 0.2 169 
-2.2077764783586775 0.007 0.005 0.9998352687273707 4e-05 5e-05 0.999721800003733 7e-05 9e-05 4.497171665940966 0.3 0.3 163 
-2.196224321637835 0.0004 0.0004 0.9999374100140163 3e-06 3e-06 0.9989961383598192 5e-05 5e-05 4.468976172379085 0.2 0.2 192 
-2.218354058265686 0.001 0.0008 0.999966570522104 5e-06 6e-06 0.9997276120952198 6e-05 6e-05 4.492396487508501 0.2 0.2 161 
-2.2079459496906826 0.003 0.002 0.9997575570430074 8e-05 0.0001 0.9999362596443722 2e-05 4e-05 4.499217898505075 0.2 0.2 104 
-2.1879100118364607 0.002 0.002 0.9995309050594058 9e-05 0.0001 0.9977199905685016 1e-05 2e-05 4.489542279924665 0.3 0.3 162 
-2.2211419650486537 0.0003 0.0002 0.9999189036233085 1e-05 9e-06 0.9998821420328957 3e-05 3e-05 4.496336715562003 0.2 0.2 147 
-2.2199037892477853 0.003 0.002 0.9999215253761836 2e-05 3e-05 0.9999310625450951 2e-05 2e-05 4.506286701134273 0.2 0.2 124 
-2.198038298743112 0.002 0.001 0.9999244172658239 9e-06 1e-05 0.9991361230611802 4e-05 7e-05 4.492628463676998 0.2 0.2 201 
-2.2125980717795235 0.0009 0.0009 0.9997746737939971 5e-05 5e-05 0.9997663291437285 1e-05 1e-05 4.505142734731947 0.3 0.3 121 
-2.224279921395438 0.003 0.001 0.9999698321734156 2e-05 7e-05 0.9985499179788998 3e-05 9e-05 4.527385933058603 0.1 0.1 188 
-2.212739096369062 0.001 0.001 0.9999325813991683 8e-06 7e-06 0.99959236319576 2e-05 2e-05 4.502231914656503 0.4 0.4 110 
-0.38999842064721246 0.002 0.0007 0.8200957153524672 0.007 0.007 0.9834387389676912 0.0007 0.001 2.4204183629580904 0.1 0.1 159 
-0.38916562795639037 0.0001 0.0001 0.8190361161317145 0.0001 0.0001 0.9848406057272638 0.002 0.002 2.4033410651343208 0.1 0.1 117 
-2.2214155197143555 0.003 0.002 0.9998961216637067 2e-05 5e-05 0.9999536844236511 2e-05 5e-05 4.5142997860908505 0.2 0.2 195 
-2.221314185006278 0.002 0.002 0.9999507652861731 2e-05 3e-05 0.9999761013048035 9e-06 1e-05 4.51097663811275 0.2 0.2 114 
-2.219191857746669 0.02 0.006 0.9998024702072144 0.0001 0.0004 0.9996471873351506 1e-05 8e-05 4.513317079203469 0.3 0.4 112 
-0.3083452991076878 20.0 0.07 0.81757338983672 0.05 0.03 0.9841852045484951 0.005 0.004 2.366724392771721 0.2 0.5 151 
-2.2094129800796507 8e-05 8e-05 0.9999726638197899 7e-06 7e-06 0.9992111116647721 5e-06 5e-06 4.493775340488979 0.1 0.1 184 
-2.219756497655596 0.004 0.002 0.9999260940722057 2e-05 2e-05 0.9998780027031898 5e-05 8e-05 4.510525785173688 0.3 0.3 146 
-2.210638332366943 0.0006 0.0006 0.9999063809003149 9e-06 1e-05 0.9998847473944936 3e-05 8e-05 4.501728221348354 0.2 0.2 178 
-2.2206093651907786 0.0003 0.0003 0.9999290198087692 1e-05 1e-05 0.9985595779759543 2e-05 2e-05 4.5273360899516515 0.2 0.2 189 
-2.20631126335689 0.001 0.0008 0.9999717780521937 4e-06 6e-06 0.9989546722599438 5e-05 5e-05 4.478042883532388 0.2 0.2 132 
-0.3896825909614563 0.002 0.0009 0.819908000103065 0.009 0.009 0.9840777124677386 0.0004 0.0005 2.4186656773090363 0.08 0.08 171 
-2.2012707948684693 0.0007 0.0007 0.9998420174632754 9e-07 1e-06 0.998518537410668 3e-05 3e-05 4.512589197499412 0.2 0.2 126 
