-2.225446799596151 0.0002 0.0002 0.9999912470579148 2e-06 3e-06 0.9999832952022553 9e-06 2e-05 4.512576333681742 0.08 0.08 96 
-2.225452527999878 0.0002 0.0002 0.9999914924303691 2e-06 3e-06 0.9999859297275543 8e-06 1e-05 4.512657415072123 0.08 0.08 33 
-2.2254104900360105 0.0002 0.0002 0.9999910342693329 2e-06 3e-06 0.9999862758318583 8e-06 1e-05 4.512610602378845 0.08 0.08 29 
-2.2251983070373536 2e-05 2e-05 0.9999893486499787 9e-07 9e-07 0.9999799915154775 8e-07 7e-07 4.512711989084879 0.06 0.06 39 
-2.2253622372945148 0.0003 0.0002 0.9999899089336395 2e-06 3e-06 0.9999864075581233 8e-06 1e-05 4.512758226394653 0.08 0.08 40 
-2.2253728040059406 0.0002 0.0002 0.9999908385674159 2e-06 3e-06 0.9999864292144776 7e-06 1e-05 4.512766418457031 0.07 0.07 11 
-2.225473470687866 0.0002 0.0002 0.9999918669462204 2e-06 3e-06 0.9999836705128352 8e-06 2e-05 4.5125431044896445 0.07 0.07 63 
-2.2251425902048747 2e-05 2e-05 0.9999886951843897 9e-07 1e-06 0.9999770778417587 9e-07 1e-06 4.512783687909444 0.06 0.06 59 
-2.2252798589070637 0.0002 0.0002 0.999989149371783 2e-06 3e-06 0.999984483718872 8e-06 1e-05 4.512810700734456 0.08 0.08 97 
-2.2254937998453777 0.0002 0.0002 0.9999923680226008 2e-06 3e-06 0.9999866086244583 8e-06 1e-05 4.512612654368083 0.07 0.07 49 
-2.2255141321818033 0.0002 0.0002 0.9999918425083161 2e-06 3e-06 0.9999835181236267 8e-06 1e-05 4.512528635660807 0.07 0.07 8 
-2.225509770711263 0.0002 0.0002 0.9999918182690938 2e-06 3e-06 0.9999862486124038 7e-06 1e-05 4.51255080540975 0.07 0.07 42 
-2.2253798898061117 0.001 0.0005 0.9999919088681539 3e-06 6e-06 0.9999851125478745 7e-06 2e-05 4.5122760518391924 0.09 0.09 32 
-2.2251140785217287 0.0002 0.0002 0.9999830865859985 3e-06 3e-06 0.9999810548623403 7e-06 1e-05 4.512972922325134 0.08 0.08 45 
-2.225344050725301 0.0002 0.0002 0.9999900221824646 2e-06 3e-06 0.9999867449204127 7e-06 1e-05 4.512662618954977 0.08 0.08 4 
-2.225284697214762 0.0003 0.0002 0.9999892689784368 2e-06 4e-06 0.9999829018115998 8e-06 1e-05 4.512787609100342 0.07 0.07 3 
-2.225607150395711 0.0002 0.0002 0.9999930856625239 2e-06 3e-06 0.9999876624345779 7e-06 1e-05 4.512460118929545 0.07 0.07 51 
-2.2248531691233318 3e-05 3e-05 0.9999831569194794 1e-06 1e-06 0.9999647678931555 1e-06 1e-06 4.513072991371155 0.07 0.07 21 
-2.2252557849884034 2e-05 2e-05 0.9999902790784836 7e-07 8e-07 0.9999808490276336 9e-07 8e-07 4.5125558471679685 0.05 0.05 81 
-2.2252407264709473 0.0002 0.0001 0.9999895183245341 2e-06 3e-06 0.999982996781667 5e-06 8e-06 4.5127867364883425 0.08 0.08 31 
