-2.2238141441345216 8e-05 8e-05 0.9999793907006581 2e-06 2e-06 0.9999238989750544 2e-06 2e-06 4.509749975204468 0.1 0.1 66 
-2.2249577458699545 0.003 0.0009 0.999986696044604 4e-06 2e-05 0.9999813087781271 1e-05 2e-05 4.512062180836995 0.1 0.2 55 
-2.224322519302368 0.0008 0.0005 0.9999752084414164 3e-06 3e-06 0.999942563176155 2e-05 2e-05 4.506334362030029 0.1 0.1 4 
-2.220935516357422 0.0004 0.0004 0.9999481978019079 4e-06 4e-06 0.999924410780271 4e-06 7e-06 4.508358084360759 0.3 0.3 29 
-2.2244004313151042 0.0001 0.0001 0.9999820721149445 2e-06 2e-06 0.9997125395139058 6e-06 8e-06 4.509370261828105 0.1 0.1 38 
-2.2249705314636232 0.001 0.0005 0.9999658741553624 7e-06 1e-05 0.9999896444876989 3e-06 8e-06 4.511071182886759 0.1 0.2 47 
-2.2255844020843507 0.0002 0.0001 0.9999949022134145 1e-06 2e-06 0.9985719851652781 2e-05 2e-05 4.527093445460002 0.07 0.07 75 
-2.2213054529825844 0.02 0.004 0.999874336918195 3e-05 0.0001 0.9997704946994781 2e-05 0.0001 4.511621136665344 0.4 0.4 79 
-2.224904562632243 0.001 0.0007 0.9999784739812215 3e-06 7e-06 0.9998918902873993 2e-05 6e-05 4.504851757685343 0.1 0.1 68 
-2.225429547627767 3e-05 3e-05 0.9999968206882477 6e-07 4e-07 0.9985715126991273 2e-05 2e-05 4.526233852704366 0.08 0.08 34 
-2.2248652235666913 0.004 0.001 0.9999797705809276 9e-06 2e-05 0.9999937103192011 6e-06 2e-05 4.512185613314311 0.1 0.1 91 
-2.224973694483439 4e-05 4e-05 0.9999832274516424 2e-06 2e-06 0.9999744468927383 1e-06 1e-06 4.511476135253906 0.1 0.1 41 
-2.221869446436564 0.0007 0.0005 0.9999289691448212 9e-06 9e-06 0.9999165205160777 1e-05 1e-05 4.506955194473266 0.1 0.1 94 
-2.224858636856079 0.003 0.0008 0.9999867528676987 3e-06 1e-05 0.9999840867519378 3e-06 3e-06 4.510561854044596 0.09 0.08 88 
-2.2223077042897543 0.0002 0.0001 0.9999679259459178 8e-06 3e-05 0.9999628575642904 8e-06 4e-05 4.503286275863648 0.1 0.1 56 
-2.224931211471558 0.0001 0.0001 0.9999853972593943 2e-06 2e-06 0.9999841342369715 2e-06 2e-06 4.510083856582642 0.09 0.09 83 
-2.2230284722646076 0.003 0.001 0.9999764643112818 8e-06 2e-05 0.9996263579527537 4e-05 8e-05 4.514606849352519 0.2 0.2 97 
-2.225452744166056 6e-05 5e-05 0.9999698477983475 3e-06 3e-06 0.9999191262324651 6e-07 7e-07 4.512693252563476 0.09 0.09 62 
-2.224785407384237 0.0002 0.0001 0.999983798066775 2e-06 3e-06 0.99997864762942 3e-06 5e-06 4.510424054463704 0.1 0.1 96 
-2.224954191843669 6e-05 5e-05 0.9999835000435511 2e-06 2e-06 0.9999887911478679 2e-06 4e-06 4.51117790222168 0.09 0.09 78 
