-2.22549028078715 0.0002 0.0002 0.999992215236028 2e-06 3e-06 0.9999867697556813 7e-06 1e-05 4.512544854482015 0.07 0.07 0 
-2.2251994164784747 2e-05 2e-05 0.9999900505940119 8e-07 8e-07 0.9999816789229711 8e-07 8e-07 4.512666179339091 0.06 0.06 1 
-2.225374835332235 0.0002 0.0002 0.999991403023402 2e-06 2e-06 0.9999828884998957 9e-06 1e-05 4.51262703259786 0.08 0.08 2 
-2.225284697214762 0.0003 0.0002 0.9999892689784368 2e-06 4e-06 0.9999829018115998 8e-06 1e-05 4.512787609100342 0.07 0.07 3 
-2.225344050725301 0.0002 0.0002 0.9999900221824646 2e-06 3e-06 0.9999867449204127 7e-06 1e-05 4.512662618954977 0.08 0.08 4 
-2.2254307969411213 3e-05 3e-05 0.9999916495879492 1e-06 1e-06 0.9999845707416535 2e-06 3e-06 4.512534098625183 0.06 0.06 5 
-2.2252802594502765 0.0002 0.0002 0.9999895769357682 2e-06 3e-06 0.9999832506974539 7e-06 9e-06 4.512765477498372 0.07 0.07 6 
-2.225399004618327 0.0002 0.0002 0.9999906055132548 2e-06 3e-06 0.9999844108025233 8e-06 1e-05 4.512617758115133 0.08 0.08 7 
-2.2255141321818033 0.0002 0.0002 0.9999918425083161 2e-06 3e-06 0.9999835181236267 8e-06 1e-05 4.512528635660807 0.07 0.07 8 
-2.225618324279785 0.0002 0.0002 0.9999934641520182 2e-06 3e-06 0.9999874093135198 8e-06 2e-05 4.512486921946207 0.07 0.07 9 
-2.225307893753052 0.0002 0.0002 0.999989295999209 2e-06 3e-06 0.999985821445783 7e-06 1e-05 4.512839199701945 0.08 0.08 10 
-2.2253728040059406 0.0002 0.0002 0.9999908385674159 2e-06 3e-06 0.9999864292144776 7e-06 1e-05 4.512766418457031 0.07 0.07 11 
-2.225439888636271 0.0002 0.0002 0.9999910334746043 2e-06 3e-06 0.9999861705303192 8e-06 1e-05 4.512626005808513 0.08 0.07 12 
-2.2253271547953286 0.0002 0.0002 0.9999889977773031 2e-06 4e-06 0.9999845467011134 7e-06 1e-05 4.512866948445638 0.08 0.08 13 
-2.225376148223877 0.0002 0.0002 0.9999903629223506 2e-06 3e-06 0.9999868408838908 7e-06 1e-05 4.512704650561015 0.07 0.07 14 
-2.2254236920674644 0.0002 0.0002 0.9999911735455195 2e-06 3e-06 0.9999856440226237 7e-06 1e-05 4.512618638674418 0.07 0.07 15 
-2.2252780119578044 0.0003 0.0002 0.999987707734108 3e-06 4e-06 0.9999864800771078 6e-06 9e-06 4.513117578824361 0.07 0.08 16 
-2.2252522881825767 5e-05 5e-05 0.9999890224138895 1e-06 2e-06 0.999980032046636 3e-06 4e-06 4.5127081775665285 0.06 0.06 17 
-2.225486218134562 0.0002 0.0002 0.9999914999802907 2e-06 3e-06 0.9999863002697627 7e-06 1e-05 4.512527494430542 0.07 0.07 18 
-2.2253496328989666 2e-05 2e-05 0.9999917163451513 7e-07 6e-07 0.9999807167053223 8e-07 8e-07 4.512491281827291 0.05 0.05 19 
-2.2252718925476076 2e-05 2e-05 0.9999901443719864 7e-07 8e-07 0.9999839516480764 6e-07 5e-07 4.51268135547638 0.05 0.05 20 
-2.2248531691233318 3e-05 3e-05 0.9999831569194794 1e-06 1e-06 0.9999647678931555 1e-06 1e-06 4.513072991371155 0.07 0.07 21 
-2.225486637751261 0.0002 0.0002 0.999992329676946 2e-06 3e-06 0.999986694653829 7e-06 1e-05 4.512592352231343 0.07 0.07 22 
-2.2255146153767904 0.0002 0.0002 0.9999922996759415 2e-06 3e-06 0.9999869124094645 7e-06 1e-05 4.512578409512837 0.07 0.07 23 
-2.22545623143514 0.0003 0.0002 0.9999919760227204 2e-06 3e-06 0.9999857419729232 8e-06 1e-05 4.512732453346253 0.08 0.08 24 
-2.225481999715169 0.0003 0.0002 0.9999916730324427 2e-06 3e-06 0.9999882113933564 6e-06 1e-05 4.512670175234477 0.07 0.07 25 
-2.2251903343200685 2e-05 2e-05 0.999989703297615 9e-07 1e-06 0.9999804796775182 9e-07 9e-07 4.512733265558879 0.06 0.06 26 
-2.225275065104167 2e-05 2e-05 0.9999910326798757 7e-07 7e-07 0.9999778219064077 9e-07 9e-07 4.51255398273468 0.05 0.05 27 
-2.225250692367554 0.0002 0.0002 0.9999870340029399 3e-06 3e-06 0.9999852653344472 7e-06 1e-05 4.51290323416392 0.08 0.08 28 
-2.2254104900360105 0.0002 0.0002 0.9999910342693329 2e-06 3e-06 0.9999862758318583 8e-06 1e-05 4.512610602378845 0.08 0.08 29 
-2.2253791364034017 0.0002 0.0002 0.9999905278285345 2e-06 3e-06 0.999986207485199 7e-06 1e-05 4.51268695195516 0.08 0.08 30 
-2.2252407264709473 0.0002 0.0001 0.9999895183245341 2e-06 3e-06 0.999982996781667 5e-06 8e-06 4.5127867364883425 0.08 0.08 31 
-2.2253798898061117 0.001 0.0005 0.9999919088681539 3e-06 6e-06 0.9999851125478745 7e-06 2e-05 4.5122760518391924 0.09 0.09 32 
-2.225452527999878 0.0002 0.0002 0.9999914924303691 2e-06 3e-06 0.9999859297275543 8e-06 1e-05 4.512657415072123 0.08 0.08 33 
-2.2253838952382408 0.0002 0.0002 0.9999910151958465 2e-06 3e-06 0.9999849249919256 7e-06 1e-05 4.512553908030192 0.07 0.08 34 
-2.2252406374613445 2e-05 2e-05 0.9999900207916895 7e-07 7e-07 0.9999796825647355 8e-07 8e-07 4.512616600990295 0.05 0.05 35 
-2.2252624575297038 0.0002 0.0002 0.9999880709250768 2e-06 3e-06 0.9999849351247152 7e-06 1e-05 4.512859805425008 0.08 0.08 36 
-2.225227959950765 2e-05 2e-05 0.9999892538785935 7e-07 9e-07 0.9999839959541956 6e-07 6e-07 4.512653447786967 0.06 0.06 37 
-2.225404586791992 2e-05 2e-05 0.9999924314022064 6e-07 6e-07 0.9999794173240661 9e-07 8e-07 4.512450688680013 0.05 0.05 38 
-2.2251983070373536 2e-05 2e-05 0.9999893486499787 9e-07 9e-07 0.9999799915154775 8e-07 7e-07 4.512711989084879 0.06 0.06 39 
-2.2253622372945148 0.0003 0.0002 0.9999899089336395 2e-06 3e-06 0.9999864075581233 8e-06 1e-05 4.512758226394653 0.08 0.08 40 
-2.225468390782674 0.0003 0.0002 0.9999912784496943 2e-06 4e-06 0.99998721798261 7e-06 1e-05 4.512582483291626 0.08 0.08 41 
-2.225509770711263 0.0002 0.0002 0.9999918182690938 2e-06 3e-06 0.9999862486124038 7e-06 1e-05 4.51255080540975 0.07 0.07 42 
-2.225531202952067 0.0002 0.0002 0.9999919843673706 2e-06 3e-06 0.9999853533506393 7e-06 1e-05 4.512539666493733 0.07 0.07 43 
-2.225028959910075 0.0002 0.0002 0.9999848220745723 3e-06 3e-06 0.999975249171257 7e-06 1e-05 4.513062993685405 0.08 0.08 44 
-2.2251140785217287 0.0002 0.0002 0.9999830865859985 3e-06 3e-06 0.9999810548623403 7e-06 1e-05 4.512972922325134 0.08 0.08 45 
-2.225433956782023 0.0002 0.0002 0.9999916698535284 2e-06 3e-06 0.9999860523144404 8e-06 1e-05 4.512641703287761 0.08 0.08 46 
-2.2253197606404624 0.001 0.0006 0.9999896277983983 5e-06 7e-06 0.9999850835402807 8e-06 3e-05 4.512945837974549 0.1 0.1 47 
-2.2255116208394368 0.0002 0.0002 0.9999912742773692 2e-06 3e-06 0.999986139734586 7e-06 1e-05 4.51257078965505 0.07 0.07 48 
-2.2254937998453777 0.0002 0.0002 0.9999923680226008 2e-06 3e-06 0.9999866086244583 8e-06 1e-05 4.512612654368083 0.07 0.07 49 
-2.225005639394124 0.0001 0.0001 0.9999863759676615 3e-06 3e-06 0.9999830617507299 6e-06 1e-05 4.51320112546285 0.08 0.08 50 
-2.225607150395711 0.0002 0.0002 0.9999930856625239 2e-06 3e-06 0.9999876624345779 7e-06 1e-05 4.512460118929545 0.07 0.07 51 
-2.22522692044576 2e-05 2e-05 0.9999894668658574 9e-07 9e-07 0.9999766530593236 9e-07 9e-07 4.5126416985193885 0.06 0.06 52 
-2.22535826365153 2e-05 2e-05 0.9999918230374654 5e-07 6e-07 0.9999777364730835 9e-07 9e-07 4.512481231689453 0.05 0.05 53 
-2.22524538675944 0.0002 0.0001 0.9999863918622335 2e-06 3e-06 0.9999852526187897 7e-06 1e-05 4.512919023831685 0.07 0.07 54 
-2.2252153968811035 0.0002 0.0002 0.9999865581591924 2e-06 3e-06 0.9999848216772079 7e-06 1e-05 4.512957770029704 0.08 0.08 55 
-2.2254786014556887 0.0002 0.0002 0.9999915430943171 2e-06 3e-06 0.9999868649244309 7e-06 1e-05 4.512587054570516 0.07 0.07 56 
-2.2254089291890464 0.0002 0.0002 0.999990796049436 2e-06 3e-06 0.9999849913517634 7e-06 1e-05 4.512643545468649 0.08 0.08 57 
-2.225468463897705 0.0003 0.0002 0.999992084701856 2e-06 3e-06 0.9999843833843867 8e-06 1e-05 4.512428239186605 0.07 0.06 58 
-2.2251425902048747 2e-05 2e-05 0.9999886951843897 9e-07 1e-06 0.9999770778417587 9e-07 1e-06 4.512783687909444 0.06 0.06 59 
-2.2254258823394775 0.0002 0.0002 0.9999913970629374 2e-06 3e-06 0.9999865500132242 7e-06 1e-05 4.512656396230062 0.07 0.07 60 
-2.2252324708302815 0.0002 0.0002 0.99998845855395 2e-06 3e-06 0.9999828430016836 8e-06 1e-05 4.512962702115376 0.08 0.08 61 
-2.2255681324005128 0.0002 0.0002 0.9999926567077637 2e-06 3e-06 0.9999874474604925 7e-06 1e-05 4.512552564938863 0.07 0.07 62 
-2.225473470687866 0.0002 0.0002 0.9999918669462204 2e-06 3e-06 0.9999836705128352 8e-06 2e-05 4.5125431044896445 0.07 0.07 63 
-2.2254679775238038 0.0002 0.0002 0.9999916901191076 2e-06 3e-06 0.999987188577652 7e-06 1e-05 4.512522301673889 0.08 0.08 64 
-2.2255107180277505 0.0002 0.0002 0.999992072780927 2e-06 3e-06 0.9999865065018336 7e-06 1e-05 4.512546656926473 0.07 0.07 65 
-2.2253957017262778 0.0002 0.0002 0.9999909144639969 2e-06 3e-06 0.9999839490652085 8e-06 1e-05 4.5126821374893185 0.08 0.08 66 
-2.2249557558695474 0.0002 0.0002 0.9999849305550257 3e-06 4e-06 0.9999829151233037 7e-06 1e-05 4.513040779431661 0.08 0.08 67 
-2.225549243291219 0.0002 0.0002 0.999992948770523 2e-06 3e-06 0.999986777305603 7e-06 1e-05 4.512517793973287 0.07 0.07 68 
-2.2254957389831542 0.0002 0.0002 0.9999919444322586 2e-06 3e-06 0.9999865585565567 7e-06 1e-05 4.512585558891296 0.07 0.07 69 
-2.2254789861043296 0.0002 0.0002 0.9999913422266642 2e-06 3e-06 0.9999854211012522 7e-06 1e-05 4.512531560262044 0.07 0.07 70 
-2.225554501215617 0.0002 0.0002 0.9999932626883189 2e-06 3e-06 0.9999861001968384 8e-06 2e-05 4.5125317319234215 0.07 0.07 71 
-2.225136210123698 2e-05 2e-05 0.9999882878859838 9e-07 1e-06 0.9999767233928044 9e-07 9e-07 4.512751401265462 0.06 0.06 72 
-2.2253181234995525 0.0003 0.0002 0.999990138411522 2e-06 4e-06 0.9999802114566168 8e-06 1e-05 4.51273150285085 0.07 0.07 73 
-2.2251840305328368 2e-05 2e-05 0.9999897708495458 9e-07 8e-07 0.9999771471818288 1e-06 9e-07 4.512723156611124 0.06 0.06 74 
-2.2255051708221436 0.0002 0.0002 0.9999912929534912 2e-06 3e-06 0.9999859221776326 7e-06 1e-05 4.512474822998047 0.07 0.07 75 
-2.225375541051229 0.001 0.0005 0.9999915885925293 4e-06 5e-06 0.9999890293677648 8e-06 3e-05 4.5124618975321455 0.1 0.09 76 
-2.225512285232544 0.0002 0.0002 0.9999925023317338 2e-06 3e-06 0.9999872984488806 7e-06 1e-05 4.512584177652995 0.07 0.07 77 
-2.2254878743489583 0.0003 0.0002 0.999992360273997 2e-06 3e-06 0.9999854658047358 7e-06 1e-05 4.512625673611959 0.08 0.08 78 
-2.2252858034769694 0.0002 0.0001 0.9999891638755798 2e-06 3e-06 0.9999861341714859 6e-06 1e-05 4.512832673390706 0.07 0.07 79 
-2.2254623635609945 0.0002 0.0002 0.9999906275669733 2e-06 3e-06 0.999986385901769 7e-06 1e-05 4.512603101730346 0.08 0.07 80 
-2.2252557849884034 2e-05 2e-05 0.9999902790784836 7e-07 8e-07 0.9999808490276336 9e-07 8e-07 4.5125558471679685 0.05 0.05 81 
-2.2253669706980386 0.0002 0.0002 0.999990294377009 2e-06 3e-06 0.9999848637978236 7e-06 1e-05 4.512748783429464 0.08 0.08 82 
-2.2253894424438476 2e-05 2e-05 0.9999918665488561 6e-07 6e-07 0.9999836174647013 6e-07 7e-07 4.512444661458333 0.05 0.05 83 
-2.225285612742106 2e-05 2e-05 0.9999906655152638 6e-07 8e-07 0.999980472723643 8e-07 9e-07 4.5126091066996254 0.05 0.05 84 
-2.2254506460825603 0.0003 0.0002 0.9999910187721253 2e-06 3e-06 0.9999858341614405 8e-06 1e-05 4.512662685712178 0.08 0.08 85 
-2.2251526006062825 0.0004 0.0002 0.9999858101209005 3e-06 5e-06 0.9999840315183004 8e-06 1e-05 4.513032994270325 0.09 0.09 86 
-2.225448865890503 0.0002 0.0002 0.9999914515018463 2e-06 2e-06 0.9999878658850988 6e-06 1e-05 4.512565534909566 0.07 0.07 87 
-2.225276304880778 0.0003 0.0002 0.9999894305070242 2e-06 4e-06 0.9999821076790492 7e-06 8e-06 4.512783567110698 0.07 0.07 88 
-2.225247599283854 2e-05 2e-05 0.9999896423021952 8e-07 8e-07 0.9999772032101949 9e-07 9e-07 4.512650272051493 0.05 0.05 89 
-2.2254384263356526 0.0002 0.0002 0.9999913156032563 2e-06 3e-06 0.9999857950210571 7e-06 1e-05 4.512683803240458 0.07 0.07 90 
-2.225294148127238 4e-05 4e-05 0.9999901560942331 1e-06 1e-06 0.9999795426925023 3e-06 4e-06 4.512574971516927 0.06 0.06 91 
-2.225558417638143 0.0001 8e-05 0.9999936672051748 1e-06 2e-06 0.9999857683976491 5e-06 6e-06 4.512400534947713 0.05 0.05 92 
-2.225397701263428 0.0002 0.0002 0.9999906565745672 2e-06 3e-06 0.99998430788517 9e-06 2e-05 4.512688763936361 0.08 0.08 93 
-2.225227473576864 2e-05 2e-05 0.9999899037679036 8e-07 8e-07 0.9999793265263239 8e-07 8e-07 4.512612131436666 0.06 0.06 94 
-2.225351769129435 0.0002 0.0001 0.9999898825089136 2e-06 3e-06 0.9999868303537369 6e-06 1e-05 4.512656690279643 0.07 0.07 95 
-2.225446799596151 0.0002 0.0002 0.9999912470579148 2e-06 3e-06 0.9999832952022553 9e-06 2e-05 4.512576333681742 0.08 0.08 96 
-2.2252798589070637 0.0002 0.0002 0.999989149371783 2e-06 3e-06 0.999984483718872 8e-06 1e-05 4.512810700734456 0.08 0.08 97 
-2.2253580284118653 0.0002 0.0002 0.9999904493490855 2e-06 3e-06 0.9999860672156016 7e-06 1e-05 4.512658387819926 0.08 0.07 98 
-2.2253804620107016 0.0002 0.0002 0.9999905411402384 2e-06 3e-06 0.9999821263551713 9e-06 2e-05 4.512630035082499 0.08 0.08 99 
