-2.2247717984517417 0.001 0.0006 0.9999763345718384 5e-06 1e-05 0.9999830720822016 8e-06 2e-05 4.511443506876628 0.1 0.1 0 
-2.2242153898874917 0.003 0.001 0.999971212943395 4e-06 6e-06 0.9999617767333985 3e-05 4e-05 4.5110732285181685 0.2 0.2 1 
-2.2241461340586346 0.004 0.002 0.999965618054072 7e-06 3e-05 0.9999677230914433 3e-05 9e-05 4.511260035832723 0.2 0.2 2 
-2.225147304534912 0.003 0.001 0.9999935414393742 3e-06 1e-05 0.9999875013033549 1e-05 4e-05 4.511650664011637 0.2 0.2 3 
-2.2237528387705483 0.001 0.001 0.9999715705712636 4e-06 9e-06 0.9999385309219361 3e-05 8e-05 4.511487887700398 0.1 0.1 4 
-2.225067631403605 0.002 0.0007 0.9999881402651469 5e-06 9e-06 0.9999862450361252 8e-06 2e-05 4.511811466217041 0.1 0.1 5 
-2.2249414984385174 0.0004 0.0003 0.9999914095799128 3e-06 3e-06 0.9999885342518489 6e-06 1e-05 4.511740083694458 0.1 0.1 6 
-2.2241606362660726 0.005 0.002 0.99997520784537 7e-06 1e-05 0.9999647196133932 3e-05 5e-05 4.511214892069499 0.2 0.2 7 
-2.2249372577667237 0.002 0.001 0.9999775705734889 5e-06 1e-05 0.9999806624650955 1e-05 3e-05 4.51146367708842 0.2 0.2 8 
-2.224810396830241 0.001 0.0006 0.9999803870916366 4e-06 9e-06 0.999977021018664 1e-05 5e-05 4.511623938878377 0.2 0.2 9 
-2.224669170379639 0.003 0.001 0.9999661550919214 9e-06 2e-05 0.9999852548042933 1e-05 4e-05 4.511548331578573 0.2 0.2 10 
-2.2248112265268962 0.002 0.001 0.9999769282341003 8e-06 2e-05 0.999986811876297 1e-05 3e-05 4.511412034034729 0.2 0.2 11 
-2.2250756645202636 0.005 0.001 0.9999885580937068 7e-06 3e-05 0.9999717269341151 2e-05 9e-05 4.511506058375041 0.2 0.2 12 
-2.2249759674072265 0.0003 0.0002 0.9999795130888621 2e-06 2e-06 0.9999873805046081 5e-06 6e-06 4.5117085790634155 0.1 0.1 13 
-2.2249436155954996 0.0008 0.0004 0.9999813191095988 3e-06 7e-06 0.9999857590595881 6e-06 8e-06 4.511684765815735 0.1 0.1 14 
-2.2250892035166423 0.002 0.001 0.9999762515227 3e-06 1e-05 0.9999857646226883 1e-05 3e-05 4.511652760505676 0.2 0.2 15 
-2.223709030151367 0.0002 0.0002 0.9999748931328456 9e-07 1e-06 0.9999239937464396 3e-05 6e-05 4.511292405128479 0.2 0.2 16 
-2.2249440987904867 0.001 0.0006 0.9999919678767523 5e-06 1e-05 0.9999878094593684 7e-06 1e-05 4.51147997379303 0.1 0.1 17 
-2.2251314385732015 0.003 0.001 0.9999901034434636 6e-06 1e-05 0.9999849637349446 1e-05 2e-05 4.511517086029053 0.2 0.2 18 
-2.2252705923716225 0.001 0.0007 0.9999899820486704 6e-06 8e-06 0.9999792112906774 2e-05 4e-05 4.511655964851379 0.2 0.2 19 
-2.2250612036387127 0.001 0.0008 0.999990991751353 5e-06 2e-05 0.9999850175778071 1e-05 3e-05 4.511486344337463 0.1 0.2 20 
-2.2251195240020754 0.0006 0.0004 0.9999809992313385 6e-06 8e-06 0.9999674393733342 1e-05 2e-05 4.511708674430847 0.2 0.2 21 
-2.224610341389974 0.0002 0.0001 0.9999953985214234 9e-07 1e-06 0.999969389239947 5e-06 8e-06 4.5114828300476075 0.1 0.1 22 
-2.2250618966420492 0.002 0.0009 0.9999909599622091 4e-06 1e-05 0.9999472000201544 3e-05 7e-05 4.511458109219869 0.2 0.2 23 
-2.22511469523112 0.001 0.0009 0.999990383386612 5e-06 6e-06 0.9999699521064759 2e-05 5e-05 4.511621057192484 0.2 0.2 24 
-2.224353558222453 0.005 0.002 0.9999888966480891 9e-06 2e-05 0.9999638785918553 3e-05 0.0001 4.510998147328695 0.2 0.2 25 
-2.224354082743327 0.004 0.001 0.9999712391694386 4e-06 1e-05 0.999965141415596 3e-05 4e-05 4.511410910288493 0.2 0.2 26 
-2.224489870071411 0.001 0.0006 0.9999823180834452 3e-06 6e-06 0.9999741160869599 2e-05 2e-05 4.5114300203323365 0.1 0.1 27 
-2.2248994795481365 0.001 0.0005 0.999977888862292 3e-06 7e-06 0.9999833103020986 7e-06 1e-05 4.511570415496826 0.1 0.1 28 
-2.224804121653239 0.0004 0.0003 0.9999777134259542 3e-06 4e-06 0.9999883329868317 7e-06 1e-05 4.5117345174153645 0.1 0.1 29 
-2.2245775000254313 0.002 0.001 0.9999941486120224 4e-06 1e-05 0.9999643528461456 3e-05 0.0001 4.511429381370545 0.2 0.2 30 
-2.2250562858581544 0.005 0.001 0.9999887710809707 9e-06 1e-05 0.9999833273887634 1e-05 5e-05 4.511523586908976 0.2 0.2 31 
-2.224666372934977 0.005 0.001 0.9999736919005712 1e-05 2e-05 0.9999792778491974 2e-05 3e-05 4.5111342732111614 0.2 0.2 32 
-2.224005416234334 0.004 0.002 0.9999925271670024 6e-06 1e-05 0.9999615001678467 3e-05 0.0001 4.511001529693604 0.2 0.2 33 
-2.225048637390137 0.002 0.001 0.9999773919582366 4e-06 7e-06 0.9999870383739471 1e-05 2e-05 4.511584779421488 0.1 0.1 34 
-2.224918696085612 0.002 0.0008 0.9999895028273265 7e-06 1e-05 0.9999788163105646 1e-05 2e-05 4.511580689748128 0.1 0.1 35 
-2.2247737661997475 0.0007 0.0004 0.9999809183677038 3e-06 6e-06 0.9999876282612483 7e-06 1e-05 4.511510138511658 0.1 0.1 36 
-2.225034507115682 0.001 0.0008 0.9999924101432165 6e-06 2e-05 0.9999844866991043 1e-05 3e-05 4.511479226748149 0.2 0.2 37 
-2.2249802017211913 0.002 0.0008 0.999989917675654 6e-06 2e-05 0.9999889371792475 8e-06 2e-05 4.511654636065165 0.1 0.1 38 
-2.225191469192505 0.002 0.0009 0.9999886933962504 3e-06 9e-06 0.9999838723738989 1e-05 3e-05 4.511886873245239 0.2 0.2 39 
-2.2245856094360352 0.006 0.002 0.9999779774745305 8e-06 6e-05 0.999972634712855 2e-05 0.0001 4.511332623163859 0.2 0.2 40 
-2.2245930735270183 0.001 0.0008 0.9999820977449417 5e-06 1e-05 0.9999790392319361 2e-05 3e-05 4.511491190592448 0.1 0.1 41 
-2.2245539569854738 0.0009 0.0007 0.9999770087003708 5e-06 8e-06 0.9999772304296494 1e-05 3e-05 4.511429098447164 0.2 0.2 42 
-2.15031431833903 0.01 0.006 0.9997260423501333 0.0001 0.0002 0.9437409432729086 0.001 0.001 4.883377963701884 0.4 0.4 43 
-2.2249284235636395 0.002 0.0008 0.9999780595302582 6e-06 1e-05 0.9999829105536143 1e-05 2e-05 4.51151315053304 0.1 0.1 44 
-2.2249897066752116 0.002 0.0009 0.9999886377652486 4e-06 1e-05 0.9999705598751704 3e-05 3e-05 4.511452666918436 0.2 0.2 45 
-2.2249445629119875 0.002 0.0009 0.9999911399682363 6e-06 1e-05 0.9999875193834304 1e-05 3e-05 4.5116708405812584 0.1 0.1 46 
-2.224853089650472 0.001 0.0006 0.9999758893251419 5e-06 1e-05 0.9999892807006836 7e-06 2e-05 4.5116913191477455 0.1 0.1 47 
-2.224939800898234 0.001 0.0006 0.999970952073733 5e-06 1e-05 0.9999882036447525 7e-06 2e-05 4.511694307327271 0.1 0.1 48 
-2.2236899948120117 0.002 0.001 0.9999799813826878 4e-06 9e-06 0.9999398225545884 3e-05 9e-05 4.511200284957885 0.2 0.2 49 
-2.2244717597961428 0.003 0.001 0.9999818261464437 5e-06 2e-05 0.9999645857016245 2e-05 0.0001 4.5112813297907515 0.3 0.3 50 
-2.225115874608358 0.001 0.0006 0.9999920888741811 5e-06 2e-05 0.9999707214037578 2e-05 5e-05 4.511585612297058 0.2 0.2 51 
-2.2251395003000893 0.0008 0.0005 0.9999761847654979 5e-06 9e-06 0.9999799275398255 8e-06 2e-05 4.511876292228699 0.1 0.1 52 
-2.2252595233917236 0.003 0.0009 0.9999903432528178 8e-06 2e-05 0.9999701543649038 2e-05 5e-05 4.51143744468689 0.2 0.2 53 
-2.2242790253957114 0.001 0.0008 0.9999806517362595 4e-06 9e-06 0.9999688396851222 2e-05 4e-05 4.5114451535542806 0.2 0.2 54 
-2.2249475383758544 0.002 0.0006 0.9999769272406897 4e-06 8e-06 0.9999843565622966 8e-06 1e-05 4.511602741877238 0.1 0.1 55 
-2.2250350602467854 0.002 0.0009 0.9999899739027023 8e-06 2e-05 0.999953935543696 3e-05 9e-05 4.51164968808492 0.2 0.2 56 
-2.2242903518676758 0.003 0.002 0.9999678087234497 7e-06 1e-05 0.9999737370014191 2e-05 7e-05 4.511721405982971 0.2 0.2 57 
-2.2251278241475423 0.001 0.0008 0.9999917773405711 3e-06 5e-06 0.9999668788909912 2e-05 6e-05 4.5115851910909015 0.2 0.2 58 
-2.224942134221395 0.001 0.0005 0.9999802523851394 3e-06 7e-06 0.9999858643611272 7e-06 1e-05 4.511563258171082 0.1 0.1 59 
-2.224860356648763 0.001 0.0005 0.9999763059616089 4e-06 8e-06 0.9999814480543137 8e-06 1e-05 4.5115401601791385 0.1 0.1 60 
-2.225039380391439 0.002 0.0009 0.9999904016653697 5e-06 2e-05 0.999984503587087 1e-05 3e-05 4.51166299978892 0.2 0.2 61 
-2.224927676518758 0.002 0.0007 0.9999734179178874 5e-06 1e-05 0.9999851240714391 8e-06 1e-05 4.5117233959833785 0.1 0.1 62 
-2.224237070083618 0.001 0.0006 0.9999947428703309 3e-06 5e-06 0.9999553589026133 2e-05 4e-05 4.5111268043518065 0.1 0.1 63 
-2.224870990117391 0.0005 0.0004 0.9999784485499064 3e-06 6e-06 0.9999889073769251 6e-06 1e-05 4.51167494614919 0.1 0.1 64 
-2.2241563510894777 0.002 0.0008 0.9999762151638667 4e-06 1e-05 0.9999622627099355 3e-05 0.0001 4.51134091536204 0.2 0.2 65 
-2.2248575592041018 0.0007 0.0004 0.9999771775801977 3e-06 7e-06 0.9999881714582444 6e-06 1e-05 4.511671999295553 0.1 0.1 66 
-2.224513552983602 0.009 0.002 0.9999845504760743 1e-05 3e-05 0.9999744113286336 2e-05 0.0001 4.511851984659831 0.2 0.3 67 
-2.2249049663543703 0.003 0.0009 0.9999710482358932 7e-06 3e-05 0.9999887857834499 8e-06 2e-05 4.511673617362976 0.1 0.1 68 
-2.224851245880127 0.001 0.0006 0.9999795113007227 5e-06 9e-06 0.9999837436278661 8e-06 1e-05 4.511503764788309 0.1 0.1 69 
-2.2243133799235024 0.005 0.002 0.9999742098649342 7e-06 2e-05 0.9999671041965484 3e-05 7e-05 4.511177117029826 0.2 0.2 71 
-2.2250428295135496 0.003 0.001 0.9999895797173182 9e-06 2e-05 0.99996435324351 2e-05 4e-05 4.511539413134257 0.2 0.2 72 
-2.225037078857422 0.005 0.001 0.9999748128652572 8e-06 2e-05 0.9999850265185039 1e-05 7e-05 4.511435956954956 0.2 0.2 73 
-2.224434076944987 0.002 0.001 0.9999889542659124 4e-06 7e-06 0.9999635144074758 2e-05 7e-05 4.5112437868118285 0.2 0.2 74 
-2.2248509152730307 0.0003 0.0003 0.9999784183502197 2e-06 4e-06 0.9999867347876231 7e-06 1e-05 4.511630732218425 0.1 0.1 75 
-2.2247059694925944 0.002 0.001 0.9999903515974681 5e-06 9e-06 0.9999660025040309 2e-05 6e-05 4.511525332132975 0.1 0.1 76 
-2.224792474110921 0.001 0.0006 0.9999721231063207 4e-06 1e-05 0.9999855333566665 9e-06 2e-05 4.511627593040466 0.1 0.1 77 
-2.225012305577596 0.0003 0.0002 0.9999841952323913 2e-06 2e-06 0.999988823334376 5e-06 9e-06 4.511634318033854 0.1 0.1 78 
-2.2249142201741536 0.002 0.0009 0.999989363749822 8e-06 2e-05 0.9999440463383993 4e-05 0.0002 4.51143171787262 0.2 0.2 79 
-2.2249631214141847 0.0003 0.0002 0.9999811734755834 2e-06 3e-06 0.9999887651205063 6e-06 8e-06 4.511792140007019 0.1 0.1 80 
-2.224961134592692 0.003 0.001 0.999977454940478 9e-06 3e-05 0.9999871637423833 1e-05 3e-05 4.511621596018474 0.2 0.2 81 
-2.2249379444122312 0.002 0.0008 0.9999815712372462 7e-06 1e-05 0.9999861953655879 9e-06 2e-05 4.511582978566488 0.2 0.2 82 
-2.224938529332479 0.002 0.0009 0.9999879803260168 4e-06 9e-06 0.9999671147267024 3e-05 6e-05 4.511749022801717 0.2 0.2 83 
-2.224447495142619 0.001 0.0007 0.9999807131290436 4e-06 5e-06 0.9999825950463613 1e-05 2e-05 4.511450757980347 0.2 0.2 84 
-2.2247095902760825 0.002 0.001 0.9999719250202179 8e-06 2e-05 0.9999846782286962 1e-05 3e-05 4.511896316210429 0.2 0.2 85 
-2.2247581481933594 0.0003 0.0003 0.9999728953838348 2e-06 3e-06 0.999985490043958 6e-06 1e-05 4.51168207804362 0.1 0.1 86 
-2.2252836354573566 0.001 0.0006 0.9999921123186747 6e-06 1e-05 0.9999612967173258 2e-05 6e-05 4.5115163056055705 0.2 0.2 87 
-2.2245926666259765 0.002 0.0008 0.9999804256359736 5e-06 1e-05 0.9999771310885748 1e-05 4e-05 4.5115033801396685 0.2 0.2 88 
-2.225102434158325 0.001 0.0004 0.999992489417394 4e-06 8e-06 0.9999873264630635 6e-06 9e-06 4.5117114718755085 0.1 0.1 89 
-2.22485857963562 0.001 0.0005 0.9999855256080628 9e-06 2e-05 0.9999530241886775 2e-05 3e-05 4.511419560114542 0.1 0.1 90 
-2.2247853088378906 0.002 0.0009 0.9999704873561859 7e-06 2e-05 0.9999823717276255 1e-05 2e-05 4.511634758313497 0.2 0.2 91 
-2.225027287801107 0.002 0.001 0.9999755980571111 7e-06 2e-05 0.9999811389048894 1e-05 3e-05 4.511496715545654 0.2 0.2 92 
-2.224435739517212 0.002 0.001 0.9999773587783177 8e-06 3e-05 0.9999744482835133 1e-05 5e-05 4.511574454307556 0.2 0.2 93 
-2.225109462738037 0.003 0.001 0.9999921828508377 5e-06 1e-05 0.9999863962332408 1e-05 2e-05 4.511579302151998 0.1 0.1 94 
-2.225073798497518 0.001 0.0004 0.9999888292948405 4e-06 9e-06 0.999986480474472 6e-06 8e-06 4.511869845390319 0.1 0.1 95 
-2.224788131713867 0.0007 0.0004 0.9999785510698954 3e-06 6e-06 0.9999851846694946 7e-06 1e-05 4.511574298540751 0.1 0.1 96 
-2.224803009033203 0.001 0.0005 0.9999754520257315 4e-06 1e-05 0.9999868645270665 7e-06 1e-05 4.511507247289022 0.1 0.1 97 
-2.224914573033651 0.002 0.0008 0.9999874951442083 7e-06 1e-05 0.9999831096331279 9e-06 2e-05 4.511518874168396 0.1 0.2 98 
-2.225014835993449 0.0002 0.0002 0.9999793646732966 1e-06 2e-06 0.9999887063105901 4e-06 5e-06 4.511760980288187 0.1 0.1 99 
