-2.225084285736084 0.001 0.0008 0.9999930147329966 5e-06 7e-06 0.9999845510721207 7e-06 1e-05 4.5115709447860715 0.08 0.08 144 
-2.224657475153605 0.0007 0.0007 0.9999889198939006 9e-06 1e-05 0.9999735293785731 2e-05 2e-05 4.511094601949056 0.08 0.08 81 
-2.2246272945404053 0.0006 0.0006 0.9999880274136861 1e-05 1e-05 0.9999703222513199 2e-05 2e-05 4.51091768582662 0.09 0.08 93 
-2.224640785853068 0.0007 0.0006 0.9999877186616262 1e-05 1e-05 0.9999725439151128 2e-05 2e-05 4.511078054110209 0.08 0.08 72 
-2.2247515074412028 0.0005 0.0004 0.9999927409489949 5e-06 6e-06 0.9999791463216146 1e-05 1e-05 4.511262480417887 0.09 0.08 79 
-2.225183515548706 0.0003 0.0003 0.999990051984787 4e-06 2e-06 0.9999737890561422 2e-05 2e-05 4.5118818314870195 0.08 0.08 11 
-2.2250554784139 0.004 0.001 0.9999887933333714 9e-06 3e-05 0.9999854081869125 1e-05 3e-05 4.5112155199050905 0.1 0.1 8 
-2.2245906352996827 0.0006 0.0006 0.9999890065193177 9e-06 1e-05 0.9999710003534953 2e-05 2e-05 4.511180100440979 0.08 0.08 40 
-2.225066022872925 0.001 0.0009 0.9999912023544312 8e-06 1e-05 0.9999902047713598 4e-06 4e-06 4.511099389394125 0.08 0.08 117 
-2.2244853591918945 0.0008 0.0007 0.9999865567684174 1e-05 1e-05 0.9999718983968099 2e-05 2e-05 4.510774645805359 0.09 0.08 4 
-2.224706481297811 0.0006 0.0006 0.999990371465683 8e-06 1e-05 0.9999710303544999 2e-05 2e-05 4.510984892845154 0.08 0.07 77 
-2.2253446420033773 0.0006 0.0005 0.9999917656183243 5e-06 6e-06 0.9999850092331568 5e-06 8e-06 4.511781648000081 0.07 0.07 52 
-2.224846248626709 0.0006 0.0005 0.9999913112322489 7e-06 8e-06 0.9999723078807196 2e-05 2e-05 4.511001973152161 0.07 0.07 148 
-2.2243844350179036 0.0007 0.0007 0.9999870751301447 9e-06 9e-06 0.9999693141380945 2e-05 2e-05 4.511066824595133 0.09 0.09 135 
-2.2244191551208496 0.0006 0.0006 0.9999847702185313 8e-06 8e-06 0.999968136548996 2e-05 3e-05 4.51082684357961 0.1 0.09 103 
-2.2246932061513265 0.0006 0.0006 0.9999898745616277 9e-06 1e-05 0.9999720072746277 2e-05 2e-05 4.511007237434387 0.08 0.07 75 
-2.22428555170695 0.0007 0.0007 0.9999852575858434 9e-06 9e-06 0.9999675114949544 2e-05 2e-05 4.510986771583557 0.1 0.1 123 
-2.225496559143066 0.0006 0.0006 0.9999928681055704 2e-06 3e-06 0.999977890253067 2e-05 3e-05 4.511962887446086 0.09 0.08 51 
-2.2249426555633547 0.0007 0.0006 0.9999907706181208 6e-06 7e-06 0.9999805676937104 1e-05 1e-05 4.511502358118693 0.08 0.08 138 
-2.225143674214681 0.003 0.001 0.9999902470906575 8e-06 2e-05 0.99998861292998 1e-05 3e-05 4.511221922238668 0.08 0.08 23 
