-2.225549742380778 0.0002 0.0001 0.999995259642601 1e-06 2e-06 0.9999836001793544 5e-06 8e-06 4.512213505109151 0.07 0.07 0 
-2.2254506587982177 0.0003 0.0002 0.9999926533301672 2e-06 3e-06 0.9999869743982951 6e-06 1e-05 4.512400323549906 0.07 0.07 1 
-2.2255756696065268 0.0002 0.0001 0.999994180003802 1e-06 3e-06 0.9999869541327159 6e-06 8e-06 4.512171192169189 0.07 0.06 2 
-2.225581579208374 0.0002 0.0001 0.9999946693579356 1e-06 2e-06 0.999987147251765 7e-06 1e-05 4.512169338862101 0.07 0.07 3 
-2.225501324335734 0.0002 0.0002 0.9999938941001892 1e-06 3e-06 0.9999857862790426 5e-06 8e-06 4.512118145624797 0.07 0.07 4 
-2.2255500729878746 0.0002 0.0002 0.9999939848979315 1e-06 2e-06 0.9999856094519297 7e-06 1e-05 4.512276654243469 0.08 0.08 5 
-2.2255755424499513 1e-05 1e-05 0.9999955167373021 4e-07 3e-07 0.9999810349941254 8e-07 7e-07 4.512116243044535 0.04 0.04 6 
-2.225597022374471 0.0003 0.0002 0.9999940502643585 2e-06 3e-06 0.9999882717927296 7e-06 1e-05 4.512343176205953 0.08 0.08 7 
-2.2254506810506185 0.0002 0.0001 0.9999929807583491 2e-06 2e-06 0.9999858099222183 7e-06 1e-05 4.512364494005839 0.08 0.08 8 
-2.2254156080881753 0.0003 0.0002 0.9999931228160858 2e-06 3e-06 0.9999849545955658 5e-06 7e-06 4.512433492342631 0.08 0.08 9 
-2.225459836324056 0.0003 0.0002 0.9999927457173665 2e-06 4e-06 0.9999858949581782 5e-06 8e-06 4.512374571164449 0.07 0.07 10 
-2.225453077952067 3e-05 3e-05 0.9999940117200216 9e-07 9e-07 0.999983459909757 2e-06 2e-06 4.51218644618988 0.06 0.06 11 
-2.2254484526316323 0.0002 0.0001 0.9999932273228963 2e-06 3e-06 0.9999863272905349 7e-06 1e-05 4.512388008435567 0.08 0.08 12 
-2.225503508249919 0.0002 0.0002 0.9999935909112294 2e-06 3e-06 0.9999859835704168 6e-06 1e-05 4.512407541275024 0.07 0.07 13 
-2.2255358695983887 0.0003 0.0002 0.9999942543109258 2e-06 3e-06 0.9999854791164399 5e-06 8e-06 4.512417208353678 0.07 0.07 14 
-2.225550346374512 0.0002 0.0001 0.999994238615036 1e-06 2e-06 0.9999863004684448 6e-06 1e-05 4.512246619860331 0.07 0.07 15 
-2.225589469273885 0.0002 0.0002 0.9999942819277445 2e-06 3e-06 0.9999866737922033 6e-06 1e-05 4.512249145507813 0.07 0.07 16 
-2.2256175104777016 0.0002 0.0002 0.9999943534533183 2e-06 3e-06 0.999988180398941 7e-06 1e-05 4.51219294389089 0.07 0.07 17 
-2.225485884348551 2e-05 2e-05 0.9999947939316431 3e-07 2e-07 0.9999829981724421 7e-07 6e-07 4.512133029301961 0.05 0.05 18 
-2.2254819615681964 0.0002 0.0002 0.9999930848677953 2e-06 3e-06 0.9999859497944514 8e-06 1e-05 4.512349184354147 0.08 0.08 19 
-2.2255580107371014 0.0003 0.0002 0.9999928194284439 2e-06 3e-06 0.9999891136089961 6e-06 9e-06 4.512565902074178 0.07 0.07 20 
-2.225587647755941 0.0002 0.0001 0.9999941637118658 1e-06 2e-06 0.9999880240360896 6e-06 1e-05 4.512091253598531 0.07 0.08 21 
-2.225383504231771 2e-05 2e-05 0.9999937578042348 4e-07 4e-07 0.9999823659658432 7e-07 8e-07 4.512236518859863 0.06 0.06 22 
-2.2256051222483317 0.0002 0.0002 0.9999946131308873 1e-06 2e-06 0.9999864321947097 6e-06 1e-05 4.512048123677571 0.07 0.07 23 
-2.225663900375366 0.0003 0.0002 0.9999948398272196 2e-06 3e-06 0.9999891583124797 6e-06 1e-05 4.512199571927389 0.07 0.07 24 
-2.225539665222168 0.0002 0.0001 0.9999935986598333 1e-06 2e-06 0.9999851393699646 7e-06 1e-05 4.5122561995188395 0.08 0.08 25 
-2.225473992029826 0.0002 0.0002 0.9999936499198278 2e-06 2e-06 0.9999838081995646 8e-06 1e-05 4.512351692517599 0.08 0.08 26 
-2.225434363683065 2e-05 2e-05 0.999993071158727 5e-07 5e-07 0.9999848393599192 4e-07 4e-07 4.5122804387410484 0.05 0.05 27 
-2.225561564763387 0.0002 0.0001 0.9999942626555761 1e-06 2e-06 0.9999847847223282 7e-06 1e-05 4.512222727139791 0.07 0.07 28 
-2.225519227981567 1e-05 2e-05 0.9999941368897756 3e-07 3e-07 0.9999838117758433 7e-07 6e-07 4.512117037773132 0.05 0.05 29 
-2.2255982112884523 0.0002 0.0001 0.9999946103493372 1e-06 2e-06 0.9999856146176657 7e-06 1e-05 4.512177549997966 0.07 0.07 30 
-2.2254315026601157 2e-05 2e-05 0.9999942260980607 3e-07 3e-07 0.9999829451243083 7e-07 6e-07 4.512160900433858 0.06 0.06 31 
-2.2254814783732098 0.0003 0.0002 0.9999937740961711 2e-06 3e-06 0.9999855794509251 5e-06 7e-06 4.5123388385772705 0.07 0.07 32 
-2.2256904665629067 0.0002 0.0002 0.9999958481391271 1e-06 2e-06 0.9999875928958257 8e-06 2e-05 4.512116527557373 0.07 0.07 33 
-2.2255476411183674 0.0002 0.0001 0.9999939415852229 1e-06 2e-06 0.9999858623743058 6e-06 1e-05 4.512390225728353 0.08 0.08 34 
-2.225611279805501 0.0003 0.0002 0.9999944204092026 2e-06 3e-06 0.9999877578020095 6e-06 1e-05 4.512225594520569 0.07 0.07 35 
-2.225697946548462 0.0002 0.0002 0.9999954448143641 1e-06 2e-06 0.9999885956446329 6e-06 1e-05 4.512182618776957 0.07 0.07 36 
-2.225520553588867 0.0002 0.0002 0.9999941351016363 2e-06 3e-06 0.9999861162900925 7e-06 1e-05 4.512376491228739 0.08 0.08 37 
-2.225460662841797 0.0002 0.0001 0.9999935138225555 2e-06 3e-06 0.9999848157167435 6e-06 8e-06 4.5122980213165285 0.07 0.07 38 
-2.2255392519632977 0.0003 0.0002 0.9999944845835368 2e-06 3e-06 0.9999855615695318 5e-06 8e-06 4.512355081240336 0.07 0.07 39 
-2.2255420716603598 0.0002 0.0001 0.9999943053722382 2e-06 2e-06 0.999987223347028 6e-06 1e-05 4.512242614428202 0.08 0.08 40 
-2.2255569871266685 0.0002 0.0002 0.999993907213211 2e-06 3e-06 0.9999882338444391 6e-06 1e-05 4.512200244267782 0.08 0.08 41 
-2.225442730585734 0.0002 0.0001 0.9999932167927424 2e-06 3e-06 0.9999854866663614 5e-06 7e-06 4.512352991104126 0.07 0.07 42 
-2.22566886583964 0.0002 0.0002 0.9999952073891958 1e-06 3e-06 0.9999881285429001 6e-06 1e-05 4.51228364944458 0.07 0.07 43 
-2.225419645309448 2e-05 2e-05 0.9999937977393468 5e-07 4e-07 0.9999825445810954 7e-07 7e-07 4.512233071327209 0.06 0.06 44 
-2.2255765183766685 0.0002 0.0001 0.9999942749738693 1e-06 3e-06 0.9999867635965347 6e-06 1e-05 4.512322532335917 0.07 0.07 45 
-2.22562193552653 0.0003 0.0002 0.9999948074420293 1e-06 3e-06 0.9999886393547058 6e-06 1e-05 4.51223034063975 0.07 0.07 46 
-2.225537207921346 0.0002 0.0002 0.9999940385421117 2e-06 3e-06 0.9999881541728973 6e-06 1e-05 4.512218267122904 0.07 0.07 47 
-2.22558074315389 0.0002 0.0002 0.9999943820635477 2e-06 2e-06 0.9999869441986085 7e-06 1e-05 4.512271100680033 0.07 0.07 48 
-2.2255579312642415 0.0002 0.0002 0.9999943472941717 1e-06 2e-06 0.9999847795565923 8e-06 1e-05 4.512192614873251 0.08 0.07 49 
-2.2256078052520754 0.0002 0.0002 0.9999950907627742 1e-06 2e-06 0.9999852534135183 8e-06 2e-05 4.512211497624715 0.07 0.07 50 
-2.2255881277720135 0.0002 0.0002 0.9999947722752889 1e-06 2e-06 0.9999870403607687 7e-06 1e-05 4.512186886469523 0.07 0.07 51 
-2.22540696144104 2e-05 2e-05 0.9999935273329417 4e-07 4e-07 0.9999817113081614 8e-07 8e-07 4.512235631942749 0.05 0.05 52 
-2.225528704325358 0.0004 0.0003 0.9999930963913599 2e-06 4e-06 0.9999883588155111 6e-06 1e-05 4.5122985792160035 0.08 0.08 53 
-2.2255574576059978 0.0003 0.0003 0.999993818004926 2e-06 3e-06 0.9999889800945918 7e-06 1e-05 4.512377419471741 0.08 0.08 54 
-2.225489536921183 0.0007 0.0003 0.9999936757485072 2e-06 2e-06 0.9999839448928833 1e-05 4e-05 4.512198766072591 0.09 0.09 55 
-2.225695708592733 0.0003 0.0002 0.9999959526459375 1e-06 3e-06 0.9999882489442825 7e-06 1e-05 4.512312568028768 0.07 0.07 56 
-2.2254206403096517 0.0004 0.0002 0.9999926310777664 2e-06 5e-06 0.9999857934316 4e-06 6e-06 4.512529457410176 0.08 0.08 57 
-2.225443916320801 0.0002 0.0002 0.9999939115842184 2e-06 3e-06 0.9999819932381312 5e-06 8e-06 4.512350101470947 0.08 0.08 58 
-2.225583966573079 0.0002 0.0002 0.9999947126706441 2e-06 2e-06 0.9999870965878169 7e-06 1e-05 4.512265202204387 0.08 0.08 59 
-2.225515670776367 0.0002 0.0002 0.999993952512741 2e-06 2e-06 0.999985466003418 7e-06 1e-05 4.512269919713338 0.08 0.08 60 
-2.22556658744812 0.0002 0.0002 0.9999945255120596 1e-06 2e-06 0.9999861937761306 7e-06 1e-05 4.5123055553436275 0.08 0.08 61 
-2.225456199645996 0.0002 0.0001 0.9999931585788727 2e-06 2e-06 0.9999851322174073 7e-06 1e-05 4.512422294616699 0.08 0.08 62 
-2.2255463568369547 0.0002 0.0001 0.9999943858385086 1e-06 2e-06 0.9999873010317485 6e-06 8e-06 4.512175900141398 0.07 0.07 63 
-2.2254841041564943 2e-05 2e-05 0.9999947746594747 3e-07 3e-07 0.9999826989571253 7e-07 7e-07 4.512121024131775 0.05 0.05 64 
-2.2256336212158203 0.0002 0.0001 0.9999949032068253 1e-06 2e-06 0.9999875213702519 6e-06 1e-05 4.5122994534174605 0.07 0.07 65 
-2.22558957417806 0.0003 0.0002 0.9999943089485168 2e-06 3e-06 0.9999874355395635 6e-06 1e-05 4.512292728424073 0.08 0.08 66 
-2.2254229164123536 0.0002 0.0002 0.9999924621979396 2e-06 3e-06 0.9999842017889022 7e-06 1e-05 4.512441218694051 0.08 0.08 67 
-2.2254819583892824 0.0002 0.0002 0.9999935340881347 2e-06 3e-06 0.9999834819634755 8e-06 1e-05 4.512292753855387 0.08 0.08 68 
-2.2254979324340822 0.0002 0.0002 0.9999936326344808 2e-06 3e-06 0.9999868363142014 7e-06 1e-05 4.512376705805461 0.08 0.08 69 
-2.2254480838775637 0.0002 0.0002 0.9999932565291723 2e-06 3e-06 0.9999873197078705 6e-06 1e-05 4.512492016156514 0.08 0.08 70 
-2.225531822840373 0.0002 0.0002 0.9999941863616307 1e-06 2e-06 0.9999866195519765 7e-06 1e-05 4.512260826428731 0.08 0.08 71 
-2.2255424626668296 0.0002 0.0002 0.9999938593308131 1e-06 2e-06 0.9999837015072505 7e-06 1e-05 4.512299850781758 0.07 0.07 72 
-2.2254104455312094 0.0002 0.0001 0.9999936536947887 2e-06 3e-06 0.9999830226103464 6e-06 9e-06 4.512256194750468 0.08 0.08 73 
-2.22557248433431 0.0003 0.0002 0.9999940317869186 2e-06 3e-06 0.9999864149093628 8e-06 1e-05 4.512291523615519 0.08 0.08 74 
-2.225490067799886 0.0002 0.0002 0.999993366599083 2e-06 3e-06 0.9999857060114543 6e-06 1e-05 4.512148032188415 0.07 0.07 75 
-2.2256737327575684 0.0002 0.0002 0.999995303551356 1e-06 2e-06 0.9999887309471767 6e-06 1e-05 4.512170216242472 0.07 0.07 76 
-2.2254970995585124 2e-05 2e-05 0.9999945227305095 2e-07 3e-07 0.9999835095802942 6e-07 6e-07 4.512152797381083 0.05 0.05 77 
-2.225560261408488 0.0002 0.0002 0.9999945837259293 1e-06 2e-06 0.9999866704146068 7e-06 1e-05 4.512239540417989 0.08 0.08 78 
-2.2255249214172363 0.0002 0.0001 0.9999945378303527 2e-06 3e-06 0.9999851898352305 6e-06 8e-06 4.512249008814494 0.07 0.07 79 
-2.2255263710021973 0.0002 0.0002 0.9999938398599625 2e-06 3e-06 0.9999855933586757 6e-06 1e-05 4.51227946917216 0.08 0.08 80 
-2.225490007400513 2e-05 2e-05 0.9999949608246486 3e-07 2e-07 0.9999827510118484 7e-07 7e-07 4.5121094497044885 0.05 0.05 81 
-2.225495812098185 0.0002 0.0002 0.9999939572811126 2e-06 3e-06 0.9999837708473206 8e-06 1e-05 4.512305358250936 0.08 0.08 82 
-2.2253764629364015 2e-05 2e-05 0.9999935003121694 4e-07 4e-07 0.9999814422925314 7e-07 7e-07 4.512249999046325 0.06 0.06 83 
-2.2255760129292805 0.0002 0.0002 0.9999945618708929 1e-06 2e-06 0.9999835216999053 7e-06 1e-05 4.51231024424235 0.08 0.08 84 
-2.2257221603393553 0.0002 0.0002 0.9999958384037018 1e-06 2e-06 0.999989164074262 6e-06 1e-05 4.512154173851013 0.07 0.07 85 
-2.225538126627604 0.0004 0.0003 0.9999946779012681 2e-06 3e-06 0.999986226161321 9e-06 2e-05 4.51221874554952 0.09 0.09 86 
-2.225454994837443 8e-05 7e-05 0.9999936274687449 1e-06 2e-06 0.9999826204776764 3e-06 4e-06 4.512259848912557 0.07 0.07 87 
-2.225524419148763 0.0002 0.0002 0.9999941144386927 1e-06 2e-06 0.9999864729245503 7e-06 1e-05 4.512297067642212 0.08 0.08 88 
-2.2254457473754883 2e-05 2e-05 0.9999943327903748 4e-07 4e-07 0.9999812453985214 8e-07 7e-07 4.5121831719080605 0.05 0.05 89 
-2.225419492721558 0.0002 0.0001 0.9999932338794072 2e-06 2e-06 0.9999859921137492 6e-06 1e-05 4.512407650947571 0.08 0.08 90 
-2.2255406951904297 0.0002 0.0002 0.9999940071503322 1e-06 2e-06 0.9999860964218775 7e-06 1e-05 4.5122939411799114 0.08 0.08 91 
-2.225672744115194 0.0002 0.0001 0.9999957319100697 1e-06 2e-06 0.9999874776601791 7e-06 1e-05 4.5120416339238485 0.07 0.07 92 
-2.225590902964274 0.0002 0.0001 0.9999948515494664 1e-06 2e-06 0.9999868537982305 6e-06 1e-05 4.51221217473348 0.07 0.07 93 
-2.225548782348633 0.0002 0.0002 0.9999941704670589 2e-06 3e-06 0.9999860435724258 6e-06 1e-05 4.5122886117299394 0.07 0.07 94 
-2.225571349461873 0.0002 0.0001 0.9999939548969269 1e-06 2e-06 0.9999847372372945 7e-06 1e-05 4.512295610109965 0.07 0.07 95 
-2.2256601238250733 0.0002 0.0002 0.9999956695238749 1e-06 2e-06 0.9999869896968205 7e-06 1e-05 4.512157541910807 0.07 0.07 96 
-2.2256407642364504 0.0002 0.0002 0.9999951026837031 2e-06 3e-06 0.999989013671875 6e-06 1e-05 4.512272003491719 0.07 0.07 97 
-2.225548791885376 0.0002 0.0002 0.9999942610661189 1e-06 2e-06 0.9999851508935292 7e-06 1e-05 4.512215611139934 0.08 0.08 98 
-2.2253909810384114 0.0006 0.0003 0.9999928577740987 2e-06 3e-06 0.9999810888369878 1e-05 3e-05 4.512297887802124 0.09 0.09 99 
