-2.2139618905385334 0.03 0.009 0.9998690019051234 0.0001 0.0002 0.9996913242340087 0.0002 0.0006 4.50342438697815 0.2 0.2 4 
-2.2140310128529865 0.01 0.008 0.9998735515276591 9e-05 0.0002 0.9996851146221161 0.0002 0.0005 4.503981348673503 0.3 0.2 5 
-2.213886562983195 0.03 0.009 0.9998684610923131 0.0001 0.0003 0.9996911986668905 0.0002 0.0004 4.503392766316732 0.3 0.2 7 
-2.2139024861653644 0.03 0.01 0.9998671899239222 0.0001 0.0002 0.9996906244754791 0.0003 0.0008 4.504235779444377 0.3 0.2 9 
-2.213915408452352 0.03 0.009 0.999862647652626 9e-05 0.0003 0.99968854089578 0.0002 0.0006 4.504427913029988 0.3 0.3 11 
-2.2138909498850503 0.03 0.009 0.9998661975065867 0.0001 0.0003 0.9996901524066925 0.0003 0.0006 4.5044073375066125 0.3 0.2 15 
-2.2139938735961913 0.03 0.01 0.9998692661523819 9e-05 0.0003 0.9996879961093267 0.0003 0.001 4.504178357124329 0.3 0.3 28 
-2.213923018773397 0.03 0.009 0.9998693645000458 0.0001 0.0003 0.9996924682458241 0.0003 0.0006 4.504004732767741 0.2 0.3 29 
-2.215241963068644 0.03 0.006 0.9999063783884048 6e-05 0.0001 0.999678945740064 0.0002 0.0007 4.504856227238973 0.2 0.2 32 
-2.213984988530477 0.02 0.009 0.9998727116982142 9e-05 0.0002 0.999685846765836 0.0002 0.0005 4.504377458890279 0.3 0.2 33 
-2.213921922047933 0.03 0.009 0.9998697773615519 0.0001 0.0003 0.9996916598081589 0.0002 0.0005 4.503966306050619 0.3 0.2 37 
-2.2140340328216555 0.02 0.009 0.9998667283852896 0.0001 0.0003 0.9996927001078924 0.0002 0.0007 4.5038229242960615 0.3 0.2 38 
-2.213966506322225 0.02 0.01 0.9998691109816233 9e-05 0.0003 0.999689122637113 0.0003 0.0008 4.504133779207866 0.3 0.3 45 
-2.213832082748413 0.02 0.008 0.9998673752943674 0.0001 0.0002 0.9996924052635828 0.0002 0.0004 4.503988556861877 0.2 0.2 48 
-2.214009847640991 0.03 0.01 0.999866032799085 0.0001 0.0003 0.9996911203861236 0.0003 0.0007 4.503946981430054 0.3 0.2 50 
-2.213914842605591 0.03 0.01 0.9998657367626826 0.0001 0.0004 0.9996909662087758 0.0003 0.001 4.504073983828227 0.3 0.3 54 
-2.2139321327209474 0.03 0.009 0.999865579009056 0.0001 0.0003 0.9996884985764821 0.0003 0.0005 4.504260778427124 0.3 0.2 56 
-2.213926738103231 0.03 0.009 0.999863743185997 0.0001 0.0002 0.9996928948163987 0.0002 0.0007 4.503860322634379 0.3 0.2 60 
-2.214032325744629 0.02 0.009 0.9998708226283392 9e-05 0.0002 0.9996862544616063 0.0002 0.0005 4.503928446769715 0.3 0.2 61 
-2.213909060160319 0.03 0.01 0.9998695941766104 9e-05 0.0003 0.9996840639909108 0.0003 0.001 4.504072511990865 0.3 0.3 66 
-2.213804931640625 0.02 0.01 0.9998656672239303 9e-05 0.0002 0.9996833797295889 0.0002 0.0006 4.5046231031417845 0.3 0.3 73 
-2.213769728342692 0.02 0.009 0.9998591432968775 0.0001 0.0002 0.999691622654597 0.0002 0.0008 4.504151724179586 0.3 0.2 77 
-2.2139625295003253 0.03 0.009 0.9998687007029852 0.0001 0.0003 0.9996879810094833 0.0003 0.0005 4.504129061698913 0.3 0.2 79 
-2.2139680608113608 0.03 0.009 0.999868590037028 0.0001 0.0003 0.9996893022457759 0.0002 0.0006 4.504052340189616 0.3 0.2 81 
-2.213889061609904 0.02 0.01 0.9998689180612564 8e-05 0.0003 0.9996840633948644 0.0002 0.0006 4.505197259585063 0.3 0.3 89 
-2.2203373813629153 0.005 0.001 0.9999246682723363 5e-05 0.0002 0.9996363027890524 6e-05 0.0001 4.511007420221964 0.1 0.1 90 
-2.2139416217803953 0.03 0.008 0.9998672876755397 0.0001 0.0002 0.9996943012873332 0.0002 0.0004 4.503751646677653 0.2 0.2 95 
-2.2138922119140627 0.02 0.008 0.999864848057429 0.0001 0.0002 0.9996926901737849 0.0002 0.0004 4.50372744401296 0.2 0.2 96 
