-2.225299326578776 0.003 0.001 0.9999765479564666 2e-05 5e-05 0.9999817921717962 1e-05 4e-05 4.511771774291992 0.1 0.2 0 
-2.226328716278076 0.0006 0.0002 0.9999954575300216 4e-06 1e-05 0.9999959578116735 3e-06 1e-05 4.512196095784505 0.08 0.1 12 
-2.2256200536092123 0.003 0.0008 0.9999759109814962 2e-05 5e-05 0.9999767897526423 2e-05 8e-05 4.511924689610799 0.1 0.2 45 
-2.2262237866719565 0.001 0.0003 0.9999910755952199 8e-06 3e-05 0.9999919700622558 6e-06 3e-05 4.512154148419698 0.07 0.07 59 
-2.2249429003397623 0.005 0.001 0.9999619380633036 4e-05 0.0002 0.9999629783630372 3e-05 0.0001 4.512525444030762 0.2 0.2 64 
-2.2263053321838377 0.0007 0.0002 0.999994633992513 5e-06 1e-05 0.9999924107392629 6e-06 3e-05 4.512073024113973 0.08 0.07 69 
-2.2258964856465657 0.003 0.0006 0.9999855124950409 1e-05 4e-05 0.999984214703242 1e-05 9e-05 4.511743561426798 0.08 0.09 75 
-2.2259174950917564 0.002 0.0006 0.999994483590126 5e-06 2e-05 0.9999823647737504 2e-05 6e-05 4.5120150168736775 0.1 0.08 77 
-2.2262717342376708 0.0009 0.0003 0.9999941243728002 5e-06 2e-05 0.9999906822045644 8e-06 4e-05 4.511962248484294 0.1 0.08 83 
-2.226358594894409 0.0004 0.0002 0.9999973837534587 2e-06 9e-06 0.9999951505661011 4e-06 2e-05 4.512210467656454 0.06 0.07 99 
