-2.224602454503377 0.0007 0.0006 0.9999886739253998 8e-06 9e-06 0.9999738190571467 2e-05 2e-05 4.51136651357015 0.08 0.08 47 
-2.2242780462900797 0.0007 0.0007 0.9999847575028737 1e-05 1e-05 0.9999673459927241 2e-05 2e-05 4.5109885485967 0.1 0.1 148 
-2.224844210942586 0.0005 0.0004 0.9999915111064911 7e-06 8e-06 0.9999686042467754 2e-05 3e-05 4.511165186564128 0.08 0.08 115 
-2.2243483765920002 0.0008 0.0007 0.999985876083374 1e-05 1e-05 0.9999702151616414 2e-05 2e-05 4.5110590314865116 0.09 0.09 75 
-2.2247416241963704 0.0006 0.0006 0.9999900698661804 8e-06 1e-05 0.9999713889757792 2e-05 2e-05 4.511019657452901 0.08 0.07 108 
-2.224484577178955 0.0007 0.0006 0.9999858218431473 1e-05 1e-05 0.9999654976526896 3e-05 3e-05 4.511116733551026 0.09 0.08 9 
-2.2246871026357016 0.0007 0.0006 0.9999886111418406 1e-05 1e-05 0.9999720545609793 2e-05 2e-05 4.511100834210714 0.08 0.08 127 
-2.2244424406687417 0.0009 0.0009 0.9999857248862585 1e-05 1e-05 0.9999731759230296 2e-05 2e-05 4.51096300760905 0.08 0.08 29 
-2.224293473561605 0.0006 0.0006 0.9999869014819464 8e-06 8e-06 0.9999669526020686 2e-05 3e-05 4.511076224644979 0.1 0.1 66 
-2.224656915664673 0.0007 0.0007 0.9999902127186457 9e-06 1e-05 0.9999730233351389 2e-05 2e-05 4.510925038655599 0.08 0.08 7 
-2.2243553320566813 0.0007 0.0007 0.9999867389599483 9e-06 9e-06 0.9999693717559178 2e-05 2e-05 4.510878923734029 0.1 0.09 24 
-2.2244904677073163 0.0007 0.0007 0.9999861466884613 1e-05 1e-05 0.999971328775088 2e-05 2e-05 4.511085872650146 0.09 0.08 11 
-2.225079485575358 0.001 0.0009 0.9999924937884013 6e-06 8e-06 0.9999893540143967 3e-06 3e-06 4.511493624051412 0.08 0.08 20 
-2.2247231356302897 0.0006 0.0006 0.9999894112348556 8e-06 9e-06 0.9999710188309352 2e-05 2e-05 4.511038395563761 0.08 0.07 119 
-2.224320961634318 0.0007 0.0006 0.9999863505363464 9e-06 1e-05 0.999967821041743 2e-05 2e-05 4.511157104174296 0.1 0.09 149 
-2.224013350804647 0.0003 0.0003 0.99998812576135 6e-06 5e-06 0.9999494006236395 4e-05 5e-05 4.510757587750753 0.1 0.1 65 
-2.2242265701293946 0.0008 0.0007 0.9999853833516439 1e-05 1e-05 0.9999681333700816 2e-05 2e-05 4.510826210975647 0.1 0.1 5 
-2.223501558303833 0.001 0.001 0.9999776144822439 1e-05 1e-05 0.9999570874373118 2e-05 3e-05 4.509943323135376 0.1 0.1 84 
-2.223448174794515 0.0008 0.0009 0.9999813026189804 9e-06 9e-06 0.9999533305565517 2e-05 3e-05 4.51037895043691 0.1 0.1 94 
-2.2242665576934812 0.0008 0.0007 0.9999847966432571 1e-05 1e-05 0.999968554576238 2e-05 2e-05 4.5106556224823 0.1 0.1 35 
