-2.2262632338205974 0.0005 0.0002 0.9999966694911321 8e-07 1e-06 0.9999982609351477 4e-07 9e-07 4.512240489323934 0.04 0.04 0 
-2.2245872084299725 0.002 0.0007 0.9999893500407537 5e-06 7e-06 0.9999810775121053 2e-05 0.0001 4.511435240109762 0.08 0.08 1 
-2.22628023147583 5e-05 5e-05 0.9999964590867361 4e-07 5e-07 0.9999983058373133 4e-07 3e-07 4.51222978591919 0.04 0.04 2 
-2.224800453186035 0.002 0.001 0.9999889894326528 7e-06 2e-05 0.9999795168638229 2e-05 9e-05 4.511611542701721 0.08 0.08 4 
-2.2261749712626138 9e-05 9e-05 0.9999953150749207 6e-07 6e-07 0.999996923605601 9e-07 1e-06 4.512221776644389 0.04 0.04 5 
-2.2261317507425944 0.0001 0.0001 0.999994886914889 8e-07 5e-07 0.9999970668554305 1e-06 1e-06 4.5121631987889605 0.04 0.04 6 
-2.22623784383138 3e-05 3e-05 0.9999906665086746 5e-07 4e-07 0.999997902115186 3e-07 3e-07 4.512340842882792 0.05 0.05 7 
-2.225001935958862 0.001 0.0008 0.9999894897143046 7e-06 2e-05 0.999985165198644 1e-05 5e-05 4.511835834185282 0.1 0.1 8 
-2.2262705198923745 3e-05 3e-05 0.999994136095047 4e-07 5e-07 0.9999969716866811 8e-07 8e-07 4.512340545654297 0.04 0.04 9 
-2.2262870566050212 0.0006 0.0002 0.9999969353278478 7e-07 2e-06 0.9999980717897415 4e-07 9e-07 4.512167642911275 0.04 0.04 10 
-2.226397927602132 2e-06 2e-06 0.9999975150823593 3e-07 3e-07 0.9999977364142736 4e-07 3e-07 4.5122267580032345 0.04 0.04 11 
-2.2263114706675213 3e-05 3e-05 0.9999986372391383 3e-07 3e-07 0.9999977691968283 7e-07 8e-07 4.51218048731486 0.03 0.03 12 
-2.22628178914388 5e-05 5e-05 0.999994615316391 7e-07 6e-07 0.999997464021047 8e-07 1e-06 4.512310611406962 0.04 0.04 13 
-2.226200294494629 7e-05 8e-05 0.9999919551610946 2e-06 2e-06 0.9999966138601303 8e-07 9e-07 4.512368001937866 0.05 0.05 14 
-2.2261690298716226 2e-05 2e-05 0.9999869360526403 9e-07 9e-07 0.9999973769982656 2e-07 2e-07 4.512565746307373 0.06 0.06 16 
-2.2252361456553142 0.001 0.0006 0.9999891056617101 9e-06 3e-05 0.9999904467662175 8e-06 5e-05 4.511806923548381 0.1 0.1 17 
-2.2250052452087403 0.001 0.0006 0.9999896055459976 6e-06 1e-05 0.9999871667226156 1e-05 8e-05 4.511824893951416 0.08 0.09 18 
-2.226328935623169 0.0002 9e-05 0.9999964461723964 3e-07 4e-07 0.9999984506766001 3e-07 5e-07 4.512258845965068 0.04 0.04 20 
-2.2263007068634035 3e-05 3e-05 0.9999971612294515 3e-07 3e-07 0.9999984180927277 4e-07 3e-07 4.5122501595815026 0.04 0.04 21 
-2.224772777557373 0.001 0.0008 0.9999889932076136 6e-06 1e-05 0.9999824359019598 2e-05 0.0001 4.511649163564046 0.09 0.1 22 
-2.2242517344156902 0.002 0.0008 0.9999863572915395 4e-06 7e-06 0.9999755557378133 2e-05 0.0001 4.511323207219442 0.08 0.08 23 
-2.226166156133016 5e-05 7e-05 0.9999872237443924 2e-06 3e-06 0.9999968791007996 1e-06 1e-06 4.5125195407867436 0.06 0.06 24 
-2.226204557418823 0.0002 0.0002 0.9999972134828568 9e-07 2e-06 0.9999970048666 2e-06 4e-06 4.512224176724752 0.06 0.05 25 
-2.2237340132395427 0.002 0.001 0.9999881704648336 6e-06 1e-05 0.9999670940637588 3e-05 0.0001 4.510649124781291 0.07 0.07 26 
-2.2243277136484783 0.001 0.0008 0.9999856535593669 8e-06 1e-05 0.999974338610967 2e-05 5e-05 4.511611552238464 0.1 0.1 27 
-2.226229721705119 0.0001 0.0001 0.9999970610936483 5e-07 6e-07 0.9999984568357467 3e-07 2e-07 4.512214736938477 0.04 0.04 28 
-2.226163953145345 0.0008 0.0003 0.9999963597456614 2e-06 1e-05 0.9999967622756958 3e-06 1e-05 4.512270320256551 0.06 0.07 29 
-2.2261966292063393 6e-05 6e-05 0.9999945992231369 5e-07 6e-07 0.9999977139631907 3e-07 3e-07 4.512307190895081 0.04 0.04 30 
-2.226233908335368 6e-05 6e-05 0.9999975488583247 4e-07 3e-07 0.9999971497058868 9e-07 9e-07 4.512166644732157 0.04 0.04 31 
-2.226127964655558 8e-05 9e-05 0.9999901622533798 1e-06 1e-06 0.9999975818395614 3e-07 3e-07 4.512397363980611 0.05 0.05 32 
-2.226341126759847 2e-05 2e-05 0.9999974646170934 3e-07 3e-07 0.9999981880187988 3e-07 3e-07 4.512276115417481 0.04 0.04 33 
-2.2262378406524657 6e-05 5e-05 0.9999959206581116 5e-07 6e-07 0.9999982710679373 3e-07 4e-07 4.512216143608093 0.04 0.04 35 
-2.2261353874206544 0.0002 0.0002 0.9999900937080384 3e-06 5e-06 0.999996939500173 2e-06 3e-06 4.512398482958476 0.06 0.06 36 
-2.226234982808431 5e-05 6e-05 0.999996485710144 5e-07 5e-07 0.9999969844023386 9e-07 1e-06 4.512215453783671 0.04 0.04 37 
-2.2261541652679444 0.0004 0.0002 0.9999902216593425 9e-07 2e-06 0.9999978466828664 2e-07 6e-07 4.512440899213155 0.05 0.05 38 
-2.226306037902832 0.001 0.0002 0.9999981574217478 7e-07 2e-06 0.999998945593834 3e-07 2e-06 4.5121936480204266 0.04 0.04 40 
-2.225104649861654 0.001 0.0007 0.9999908198912938 6e-06 1e-05 0.9999897036949793 7e-06 1e-05 4.5119885047276815 0.1 0.1 41 
-2.2262262280782066 0.0001 0.0001 0.9999927894274394 2e-06 3e-06 0.9999979114532471 5e-07 6e-07 4.512260271708171 0.06 0.06 42 
-2.2262627919514975 7e-05 4e-05 0.9999920177459717 7e-07 8e-07 0.9999978031714757 2e-07 2e-07 4.512393639882405 0.05 0.05 43 
-2.2250434303283693 0.002 0.0007 0.9999861190716426 1e-05 4e-05 0.9999816777308782 2e-05 4e-05 4.512044865290324 0.1 0.1 44 
-2.2252246570587157 0.001 0.0007 0.9999888435999552 9e-06 5e-05 0.999987723827362 1e-05 4e-05 4.511764685312907 0.1 0.1 46 
-2.2263025569915773 0.0001 8e-05 0.999997671842575 4e-07 4e-07 0.9999981721242269 4e-07 5e-07 4.512228848139445 0.03 0.03 47 
-2.2262277444203695 0.0002 0.0002 0.9999948233366013 1e-06 3e-06 0.9999976015090942 2e-06 2e-06 4.512263582547505 0.05 0.05 48 
-2.2259974765777586 0.0003 0.0002 0.9999968606233597 6e-07 9e-07 0.9999985154469808 4e-07 4e-07 4.51203773021698 0.03 0.03 50 
-2.226250896453857 2e-05 2e-05 0.9999897422393164 5e-07 6e-07 0.9999978917837143 3e-07 1e-06 4.512459160486857 0.05 0.05 51 
-2.2262833499908448 0.0002 0.0001 0.9999986582994461 4e-07 4e-07 0.9999982150395711 3e-07 5e-07 4.51215842405955 0.03 0.03 52 
-2.2250414435068766 0.001 0.0007 0.9999896514415741 6e-06 1e-05 0.9999878199895224 1e-05 7e-05 4.51181406656901 0.09 0.08 53 
-2.226415230433146 3e-06 3e-06 0.999998284180959 2e-07 3e-07 0.9999978339672089 4e-07 3e-07 4.512302823066712 0.03 0.03 54 
-2.2246353594462076 0.001 0.0009 0.9999749918778738 1e-05 1e-05 0.999984759092331 1e-05 0.0001 4.511977351506551 0.1 0.1 55 
-2.2261903572082518 0.0003 0.0002 0.9999965000152587 1e-06 3e-06 0.9999977713823318 1e-06 3e-06 4.512045715649923 0.06 0.06 56 
-2.226216745376587 0.0003 0.0002 0.9999985239903132 9e-07 3e-06 0.9999977362155914 2e-06 5e-06 4.512017130851746 0.05 0.05 57 
-2.226275157928467 4e-05 4e-05 0.9999964533249537 3e-07 3e-07 0.9999972057342529 9e-07 8e-07 4.512238558133443 0.03 0.03 58 
-2.226148392359416 0.0002 0.0002 0.9999961507320404 1e-06 2e-06 0.9999982845783234 1e-06 2e-06 4.511965832710266 0.05 0.05 59 
-2.224100341796875 0.002 0.001 0.9999668125311534 2e-05 4e-05 0.9999684856335322 3e-05 0.0001 4.511471085548401 0.1 0.1 60 
-2.226090488433838 0.004 0.0004 0.9999949949979782 2e-06 7e-06 0.9999982595443726 8e-07 6e-06 4.512074955304464 0.05 0.05 61 
-2.2261927127838135 0.0009 0.0003 0.9999970537424088 8e-07 2e-06 0.9999983100096385 5e-07 9e-07 4.512216556866964 0.04 0.04 62 
-2.2262569586435954 4e-05 4e-05 0.9999950381120046 4e-07 4e-07 0.9999969613552093 8e-07 9e-07 4.512221984863281 0.04 0.04 63 
-2.2262939008076987 0.0003 0.0001 0.9999938917160034 6e-07 8e-07 0.9999982200066249 3e-07 4e-07 4.512333881060282 0.05 0.05 64 
-2.226239325205485 6e-05 5e-05 0.9999923928578694 1e-06 1e-06 0.9999979921181996 3e-07 4e-07 4.512340447107951 0.05 0.05 65 
-2.2261084365844725 0.0007 0.0004 0.9999950567881266 4e-06 1e-05 0.9999966088930766 3e-06 5e-06 4.512325744628907 0.06 0.06 66 
-2.2261957550048828 0.0008 0.0002 0.9999949226776759 1e-06 2e-06 0.999998103181521 4e-07 2e-06 4.512277580897013 0.04 0.04 67 
-2.2261640803019205 0.0003 0.0002 0.9999944565693537 1e-06 2e-06 0.9999971260627111 2e-06 3e-06 4.512207516034445 0.05 0.05 68 
-2.224673713048299 0.0008 0.0006 0.9999840811888376 6e-06 9e-06 0.9999801647663117 2e-05 8e-05 4.5118649927775065 0.08 0.08 69 
-2.226275978088379 0.0002 0.0001 0.9999969404935837 9e-07 2e-06 0.9999978164831798 2e-06 4e-06 4.5122896067301435 0.06 0.05 70 
-2.22625589688619 5e-05 5e-05 0.9999958723783493 6e-07 5e-07 0.9999976466099422 3e-07 3e-07 4.512221050262451 0.04 0.04 71 
-2.2260902372996014 5e-05 7e-05 0.9999865070978801 2e-06 2e-06 0.9999971946080526 1e-06 9e-07 4.512401423454285 0.06 0.06 72 
-2.226122983296712 0.0002 0.0002 0.9999968179066976 7e-07 1e-06 0.9999980608622233 1e-06 2e-06 4.512079105377198 0.05 0.05 73 
-2.226245148976644 4e-05 4e-05 0.9999926650524139 6e-07 7e-07 0.9999967988332112 9e-07 9e-07 4.512296574910482 0.05 0.04 74 
-2.2262822945912677 5e-05 5e-05 0.9999980497360229 3e-07 4e-07 0.9999982273578644 3e-07 3e-07 4.512164772351583 0.03 0.03 75 
-2.2262162144978843 0.002 0.0002 0.999995106458664 1e-06 3e-06 0.9999981472889582 5e-07 2e-06 4.512168734868368 0.04 0.04 76 
-2.226420440673828 3e-06 3e-06 0.9999976338942845 3e-07 3e-07 0.9999977684020996 3e-07 3e-07 4.512335286140442 0.03 0.03 77 
-2.226199893951416 4e-05 4e-05 0.9999891259272893 7e-07 7e-07 0.9999967646598816 9e-07 8e-07 4.512271100680033 0.05 0.05 80 
-2.2263280900319415 0.0002 0.0001 0.9999980551004409 6e-07 7e-07 0.9999985714753469 3e-07 5e-07 4.512217033704122 0.04 0.04 81 
-2.2262234846750895 0.0002 0.0001 0.9999925810098648 6e-07 8e-07 0.999997843503952 4e-07 4e-07 4.51238374710083 0.05 0.05 82 
-2.2262845865885414 0.0001 7e-05 0.9999984335899353 3e-07 4e-07 0.9999982186158498 3e-07 3e-07 4.512157675425212 0.03 0.03 83 
-2.2251690292358397 0.001 0.0007 0.9999887865781784 8e-06 4e-05 0.9999858411153157 1e-05 5e-05 4.511910678545634 0.1 0.1 84 
-2.226277977625529 9e-05 7e-05 0.99999642709891 6e-07 7e-07 0.9999981345733007 4e-07 4e-07 4.512253119150798 0.04 0.04 85 
-2.2263088258107504 3e-05 3e-05 0.9999972041447958 4e-07 5e-07 0.9999979704618454 7e-07 1e-06 4.512250568072001 0.04 0.04 86 
-2.226170460383097 8e-05 9e-05 0.9999962842464447 6e-07 6e-07 0.9999971294403076 9e-07 9e-07 4.51218853632609 0.04 0.04 87 
-2.2261851755777995 0.0002 8e-05 0.9999903378883997 7e-07 9e-07 0.9999977473417918 2e-07 4e-07 4.5124387375513715 0.06 0.06 89 
-2.2246182123819986 0.002 0.001 0.9999874528249105 8e-06 3e-05 0.9999828372399012 1e-05 8e-05 4.51169115225474 0.1 0.1 91 
-2.226216109593709 0.0002 0.0001 0.9999937808513641 6e-07 6e-07 0.9999981445074081 2e-07 3e-07 4.512361679077149 0.05 0.05 92 
-2.223379678726196 0.003 0.001 0.999980396827062 1e-05 5e-05 0.9999628343184789 3e-05 0.0001 4.510770274798076 0.1 0.1 93 
-2.2262644545237222 4e-05 5e-05 0.999997130036354 4e-07 4e-07 0.9999974505106608 1e-06 8e-07 4.512176650365194 0.04 0.04 94 
-2.2243437925974527 0.001 0.0007 0.9999783744414648 6e-06 1e-05 0.9999839754899343 1e-05 0.0001 4.5117199977238975 0.1 0.1 95 
-2.226209831237793 0.0004 0.0002 0.9999979279438654 7e-07 8e-07 0.9999983859062195 4e-07 8e-07 4.5121589263280235 0.04 0.04 96 
-2.226384372711182 4e-06 3e-06 0.9999978991349538 4e-07 4e-07 0.9999976694583893 2e-07 3e-07 4.5122704855601 0.04 0.04 97 
-2.2261658191680906 0.0001 0.0001 0.9999978041648865 5e-07 6e-07 0.9999981460968653 3e-07 4e-07 4.512129214604696 0.03 0.03 98 
-2.2261945406595864 0.0001 0.0001 0.9999948424100876 6e-07 7e-07 0.9999980473518372 3e-07 3e-07 4.512203351656596 0.05 0.05 99 
