-1.7134913476308187 0.1 0.06 0.9932910585403443 0.002 0.002 0.964878719051679 0.02 0.05 4.364242621262869 3.0 2.0 0 
-2.1832935778299967 0.003 0.001 0.9997880846261978 2e-05 5e-05 0.9991463581720988 2e-05 3e-05 4.48534470876058 0.07 0.07 1 
-1.5161401049296062 0.6 0.2 0.9880073245366414 0.008 0.02 0.7996843550602595 0.1 0.4 5.00812978108724 5.0 3.0 2 
-1.5449281819661458 0.2 0.1 0.9881916016340255 0.005 0.009 0.9109751063585282 0.05 0.1 4.627714960575104 4.0 3.0 3 
-1.4842806180318198 0.8 0.2 0.9838689098755519 0.01 0.03 0.6791513408223788 0.2 0.5 6.358907757600148 10.0 4.0 4 
-2.224397980372111 0.003 0.0009 0.9999835554758708 7e-06 3e-05 0.9999749686320623 6e-06 2e-05 4.512324662208557 0.1 0.1 5 
-2.0115931924184163 0.002 0.002 0.9980878287553787 0.001 0.001 0.9945237481594086 7e-05 7e-05 4.39487600962321 0.5 0.5 6 
-2.2249601523081464 0.001 0.001 0.9999786257743836 6e-06 9e-06 0.9999818831682206 1e-05 3e-05 4.512489182154337 0.1 0.1 7 
-2.2242113908131915 0.0009 0.0008 0.9999846694866816 1e-05 1e-05 0.9999698255459467 2e-05 2e-05 4.511097269058228 0.1 0.1 8 
-1.8187546730041504 0.09 0.06 0.9955362308025361 0.0009 0.002 0.9856702840328216 0.006 0.007 4.336260244051616 2.0 2.0 9 
-2.2243668111165364 0.0009 0.0008 0.9999857701857885 1e-05 1e-05 0.999972156683604 2e-05 2e-05 4.511176908810933 0.1 0.09 10 
-1.451373586654663 0.7 0.2 0.98259781340758 0.01 0.03 0.5865478986998399 0.3 0.4 7.195373441378275 20.0 4.0 11 
-2.2243920199076332 0.0009 0.0008 0.9999813228845597 1e-05 1e-05 0.9999725331862768 2e-05 2e-05 4.511336390177409 0.1 0.1 12 
-2.224409189224243 0.0006 0.0005 0.999984753727913 9e-06 1e-05 0.9999675023555755 3e-05 3e-05 4.5114563337961835 0.1 0.1 13 
-1.852764336268107 0.2 0.07 0.9969442174832026 0.001 0.002 0.9833500176668167 0.006 0.02 4.3594115988413495 2.0 2.0 14 
-2.224222873051961 0.001 0.001 0.9999742875496547 1e-05 1e-05 0.9999763309955597 1e-05 2e-05 4.512674021720886 0.08 0.08 15 
-2.2238495540618897 0.0003 0.0005 0.9999775344133377 8e-06 9e-06 0.9999269793430964 4e-05 6e-05 4.512271701494853 0.1 0.1 16 
-2.224298502604167 0.0007 0.0006 0.999980030854543 8e-06 8e-06 0.9999719321727752 2e-05 2e-05 4.512236394882202 0.1 0.1 17 
-2.223880491256714 0.001 0.001 0.99997798482577 7e-06 7e-06 0.9999308228492737 6e-05 9e-05 4.512750525474548 0.1 0.1 18 
-2.224176851908366 0.0008 0.0007 0.999977838397026 1e-05 1e-05 0.9999708433945974 2e-05 2e-05 4.511842282613118 0.1 0.1 19 
-2.2056786823272705 0.0003 0.0003 0.9997328980763753 1e-06 1e-06 0.9998239350318908 1e-05 1e-05 4.519265524546305 0.07 0.07 20 
-2.224034897486369 0.001 0.001 0.9999787636597951 1e-05 1e-05 0.9999717235565185 2e-05 2e-05 4.510943703651428 0.1 0.1 21 
-1.8180139096577963 0.09 0.06 0.9957790547609329 0.001 0.002 0.9813772825400034 0.007 0.01 4.358901991844177 2.0 2.0 22 
-1.519655122756958 0.6 0.2 0.9876925160487493 0.008 0.02 0.7827108934521675 0.2 0.5 5.072878332138061 7.0 3.0 23 
-2.1579185740152993 0.002 0.002 0.9994222138325374 8e-05 8e-05 0.9973992409308752 0.0004 0.0004 4.485177464485169 0.4 0.4 24 
-2.2242197291056316 0.001 0.001 0.9999834144115448 1e-05 1e-05 0.999973136583964 2e-05 2e-05 4.511204539934794 0.1 0.1 25 
-2.2248511918385825 0.0008 0.0006 0.999982550740242 9e-06 8e-06 0.9999773073196411 1e-05 2e-05 4.512838419278463 0.08 0.08 27 
-2.0674794801076253 0.03 0.02 0.9995718397696813 5e-05 5e-05 0.9943187661965688 0.0004 0.0007 4.36464359442393 0.2 0.3 28 
-2.2243414052327473 0.0008 0.0007 0.9999821569522221 9e-06 1e-05 0.9999697649478912 2e-05 2e-05 4.51160846233368 0.1 0.09 29 
-1.6946638488769532 0.1 0.07 0.9924673191706339 0.002 0.003 0.961091146270434 0.02 0.04 4.363352000713348 3.0 2.0 30 
-2.224218521118164 0.001 0.0009 0.9999826020002365 1e-05 1e-05 0.9999722117185592 2e-05 2e-05 4.510877100626628 0.1 0.1 31 
-2.0304457728068033 0.03 0.02 0.9992747592926026 8e-05 8e-05 0.9926213910182317 0.0004 0.0006 4.324398140907288 0.3 0.3 32 
-1.878576691945394 0.3 0.09 0.9971345766385397 0.001 0.003 0.994123061299324 0.001 0.001 4.350155757268269 3.0 2.0 33 
-1.8652709420522053 0.03 0.02 0.9963978521029154 0.001 0.003 0.9855770121018091 0.002 0.003 4.326212322711944 1.0 1.0 34 
-2.2243784268697104 0.001 0.0007 0.9999733638763427 7e-06 9e-06 0.999963420232137 1e-05 2e-05 4.513116119702657 0.1 0.1 35 
-2.22442302385966 0.0009 0.0008 0.999981190164884 1e-05 1e-05 0.9999759074052175 2e-05 2e-05 4.512146471341451 0.09 0.09 36 
-2.2245343017578123 0.001 0.0008 0.9999669067064921 1e-05 2e-05 0.9999766318003337 5e-06 6e-06 4.5123812214533485 0.07 0.06 37 
-2.224271256128947 0.001 0.0009 0.9999808653195699 1e-05 1e-05 0.9999740173419317 2e-05 2e-05 4.511948634783427 0.1 0.1 40 
-2.2241424179077147 0.001 0.0009 0.999976508418719 1e-05 1e-05 0.9999704889456431 2e-05 2e-05 4.511635686556498 0.1 0.09 41 
-2.220743096669515 0.0003 0.0003 0.9998358426491419 1e-05 1e-05 0.9998973643779755 4e-06 4e-06 4.517685815493266 0.2 0.2 42 
-2.224427588780721 0.0009 0.0008 0.9999808762470881 1e-05 1e-05 0.9999768632650375 2e-05 2e-05 4.5124383036295574 0.09 0.08 43 
-1.4927890809377033 0.6 0.2 0.9857438490788142 0.01 0.03 0.7386360024412473 0.2 0.5 5.552073016961415 8.0 3.0 44 
-2.2244196128845215 0.0009 0.0007 0.9999836230278015 1e-05 1e-05 0.9999737554788589 2e-05 2e-05 4.511761719385783 0.1 0.1 45 
-1.5152724043528238 0.4 0.2 0.98775226354599 0.008 0.02 0.8089902094999949 0.1 0.4 4.906123329003652 5.0 2.0 46 
-2.2242054017384847 0.001 0.001 0.9999794812997183 1e-05 1e-05 0.9999747633934021 2e-05 2e-05 4.511386183102926 0.1 0.1 47 
-2.2244403966267905 0.0007 0.0006 0.9999806823333105 1e-05 1e-05 0.999969312151273 2e-05 3e-05 4.512255479494731 0.09 0.09 48 
-1.4634286975860595 1.0 0.2 0.9860221829017003 0.008 0.01 0.8022795469562213 0.1 0.4 5.019187737305959 5.0 2.0 50 
-2.2241733582814533 0.001 0.001 0.999964977701505 1e-05 1e-05 0.9999729752540588 2e-05 2e-05 4.513199575742086 0.09 0.09 51 
-2.2243858273824055 0.0009 0.0008 0.999985036055247 1e-05 1e-05 0.9999725238482158 2e-05 2e-05 4.510854811668396 0.1 0.1 52 
-1.4972418467203776 0.4 0.2 0.9868077250321706 0.01 0.02 0.799773001074791 0.1 0.3 4.898574152787527 3.0 2.0 53 
-2.0683445167541503 0.01 0.01 0.9989082594712575 2e-05 2e-05 0.9941180191437403 3e-05 3e-05 4.3651061582565305 0.2 0.2 54 
-2.223581371307373 0.0009 0.0009 0.9999807663758595 9e-06 1e-05 0.9999567474921545 2e-05 3e-05 4.510234835942586 0.1 0.1 55 
-2.22461207707723 0.001 0.001 0.9999755442142486 1e-05 2e-05 0.9999840788046519 7e-06 7e-06 4.512568386395772 0.08 0.08 56 
-2.22364652633667 0.0009 0.001 0.9999748039245605 1e-05 1e-05 0.9999600833654404 3e-05 3e-05 4.51127644220988 0.1 0.1 57 
-2.2242463334401448 0.001 0.0008 0.9999827430645625 1e-05 1e-05 0.999972301920255 2e-05 2e-05 4.510612349510193 0.1 0.1 59 
-2.2247964986165365 0.0007 0.0005 0.9999837104479472 8e-06 8e-06 0.9999804655710857 1e-05 2e-05 4.5122350390752155 0.09 0.09 60 
-1.519420181910197 0.8 0.2 0.9883497228225072 0.007 0.01 0.8063185734550158 0.1 0.4 4.943079181512197 6.0 2.0 61 
-2.224291559855143 0.0008 0.0007 0.9999860241015752 9e-06 1e-05 0.9999696008364359 2e-05 2e-05 4.511130015055339 0.1 0.1 62 
-1.7046901671091717 0.03 0.03 0.9932358179489772 0.002 0.003 0.9575553017854691 0.02 0.03 4.350390284061432 2.0 2.0 63 
-2.2240675354003905 0.0007 0.0006 0.9999430759747823 1e-05 1e-05 0.9999581136306127 2e-05 3e-05 4.514498778978983 0.1 0.1 64 
-2.209853130976359 0.07 0.01 0.9998854398727417 9e-06 3e-05 0.9992279811700185 0.0005 0.002 4.517962901592255 0.8 0.7 65 
-2.2242992369333905 0.0009 0.0008 0.9999801178773244 1e-05 1e-05 0.999972015619278 2e-05 2e-05 4.512947753270467 0.1 0.09 67 
-2.2237565676371256 0.001 0.0008 0.9999829842646917 1e-05 1e-05 0.999959197640419 2e-05 3e-05 4.510619087219238 0.1 0.1 68 
-2.224322214126587 0.002 0.001 0.9999801953633626 6e-06 6e-06 0.9999690578381221 1e-05 5e-05 4.513103059132894 0.2 0.2 69 
-1.6169956302642823 0.2 0.08 0.9910511062542597 0.003 0.005 0.9595456953843434 0.01 0.03 4.357580245335897 3.0 2.0 70 
-1.526854461034139 0.9 0.2 0.9886217232545217 0.008 0.02 0.7936793490250905 0.1 0.4 5.050418003400167 7.0 3.0 72 
-1.885948600769043 0.03 0.03 0.9969551970561346 0.001 0.003 0.9878723778327306 0.002 0.003 4.343910490671794 2.0 1.0 73 
-2.223853333791097 0.001 0.0008 0.9999826280275981 1e-05 1e-05 0.9999682299296061 2e-05 3e-05 4.512770374615987 0.1 0.1 74 
-2.223352073033651 0.001 0.001 0.9999332722028097 1e-05 2e-05 0.9999534440040588 2e-05 2e-05 4.508748680750529 0.08 0.07 75 
-2.06404146194458 0.02 0.02 0.9995228642225266 4e-05 3e-05 0.9941263876358668 0.0003 0.0005 4.359747398694356 0.3 0.3 76 
-2.1640021800994873 0.0006 0.0006 0.9985466454426447 8e-06 8e-06 0.9992009258270264 4e-05 4e-05 4.536499155362447 0.1 0.1 77 
-1.5056108570098876 0.6 0.2 0.9870012652873993 0.01 0.03 0.7367263275881608 0.2 0.5 5.501866773764292 9.0 3.0 78 
-2.224253708521525 0.001 0.001 0.9999808861811956 1e-05 1e-05 0.9999747608105342 2e-05 2e-05 4.51156460126241 0.1 0.1 79 
-2.2243359915415444 0.001 0.001 0.9999432444572449 1e-05 1e-05 0.9999670986334482 1e-05 2e-05 4.5150637483596805 0.1 0.1 80 
-2.2243425877889 0.001 0.0009 0.9999694180488586 1e-05 1e-05 0.9999772532780965 2e-05 2e-05 4.513218887646993 0.08 0.08 81 
-2.2242527866363524 0.001 0.001 0.9999700156847636 1e-05 2e-05 0.9999752161900203 2e-05 2e-05 4.5135175402959185 0.09 0.09 82 
-1.5085629367828368 0.5 0.2 0.9876381403207779 0.01 0.02 0.7845136089126269 0.1 0.4 5.098646532694499 6.0 2.0 83 
-1.8530925877888997 0.2 0.07 0.9969756682713826 0.001 0.002 0.9844565490881602 0.006 0.01 4.36827175617218 3.0 2.0 84 
-1.5344310824076335 0.2 0.1 0.9892476862668991 0.005 0.008 0.8524964487552643 0.09 0.2 4.805982356071472 3.0 2.0 85 
-2.0371859391530354 0.02 0.02 0.9966982001066208 3e-05 3e-05 0.992442765434583 0.0002 0.0003 4.37104380607605 0.3 0.4 86 
-2.224445718129476 0.0009 0.0008 0.9999861401319504 1e-05 1e-05 0.9999742682774861 2e-05 2e-05 4.5110410865147905 0.09 0.09 87 
-2.224342746734619 0.001 0.0009 0.9999828469753266 1e-05 1e-05 0.9999752781788508 2e-05 2e-05 4.511462410291036 0.09 0.09 88 
-2.224424031575521 0.0009 0.0008 0.9999840933084488 1e-05 1e-05 0.9999738401174545 2e-05 2e-05 4.511429991722107 0.09 0.09 89 
-1.5193918673197429 0.7 0.2 0.9853981723388036 0.01 0.04 0.7848618643482527 0.1 0.5 5.073262491226196 7.0 3.0 90 
-1.6441166305541992 0.2 0.07 0.9918398308753967 0.004 0.006 0.9064858768383662 0.05 0.1 4.503698444366455 2.0 2.0 91 
-1.523471171061198 0.6 0.2 0.9884595682223638 0.007 0.01 0.8056607553362847 0.1 0.3 4.936951042811076 4.0 2.0 92 
-2.044777790705363 0.03 0.02 0.9989994603395462 6e-05 5e-05 0.9931646887461344 0.0003 0.0004 4.342106992403666 0.3 0.4 93 
-2.224338665008545 0.0005 0.0005 0.9999877355496088 8e-06 9e-06 0.9999623048305512 3e-05 3e-05 4.511161308288575 0.1 0.1 94 
-2.223947534561157 0.003 0.001 0.999940750002861 1e-05 4e-05 0.9999654086430868 2e-05 8e-05 4.512153902053833 0.2 0.2 95 
-2.224178244272868 0.001 0.0009 0.9999834473927816 1e-05 1e-05 0.9999712538719178 2e-05 2e-05 4.5109063196182255 0.1 0.1 96 
-1.6079992453257244 0.1 0.07 0.990117297967275 0.002 0.003 0.9646344089508057 0.01 0.02 4.3269473234812414 3.0 2.0 98 
-2.222600825627645 0.001 0.0007 0.9999586774905522 6e-06 1e-05 0.9999270792802175 7e-06 1e-05 4.512737080256144 0.2 0.2 99 
