-2.225572306769235 0.002 0.0007 0.9999955075127738 3e-06 9e-06 0.9999834345919746 1e-05 0.0001 4.512015683310373 0.1 0.1 44 
-2.22565324647086 0.003 0.0007 0.9999951345579965 3e-06 1e-05 0.9999866668667112 1e-05 5e-05 4.511849536214556 0.1 0.1 45 
-2.2257973330361502 0.001 0.0005 0.9999956886683191 2e-06 1e-05 0.9999891221523285 8e-06 5e-05 4.511903749193464 0.1 0.1 4 
-2.2255728585379466 0.0008 0.0004 0.9999942326119968 2e-06 3e-06 0.9999869970338685 9e-06 3e-05 4.512409656388419 0.1 0.1 40 
-2.225610753468105 0.002 0.0006 0.9999945593731744 3e-06 1e-05 0.9999863271202359 1e-05 5e-05 4.511850575038365 0.1 0.1 48 
-2.2255468130111695 0.002 0.0006 0.9999944410153798 3e-06 8e-06 0.99998533981187 1e-05 7e-05 4.511854907444545 0.1 0.1 35 
-2.2255945341927665 0.0008 0.0004 0.9999946685773986 2e-06 3e-06 0.9999869900090353 1e-05 3e-05 4.512247897897448 0.1 0.1 37 
-2.225669142178127 0.001 0.0004 0.9999950279082571 2e-06 2e-06 0.9999882732118879 9e-06 4e-05 4.512073377200536 0.1 0.1 49 
-2.22562335899898 0.002 0.0007 0.9999959960579872 3e-06 1e-05 0.9999837223972593 1e-05 7e-05 4.511872444834028 0.1 0.1 57 
-2.225756485121591 0.002 0.0006 0.9999959615724427 3e-06 1e-05 0.9999864565474647 1e-05 4e-05 4.5119430116244725 0.1 0.1 15 
-2.22567093031747 0.002 0.0005 0.999995106458664 2e-06 3e-06 0.9999882900289127 9e-06 6e-05 4.512020639010838 0.1 0.1 42 
-2.225554016658238 0.0008 0.0005 0.9999941317098481 2e-06 3e-06 0.9999862641096116 1e-05 3e-05 4.512209521021162 0.1 0.1 46 
-2.2256435905184064 0.002 0.0006 0.9999944337776729 3e-06 9e-06 0.9999845732535635 1e-05 6e-05 4.512340542248317 0.1 0.1 11 
-2.2255876575197493 0.001 0.0005 0.9999944410153798 2e-06 3e-06 0.9999876054269927 9e-06 3e-05 4.5121387038912095 0.1 0.1 9 
-2.225533584186009 0.001 0.0005 0.9999942270772798 2e-06 3e-06 0.9999873868056706 9e-06 3e-05 4.511984976700374 0.1 0.1 38 
-2.2255783591951643 0.002 0.0006 0.9999936527439526 3e-06 6e-06 0.9999856810484614 1e-05 7e-05 4.51231712443488 0.1 0.1 33 
-2.2256606101989744 0.002 0.0006 0.9999949919325964 3e-06 1e-05 0.9999877401760646 1e-05 5e-05 4.512201263223376 0.1 0.1 52 
-2.2257928030831473 0.001 0.0006 0.9999963113239834 2e-06 8e-06 0.9999881769929614 1e-05 4e-05 4.512033276898521 0.09 0.09 5 
-2.2254826511655534 0.0003 0.0003 0.9999946370720864 1e-06 3e-06 0.9999833588089262 1e-05 2e-05 4.512228761400495 0.08 0.08 58 
-2.225504016876221 0.0005 0.0004 0.9999945265906197 2e-06 3e-06 0.9999826156667301 1e-05 3e-05 4.512018488134657 0.09 0.09 31 
