-2.2255071605954853 0.003 0.0008 0.999992318877152 4e-06 2e-05 0.9999833185757909 1e-05 7e-05 4.512364498206547 0.1 0.1 53 
-2.225505454199655 0.002 0.0007 0.9999925115278789 4e-06 1e-05 0.9999854251742363 1e-05 6e-05 4.512562177862439 0.1 0.1 46 
-2.2254700081689016 0.003 0.0008 0.9999919902001109 4e-06 2e-05 0.9999855120267187 1e-05 7e-05 4.512295050280435 0.1 0.1 33 
-2.2253580025264195 0.0007 0.0004 0.9999913683959416 2e-06 4e-06 0.9999808937311172 1e-05 3e-05 4.512511995860509 0.09 0.09 42 
-2.225463908059256 0.003 0.0008 0.9999916110719953 4e-06 1e-05 0.9999857828021049 1e-05 7e-05 4.512607133388519 0.1 0.1 45 
-2.225434936795916 0.003 0.0009 0.9999914818576404 5e-06 2e-05 0.9999858287828309 1e-05 6e-05 4.512504988057273 0.1 0.1 31 
-2.225518768174308 0.002 0.0007 0.9999923629420144 3e-06 1e-05 0.9999838305371148 1e-05 7e-05 4.512430351121085 0.1 0.1 52 
-2.2254745960235596 0.001 0.0005 0.9999916998403413 2e-06 3e-06 0.999984977713653 1e-05 4e-05 4.512528669834137 0.1 0.1 57 
-2.225570137160165 0.001 0.0007 0.9999930119940212 3e-06 8e-06 0.9999857438462121 1e-05 5e-05 4.512420339243753 0.1 0.1 41 
-2.225589997427804 0.002 0.0007 0.9999925362212317 3e-06 1e-05 0.9999861227614539 1e-05 5e-05 4.51240325314658 0.1 0.1 5 
-2.2250581571034025 0.001 0.0006 0.9999847682459014 3e-06 3e-06 0.9999764548880713 1e-05 4e-05 4.5126441734177725 0.1 0.1 7 
-2.225549411773682 0.003 0.0008 0.9999923825263977 4e-06 2e-05 0.9999850128378187 1e-05 6e-05 4.5123489482062205 0.1 0.1 58 
-2.22556095123291 0.002 0.0007 0.9999909588268825 3e-06 6e-06 0.9999860623053142 1e-05 7e-05 4.512181176458086 0.1 0.1 13 
-2.2254967723573955 0.004 0.0009 0.9999919770019395 4e-06 2e-05 0.9999852814844676 1e-05 7e-05 4.512275310925075 0.1 0.1 32 
-2.225514125823975 0.003 0.0008 0.9999924193535532 4e-06 2e-05 0.9999853055391993 1e-05 7e-05 4.5125079325267246 0.1 0.1 59 
-2.225387760571071 0.002 0.0009 0.9999911623341696 4e-06 2e-05 0.9999843386667115 1e-05 5e-05 4.512732340608324 0.1 0.1 1 
-2.225440948350089 0.002 0.0008 0.9999930392418589 4e-06 1e-05 0.9999811849423818 1e-05 7e-05 4.512175566809518 0.1 0.1 39 
-2.225068702016558 0.003 0.0007 0.999984961960997 3e-06 4e-06 0.9999755322933197 1e-05 7e-05 4.513277237755911 0.1 0.1 44 
-2.225501104763576 0.002 0.0006 0.9999919050506183 3e-06 4e-06 0.9999859937599727 1e-05 7e-05 4.51241705417633 0.1 0.1 54 
-2.225222965649196 0.002 0.0006 0.9999878689646721 2e-06 3e-06 0.9999830271516528 1e-05 6e-05 4.512792233058384 0.1 0.1 2 
