-2.2250070508321125 0.002 0.0005 0.9999704680840175 3e-06 7e-06 0.9999941043059031 3e-06 1e-05 4.5119539753595985 0.1 0.1 96 
-2.224644702275594 0.003 0.001 0.9999670551220576 4e-06 1e-05 0.9999874077240626 1e-05 7e-05 4.5110942029953005 0.2 0.2 43 
-2.224489647547404 0.002 0.0009 0.9999673289060592 4e-06 1e-05 0.9999690202871958 2e-05 4e-05 4.51163462638855 0.1 0.1 89 
-2.224916957219442 0.003 0.001 0.9999777728319168 4e-06 3e-05 0.9999824325243633 2e-05 8e-05 4.511267900466919 0.1 0.2 98 
-2.224584379196167 0.007 0.002 0.9999545892079671 6e-06 1e-05 0.9999886765082677 7e-06 6e-05 4.511376687685648 0.2 0.2 83 
-2.224618631998698 0.003 0.001 0.9999735043446223 4e-06 8e-06 0.9999896524349848 8e-06 2e-05 4.511263534228007 0.1 0.1 72 
-2.224663432439168 0.005 0.001 0.9999753898382187 4e-06 1e-05 0.9999920600652694 5e-06 1e-05 4.510907375017802 0.2 0.2 20 
-2.224608014424642 0.008 0.002 0.9999649127324423 5e-06 3e-05 0.9999866263071696 1e-05 8e-05 4.511989138921102 0.2 0.2 47 
-2.2243648274739583 0.003 0.001 0.999975620508194 5e-06 8e-06 0.999992988506953 4e-06 7e-06 4.510979207356771 0.1 0.2 40 
-2.224780658086141 0.003 0.001 0.9999746386210123 6e-06 2e-05 0.9999882755676905 9e-06 2e-05 4.5112155199050905 0.1 0.1 53 
-2.2245826371510824 0.002 0.001 0.9999663726488749 7e-06 2e-05 0.9999874474604925 8e-06 1e-05 4.5114629284540815 0.1 0.1 30 
-2.225152276357015 0.002 0.0009 0.9999744043747584 4e-06 8e-06 0.9999889359871547 7e-06 2e-05 4.5113605737686155 0.1 0.1 37 
-2.2248979155222575 0.003 0.001 0.9999682197968165 5e-06 4e-05 0.9999851401646932 1e-05 4e-05 4.5120467122395835 0.1 0.1 50 
-2.224836695988973 0.004 0.001 0.9999499175945917 6e-06 2e-05 0.9999891024827957 9e-06 5e-05 4.511794578234355 0.2 0.2 59 
-2.22487774848938 0.004 0.001 0.9999885249137879 4e-06 2e-05 0.9999766643842062 2e-05 6e-05 4.5120530525843305 0.2 0.2 81 
-2.224447104136149 0.005 0.002 0.9999615881840388 5e-06 1e-05 0.9999892415603002 8e-06 2e-05 4.5097809489568075 0.2 0.2 23 
-2.224996557235718 0.005 0.001 0.999976722796758 3e-06 1e-05 0.9999954330921174 4e-06 1e-05 4.511457540194193 0.2 0.2 41 
-2.224942407608032 0.002 0.0009 0.9999713506301244 3e-06 6e-06 0.9999858697255453 8e-06 1e-05 4.51159118493398 0.1 0.1 76 
-2.224583444595337 0.003 0.001 0.999945598244667 5e-06 9e-06 0.9999912230173746 7e-06 2e-05 4.511293063163757 0.1 0.1 99 
-2.224870103200277 0.003 0.001 0.9999720203876495 4e-06 9e-06 0.9999946427345275 4e-06 1e-05 4.5113809839884444 0.1 0.1 48 
