-2.2130011812845867 0.005 0.004 0.9997327695290248 9e-05 0.0002 0.9998462919394175 4e-05 4e-05 4.50530780951182 0.4 0.4 10 
-2.204595136642456 0.01 0.007 0.9996643537282943 0.0001 0.0002 0.9998814125855764 6e-05 0.0002 4.50118808110555 0.3 0.4 11 
-2.189531126022339 0.05 0.01 0.9995618416865667 0.0002 0.0006 0.9990383877356848 0.0001 0.0004 4.486790140469869 0.4 0.4 24 
-2.195252955754598 0.01 0.006 0.9995965033769607 0.0001 0.0002 0.9991485069195429 3e-05 3e-05 4.486360950469971 0.4 0.4 29 
-2.217294340133667 0.03 0.008 0.9998567489782969 6e-05 0.0003 0.9998251767953237 0.0001 0.0005 4.499523922602336 0.5 0.6 39 
-2.2079175249735514 0.005 0.003 0.9996916325887044 6e-05 7e-05 0.9997104299068451 6e-05 0.0001 4.506267423629761 0.3 0.3 42 
-2.196497885386149 0.009 0.006 0.9994774901866913 9e-05 8e-05 0.999512264529864 0.0001 0.0002 4.477836488087972 0.4 0.4 55 
-2.2084532833099364 0.01 0.006 0.9997638148069382 8e-05 0.0001 0.9998181666930517 0.0001 0.0006 4.503814584414164 0.3 0.3 58 
-2.2035621802012124 0.02 0.01 0.999589947660764 0.0002 0.0005 0.9997907867034276 5e-05 0.0001 4.505654954910279 0.4 0.4 67 
-2.2153914642333983 0.006 0.004 0.9998371789852778 3e-05 5e-05 0.9998777008056641 2e-05 2e-05 4.505128211975098 0.2 0.2 72 
-2.2137241045633953 0.03 0.008 0.9998418766260148 7e-05 0.0002 0.9999083211024602 5e-05 0.0001 4.505069071451823 0.3 0.4 75 
-2.2094819513956705 0.003 0.003 0.999874362150828 4e-05 4e-05 0.9996994761625926 7e-05 6e-05 4.482755250930786 0.3 0.3 76 
-2.1924189631144206 0.02 0.01 0.999698419769605 0.0001 0.001 0.9988520816961924 0.0002 0.0004 4.479440135161082 0.5 0.5 77 
-0.38720675150553385 0.01 0.003 0.8203939859072368 0.01 0.02 0.9834793700774511 0.002 0.004 2.4180973760286966 0.3 0.4 80 
