-0.39111340840657555 0.0005 0.0003 0.8195087518294653 0.005 0.006 0.9840020263195037 0.003 0.002 2.4184706536928813 0.08 0.09 6 
-0.3911240228017171 0.0007 0.0003 0.8195276920000713 0.006 0.006 0.9840469465653101 0.0007 0.0007 2.4187954592704775 0.1 0.08 7 
-0.39119087378184003 0.0004 0.0002 0.8194650147358576 0.006 0.004 0.9840386295318604 0.001 0.001 2.4188904825846356 0.08 0.08 21 
-2.225877561569214 0.0009 0.0006 0.9999852057298024 1e-05 4e-05 0.9999878344933192 1e-05 3e-05 4.511684379577637 0.1 0.1 29 
-2.2245691140492756 0.007 0.002 0.9999467517932256 4e-05 0.0002 0.9999528513352076 1e-05 6e-05 4.5103838841120405 0.3 0.3 37 
-2.225533822377523 0.001 0.0007 0.9999940548340479 5e-06 3e-05 0.9985646843910218 4e-05 8e-05 4.526069102287292 0.1 0.1 39 
-2.2117341295878092 0.003 0.0007 0.9999886055787405 9e-06 4e-05 0.9992127539714177 2e-05 0.0001 4.4984387000401815 0.2 0.2 40 
-2.226202958424886 0.0008 0.0003 0.9999910207589467 6e-06 2e-05 0.9999949981768926 4e-06 2e-05 4.511923100153605 0.1 0.1 44 
-0.3912493896484375 0.0004 0.0001 0.8195119380950928 0.004 0.004 0.9840255735317865 0.001 0.001 2.4189267031351727 0.06 0.06 46 
-2.225948133468628 0.002 0.0005 0.9999870389699936 1e-05 3e-05 0.9999891066551209 1e-05 3e-05 4.511408627827962 0.1 0.1 69 
-2.2254143365224204 0.003 0.001 0.999982800881068 2e-05 4e-05 0.9999745766321818 2e-05 9e-05 4.510803904533386 0.2 0.2 74 
-2.2256509494781493 0.005 0.0008 0.9999851177136103 1e-05 6e-05 0.999963253736496 1e-05 5e-05 4.511629611651102 0.2 0.3 78 
-2.2117929553985594 0.002 0.0007 0.9999755120277405 2e-05 9e-05 0.9992333155870438 6e-06 3e-05 4.4998595921198525 0.2 0.1 82 
-2.2258782227834066 0.0009 0.0005 0.99998472849528 1e-05 4e-05 0.9999677785237631 1e-05 4e-05 4.511751228968302 0.1 0.1 87 
