-2.225924587249756 0.0002 0.0002 0.999997763633728 1e-06 1e-06 0.9999796954790751 1e-05 1e-05 4.51196655591329 0.06 0.06 0 
-2.225852667490641 0.0002 0.0002 0.9999963935216268 3e-06 3e-06 0.999991327325503 6e-06 6e-06 4.5118690172831215 0.05 0.05 1 
-2.2257357756296794 0.0003 0.0002 0.9999955858786901 3e-06 3e-06 0.9999927230676016 4e-06 4e-06 4.511821149190267 0.05 0.05 2 
-2.2257757218678793 0.0002 0.0002 0.9999960994720459 3e-06 3e-06 0.9999923223257065 5e-06 5e-06 4.511840356191 0.05 0.05 3 
-2.2257724444071454 0.0002 0.0002 0.9999953617652257 3e-06 3e-06 0.9999907424052557 6e-06 6e-06 4.511643788019816 0.05 0.05 4 
-2.225844653447469 0.0002 0.0002 0.9999960243701935 3e-06 3e-06 0.9999916517734527 5e-06 6e-06 4.511841762860616 0.05 0.05 5 
-2.225941775639852 7e-05 6e-05 0.999996537566185 2e-06 2e-06 0.9999852053324382 1e-05 1e-05 4.5116212956110635 0.05 0.05 6 
-2.2258314037323 0.0002 0.0002 0.9999962776899338 3e-06 3e-06 0.999991295337677 6e-06 6e-06 4.51178868452708 0.05 0.05 7 
-2.2262003008524576 0.0005 0.0003 0.9999973315000534 2e-06 4e-06 0.9999952614307404 4e-06 1e-05 4.512102212905884 0.06 0.06 8 
-2.225902903874715 5e-05 8e-05 0.9999972049395244 7e-07 1e-06 0.9999907511472702 4e-06 4e-06 4.511975733439128 0.05 0.05 9 
-2.225921541849772 0.0001 0.0001 0.9999963629245758 2e-06 2e-06 0.9999827712774276 1e-05 1e-05 4.5117840051651 0.07 0.07 10 
-2.225727119445801 0.0003 0.0003 0.9999957007169723 3e-06 3e-06 0.9999908449252447 6e-06 6e-06 4.511856425603231 0.05 0.05 11 
-2.2257862949371336 0.0002 0.0002 0.9999944963057836 3e-06 3e-06 0.999989571372668 7e-06 8e-06 4.511948194503784 0.06 0.06 12 
-2.150737501780192 0.001 0.001 0.9997992006937663 5e-05 5e-05 0.9976717342933019 0.0003 0.0003 4.482865315278371 0.8 0.8 13 
-2.2257450803120933 0.0003 0.0003 0.9999952181180318 3e-06 4e-06 0.9999924190839131 4e-06 4e-06 4.511802957852681 0.05 0.05 14 
-2.225785582860311 0.0002 0.0002 0.9999959196647008 3e-06 3e-06 0.9999916990598042 5e-06 6e-06 4.5118173329035445 0.05 0.05 15 
-2.225888338088989 0.0001 0.0001 0.9999961630503337 2e-06 2e-06 0.9999863441785176 1e-05 1e-05 4.511760476430257 0.06 0.06 16 
-2.225941705703735 0.0001 0.0001 0.9999951672554016 2e-06 2e-06 0.9999883377552032 7e-06 8e-06 4.512912742296854 0.05 0.05 17 
-2.226089843114217 9e-05 6e-05 0.9999946878353755 2e-06 2e-06 0.9999903446435928 7e-06 7e-06 4.511995638211568 0.05 0.05 18 
-2.2260313193003336 0.0002 0.0002 0.9999973579247793 2e-06 2e-06 0.9999877462784449 8e-06 9e-06 4.511831382115682 0.05 0.05 19 
-2.22611746152242 0.0002 0.0002 0.9999974328279495 9e-07 8e-07 0.9999954307079315 3e-06 1e-05 4.512276040712992 0.05 0.05 20 
-2.2259024651845296 7e-05 7e-05 0.9999962804714838 3e-06 3e-06 0.9999815048774083 1e-05 1e-05 4.511860659917196 0.06 0.05 21 
-2.22597022374471 0.0002 0.0002 0.9999979096651077 1e-06 1e-06 0.9999786800146103 1e-05 1e-05 4.5119284804662065 0.06 0.06 22 
-2.2258737309773764 0.0002 0.0001 0.9999955930312474 2e-06 2e-06 0.9999902802705765 7e-06 8e-06 4.512031750679016 0.06 0.06 23 
-2.2257961082458495 0.0002 0.0001 0.9999933079878489 3e-06 4e-06 0.9999809002876282 1e-05 2e-05 4.511974566777547 0.06 0.06 24 
-2.225673640569051 0.0002 0.0002 0.9999912333488464 3e-06 2e-06 0.9999871681133906 7e-06 7e-06 4.511622980435689 0.06 0.06 25 
-2.225833371480306 0.0002 0.0002 0.9999966637293498 3e-06 3e-06 0.9999912770589193 6e-06 6e-06 4.511785155932109 0.05 0.05 26 
-2.2260508219401043 0.0002 0.0002 0.9999981941779454 8e-07 1e-06 0.9999899061520895 8e-06 9e-06 4.512134335835775 0.04 0.04 27 
-2.2257719802856446 0.0002 0.0002 0.9999966996908188 2e-06 2e-06 0.9999896196524302 4e-06 4e-06 4.511829924583435 0.05 0.05 28 
-2.2257847086588542 0.0002 0.0002 0.9999953562021255 3e-06 3e-06 0.9999912975231806 5e-06 5e-06 4.511706719398498 0.05 0.05 29 
-2.226164757410685 0.0001 8e-05 0.9999978290001551 1e-06 1e-06 0.9999949204921722 3e-06 4e-06 4.512136670748393 0.05 0.05 30 
-2.225860045750936 0.0002 0.0002 0.9999966331322988 2e-06 2e-06 0.9999892002344132 8e-06 9e-06 4.511809549331665 0.06 0.06 31 
-2.2255275694529217 0.0003 0.0003 0.9999893796443939 4e-06 4e-06 0.9999874097108841 6e-06 7e-06 4.511820769309997 0.06 0.06 32 
-2.2258207257588705 9e-05 9e-05 0.9999944192171096 2e-06 2e-06 0.9999791932106018 1e-05 2e-05 4.5116290918986 0.06 0.06 33 
-2.225645793279012 0.0003 0.0003 0.9999934184551239 3e-06 3e-06 0.9999888640642166 7e-06 7e-06 4.511686592102051 0.06 0.06 34 
-2.225795488357544 0.0002 0.0002 0.9999959794680278 3e-06 3e-06 0.9999914701779683 6e-06 6e-06 4.511592860221863 0.05 0.05 35 
-2.2259664567311606 0.0001 0.0001 0.9999964668353398 2e-06 1e-06 0.9999847950538 1e-05 1e-05 4.511875831286113 0.06 0.06 36 
-2.2257645161946615 0.0002 0.0002 0.9999959003925324 3e-06 3e-06 0.9999897251526515 7e-06 8e-06 4.511902578671774 0.05 0.05 37 
-2.226007343928019 0.0002 0.0002 0.9999967229366302 3e-06 3e-06 0.999992707769076 6e-06 6e-06 4.511830099423727 0.05 0.05 38 
-2.2259420839945476 0.0001 0.0001 0.9999968820810318 1e-06 2e-06 0.99998324294885 1e-05 1e-05 4.511955610911051 0.06 0.06 39 
-2.2258857440948487 0.0002 0.0002 0.9999966371059418 2e-06 3e-06 0.999990285038948 7e-06 7e-06 4.51180408000946 0.05 0.05 40 
-2.2259365844726564 3e-05 5e-05 0.9999965324004492 2e-06 2e-06 0.9999854741493861 1e-05 1e-05 4.511925978660583 0.06 0.06 41 
-2.2257099119822183 0.0002 0.0002 0.9999932503700256 3e-06 3e-06 0.9999893313646316 7e-06 7e-06 4.511926957766215 0.06 0.06 42 
-2.2261203575134276 0.0002 0.0002 0.9999990266561508 4e-07 5e-07 0.9999853227535883 1e-05 1e-05 4.511876921653748 0.06 0.05 43 
-2.2259740606943765 0.0001 0.0001 0.9999963533878327 2e-06 2e-06 0.999981983701388 1e-05 1e-05 4.511603773434957 0.06 0.06 44 
-2.225567661921183 0.0003 0.0003 0.9999920902649562 4e-06 4e-06 0.9999883280197779 6e-06 7e-06 4.511859769821167 0.06 0.06 45 
-2.2258607482910158 0.0002 0.0002 0.9999970155954361 2e-06 2e-06 0.9999903263648351 6e-06 7e-06 4.511746293703715 0.05 0.05 46 
-2.2258531697591146 0.0003 0.0002 0.999996979435285 1e-06 1e-06 0.9999730632702509 1e-05 2e-05 4.51175946076711 0.07 0.06 47 
-2.2256799793243407 0.0003 0.0002 0.9999950122833252 3e-06 3e-06 0.9999903265635173 6e-06 7e-06 4.511569455464681 0.06 0.06 48 
-2.2259071604410807 7e-05 8e-05 0.9999964479605357 2e-06 2e-06 0.9999832715590795 1e-05 1e-05 4.511882030169169 0.06 0.06 49 
-2.2258466148376463 0.0002 0.0002 0.9999969363212585 2e-06 2e-06 0.9999949043989181 2e-06 3e-06 4.511758001645406 0.05 0.05 50 
-2.2259937000274657 0.0001 0.0001 0.999997987349828 1e-06 1e-06 0.9999819445610046 1e-05 1e-05 4.511858628590901 0.06 0.06 51 
-2.225802249908447 0.0002 0.0002 0.9999956611792247 3e-06 3e-06 0.9999909857908885 6e-06 6e-06 4.511729985872904 0.05 0.05 52 
-2.225707448323568 0.0003 0.0002 0.9999940437078476 3e-06 3e-06 0.9999902961651485 6e-06 6e-06 4.511623845100403 0.05 0.05 53 
-1.939958578745524 0.09 0.04 0.9977860075235366 0.0009 0.002 0.9876053472359975 0.004 0.008 4.188541159629822 1.0 1.0 54 
-2.225698636372884 0.0002 0.0002 0.9999926978349686 3e-06 6e-06 0.9999881285429001 8e-06 8e-06 4.511190408070882 0.06 0.06 55 
-2.2257521120707193 0.0002 0.0002 0.9999948132038117 3e-06 3e-06 0.9999901133775712 6e-06 6e-06 4.51182893594106 0.05 0.05 56 
-2.2256459935506183 0.0003 0.0002 0.9999943927923838 4e-06 4e-06 0.9999895699818929 7e-06 7e-06 4.511934245427449 0.06 0.06 57 
-2.225704065958659 0.0002 0.0001 0.999994172056516 3e-06 3e-06 0.9999878654877344 8e-06 9e-06 4.511854144732157 0.06 0.06 58 
-2.2257051912943524 0.0004 0.0003 0.9999940967559815 2e-06 4e-06 0.9999794960021973 2e-05 2e-05 4.511782903671264 0.08 0.08 59 
-2.2258768908182778 0.0002 0.0002 0.9999969438711802 3e-06 3e-06 0.9999917755524318 6e-06 6e-06 4.511681485176086 0.05 0.05 60 
-2.22577156384786 0.0002 0.0002 0.9999955497185389 3e-06 3e-06 0.9999895946184794 7e-06 8e-06 4.511731519699096 0.06 0.06 61 
-2.2258351262410483 0.0002 0.0002 0.9999954980611802 3e-06 3e-06 0.9999910189708074 6e-06 6e-06 4.511881987253825 0.05 0.05 62 
-2.2257346280415855 0.0001 0.0001 0.9999957146247228 3e-06 3e-06 0.999984068274498 1e-05 1e-05 4.511769711176554 0.07 0.07 63 
-2.2258043766021727 0.0003 0.0002 0.9999959391355514 3e-06 3e-06 0.9999911516904831 5e-06 6e-06 4.511747512817383 0.05 0.05 64 
-2.225866835912069 0.0002 0.0002 0.9999962613979976 3e-06 3e-06 0.9999906877676646 6e-06 7e-06 4.5117244005203245 0.05 0.05 65 
-2.225792595545451 0.0002 0.0001 0.9999963033199311 2e-06 3e-06 0.9999897104501724 7e-06 7e-06 4.511571639378865 0.06 0.06 66 
-2.2259084860483807 0.0001 0.0002 0.9999960460265478 1e-06 1e-06 0.9999836073319117 1e-05 1e-05 4.511848340034485 0.06 0.06 67 
-2.22582439104716 0.0002 0.0002 0.9999961882829667 3e-06 3e-06 0.9999913177887598 6e-06 6e-06 4.511743246714274 0.05 0.05 68 
-2.225731554031372 0.0002 0.0002 0.9999943653742472 3e-06 3e-06 0.9999895403782527 7e-06 8e-06 4.511786351203918 0.06 0.06 69 
-2.2258088143666583 0.0002 0.0002 0.9999962125221888 3e-06 3e-06 0.9999903124570847 7e-06 7e-06 4.511586380004883 0.05 0.05 70 
-2.2258246676127116 0.0002 0.0002 0.9999960422515869 3e-06 3e-06 0.9999914006392161 5e-06 6e-06 4.511813373565674 0.05 0.05 71 
-2.225466012954712 0.0003 0.0003 0.9999944585561752 3e-06 4e-06 0.9999861693382264 8e-06 9e-06 4.511435702641805 0.07 0.07 72 
-2.2258882586161297 0.0002 0.0002 0.9999976623058319 1e-06 1e-06 0.9999772888422013 1e-05 2e-05 4.511936710675557 0.06 0.06 73 
-2.017168248494466 0.06 0.04 0.9985451394319534 0.0008 0.002 0.9932816628615061 0.002 0.004 4.379455512364705 0.8 0.9 74 
-2.225862299601237 0.0002 0.0002 0.9999966700871785 2e-06 3e-06 0.9999912083148956 6e-06 6e-06 4.511689718564352 0.05 0.05 75 
-2.225794175465902 0.0002 0.0002 0.9999961620569229 3e-06 2e-06 0.9999905290206274 6e-06 6e-06 4.511703944206237 0.05 0.05 76 
-2.2258681774139406 0.0002 0.0001 0.9999964801470439 3e-06 3e-06 0.9999897406498591 7e-06 7e-06 4.51193178653717 0.05 0.05 77 
-2.2258016014099122 0.0002 0.0002 0.9999962989489237 3e-06 3e-06 0.999991497596105 6e-06 6e-06 4.511802730560302 0.05 0.05 78 
-2.225782899856567 0.0002 0.0002 0.9999952735503514 3e-06 3e-06 0.9999908212820688 6e-06 6e-06 4.511944309870402 0.05 0.05 79 
-2.2258191235860187 0.0002 0.0002 0.9999967749913533 3e-06 3e-06 0.9999910865227382 6e-06 7e-06 4.511933212280273 0.05 0.05 80 
-2.225706694920858 0.0002 0.0002 0.9999948237339655 2e-06 3e-06 0.9999894454081854 6e-06 6e-06 4.511654267311096 0.06 0.06 81 
-2.2258746878306073 0.0002 0.0002 0.9999956977367401 3e-06 3e-06 0.999990138610204 7e-06 7e-06 4.5117773342132566 0.05 0.05 82 
-2.2257140668233237 0.0003 0.0003 0.9999954642852148 3e-06 4e-06 0.9999922633171081 4e-06 4e-06 4.51155986626943 0.05 0.05 83 
-2.2258202044169106 0.0002 0.0002 0.9999966615438461 2e-06 3e-06 0.9999891126155853 7e-06 7e-06 4.5119104607899985 0.05 0.05 84 
-2.225804154078166 0.0002 0.0002 0.9999955793221792 3e-06 3e-06 0.9999900422493617 7e-06 7e-06 4.511819009780884 0.05 0.05 85 
-2.225840269724528 0.0002 0.0002 0.9999967513481776 3e-06 3e-06 0.9999911598364513 6e-06 6e-06 4.511704530715942 0.05 0.05 86 
-2.2258887545267743 0.0001 0.0001 0.9999966295560201 2e-06 2e-06 0.9999764333168666 1e-05 1e-05 4.5116867828369145 0.06 0.06 87 
-2.225896561940511 0.0002 0.0001 0.999995834827423 2e-06 2e-06 0.999991642832756 6e-06 7e-06 4.511921842892964 0.06 0.06 88 
-2.225926733016968 9e-05 8e-05 0.9999974489212036 9e-07 1e-06 0.9999899067481359 4e-06 5e-06 4.511767141024271 0.05 0.05 89 
-2.2258986473083495 0.0002 0.0001 0.99999602496624 3e-06 3e-06 0.999989256064097 7e-06 8e-06 4.511856056849162 0.05 0.05 90 
-2.2258162752787274 0.0002 0.0001 0.9999957172075907 2e-06 3e-06 0.9999864349762598 8e-06 8e-06 4.511815384229024 0.05 0.05 91 
-2.225762462615967 0.0002 0.0002 0.9999950861930847 3e-06 3e-06 0.9999890581766764 6e-06 7e-06 4.511662793159485 0.06 0.06 92 
-2.225820353825887 0.0002 0.0001 0.9999964982271194 3e-06 3e-06 0.9999908095598221 7e-06 7e-06 4.51183063030243 0.05 0.05 93 
-2.2258749993642173 0.0002 0.0002 0.9999961652358373 3e-06 3e-06 0.9999903521935145 6e-06 7e-06 4.511682060559591 0.05 0.05 94 
-2.2257159837086995 0.0003 0.0002 0.9999945698181788 3e-06 3e-06 0.9999901262919108 6e-06 6e-06 4.5117669852574664 0.06 0.05 95 
-2.2259492683410644 0.0001 0.0001 0.9999974926312765 1e-06 1e-06 0.9999787431955337 1e-05 1e-05 4.5119221401214595 0.06 0.06 96 
-2.225836795171102 0.0002 0.0002 0.9999960062901179 3e-06 3e-06 0.9999913146098455 6e-06 6e-06 4.511642100016276 0.05 0.05 97 
-2.2258551629384358 0.0002 0.0002 0.9999968192974726 3e-06 3e-06 0.9999913607041041 6e-06 6e-06 4.511715146700541 0.05 0.05 98 
-2.2258228302001952 0.0002 0.0002 0.9999961932500203 3e-06 3e-06 0.9999915572007497 6e-06 6e-06 4.511826502482096 0.05 0.05 99 
