-0.3679372787475586 0.03 0.008 0.8133738575379054 0.02 0.03 0.983901080886523 0.002 0.006 2.3558784250418343 0.5 0.5 2 
-2.2058502451578774 0.04 0.01 0.9995686040321986 0.0003 0.0006 0.9998595694700877 9e-05 0.0003 4.5044984563191734 0.5 0.5 4 
-2.2161123593648275 0.003 0.002 0.9998849298556646 2e-05 7e-05 0.9999212531248728 2e-05 2e-05 4.500990454355875 0.2 0.2 9 
-2.2088692951202393 0.02 0.007 0.9998273473978042 6e-05 0.0002 0.9998583022753398 6e-05 0.0001 4.5039028072357175 0.3 0.3 14 
-2.1977347723642984 0.04 0.02 0.99960231701533 0.0002 0.0006 0.999624059398969 7e-05 0.0003 4.491292380491893 0.6 0.6 16 
-2.2176979128519694 0.005 0.002 0.9998190240065257 0.0001 0.001 0.9998948327700297 1e-05 3e-05 4.510197997093201 0.3 0.3 26 
-2.2132196267445883 0.009 0.005 0.9997710329294205 0.0001 0.0003 0.9998667140801748 7e-05 0.0001 4.507446037928263 0.4 0.4 30 
-2.208766063054403 0.01 0.005 0.999776691198349 7e-05 0.0001 0.9983970600366593 9e-05 0.0004 4.490588286717733 0.4 0.4 34 
-2.20869358698527 0.02 0.01 0.9996929607788722 0.0002 0.0005 0.999925300081571 4e-05 0.0001 4.504875361124674 0.6 0.5 38 
-2.2139450041453044 0.009 0.004 0.9998629484574 5e-05 8e-05 0.9998428614934286 6e-05 0.0001 4.502062419255575 0.3 0.3 41 
-2.2179971377054852 0.008 0.005 0.999834898908933 7e-05 0.0002 0.9997056110699971 1e-05 5e-05 4.509665606816609 0.4 0.4 44 
-2.21482572555542 0.08 0.01 0.9998623734712601 7e-05 0.0004 0.9998528444766999 0.0001 0.004 4.496811634699504 0.6 0.7 45 
-2.2104353936513266 0.006 0.002 0.999799865881602 5e-05 6e-05 0.9985018861293793 4e-05 7e-05 4.505003434816996 0.3 0.3 48 
-2.2041454060872394 0.03 0.01 0.9996933170159658 0.0001 0.0004 0.9997572920719783 0.0001 0.007 4.500076655546824 0.4 0.5 52 
-2.215619920094808 0.02 0.008 0.9997577063242594 0.0002 0.0004 0.9998387799660364 0.0001 0.0007 4.507674719492594 0.3 0.4 55 
-0.3539507722854614 0.3 0.02 0.8120797961950302 0.01 0.02 0.9907876008749008 0.005 0.04 2.2178740366299947 0.5 0.7 61 
-2.21065660794576 0.009 0.006 0.9998566170533498 4e-05 5e-05 0.9996954329808553 6e-05 0.0002 4.505108496348063 0.2 0.2 68 
-2.208319584528605 0.005 0.004 0.999795821706454 5e-05 5e-05 0.9984874119361241 5e-05 7e-05 4.51026743888855 0.3 0.3 77 
-2.216342436472575 0.01 0.005 0.9997155290842056 0.0002 0.0006 0.9998327513535817 9e-05 0.0002 4.502198754946391 0.5 0.5 78 
-2.216946630477905 0.007 0.003 0.9998588405052821 4e-05 6e-05 0.9998527816931406 6e-05 8e-05 4.496998243331909 0.3 0.3 85 
-2.2177340539296466 0.009 0.003 0.9999033832550048 3e-05 8e-05 0.999870874285698 4e-05 6e-05 4.502353537877401 0.3 0.3 87 
-2.2055329990386965 0.04 0.01 0.9997416679064433 0.0002 0.0007 0.9998622751235962 0.0001 0.0003 4.488678337732951 0.4 0.4 93 
-2.2151117610931395 0.01 0.006 0.999873097538948 4e-05 5e-05 0.9998882102966309 4e-05 6e-05 4.509277232487997 0.2 0.2 95 
-2.219661744435628 0.0009 0.001 0.9998869188626607 3e-05 3e-05 0.9999095447858175 2e-05 3e-05 4.511773309707642 0.2 0.2 98 
