-2.2228810087839763 0.002 0.001 0.9999734048048655 2e-05 3e-05 0.9999791024128596 1e-05 3e-05 4.510031750996908 0.1 0.1 68 
-2.2243720944722494 0.0004 0.0004 0.999975430170695 4e-06 4e-06 0.9999954817692439 2e-06 3e-06 4.511988345781962 0.1 0.1 9 
-2.2227228323618573 0.003 0.002 0.9999735635519028 2e-05 5e-05 0.9999675510327021 3e-05 0.0001 4.509544512430827 0.1 0.1 41 
-2.2230989774068197 0.002 0.001 0.9999809022744497 7e-06 3e-05 0.9999698017040889 2e-05 4e-05 4.510284169514974 0.1 0.1 42 
-2.2223804569244385 0.002 0.001 0.9999768656492233 9e-06 2e-05 0.9999492746591568 9e-06 1e-05 4.509268550872803 0.1 0.1 76 
-2.2227493158976235 0.0002 0.0002 0.9999828000863393 3e-06 3e-06 0.9999496628840764 8e-06 8e-06 4.506747261683146 0.1 0.1 12 
-2.2236410681406658 0.002 0.001 0.9999769826730093 8e-06 8e-06 0.9999921623865763 2e-06 5e-06 4.511328452428182 0.1 0.1 67 
-2.2237684218088787 0.0008 0.0004 0.9999893319606781 4e-06 7e-06 0.9999584096670151 6e-06 5e-06 4.510107793807983 0.08 0.08 27 
-2.2226156775156656 0.0009 0.0007 0.999960084160169 1e-05 1e-05 0.9999694689114889 2e-05 2e-05 4.510701314608256 0.1 0.1 92 
-2.2251420243581137 0.0008 0.0004 0.9999802068869272 7e-06 1e-05 0.9999738252162933 2e-05 4e-05 4.5111112896601355 0.1 0.1 19 
-2.2235160128275555 0.001 0.0008 0.999987770318985 4e-06 1e-05 0.9999751214186351 1e-05 2e-05 4.510567266146342 0.1 0.09 6 
-2.2230405139923097 0.002 0.001 0.9999821801980336 8e-06 3e-05 0.9999938682715098 3e-06 2e-05 4.5101951265335085 0.1 0.1 18 
-2.2244606526692707 0.001 0.0007 0.999978615840276 1e-05 5e-05 0.9999980513254801 2e-06 8e-06 4.5113570610682165 0.07 0.07 61 
-2.224482266108195 0.002 0.001 0.9999796889225642 1e-05 4e-05 0.9999979156255722 2e-06 1e-05 4.511075377464294 0.09 0.1 83 
-2.2235790506998696 0.001 0.0008 0.9999872358640035 6e-06 3e-05 0.9999683811267217 1e-05 7e-05 4.509997240702311 0.1 0.1 94 
-2.2214238198598224 0.0004 0.0003 0.9999569286902745 9e-06 1e-05 0.9999965027968089 8e-07 7e-07 4.508716491063436 0.1 0.1 35 
-2.2229152711232505 0.0008 0.0007 0.9999857310454051 4e-06 5e-06 0.9999522107839585 1e-05 2e-05 4.509338620503743 0.1 0.1 43 
-2.2231171766916913 0.002 0.001 0.9999809988339742 9e-06 1e-05 0.9999651491641999 2e-05 4e-05 4.5104519605636595 0.1 0.1 30 
-2.2240614636739093 0.0007 0.0006 0.9999832739432652 7e-06 8e-06 0.9999638859430949 1e-05 7e-06 4.510575853983561 0.1 0.1 50 
-2.223554862340291 0.0006 0.0005 0.9999856750170389 3e-06 7e-06 0.9999680503209432 9e-06 1e-05 4.5104969199498495 0.08 0.09 15 
