-2.222985652287801 0.004 0.002 0.9999518408377965 7e-06 3e-05 0.9999781453609466 1e-05 0.0001 4.510635123252869 0.2 0.3 10 
-2.2233164215087893 0.001 0.0008 0.9997409373521805 1e-05 1e-05 0.9999788707494736 7e-06 4e-05 4.518384647369385 0.2 0.2 62 
-2.224135907491048 0.002 0.0009 0.9999092710018158 6e-06 1e-05 0.9999840337038041 1e-05 4e-05 4.513164021174113 0.2 0.2 29 
-2.2222773106892904 0.003 0.001 0.9996944216887156 1e-05 4e-05 0.9999662864208222 1e-05 7e-05 4.516619316736857 0.2 0.2 54 
-2.2226783593495685 0.006 0.002 0.9998519933223724 1e-05 3e-05 0.9999765708049139 2e-05 0.0002 4.513263033231099 0.2 0.2 74 
-2.220373128255208 0.002 0.0006 0.9994724128643672 1e-05 1e-05 0.9999658413728079 2e-05 9e-05 4.5215893665949505 0.1 0.1 80 
-2.222862097422282 0.001 0.0005 0.9995348999897639 1e-05 2e-05 0.9999769363800685 8e-06 3e-05 4.522968533833821 0.1 0.1 79 
-2.223158671061198 0.005 0.002 0.999818555911382 8e-06 2e-05 0.9999834122260411 1e-05 9e-05 4.513865639368693 0.3 0.2 77 
-2.2235478591918945 0.004 0.002 0.9997830855846405 1e-05 6e-05 0.9999772469202678 1e-05 6e-05 4.5167902358373 0.2 0.2 47 
-2.2211117871602375 0.004 0.002 0.9999071039756139 2e-05 3e-05 0.9998921416203181 5e-05 0.0001 4.5100252103805545 0.2 0.2 85 
-2.2235915915171307 0.002 0.001 0.9998975561062495 6e-06 2e-05 0.9999807906150818 2e-05 8e-05 4.512268568674723 0.1 0.2 25 
-2.2236814562479656 0.002 0.0008 0.999915081858635 4e-06 8e-06 0.9999851926167806 8e-06 2e-05 4.511590547561646 0.1 0.1 46 
-2.223011112213135 0.005 0.002 0.999778608083725 1e-05 4e-05 0.9999747121334076 2e-05 0.0001 4.516188505490621 0.2 0.2 66 
-2.224397274653117 0.002 0.0008 0.9999764825900396 4e-06 9e-06 0.9999779818455378 1e-05 7e-05 4.511587387720744 0.1 0.2 26 
-2.221238695780436 0.001 0.0005 0.9994512943426768 2e-05 1e-05 0.9999760858217875 8e-06 3e-05 4.522930660247803 0.2 0.2 99 
-2.223050584793091 0.0009 0.0006 0.9998706001043319 4e-06 7e-06 0.9999912095069885 4e-06 1e-05 4.512280000050863 0.1 0.1 44 
-2.2204361311594645 0.004 0.002 0.9994097659985225 2e-05 4e-05 0.9994168873627981 4e-05 0.0001 4.526175185839335 0.2 0.2 37 
-2.223282725016276 0.001 0.0008 0.9997428997357687 9e-06 1e-05 0.9999828054507574 7e-06 5e-05 4.517721567153931 0.2 0.2 84 
-2.221510823567708 0.0006 0.0004 0.9997115087509155 1e-05 1e-05 0.998602976401647 2e-05 5e-05 4.521830093065898 0.1 0.1 58 
-2.2240759754180908 0.003 0.001 0.9999033691485723 8e-06 3e-05 0.999812112847964 1e-05 4e-05 4.5124679406483965 0.2 0.2 28 
