-2.225886424382528 0.0007 0.0003 0.9999884768327078 9e-06 2e-05 0.9999969915548961 2e-06 8e-06 4.5120498625437415 0.1 0.1 21 
-2.225871130625407 0.0004 0.0003 0.9999880681435267 9e-06 1e-05 0.9999964666366578 3e-06 7e-06 4.512083156903585 0.09 0.09 9 
-2.225910847981771 0.0006 0.0003 0.999988245566686 1e-05 1e-05 0.9999966184298198 3e-06 7e-06 4.511902248064677 0.08 0.08 32 
-2.225938154856364 0.0008 0.0004 0.9999893222252528 9e-06 2e-05 0.999996976852417 3e-06 8e-06 4.5120526838302615 0.1 0.1 40 
-2.2259051513671877 0.0005 0.0003 0.999988457163175 8e-06 2e-05 0.9999964904785156 3e-06 4e-06 4.512083729108174 0.09 0.09 60 
-2.2259160741170247 0.0006 0.0003 0.9999881500005722 8e-06 2e-05 0.9999963484207789 3e-06 8e-06 4.512182631492615 0.1 0.1 16 
-2.2258792241414387 0.0005 0.0003 0.9999886520703634 9e-06 1e-05 0.9999966200192769 3e-06 6e-06 4.511904444694519 0.1 0.1 34 
-2.225892200469971 0.0006 0.0003 0.9999874166647593 1e-05 9e-06 0.9999966077009836 3e-06 8e-06 4.512015366554261 0.08 0.09 36 
-2.2259366448720295 0.0005 0.0003 0.9999887239933014 8e-06 1e-05 0.9999966579675674 3e-06 4e-06 4.512102715174357 0.09 0.09 15 
-2.225905621846517 0.0004 0.0003 0.999988376100858 8e-06 2e-05 0.9999967233339946 3e-06 6e-06 4.512205681800842 0.09 0.09 66 
-2.2259020551045734 0.0006 0.0003 0.9999883995453517 9e-06 2e-05 0.9999963440497717 3e-06 8e-06 4.511965859731038 0.09 0.1 48 
-2.2259175618489584 0.0008 0.0004 0.9999876191218694 1e-05 2e-05 0.9999968244632085 3e-06 1e-05 4.512397430737813 0.1 0.1 70 
-2.225858812332153 0.0006 0.0004 0.9999879934390385 9e-06 2e-05 0.99999680240949 3e-06 6e-06 4.512192719777425 0.1 0.1 64 
-2.225891803105672 0.0005 0.0003 0.999988270799319 8e-06 2e-05 0.9999964169661204 3e-06 5e-06 4.5120647446314495 0.09 0.09 27 
-2.225919977823893 0.0005 0.0003 0.999988622268041 1e-05 1e-05 0.9999967551231385 3e-06 7e-06 4.511865588823954 0.1 0.1 0 
-2.225875431696574 0.0006 0.0004 0.9999876358111699 1e-05 1e-05 0.9999969651301702 2e-06 5e-06 4.512133531570434 0.1 0.1 90 
-2.2259238624572752 0.001 0.0004 0.9999885030587514 9e-06 2e-05 0.9999970620870591 2e-06 9e-06 4.512106175422669 0.1 0.1 10 
-2.2259430917104086 0.0006 0.0003 0.9999885018666586 8e-06 1e-05 0.9999966454505921 3e-06 8e-06 4.5120903078715004 0.09 0.09 1 
-2.225922587712606 0.0005 0.0003 0.9999887591600418 8e-06 2e-05 0.9999967457850775 3e-06 5e-06 4.5122141885757445 0.09 0.09 53 
-2.225921907424927 0.0006 0.0003 0.9999879880746205 1e-05 1e-05 0.9999967712163925 3e-06 7e-06 4.512056795756022 0.08 0.08 6 
