-2.2169345569610597 0.01 0.003 0.9987886639436087 0.0001 0.0003 0.9999682162205378 3e-05 8e-05 4.551855370203654 0.08 0.09 1 
-2.226542460123698 3e-05 1e-05 0.9999991903702418 5e-07 7e-07 0.9999997433026632 4e-07 6e-07 4.512234635353089 0.01 0.01 2 
-2.2207969125111897 0.009 0.004 0.9997331207990646 8e-05 0.0002 0.9999828018744786 1e-05 2e-05 4.520797187487284 0.1 0.1 3 
-2.224325637817383 0.003 0.002 0.9999372593561808 2e-05 6e-05 0.9999779059489569 2e-05 3e-05 4.515139522552491 0.07 0.08 4 
-2.226010160446167 0.001 0.0003 0.999993459781011 5e-06 1e-05 0.9999962230523427 3e-06 2e-05 4.512582136789958 0.08 0.09 5 
-2.2245689741770427 0.001 0.001 0.9999232276280721 3e-05 3e-05 0.9999822080135345 1e-05 2e-05 4.512083683013916 0.09 0.09 6 
-2.225439437230428 0.0005 0.0003 0.999971324801445 2e-06 4e-06 0.9999927971760432 5e-06 2e-05 4.510876572926839 0.02 0.02 7 
-2.226403970718384 0.0003 0.0001 0.999998189608256 1e-06 3e-06 0.9999978582064311 2e-06 4e-06 4.5120654185613 0.02 0.02 8 
-2.225589720408122 0.004 0.0009 0.9999685758352279 2e-05 0.0001 0.9999958183368047 4e-06 1e-05 4.512079030672709 0.02 0.02 9 
-2.212057129542033 0.01 0.01 0.9984186534086863 0.0007 0.0007 0.9999695855379105 3e-05 7e-05 4.538612422943115 0.07 0.08 10 
-2.2257275581359863 0.0004 0.0001 0.9999547018607458 3e-06 1e-05 0.9999525541067124 8e-06 8e-06 4.514397775332133 0.04 0.03 11 
-2.0044310824076335 0.1 0.08 0.9699664300680161 0.007 0.006 0.9956583879391352 0.002 0.004 4.790159392356872 0.2 0.1 13 
-2.181823123296102 0.1 0.03 0.996543603738149 0.001 0.002 0.9999068407217662 7e-05 0.0002 4.60563727537791 0.09 0.1 15 
-2.2264183807373046 0.0002 8e-05 0.999990141193072 4e-06 1e-05 0.9999978895982107 2e-06 3e-06 4.512088503837585 0.03 0.03 16 
-2.2172342840830486 0.002 0.0008 0.9999691154559454 7e-06 1e-05 0.9999920060237248 1e-06 3e-06 4.509571765263876 0.03 0.03 21 
-2.223513193130493 0.001 0.0004 0.9999783664941788 3e-06 1e-05 0.9999581877390543 7e-06 2e-05 4.512619110743205 0.03 0.03 22 
-2.185173250834147 0.3 0.03 0.9980156362056732 0.002 0.02 0.9989963587125142 0.001 0.01 4.4602568817138675 0.09 0.6 23 
-2.22406010945638 0.01 0.002 0.9999364376068115 3e-05 0.0001 0.9999906078974405 7e-06 5e-05 4.515001660982768 0.1 0.1 24 
-2.2248234780629477 0.001 0.0009 0.9997101291020711 0.0001 0.0001 0.9999816179275512 1e-05 3e-05 4.528207802772522 0.03 0.03 25 
-2.2263678137461342 0.0004 8e-05 0.9999983882904053 1e-06 7e-06 0.9999987143278122 1e-06 3e-06 4.5121346934636435 0.04 0.04 27 
-2.2263441626230875 0.0004 0.0001 0.9999963641166687 1e-06 4e-06 0.999998414516449 1e-06 4e-06 4.512577427228292 0.03 0.03 28 
-2.224844681421916 0.003 0.001 0.9998305356502533 0.0001 0.0002 0.9999817623694738 2e-05 6e-05 4.515837707519531 0.05 0.05 29 
-2.0930851682027183 0.1 0.1 0.983803486029307 0.01 0.01 0.9972103710969289 0.003 0.003 4.717478939692179 0.1 0.1 30 
-2.2263615957895913 0.0002 0.0001 0.999996885061264 2e-06 3e-06 0.9999985414743423 1e-06 3e-06 4.512448302904764 0.03 0.04 31 
-2.1428361797332762 0.02 0.01 0.9786351688702901 0.003 0.002 0.9995625148216883 0.0002 0.0004 4.8737300666173295 0.04 0.1 32 
-2.2243670082092284 0.0005 0.0004 0.9999184091885884 9e-06 9e-06 0.9999785703420639 2e-06 3e-06 4.511161472002665 0.03 0.03 33 
-2.1772260824839273 0.5 0.05 0.9990108033021291 0.0009 0.009 0.9997220464547475 0.0003 0.004 4.502224192619324 0.3 0.2 34 
-2.2246155166625976 0.0008 0.0009 0.9999497985839844 3e-05 3e-05 0.9999850235382716 1e-05 2e-05 4.514583126703898 0.03 0.04 37 
-2.1063499069213867 0.2 0.09 0.9904232307275136 0.002 0.002 0.9997893873850504 0.0002 0.0003 4.700557285944621 0.2 0.1 39 
-1.923661444981893 0.1 0.1 0.9799265791972478 0.006 0.007 0.99573927740256 0.001 0.003 4.992819859186809 0.2 0.1 40 
-2.212103125254313 0.02 0.004 0.9983541639645894 0.0003 0.002 0.9997610861063003 0.0001 0.0001 4.593197169303894 0.04 0.04 41 
-2.2226388613382975 0.01 0.003 0.9998909129699072 2e-05 6e-05 0.9999955465396245 3e-06 6e-06 4.518932005564372 0.03 0.03 43 
-2.2260823599497477 0.0009 0.0004 0.9999903452396393 7e-06 1e-05 0.9999945372343063 4e-06 9e-06 4.51239803314209 0.06 0.06 44 
-2.217951765060425 0.004 0.003 0.9990698736906052 0.0002 0.0002 0.9998590145508448 7e-05 0.0001 4.544227463404337 0.2 0.1 46 
-2.226224269866943 0.0004 0.0001 0.9999939260880152 2e-06 8e-06 0.999999326467514 5e-07 1e-06 4.512286367416382 0.01 0.01 47 
-1.300115852355957 0.05 0.1 0.9344836268822352 0.01 0.004 0.9877816587686539 0.001 0.0005 4.717005130449931 0.1 0.06 48 
-2.2008740679423013 0.2 0.02 0.9990081864595414 0.0005 0.003 0.9997532939910889 0.0002 0.002 4.51015583674113 0.5 0.2 49 
-2.2190253639221194 0.03 0.004 0.9988992665211359 0.0003 0.002 0.9999324790636699 6e-05 0.0004 4.550450024604797 0.02 0.02 50 
-2.020575262705485 0.09 0.06 0.9619220870733262 0.008 0.01 0.9944094322125117 0.0008 0.001 5.346524038314819 0.2 0.2 51 
-2.223147039413452 0.004 0.003 0.9998744483788808 2e-05 5e-05 0.99997589747111 2e-05 6e-05 4.5201940377553305 0.08 0.09 52 
-2.1976230176289877 0.01 0.01 0.9997872694333394 4e-05 5e-05 0.999943948785464 2e-05 4e-05 4.499865277608236 0.04 0.04 53 
-2.2264303588867187 0.0001 3e-05 0.9999990389744441 7e-07 3e-06 0.9999991901715597 4e-07 9e-07 4.512125050226848 0.02 0.02 56 
-2.2263457361857095 0.0002 6e-05 0.9999965965747833 1e-06 5e-06 0.9999992217620214 5e-07 2e-06 4.5119548495610555 0.03 0.03 57 
-2.221081314086914 0.008 0.004 0.9997854580481847 2e-05 4e-05 0.9999707144498825 2e-05 3e-05 4.519633294741313 0.05 0.05 61 
-2.2232786273956298 0.001 0.0008 0.9992569454511007 9e-05 0.0001 0.9999851751327514 5e-06 9e-06 4.550625346501668 0.04 0.04 62 
-2.226053295135498 0.002 0.0003 0.9999698277314504 5e-06 2e-05 0.999995820124944 3e-06 5e-06 4.51454384803772 0.02 0.02 65 
-2.1784881750742593 0.1 0.04 0.9987171123425166 0.001 0.003 0.999756672779719 0.0002 0.001 4.511483375231425 0.3 0.2 66 
-1.947358678181966 0.2 0.2 0.9809266424179077 0.002 0.002 0.9991491570075353 0.0006 0.001 4.79975999991099 0.4 0.4 67 
-2.225794620513916 0.0006 0.0005 0.9999923292795817 4e-06 7e-06 0.9999985204140345 8e-07 1e-06 4.512210491498311 0.05 0.04 68 
-2.226272252400716 0.0008 0.0002 0.9999941092729568 2e-06 4e-06 0.9999969577789307 2e-06 7e-06 4.512557115554809 0.03 0.03 69 
-2.2256518586476646 0.001 0.0006 0.9999791437387466 1e-05 2e-05 0.9999947071075439 3e-06 1e-05 4.51372963587443 0.02 0.02 70 
-2.2261380672454836 0.002 0.0004 0.9999918788671494 3e-06 1e-05 0.9999918868144353 6e-06 3e-05 4.512349209785461 0.07 0.07 71 
-2.1721948909759523 0.07 0.04 0.9976434542735417 0.0008 0.001 0.9988822654883067 0.001 0.003 4.556058673858643 0.2 0.2 72 
-2.226250562667847 0.0004 8e-05 0.9999985611438751 7e-07 3e-06 0.9999993503093719 5e-07 1e-06 4.512137249310811 0.03 0.03 74 
-2.224260498682658 0.007 0.002 0.9998836114009222 7e-05 0.0004 0.9999875909090042 1e-05 5e-05 4.516806314786275 0.04 0.05 75 
-2.224097293217977 0.009 0.002 0.9999208615223567 2e-05 5e-05 0.9999969373146693 2e-06 9e-06 4.518784769376119 0.02 0.03 76 
-2.2263950061798097 2e-05 2e-05 0.9999971936146418 1e-06 2e-06 0.9999994107087453 4e-07 4e-07 4.512150486310323 0.006 0.006 77 
-2.226273250579834 0.0003 0.0002 0.9999959071477255 2e-06 2e-06 0.9999980016549428 2e-06 3e-06 4.512491421699524 0.02 0.02 79 
-2.226368573506673 0.0001 7e-05 0.9999980827172598 1e-06 3e-06 0.9999990900357564 7e-07 2e-06 4.51226576646169 0.02 0.03 80 
-2.223665418624878 0.001 0.001 0.9998442870378494 4e-05 4e-05 0.9999357455968857 5e-05 7e-05 4.5108690277735395 0.1 0.1 83 
-2.225576095581055 0.002 0.0007 0.9999839015801748 7e-06 3e-05 0.9999975436925888 2e-06 5e-06 4.513053096135457 0.04 0.04 84 
-2.216216049194336 0.01 0.009 0.9999021776517232 7e-05 0.0002 0.9999422595898311 4e-05 9e-05 4.510363903045654 0.2 0.2 85 
-2.220934371948242 0.01 0.005 0.999831268787384 0.0001 0.0003 0.9998133206367492 0.0002 0.0005 4.497363886833191 0.08 0.08 88 
-2.2051023864746093 0.003 0.002 0.9983713165918986 0.0003 0.0005 0.9993196495374044 5e-05 0.0001 4.734619924227396 0.07 0.06 90 
-2.2262001132965086 0.0006 0.0001 0.9999851723512013 2e-06 9e-06 0.9999974354108174 2e-06 1e-05 4.51380539894104 0.02 0.02 92 
-2.218040911356608 0.004 0.002 0.9993141573667527 5e-05 9e-05 0.9999108666181564 1e-05 2e-05 4.535897610982259 0.06 0.06 93 
-2.169101683298747 0.05 0.05 0.9949241610368093 0.004 0.004 0.9989379306634267 0.001 0.001 4.481954476038615 0.1 0.1 96 
-2.2243241850535074 0.004 0.002 0.9999587800105413 3e-05 5e-05 0.9999877101182938 1e-05 2e-05 4.510938243865967 0.09 0.09 97 
-2.2253471978505455 0.006 0.001 0.9999831712245941 1e-05 4e-05 0.9999957207838694 4e-06 2e-05 4.51208667119344 0.07 0.06 98 
-1.846504685084025 0.8 0.3 0.98788130402565 0.006 0.009 0.9972427183389664 0.002 0.005 4.680205648740133 0.4 0.4 99 
