-2.2256703070231847 0.0007 0.0004 0.9999960775886263 2e-06 3e-06 0.9999861059444292 9e-06 3e-05 4.511779342378889 0.1 0.1 35 
-2.2256752593176707 0.0007 0.0004 0.9999960135136332 2e-06 3e-06 0.9999874112861497 9e-06 3e-05 4.512158639090401 0.09 0.1 47 
-2.2256586858204432 0.0005 0.0003 0.9999960424644606 2e-06 3e-06 0.9999874921781676 8e-06 2e-05 4.511610977990287 0.09 0.09 34 
-2.2256495203290667 0.002 0.0005 0.9999958674822534 2e-06 3e-06 0.999986176618508 1e-05 5e-05 4.5121303626469205 0.1 0.1 31 
-2.225657442637852 0.0005 0.0003 0.9999960064888 2e-06 3e-06 0.9999863594770432 9e-06 2e-05 4.512017069544111 0.09 0.09 41 
-2.225658140863691 0.0005 0.0003 0.9999961812581335 2e-06 3e-06 0.9999864571860858 9e-06 2e-05 4.512000335965838 0.09 0.09 50 
-2.2256225960595266 0.0006 0.0004 0.9999954504626137 2e-06 4e-06 0.9999868733542306 9e-06 2e-05 4.512338445867811 0.1 0.1 52 
-2.225803225381034 0.002 0.0006 0.9999967939087323 3e-06 7e-06 0.9999859982303211 9e-06 6e-05 4.511991138117654 0.1 0.1 12 
-2.225793480873108 0.001 0.0005 0.9999967492052487 2e-06 9e-06 0.9999832534364291 9e-06 3e-05 4.511740750925881 0.1 0.1 11 
-2.225622967311314 0.0005 0.0004 0.9999957352876663 2e-06 4e-06 0.9999860422951835 9e-06 2e-05 4.511970617089953 0.09 0.09 60 
-2.2256790297372 0.0006 0.0003 0.9999959945678711 2e-06 3e-06 0.9999873548746109 8e-06 2e-05 4.512303302969252 0.1 0.09 43 
-2.2258138588496617 0.002 0.0005 0.9999968000820705 2e-06 1e-05 0.9999876618385315 9e-06 5e-05 4.511886160714286 0.1 0.1 6 
-2.225646553720747 0.0005 0.0003 0.999995916230338 2e-06 3e-06 0.9999871498772076 9e-06 2e-05 4.511797978196825 0.09 0.09 55 
-2.2256648812975204 0.0005 0.0003 0.9999958815319198 2e-06 3e-06 0.9999871187976428 8e-06 2e-05 4.511990909917014 0.09 0.09 40 
-2.225690681593759 0.0006 0.0004 0.999996340061937 2e-06 3e-06 0.9999873465725354 9e-06 3e-05 4.511923798492977 0.09 0.09 53 
-2.2256442206246514 0.002 0.0005 0.9999961823225021 2e-06 4e-06 0.9999854358179229 1e-05 7e-05 4.511936318874359 0.1 0.1 32 
-2.2257816961833408 0.001 0.0005 0.9999965752874101 2e-06 8e-06 0.999988160601684 9e-06 4e-05 4.511747058800289 0.1 0.1 7 
-2.2258080550602504 0.002 0.0005 0.9999964590583529 3e-06 2e-05 0.9999870049101965 8e-06 3e-05 4.511837497779301 0.09 0.1 5 
-2.225829686437334 0.0009 0.0005 0.9999971400414195 2e-06 5e-06 0.999983723461628 9e-06 4e-05 4.5119030475616455 0.1 0.1 23 
-2.225573113986424 0.0005 0.0003 0.9999946575079646 2e-06 4e-06 0.9999858030251094 9e-06 2e-05 4.5122771160943165 0.1 0.1 24 
