-2.2256505489349365 0.002 0.0005 0.9999958381056786 2e-06 7e-06 0.9999869578651019 1e-05 6e-05 4.511778703757694 0.1 0.1 45 
-2.225696407045637 0.002 0.0006 0.9999961810452598 2e-06 3e-06 0.9999876037240029 9e-06 8e-05 4.511943583829062 0.1 0.1 51 
-2.225655164037432 0.002 0.0007 0.9999952850597246 3e-06 1e-05 0.9999870715396745 1e-05 5e-05 4.5121726785387315 0.1 0.1 46 
-2.2256509474345614 0.001 0.0004 0.9999952014003481 2e-06 3e-06 0.9999875928674425 9e-06 3e-05 4.512170703070504 0.1 0.1 42 
-2.2256435666765486 0.0007 0.0004 0.9999954191701753 2e-06 4e-06 0.9999874430043357 9e-06 3e-05 4.512082784516471 0.09 0.09 37 
-2.2258217062268937 0.002 0.0005 0.9999965799706323 3e-06 1e-05 0.999988856273038 9e-06 3e-05 4.512012192181179 0.09 0.09 5 
-2.225707462855748 0.002 0.0007 0.9999959081411361 3e-06 2e-05 0.9999869157161031 1e-05 4e-05 4.511864127431597 0.1 0.1 52 
-2.2256628002439225 0.0007 0.0004 0.9999959430524281 2e-06 3e-06 0.9999867032681192 9e-06 3e-05 4.51206705059324 0.1 0.1 41 
-2.2257973977497647 0.002 0.0006 0.9999965654952185 3e-06 2e-05 0.9999869557363646 9e-06 5e-05 4.512134517942156 0.1 0.1 9 
-2.2258063759122577 0.001 0.0005 0.9999964260629245 2e-06 9e-06 0.9999883455889566 9e-06 3e-05 4.5120339683124 0.09 0.1 27 
-2.2257598297936574 0.001 0.0006 0.999996422444071 2e-06 8e-06 0.9999866777232715 1e-05 4e-05 4.5121259365762985 0.1 0.09 26 
-2.225691032409668 0.001 0.0004 0.9999956869653293 2e-06 3e-06 0.9999880586351667 9e-06 4e-05 4.512162808009556 0.1 0.1 50 
-2.2257187707083568 0.002 0.0007 0.9999964056270463 3e-06 2e-05 0.9999801508017949 1e-05 7e-05 4.5117050613675795 0.1 0.1 13 
-2.2256543261664254 0.002 0.0005 0.9999960603458541 2e-06 8e-06 0.999985699568476 1e-05 6e-05 4.512091885294233 0.1 0.1 30 
-2.2256375857761928 0.001 0.0006 0.9999962021197591 2e-06 8e-06 0.9999849781394005 1e-05 5e-05 4.511947756154196 0.1 0.1 49 
-2.2257913385118755 0.001 0.0006 0.9999964720436505 3e-06 1e-05 0.9999846405216626 9e-06 4e-05 4.511862349510193 0.1 0.1 23 
-2.225550358636039 0.0003 0.0002 0.9999954755817141 2e-06 3e-06 0.9999846826706614 8e-06 2e-05 4.512055705274855 0.08 0.08 54 
-2.2256491218294414 0.001 0.0006 0.9999964790684837 2e-06 7e-06 0.9999821275472641 1e-05 5e-05 4.511964671952384 0.1 0.1 57 
-2.225603975568499 0.0006 0.0004 0.9999949800116675 2e-06 4e-06 0.9999873559389796 9e-06 3e-05 4.512350308895111 0.09 0.09 48 
-2.225667030470712 0.0006 0.0004 0.9999957912734576 2e-06 3e-06 0.9999874702521733 9e-06 3e-05 4.512364402839116 0.1 0.09 60 
