-2.225713610649109 0.001 0.0006 0.9999951526522637 3e-06 8e-06 0.999986934023244 1e-05 5e-05 4.512175261974335 0.09 0.1 13 
-2.2255963359560287 0.001 0.0004 0.9999938688107899 1e-06 3e-06 0.9999855673738889 1e-05 4e-05 4.511990322385516 0.1 0.1 30 
-2.225627677781241 0.0008 0.0004 0.9999942147306033 1e-06 3e-06 0.9999884965164321 9e-06 3e-05 4.512271734646388 0.1 0.1 33 
-2.2256570884159634 0.002 0.0007 0.9999952729259218 3e-06 1e-05 0.9999871066638402 1e-05 5e-05 4.5120038492339 0.1 0.1 39 
-2.2255995205470493 0.002 0.0007 0.9999941900372505 3e-06 1e-05 0.9999847128987313 1e-05 5e-05 4.512475885663714 0.1 0.1 7 
-2.2256200858524866 0.001 0.0004 0.9999940195253917 2e-06 2e-06 0.9999879962631635 9e-06 4e-05 4.512027212551662 0.1 0.1 31 
-2.2255696875708444 0.001 0.0005 0.9999942358051027 2e-06 3e-06 0.9999865812914712 1e-05 4e-05 4.512587477479662 0.1 0.1 54 
-2.225620542253767 0.002 0.0007 0.9999941595963069 4e-06 1e-05 0.9999862121684211 1e-05 4e-05 4.512231627532414 0.1 0.1 43 
-2.2255519662584575 0.001 0.0005 0.9999935292771884 2e-06 3e-06 0.9999859049916268 1e-05 4e-05 4.512238255568913 0.1 0.1 44 
-2.2254406894956316 0.0008 0.0005 0.9999924651214055 2e-06 4e-06 0.999986047404153 1e-05 3e-05 4.512618577480316 0.1 0.1 50 
-2.2256494624274117 0.002 0.0007 0.9999947703310421 4e-06 1e-05 0.999986940409456 1e-05 5e-05 4.5121241007532396 0.1 0.1 40 
-2.2254631212779454 0.0008 0.0005 0.9999926113656589 2e-06 3e-06 0.9999862187675067 1e-05 3e-05 4.5120874387877326 0.1 0.1 58 
-2.2255669423512052 0.002 0.0007 0.999993989935943 4e-06 2e-05 0.9999858766794205 1e-05 5e-05 4.511925724574498 0.1 0.1 42 
-2.2255106210708617 0.0009 0.0005 0.9999930601034845 2e-06 3e-06 0.9999856987169811 1e-05 4e-05 4.512283393314907 0.1 0.1 1 
-2.2256057466779438 0.002 0.0007 0.9999940612486431 3e-06 1e-05 0.9999866125839098 1e-05 5e-05 4.512133193016052 0.1 0.1 41 
-2.2257860592433385 0.002 0.0005 0.9999960313950266 3e-06 1e-05 0.9999868754829679 1e-05 4e-05 4.512205966881344 0.1 0.09 4 
-2.2254100493022375 0.001 0.0005 0.9999920219182968 2e-06 3e-06 0.9999855209674154 1e-05 4e-05 4.512504967621394 0.1 0.1 52 
-2.2255654914038523 0.002 0.0007 0.9999934121966362 3e-06 1e-05 0.9999844857624599 1e-05 5e-05 4.512598053046635 0.1 0.1 11 
-2.22564331804003 0.002 0.0006 0.9999942762511117 3e-06 1e-05 0.9999878168106079 1e-05 8e-05 4.512119775159018 0.1 0.1 38 
-2.2255221775599887 0.002 0.0006 0.9999933881419045 3e-06 1e-05 0.999985175047602 1e-05 8e-05 4.5121040259088785 0.1 0.1 57 
