-2.207507724761963 0.009 0.002 0.9997910658518473 0.0002 0.0003 0.9985213861862818 0.0004 0.001 4.4808500210444135 0.4 0.3 1 
-2.1997671794891356 0.1 0.02 0.9994664293527603 0.0005 0.002 0.9995102630058924 0.0002 0.001 4.506900534629822 0.4 0.5 6 
-2.218441702524821 0.008 0.007 0.9999619662761688 2e-05 3e-05 0.9985445100069046 6e-05 0.0001 4.519107410113016 0.3 0.3 11 
-2.2233357334136965 0.008 0.003 0.9999626032511393 2e-05 4e-05 0.9983142145474752 7e-05 0.0003 4.526347629229227 0.3 0.2 25 
-2.210840212504069 0.004 0.001 0.9999592067797979 3e-05 9e-05 0.9990603538354238 3e-05 0.0001 4.497906330426534 0.2 0.2 27 
-2.225544163386027 0.005 0.0009 0.9999816236893336 1e-05 8e-05 0.9998421253760655 2e-05 0.0002 4.512928495407104 0.2 0.2 30 
-0.378504958152771 0.0007 0.0005 0.8139558966954549 0.007 0.008 0.9830465118090311 0.0006 0.0008 2.3823002854983013 0.1 0.1 31 
-2.2244641240437826 0.006 0.002 0.9999664368232092 3e-05 9e-05 0.9999632217486699 2e-05 0.0002 4.510657844543457 0.2 0.2 35 
-2.222053877512614 0.02 0.004 0.9999379340807597 4e-05 0.0004 0.9985262999931971 7e-05 0.0006 4.523230503400167 0.4 0.3 45 
-2.2256730715433757 0.004 0.0008 0.9999851594368617 7e-06 1e-05 0.9999873238801956 7e-06 4e-05 4.511477003097534 0.2 0.2 48 
-2.225961577097575 0.002 0.0005 0.9999832127491634 7e-06 2e-05 0.9999958604574204 3e-06 2e-05 4.51170747756958 0.1 0.1 63 
-0.37856728553771973 0.001 0.0005 0.8138340562582016 0.004 0.005 0.9831279861927033 0.001 0.001 2.3810032963752747 0.1 0.1 74 
-2.200590057373047 0.3 0.02 0.9993999385833741 0.0004 0.004 0.9996084761619568 0.0003 0.009 4.494354518254598 0.9 1.0 86 
