-2.2248994795481365 0.001 0.0005 0.999977888862292 3e-06 7e-06 0.9999833103020986 7e-06 1e-05 4.511570415496826 0.1 0.1 28 
-2.2247853088378906 0.002 0.0009 0.9999704873561859 7e-06 2e-05 0.9999823717276255 1e-05 2e-05 4.511634758313497 0.2 0.2 91 
-2.224005416234334 0.004 0.002 0.9999925271670024 6e-06 1e-05 0.9999615001678467 3e-05 0.0001 4.511001529693604 0.2 0.2 33 
-2.224927676518758 0.002 0.0007 0.9999734179178874 5e-06 1e-05 0.9999851240714391 8e-06 1e-05 4.5117233959833785 0.1 0.1 62 
-2.2245775000254313 0.002 0.001 0.9999941486120224 4e-06 1e-05 0.9999643528461456 3e-05 0.0001 4.511429381370545 0.2 0.2 30 
-2.2251278241475423 0.001 0.0008 0.9999917773405711 3e-06 5e-06 0.9999668788909912 2e-05 6e-05 4.5115851910909015 0.2 0.2 58 
-2.224435739517212 0.002 0.001 0.9999773587783177 8e-06 3e-05 0.9999744482835133 1e-05 5e-05 4.511574454307556 0.2 0.2 93 
-2.225012305577596 0.0003 0.0002 0.9999841952323913 2e-06 2e-06 0.999988823334376 5e-06 9e-06 4.511634318033854 0.1 0.1 78 
-2.2249049663543703 0.003 0.0009 0.9999710482358932 7e-06 3e-05 0.9999887857834499 8e-06 2e-05 4.511673617362976 0.1 0.1 68 
-2.2245539569854738 0.0009 0.0007 0.9999770087003708 5e-06 8e-06 0.9999772304296494 1e-05 3e-05 4.511429098447164 0.2 0.2 42 
-2.2252836354573566 0.001 0.0006 0.9999921123186747 6e-06 1e-05 0.9999612967173258 2e-05 6e-05 4.5115163056055705 0.2 0.2 87 
-2.225027287801107 0.002 0.001 0.9999755980571111 7e-06 2e-05 0.9999811389048894 1e-05 3e-05 4.511496715545654 0.2 0.2 92 
-2.2249440987904867 0.001 0.0006 0.9999919678767523 5e-06 1e-05 0.9999878094593684 7e-06 1e-05 4.51147997379303 0.1 0.1 17 
-2.225115874608358 0.001 0.0006 0.9999920888741811 5e-06 2e-05 0.9999707214037578 2e-05 5e-05 4.511585612297058 0.2 0.2 51 
-2.2236899948120117 0.002 0.001 0.9999799813826878 4e-06 9e-06 0.9999398225545884 3e-05 9e-05 4.511200284957885 0.2 0.2 49 
-2.224914573033651 0.002 0.0008 0.9999874951442083 7e-06 1e-05 0.9999831096331279 9e-06 2e-05 4.511518874168396 0.1 0.2 98 
-2.2241606362660726 0.005 0.002 0.99997520784537 7e-06 1e-05 0.9999647196133932 3e-05 5e-05 4.511214892069499 0.2 0.2 7 
-2.224666372934977 0.005 0.001 0.9999736919005712 1e-05 2e-05 0.9999792778491974 2e-05 3e-05 4.5111342732111614 0.2 0.2 32 
-2.2249475383758544 0.002 0.0006 0.9999769272406897 4e-06 8e-06 0.9999843565622966 8e-06 1e-05 4.511602741877238 0.1 0.1 55 
-2.225073798497518 0.001 0.0004 0.9999888292948405 4e-06 9e-06 0.999986480474472 6e-06 8e-06 4.511869845390319 0.1 0.1 95 
