-2.225050811767578 0.004 0.001 0.9999892185131709 6e-06 2e-05 0.9999817405144373 2e-05 7e-05 4.511765508651734 0.06 0.07 14 
-2.225613390604655 0.0002 0.0001 0.9999968347946803 1e-06 2e-06 0.9999794924259185 1e-05 2e-05 4.511862762769064 0.06 0.06 75 
-2.2251675128936768 0.002 0.0008 0.9999923890829087 4e-06 7e-06 0.9999832075834274 1e-05 5e-05 4.5117611996332805 0.09 0.09 96 
-2.226367877324422 9e-05 4e-05 0.9999928609530131 8e-07 8e-07 0.9999988516171773 6e-07 9e-07 4.5124844439824425 0.05 0.05 8 
-2.2263592529296874 8e-05 4e-05 0.999994830886523 1e-06 1e-06 0.9999984119335811 1e-06 8e-07 4.512364800771078 0.05 0.05 92 
-2.2254815928141274 0.002 0.0008 0.9999889236688614 8e-06 3e-05 0.999986942410469 1e-05 3e-05 4.512033522923788 0.1 0.1 63 
-2.2252862008412677 0.001 0.0008 0.9999933209021886 3e-06 1e-05 0.9999853426218033 1e-05 5e-05 4.511929491360982 0.08 0.08 91 
-2.2255394744873045 0.001 0.0006 0.9999950277805328 3e-06 8e-06 0.9999875303109487 1e-05 3e-05 4.511937313079834 0.07 0.07 87 
-2.2254166316986086 0.002 0.0007 0.9999920783440271 5e-06 7e-06 0.9999841586748759 1e-05 2e-05 4.5119669103622435 0.1 0.1 24 
-2.2251215394337973 0.002 0.0008 0.9999925853808721 4e-06 7e-06 0.9999833784500758 1e-05 4e-05 4.511639479001363 0.06 0.06 7 
-2.225298922856649 0.001 0.0007 0.9999892632166545 5e-06 9e-06 0.9999864407380422 1e-05 3e-05 4.512000042597453 0.08 0.08 0 
-2.2252056630452475 0.002 0.0009 0.9999942320585251 4e-06 8e-06 0.9999818448225657 1e-05 2e-05 4.5117443052927655 0.1 0.1 78 
-2.2251903025309243 0.002 0.0008 0.9999911397695541 5e-06 8e-06 0.9999841590722401 1e-05 5e-05 4.511825172106425 0.09 0.09 56 
-2.2262231318155923 2e-05 2e-05 0.999986420472463 1e-06 1e-06 0.9999978290001551 4e-07 5e-07 4.512801405588786 0.07 0.07 32 
-2.2252798906962075 0.001 0.0007 0.9999926243225733 3e-06 7e-06 0.9999863104025523 1e-05 2e-05 4.511950507164001 0.08 0.08 20 
-2.2252385902404783 0.004 0.001 0.9999932312965393 4e-06 1e-05 0.9999856154123942 1e-05 4e-05 4.511954339345296 0.1 0.1 25 
-2.226212536493937 6e-05 4e-05 0.9999954678614934 6e-07 7e-07 0.9999987431367239 4e-07 3e-07 4.512180768648784 0.06 0.06 90 
-2.225507907867432 0.002 0.0007 0.9999937303860982 4e-06 8e-06 0.999989566206932 9e-06 3e-05 4.511924236615499 0.08 0.08 41 
-2.2251384607950846 0.001 0.0007 0.9999910124142964 4e-06 8e-06 0.9999847334623336 1e-05 4e-05 4.511724073092143 0.08 0.08 1 
-2.226411377588908 3e-05 2e-05 0.9999962999423345 5e-07 8e-07 0.9999989187717437 4e-07 5e-07 4.512332812945048 0.04 0.04 83 
