-2.226252737045288 6e-05 6e-05 0.999995990395546 5e-07 5e-07 0.9999978452920913 8e-07 9e-07 4.512229270935059 0.04 0.04 28 
-2.225067443847656 0.001 0.0006 0.999977381825447 6e-06 1e-05 0.9999889141321182 9e-06 2e-05 4.512035420735677 0.07 0.07 14 
-2.224806807835897 0.002 0.0007 0.9999894165992737 5e-06 9e-06 0.9999858611822128 1e-05 3e-05 4.511629546483357 0.09 0.09 10 
-2.224937671025594 0.0004 0.0003 0.9999894458055496 5e-06 8e-06 0.9999940462907155 4e-06 6e-06 4.511820762952169 0.08 0.08 106 
-2.2255549971262614 0.0008 0.0004 0.9999913404385249 4e-06 9e-06 0.9999913503726323 7e-06 1e-05 4.511997326215108 0.07 0.07 149 
-2.224804588953654 0.003 0.001 0.9999796505769094 1e-05 3e-05 0.9999823663632075 2e-05 9e-05 4.511782894134521 0.08 0.09 70 
-2.2250644747416177 0.002 0.0006 0.9999777698516845 6e-06 1e-05 0.9999879095951716 1e-05 3e-05 4.512095017433166 0.08 0.07 120 
-2.2236568196614583 0.002 0.001 0.9999767955144246 1e-05 2e-05 0.9999662846326828 3e-05 0.0001 4.51114794254303 0.1 0.1 141 
-2.225199066797892 0.002 0.0005 0.9999872901042303 4e-06 7e-06 0.9999886550505956 1e-05 2e-05 4.511919649442037 0.06 0.06 78 
-2.225191701253255 0.001 0.0005 0.9999917860825857 2e-06 4e-06 0.9999901054302851 8e-06 2e-05 4.511799311637878 0.06 0.06 142 
-2.226389547983805 3e-05 3e-05 0.9999961405992508 6e-07 8e-07 0.9999980405966441 8e-07 1e-06 4.512315931320191 0.05 0.05 115 
-2.2251432768503823 0.001 0.0005 0.9999893975257873 5e-06 9e-06 0.9999896641572317 8e-06 1e-05 4.511874882380168 0.08 0.08 130 
-2.2248634020487468 0.005 0.001 0.9999914131561916 7e-06 3e-05 0.9999735816319784 2e-05 8e-05 4.511528420448303 0.1 0.1 76 
-2.22487478574117 0.001 0.0006 0.9999875734249751 4e-06 8e-06 0.999987540046374 1e-05 2e-05 4.5117294851938885 0.09 0.09 43 
-2.22438237508138 0.005 0.002 0.9999846839904785 9e-06 3e-05 0.9999782804648082 2e-05 8e-05 4.511521848042806 0.1 0.1 91 
-2.22627511660258 4e-05 4e-05 0.9999955616394679 5e-07 6e-07 0.9999978977441788 8e-07 8e-07 4.512259748776754 0.04 0.04 36 
-2.2262476444244386 0.001 0.0003 0.9999981830517451 1e-06 3e-06 0.999998595515887 1e-06 4e-06 4.512150851885478 0.06 0.06 59 
-2.226256106694539 3e-05 3e-05 0.9999875152111053 5e-07 8e-07 0.9999976797898611 3e-07 2e-07 4.512486073176066 0.05 0.05 64 
-2.2260206826527913 0.009 0.0005 0.9999957549571991 3e-06 2e-05 0.9999980010588964 2e-06 2e-05 4.5120003732045495 0.09 0.08 109 
-2.226247679392497 0.0005 0.0002 0.9999928871790568 2e-06 4e-06 0.9999974548816681 2e-06 4e-06 4.512469628651937 0.07 0.08 44 
