-2.2252410411834718 0.002 0.0009 0.9999788631995519 4e-06 1e-05 0.9999860827128092 1e-05 3e-05 4.511749521891276 0.1 0.1 107 
-2.225121094385783 0.002 0.0008 0.999978955189387 5e-06 1e-05 0.999984036286672 1e-05 3e-05 4.511539160410563 0.2 0.2 112 
-2.2252145862579344 0.002 0.0008 0.9999796015024185 4e-06 1e-05 0.9999850026766459 1e-05 2e-05 4.511426669756571 0.1 0.1 62 
-2.2251704661051432 0.003 0.0009 0.9999775751431783 5e-06 2e-05 0.9999856108427048 9e-06 3e-05 4.511754500071207 0.1 0.1 51 
-2.2252022361755373 0.002 0.0009 0.9999788256486257 5e-06 1e-05 0.9999866106112798 9e-06 3e-05 4.511866456667582 0.1 0.1 121 
-2.2252344036102296 0.002 0.0008 0.9999787932634354 5e-06 1e-05 0.9999877252181371 9e-06 2e-05 4.511904311180115 0.1 0.1 149 
-2.2251859029134113 0.003 0.0009 0.9999798613786698 4e-06 2e-05 0.9999849013487498 1e-05 3e-05 4.51171229839325 0.1 0.1 46 
-2.2252473576863605 0.002 0.0009 0.999978952407837 4e-06 1e-05 0.9999869745969773 9e-06 2e-05 4.511831096013387 0.1 0.1 67 
-2.225288880666097 0.002 0.0008 0.9999794071912765 4e-06 1e-05 0.9999871391057968 9e-06 2e-05 4.511874043146769 0.1 0.1 74 
-2.2251877880096433 0.002 0.0009 0.999978445370992 5e-06 1e-05 0.9999870771169662 9e-06 2e-05 4.511594034830729 0.1 0.1 36 
-2.2251876735687257 0.002 0.0009 0.9999784938494365 5e-06 1e-05 0.9999863864978155 9e-06 2e-05 4.511928747495015 0.1 0.1 30 
-2.2251861031850177 0.003 0.0009 0.9999797403812408 5e-06 2e-05 0.9999859180053076 9e-06 3e-05 4.511838687260946 0.1 0.1 114 
-2.2252046394348146 0.003 0.0009 0.9999791288375854 4e-06 1e-05 0.999985958536466 9e-06 3e-05 4.511892164548238 0.1 0.1 75 
-2.2252227624257404 0.002 0.0009 0.9999793777863185 4e-06 1e-05 0.9999866084257761 9e-06 3e-05 4.5118272574742635 0.1 0.1 125 
-2.225166177749634 0.002 0.0009 0.9999783251682918 5e-06 2e-05 0.9999856454133987 9e-06 2e-05 4.511831800142924 0.1 0.1 77 
-2.2252599366505943 0.002 0.0009 0.999979554216067 4e-06 1e-05 0.999987156589826 9e-06 2e-05 4.5117428636550905 0.1 0.1 115 
-2.2251954237620035 0.002 0.0009 0.9999787374337514 5e-06 1e-05 0.9999862442413966 9e-06 3e-05 4.511853936513265 0.1 0.1 113 
-2.224901695251465 0.002 0.0009 0.999977461496989 5e-06 1e-05 0.9999797997872034 2e-05 7e-05 4.51197602113088 0.2 0.2 72 
-2.22515557607015 0.002 0.0009 0.9999781878789266 5e-06 1e-05 0.999986850420634 8e-06 2e-05 4.511708122889201 0.1 0.1 1 
-2.2251579666137697 0.002 0.0009 0.9999780031045278 5e-06 2e-05 0.9999853523572286 9e-06 3e-05 4.511748862266541 0.1 0.1 131 
