-2.222085409164429 0.004 0.002 0.9999710923433304 1e-05 3e-05 0.9999507510662079 4e-05 0.0001 4.510748160680135 0.1 0.1 54 
-2.2240544891357423 0.005 0.002 0.9999743890762329 1e-05 3e-05 0.9999777440230052 2e-05 0.0001 4.511929574012757 0.1 0.1 72 
-2.2258312384287517 0.0007 0.0003 0.9999848282337189 4e-06 7e-06 0.9999966677029928 2e-06 2e-06 4.513050246238708 0.1 0.1 128 
-2.224847927093506 0.004 0.001 0.9999827492237091 1e-05 5e-05 0.999982632001241 2e-05 6e-05 4.512235964139302 0.2 0.2 62 
-2.223382240931193 0.004 0.002 0.9999780708551407 1e-05 3e-05 0.9999688577651977 3e-05 0.0001 4.511437112490336 0.2 0.2 83 
-2.22428191502889 0.003 0.001 0.9999807926019033 7e-06 1e-05 0.9999827633301417 2e-05 5e-05 4.511895068486532 0.1 0.1 84 
-2.2241945298512777 0.003 0.001 0.9999848645925522 8e-06 1e-05 0.9999812652667364 2e-05 6e-05 4.51159644762675 0.1 0.1 98 
-2.2231707096099855 0.009 0.002 0.9999747476975123 2e-05 4e-05 0.999973770181338 2e-05 0.0001 4.511556393305461 0.2 0.2 92 
-2.2247115834554037 0.002 0.001 0.9999896649519603 5e-06 1e-05 0.9999836073319117 1e-05 9e-05 4.51190929253896 0.1 0.1 133 
-2.2261081314086915 0.003 0.0003 0.9999874166647593 4e-06 5e-06 0.9999976563453674 1e-06 6e-06 4.512922134399414 0.08 0.08 95 
-2.224084555308024 0.003 0.001 0.9999840354919434 5e-06 8e-06 0.9999820437033972 2e-05 6e-05 4.5116064341863 0.1 0.1 55 
-2.224581152598063 0.003 0.0009 0.9999888769785563 6e-06 1e-05 0.999985288977623 1e-05 4e-05 4.5118255647023515 0.1 0.1 81 
-2.224824056625366 0.002 0.0006 0.9999861278136571 6e-06 1e-05 0.9999883073568344 1e-05 2e-05 4.512045623461406 0.1 0.1 76 
-2.2261382071177165 0.0003 0.0001 0.999985009431839 5e-06 8e-06 0.9999971723556519 2e-06 2e-06 4.512591462135315 0.08 0.08 35 
-2.2234063371022543 0.003 0.001 0.9999827333291371 1e-05 3e-05 0.9999188743034999 7e-05 0.0002 4.510821580886841 0.1 0.1 33 
-2.223459113438924 0.004 0.002 0.9999823755025864 1e-05 2e-05 0.9999715491135915 3e-05 0.0001 4.5111227146784465 0.1 0.1 126 
-2.225658473968506 0.0002 0.0002 0.9999905155102412 2e-06 3e-06 0.9999973646799724 4e-07 2e-06 4.512422461509704 0.1 0.09 96 
-2.22512136777242 0.001 0.0006 0.9999844044446945 9e-06 1e-05 0.9999916325012843 7e-06 2e-05 4.512595291137695 0.1 0.1 73 
-2.2225171534220376 0.004 0.002 0.9999847926696142 1e-05 2e-05 0.9999557290474573 4e-05 8e-05 4.510327111879985 0.1 0.1 123 
-2.22348508199056 0.005 0.002 0.999981545607249 1e-05 4e-05 0.9999677671988805 3e-05 0.0001 4.511390794118245 0.1 0.1 30 
