-1.9279898230234782 0.001 0.001 0.9951302566130956 0.0002 0.0002 0.9988416856527329 8e-05 8e-05 4.30771744410197 0.1 0.1 0 
-1.9397970422108968 0.008 0.002 0.9961592789491017 0.0003 0.0004 0.9988896652062734 9e-05 0.0001 4.323712724049886 0.1 0.1 3 
-0.21893229643503825 2e-05 2e-05 0.8654598800341288 0.002 0.002 0.9830311453342437 0.0005 0.0005 2.606511695384979 0.07 0.07 6 
-0.3150177812576294 0.003 0.0008 0.860924415588379 0.004 0.004 0.9827035224437713 0.001 0.001 2.6054995624224344 0.1 0.1 7 
-0.3223462502161662 0.002 0.0007 0.8238145182530086 0.005 0.005 0.9779031119743983 0.001 0.001 2.406646722952525 0.1 0.1 8 
-0.2976032241185506 0.005 0.0007 0.8535658882061641 0.01 0.005 0.9786464134852092 0.001 0.001 2.597362269560496 0.1 0.1 11 
-1.5027897930145264 0.0004 0.0003 0.981898208061854 0.0002 0.0003 0.9975346388419469 0.0002 0.0002 3.903441361586253 0.1 0.1 12 
-0.31907569885253906 0.003 0.0005 0.8323319991429646 0.001 0.002 0.9792428350448609 0.002 0.006 2.472824702262878 0.09 0.08 13 
-0.35935559431711833 0.003 0.0009 0.8493695014715195 0.002 0.002 0.9863913744688034 0.001 0.002 2.5109038774172463 0.1 0.1 22 
-0.35423757235209147 0.004 0.0009 0.8282967176040014 0.006 0.008 0.9853957025210063 0.001 0.001 2.4099074459075926 0.08 0.06 26 
-0.30105135758717855 2e-05 2e-05 0.8730571266015371 0.001 0.001 0.982315201361974 0.0004 0.0004 2.6792033076286317 0.07 0.07 33 
-2.0101143169403075 0.002 0.0009 0.9705496589342754 0.0002 0.0002 0.998921291232109 2e-05 2e-05 4.849833072026571 0.1 0.1 37 
-0.3523235321044922 0.0003 0.0001 0.8480902630090713 0.003 0.003 0.9836416029930115 0.0004 0.0004 2.5203961221377056 0.05 0.05 38 
-2.0960138416290284 0.005 0.003 0.9934827091296514 0.0001 7e-05 0.9989292055368424 3e-05 5e-05 4.531904983520508 0.1 0.1 40 
-0.347815260887146 0.0007 0.0007 0.834502734541893 0.001 0.0005 0.9821979900201162 0.0008 0.0005 2.4728293307622273 0.1 0.1 41 
-1.2131311988830566 0.001 0.001 0.9160699635744095 0.0002 0.0002 0.9983269604047139 4e-05 7e-05 5.2578465906778975 0.1 0.1 42 
-0.32820205529530844 5e-05 4e-05 0.8511749396721522 0.0006 0.0006 0.9788975936174392 0.0007 0.0006 2.562426073551178 0.08 0.08 43 
-0.8520608711242675 0.002 0.002 0.9525193971395493 0.0003 0.0007 0.9878742019335429 0.0003 0.0004 3.774062000910441 0.2 0.2 44 
-1.908840389251709 0.005 0.002 0.9573794323205947 0.0004 0.0004 0.9989137468735377 4e-06 1e-05 4.980163847605388 0.1 0.1 46 
-0.32011452039082844 4e-05 4e-05 0.8459032020966212 0.001 0.001 0.9819006423155466 0.0005 0.0005 2.53923530181249 0.06 0.06 52 
-0.342836922009786 0.0001 0.0001 0.816237773100535 0.003 0.003 0.980003087123235 0.0008 0.0008 2.3508758314450584 0.1 0.1 55 
-0.3547834666570028 0.0006 0.0003 0.8498485898971557 0.003 0.002 0.985553827881813 0.001 0.002 2.505117646853129 0.05 0.05 59 
-0.3726385990778605 0.004 0.0009 0.832051030198733 0.002 0.003 0.9835168747107188 0.002 0.003 2.458026424249013 0.1 0.1 60 
-2.1242720476786294 0.001 0.0006 0.9915401291847229 6e-05 7e-05 0.9996913315852484 1e-05 2e-05 4.6041625817616785 0.09 0.09 61 
-0.20760724703470865 4e-05 0.0001 0.8865633493661881 0.0008 0.0008 0.9783596877257029 0.0005 0.0005 2.7733621120452883 0.09 0.09 67 
-0.37046518007914225 6e-05 6e-05 0.8436602214972179 0.0006 0.0006 0.9847396310170492 0.0004 0.0004 2.493856163819631 0.07 0.07 68 
-2.0446378072102864 0.01 0.004 0.9855232908328374 0.0006 0.0008 0.9950695000092189 7e-05 0.0003 4.693353164990743 0.4 0.3 70 
-0.3649951712290446 9e-06 8e-06 0.8256738849480947 0.002 0.002 0.9837424524625142 0.0004 0.0004 2.4054319047927857 0.05 0.05 72 
-0.23350970268249513 0.005 0.001 0.8689572685956954 0.001 0.003 0.9812222510576248 0.0007 0.0007 2.6772539814313254 0.2 0.2 75 
-0.3002709770202637 0.001 0.0003 0.872718617717425 0.002 0.002 0.9826560056209565 0.0004 0.0006 2.6766024335225422 0.07 0.07 77 
-0.3592076873779297 7e-05 4e-05 0.8399728669722875 0.003 0.003 0.9827657691637675 0.0004 0.0004 2.4902242414156595 0.05 0.05 78 
-0.28599498271942136 1e-05 1e-05 0.8692047091325125 0.0007 0.0007 0.9809643034140269 0.0001 0.0001 2.646732241312663 0.06 0.06 79 
-1.8009291076660157 0.006 0.002 0.9550937950611115 0.0003 0.0003 0.9958591316143671 8e-05 0.0001 4.973695219357809 0.1 0.1 82 
-0.2928317340215047 2e-05 4e-05 0.8709348932902018 0.0006 0.0006 0.981738937497139 0.0004 0.0004 2.6639741532007855 0.07 0.07 83 
-1.7156210199991861 0.006 0.002 0.9545931279659271 0.0002 0.0004 0.9994078181187311 0.0001 0.0001 4.85614651521047 0.1 0.1 90 
-0.3497843058904012 0.002 0.0006 0.8350380192200343 0.004 0.005 0.9826501107215881 0.0008 0.001 2.4746900844573974 0.1 0.1 91 
-0.18187430540720623 0.0002 0.0003 0.8201945684353511 0.001 0.001 0.9942854803800583 0.0003 0.0004 1.9266172071297964 0.05 0.05 94 
-0.3334390656153361 0.003 0.0005 0.8389655182758967 0.003 0.002 0.9791615005334219 0.002 0.002 2.49457546154658 0.2 0.1 95 
-2.099397563934326 0.05 0.02 0.9866732156276703 0.0003 0.0008 0.9989800190925598 2e-05 8e-05 4.662051804860433 0.1 0.1 96 
-0.33241734504699705 2e-05 2e-05 0.8526783647139867 0.001 0.001 0.983536431590716 0.0005 0.0005 2.53036839723587 0.07 0.07 98 
