-1.8013818359375 0.05 0.04 0.9949711141983668 0.002 0.003 0.9824896146853764 0.01 0.01 4.341483648618063 2.0 2.0 0 
-2.225388476053874 0.0007 0.0005 0.9999925706783931 2e-06 3e-06 0.9999833031495412 8e-06 1e-05 4.51167771657308 0.08 0.08 1 
-2.2249672031402588 0.0005 0.0003 0.9999909387032191 6e-06 6e-06 0.9999761013189952 2e-05 2e-05 4.511407276789347 0.08 0.08 2 
-1.5369052982330322 0.5 0.2 0.9889005877574285 0.006 0.01 0.8515707671642303 0.09 0.3 4.668983753522237 6.0 2.0 3 
-1.5987956142425537 0.6 0.1 0.9907406914234161 0.006 0.02 0.7955731576681138 0.2 0.6 5.201749583085378 8.0 2.0 4 
-2.2242265701293946 0.0008 0.0007 0.9999853833516439 1e-05 1e-05 0.9999681333700816 2e-05 2e-05 4.510826210975647 0.1 0.1 5 
-2.2240003108978272 0.001 0.0005 0.9999901179472606 4e-06 9e-06 0.9999256940682729 5e-06 7e-06 4.511315460205078 0.1 0.1 6 
-2.224656915664673 0.0007 0.0007 0.9999902127186457 9e-06 1e-05 0.9999730233351389 2e-05 2e-05 4.510925038655599 0.08 0.08 7 
-2.224350363413493 0.0007 0.0007 0.9999876221021017 9e-06 9e-06 0.9999691840012869 2e-05 2e-05 4.51105482896169 0.1 0.09 8 
-2.224484577178955 0.0007 0.0006 0.9999858218431473 1e-05 1e-05 0.9999654976526896 3e-05 3e-05 4.511116733551026 0.09 0.08 9 
-2.224719451268514 0.0006 0.0005 0.999990445971489 8e-06 9e-06 0.999970861474673 2e-05 2e-05 4.510996479988098 0.08 0.08 10 
-2.2244904677073163 0.0007 0.0007 0.9999861466884613 1e-05 1e-05 0.999971328775088 2e-05 2e-05 4.511085872650146 0.09 0.08 11 
-2.1529395167032876 0.07 0.04 0.9998438590765 6e-05 9e-05 0.9986236766974131 0.0006 0.001 4.490435785452525 1.0 1.0 12 
-2.2253627808888754 0.0006 0.0006 0.9999933216969172 2e-06 4e-06 0.9999740984042486 1e-05 3e-05 4.512067658106486 0.09 0.09 13 
-2.224679460525513 0.0007 0.0006 0.9999884170293808 1e-05 1e-05 0.9999723627169927 2e-05 2e-05 4.511016098658244 0.08 0.08 14 
-2.224111223220825 0.0006 0.0005 0.9999871442715327 9e-06 1e-05 0.9999599744876225 2e-05 2e-05 4.511312775611877 0.1 0.1 15 
-2.045849405924479 0.02 0.02 0.9994448407491048 4e-05 3e-05 0.9932800926764807 0.0003 0.0003 4.337721905708313 0.2 0.2 16 
-2.2248305161794026 0.0006 0.0006 0.999990605711937 8e-06 9e-06 0.9999769937992096 2e-05 2e-05 4.511230813662211 0.06 0.06 17 
-2.2257582410176595 0.002 0.0006 0.9999956226348877 3e-06 1e-05 0.9999854552745819 1e-05 2e-05 4.511952900886536 0.09 0.08 18 
-2.2246480973561606 0.0006 0.0006 0.9999894338846207 9e-06 1e-05 0.9999705823262532 2e-05 3e-05 4.510814396540324 0.08 0.08 19 
-2.225079485575358 0.001 0.0009 0.9999924937884013 6e-06 8e-06 0.9999893540143967 3e-06 3e-06 4.511493624051412 0.08 0.08 20 
-2.069223648707072 0.06 0.02 0.9995665409167608 4e-05 5e-05 0.994496246377627 0.0006 0.002 4.367186466852824 0.5 0.4 21 
-1.5832208029429118 0.6 0.1 0.9900729550917944 0.005 0.02 0.7743971480925878 0.2 0.5 5.418963709672292 10.0 3.0 22 
-2.2244577089945476 0.0006 0.0006 0.9999889262517293 8e-06 9e-06 0.9999702854951222 2e-05 2e-05 4.510905297597249 0.1 0.09 23 
-2.2243553320566813 0.0007 0.0007 0.9999867389599483 9e-06 9e-06 0.9999693717559178 2e-05 2e-05 4.510878923734029 0.1 0.09 24 
-2.2247070121765136 0.0006 0.0006 0.9999894436200459 9e-06 1e-05 0.9999700838327408 2e-05 3e-05 4.511136770248413 0.08 0.08 25 
-1.5260958766937256 0.2 0.1 0.9885101900498072 0.007 0.01 0.8375283207496007 0.09 0.3 4.718792142073314 5.0 2.0 26 
-2.2245303535461427 0.0006 0.0006 0.999986966252327 9e-06 1e-05 0.9999675184488297 2e-05 3e-05 4.5112396971384685 0.09 0.09 27 
-2.2232827059427898 0.001 0.001 0.9999827124675115 1e-05 2e-05 0.9999476583798727 4e-05 4e-05 4.510129985809326 0.1 0.1 28 
-2.2244424406687417 0.0009 0.0009 0.9999857248862585 1e-05 1e-05 0.9999731759230296 2e-05 2e-05 4.51096300760905 0.08 0.08 29 
-2.2245933945973713 0.0007 0.0007 0.9999892910321554 9e-06 1e-05 0.9999721624453862 2e-05 2e-05 4.51111790339152 0.08 0.08 30 
-2.2247532018025717 0.001 0.001 0.9999619855483373 7e-06 9e-06 0.9999910483757655 3e-06 3e-06 4.516187686920166 0.03 0.03 31 
-2.2244655481974283 0.0008 0.0008 0.9999875070651373 1e-05 1e-05 0.9999741890033086 2e-05 2e-05 4.511070192654928 0.09 0.09 32 
-1.5529391765594482 0.7 0.2 0.9893567790587743 0.007 0.01 0.8069492560625077 0.1 0.5 4.975975358088811 6.0 3.0 33 
-2.224530642827352 0.0008 0.0008 0.9999872328837712 1e-05 1e-05 0.9999744766950607 2e-05 2e-05 4.510958345731099 0.08 0.08 34 
-2.2242665576934812 0.0008 0.0007 0.9999847966432571 1e-05 1e-05 0.999968554576238 2e-05 2e-05 4.5106556224823 0.1 0.1 35 
-2.224671614964803 0.0007 0.0007 0.9999896027644475 7e-06 8e-06 0.9999746431907018 2e-05 2e-05 4.511194181442261 0.06 0.07 36 
-1.5086739985148112 0.3 0.1 0.9870627931753795 0.01 0.02 0.7877528823415438 0.1 0.4 5.043723751703898 5.0 3.0 37 
-2.224085162480672 0.0008 0.0007 0.9999849110841751 9e-06 1e-05 0.9999655117591222 2e-05 3e-05 4.511070335706075 0.1 0.1 38 
-2.2244704373677573 0.0009 0.0008 0.999984956185023 1e-05 1e-05 0.9999734330177307 2e-05 2e-05 4.510974308649699 0.08 0.08 39 
-2.224301748275757 0.002 0.001 0.999963456193606 8e-06 1e-05 0.9999854604403178 4e-06 3e-06 4.515730764071146 0.04 0.04 40 
-1.5099490229288737 0.6 0.2 0.9864335968097051 0.01 0.03 0.7982565743724505 0.1 0.4 4.950168580214182 4.0 3.0 41 
-2.224689073562622 0.0006 0.0006 0.9999890653292338 9e-06 1e-05 0.9999717970689138 2e-05 2e-05 4.510995160738627 0.08 0.08 42 
-2.2246206124623615 0.0006 0.0006 0.9999894942839941 9e-06 1e-05 0.9999703782796859 2e-05 2e-05 4.511172499656677 0.08 0.08 43 
-2.2242263730367027 0.001 0.0009 0.9999837158123652 1e-05 1e-05 0.9999709647893905 2e-05 2e-05 4.510600730578105 0.09 0.09 44 
-2.2246752484639485 0.0007 0.0006 0.999989175995191 9e-06 1e-05 0.9999718650182088 2e-05 2e-05 4.511074884732564 0.08 0.08 45 
-1.5196589120229085 0.3 0.2 0.9881673902273178 0.008 0.01 0.7956925056378047 0.1 0.3 4.961950524648031 5.0 3.0 46 
-2.224602454503377 0.0007 0.0006 0.9999886739253998 8e-06 9e-06 0.9999738190571467 2e-05 2e-05 4.51136651357015 0.08 0.08 47 
-2.2245438639322916 0.0007 0.0007 0.9999870896339417 1e-05 1e-05 0.9999719840288163 2e-05 2e-05 4.511177422205607 0.09 0.08 48 
-2.2247222232818604 0.0007 0.0007 0.9999904590845108 7e-06 8e-06 0.9999733718236288 2e-05 2e-05 4.510991934140523 0.08 0.08 49 
-1.5032360299428305 0.9 0.2 0.9840452657143275 0.01 0.04 0.8048863060275714 0.1 0.3 4.9640478459994 7.0 3.0 50 
-2.0628029918670654 0.2 0.05 0.9990282628933589 0.0004 0.001 0.9972821444272995 0.0008 0.004 4.4097952461242675 1.0 1.0 51 
-2.224614226023356 0.0006 0.0006 0.9999886103471121 1e-05 1e-05 0.9999712306261063 2e-05 2e-05 4.51120453675588 0.08 0.08 52 
-2.2209900188446046 0.0008 0.0007 0.9998794478178025 1e-05 9e-06 0.9999802227814992 3e-06 3e-06 4.519532084465027 0.01 0.01 53 
-2.2244649664560954 0.0007 0.0007 0.9999871728817622 9e-06 1e-05 0.9999707998832067 2e-05 2e-05 4.510936447779337 0.09 0.09 54 
-2.0982189400990805 0.05 0.03 0.999203051328659 0.0005 0.0009 0.998649934331576 0.0003 0.0008 4.4402712059021 0.8 0.8 55 
-1.5135856501261393 0.3 0.1 0.987972771525383 0.008 0.009 0.7931235096851985 0.1 0.3 4.9536397512753805 4.0 2.0 56 
-2.223377078374227 0.0009 0.0008 0.9999822147687276 1e-05 1e-05 0.9999509918689727 3e-05 3e-05 4.50984937508901 0.1 0.1 57 
-2.2243485609690348 0.0008 0.0007 0.9999860489368438 1e-05 1e-05 0.9999686505397161 2e-05 3e-05 4.51100175221761 0.09 0.09 58 
-1.6321694437662762 0.006 0.006 0.9912688247362773 0.002 0.002 0.9663031806548437 0.004 0.004 4.245788661638896 1.0 1.0 59 
-1.5306520462036133 0.3 0.1 0.9888723770777385 0.006 0.01 0.8419450731078784 0.09 0.4 4.710072608788808 4.0 2.0 60 
-2.2245376396179197 0.0007 0.0007 0.9999855621655782 1e-05 1e-05 0.9999709232648214 2e-05 2e-05 4.510848652521769 0.09 0.09 61 
-2.2248602867126466 0.001 0.001 0.9999886020024618 9e-06 1e-05 0.999988245566686 5e-06 5e-06 4.511055037180583 0.08 0.08 62 
-2.2245024808247886 0.0007 0.0006 0.9999883462985356 9e-06 1e-05 0.9999700657526652 2e-05 3e-05 4.510799047152202 0.09 0.09 63 
-2.224338026046753 0.0008 0.0007 0.999984855055809 1e-05 1e-05 0.9999687900145848 2e-05 3e-05 4.511042753855388 0.09 0.09 64 
-2.224013350804647 0.0003 0.0003 0.99998812576135 6e-06 5e-06 0.9999494006236395 4e-05 5e-05 4.510757587750753 0.1 0.1 65 
-2.224293473561605 0.0006 0.0006 0.9999869014819464 8e-06 8e-06 0.9999669526020686 2e-05 3e-05 4.511076224644979 0.1 0.1 66 
-1.5115359910329182 0.6 0.2 0.9866138652960459 0.01 0.04 0.7549174113074938 0.2 0.4 5.301861645380656 8.0 3.0 67 
-2.1593946393330894 0.06 0.04 0.9998500539859136 5e-05 8e-05 0.9988299711545309 0.0004 0.0007 4.491631484826406 1.0 1.0 68 
-2.2234519322713218 0.0007 0.0007 0.9999829125404358 9e-06 9e-06 0.9999511339267095 3e-05 3e-05 4.5102454662323 0.1 0.1 69 
-2.224328130086263 0.0008 0.0007 0.9999869652589162 9e-06 1e-05 0.9999688637256622 2e-05 2e-05 4.511075752576192 0.09 0.09 70 
-2.059281167984009 0.002 0.002 0.9984899131457011 0.0007 0.0007 0.9966599547863007 3e-05 3e-05 4.419033781687419 0.4 0.4 71 
-2.224991683959961 0.001 0.0008 0.9999891831477483 8e-06 1e-05 0.9999842033783595 9e-06 1e-05 4.511383136113484 0.07 0.07 72 
-2.2247476959228516 0.0005 0.0005 0.9999903813997905 8e-06 8e-06 0.9999711602926254 2e-05 2e-05 4.511080344518025 0.08 0.08 73 
-2.224724089304606 0.0006 0.0005 0.9999886473019918 9e-06 1e-05 0.9999689783652623 2e-05 3e-05 4.510815172195435 0.08 0.08 74 
-2.2243483765920002 0.0008 0.0007 0.999985876083374 1e-05 1e-05 0.9999702151616414 2e-05 2e-05 4.5110590314865116 0.09 0.09 75 
-2.22432843208313 0.0007 0.0007 0.9999858502546947 1e-05 1e-05 0.99996910572052 2e-05 2e-05 4.5109971841176355 0.1 0.1 76 
-1.6388884607950847 0.1 0.1 0.9917085351546605 0.005 0.008 0.9325539751847585 0.03 0.09 4.465522581736247 3.0 2.0 77 
-1.8398181597391765 0.4 0.1 0.9964848273992538 0.001 0.002 0.9926178787151972 0.002 0.01 4.322469475666682 3.0 2.0 78 
-2.22457145690918 0.0007 0.0006 0.9999856636921565 9e-06 1e-05 0.9999711068471273 2e-05 2e-05 4.511114206314087 0.08 0.08 79 
-2.2242790762583415 0.0007 0.0007 0.9999853177865347 1e-05 1e-05 0.999967545668284 2e-05 2e-05 4.510550683339437 0.1 0.1 80 
-1.519667256673177 0.2 0.1 0.9882998404900233 0.007 0.009 0.8144540401299795 0.1 0.3 4.847795066038768 5.0 2.0 81 
-1.9961930370330812 0.2 0.1 0.9988184388478597 0.0004 0.0006 0.9929443564017614 0.002 0.006 4.345934909979502 2.0 2.0 82 
-2.2248414675394694 0.0004 0.0003 0.9999922396739324 6e-06 7e-06 0.9999680411815643 3e-05 3e-05 4.511165073712667 0.09 0.08 83 
-2.223501558303833 0.001 0.001 0.9999776144822439 1e-05 1e-05 0.9999570874373118 2e-05 3e-05 4.509943323135376 0.1 0.1 84 
-1.514375680287679 1.0 0.2 0.9882483386993408 0.005 0.008 0.7763906618207693 0.2 0.7 5.375585124492646 20.0 3.0 85 
-2.224662284851074 0.0007 0.0006 0.9999897040923437 9e-06 1e-05 0.9999714914957682 2e-05 2e-05 4.510941796302795 0.08 0.08 86 
-2.224542013804118 0.0008 0.0007 0.9999889171123505 9e-06 1e-05 0.9999741268157959 2e-05 2e-05 4.510839970906575 0.09 0.08 87 
-2.2245293490091957 0.0008 0.0007 0.9999886514743169 8e-06 9e-06 0.999972936908404 2e-05 2e-05 4.511050283114115 0.08 0.08 88 
-2.225309969584147 0.002 0.0009 0.9999915579954783 6e-06 2e-05 0.9999893204371134 7e-06 8e-06 4.511322692235311 0.05 0.05 89 
-1.5293984127044677 0.3 0.1 0.9885422513882319 0.007 0.01 0.8225601460536321 0.1 0.3 4.819140372276306 5.0 2.0 90 
-2.224829816818237 0.002 0.001 0.9999888916810353 1e-05 2e-05 0.9999857151508331 9e-06 1e-05 4.511213385264079 0.09 0.09 91 
-1.9702156861623128 0.06 0.03 0.9980767267942429 0.0006 0.002 0.9958263915777207 0.0006 0.001 4.3506030408541365 0.9 0.8 92 
nan 93 
-2.223448174794515 0.0008 0.0009 0.9999813026189804 9e-06 9e-06 0.9999533305565517 2e-05 3e-05 4.51037895043691 0.1 0.1 94 
-1.692288646697998 0.1 0.07 0.9928938076893489 0.003 0.004 0.9640765821933747 0.02 0.04 4.348505785465241 2.0 2.0 95 
-1.5187120532989502 0.4 0.1 0.9879844399293264 0.008 0.03 0.7530556645989418 0.2 0.4 5.272392450968424 6.0 3.0 96 
-2.2233081595102946 0.0008 0.0008 0.9999804683526357 9e-06 8e-06 0.9999508857727051 3e-05 3e-05 4.510345867474874 0.1 0.1 97 
-2.183077023824056 0.001 0.0009 0.9997678252061208 2e-05 2e-05 0.9993532234430313 7e-06 8e-06 4.488631343841552 0.03 0.03 98 
-2.2246432558695477 0.0006 0.0006 0.9999885596831639 8e-06 9e-06 0.9999703725179037 2e-05 2e-05 4.511016972859701 0.08 0.08 99 
-2.2140401713053386 0.03 0.008 0.999959144393603 3e-05 0.0001 0.9998065048456192 0.0002 0.0007 4.504832118352255 0.2 0.2 100 
-2.2246362368265786 0.0006 0.0006 0.9999891752004624 9e-06 9e-06 0.9999700544277826 2e-05 3e-05 4.511133728027343 0.08 0.08 101 
-2.224266297022502 0.0009 0.0009 0.999984823067983 1e-05 1e-05 0.9999712125460307 2e-05 2e-05 4.510768388112386 0.09 0.09 102 
-2.224755884806315 0.0006 0.0006 0.9999906317392985 8e-06 9e-06 0.9999713637431462 2e-05 2e-05 4.511077663103739 0.07 0.07 103 
-2.2252903016408285 0.0007 0.0006 0.9999871110916138 9e-06 1e-05 0.9999882471561432 7e-06 8e-06 4.511396617889404 0.09 0.09 104 
-2.2246387799580893 0.0007 0.0007 0.9999893397092819 9e-06 1e-05 0.9999738419055939 2e-05 2e-05 4.510858364105225 0.08 0.08 105 
-2.2243917655944823 0.0007 0.0007 0.9999870065848032 9e-06 9e-06 0.999970084031423 2e-05 2e-05 4.510986291567485 0.09 0.09 106 
-2.2244718488057456 0.0008 0.0007 0.9999864780902863 1e-05 1e-05 0.9999713611602783 2e-05 2e-05 4.511004419326782 0.08 0.08 107 
-2.2247416241963704 0.0006 0.0006 0.9999900698661804 8e-06 1e-05 0.9999713889757792 2e-05 2e-05 4.511019657452901 0.08 0.07 108 
-1.7655142307281495 0.03 0.02 0.9949879171450933 0.003 0.004 0.9696635474761327 0.007 0.01 4.291492443084717 1.0 1.0 109 
-1.5093097273508709 0.6 0.2 0.9854591355721156 0.01 0.04 0.7943321596582731 0.1 0.5 4.987270119984944 8.0 3.0 110 
-2.224580408732096 0.0007 0.0006 0.9999880007902782 1e-05 1e-05 0.9999715781211853 2e-05 2e-05 4.510922493934632 0.08 0.08 111 
-2.224361451466878 0.0007 0.0007 0.9999867645899455 9e-06 1e-05 0.9999691714843114 2e-05 2e-05 4.510917420387268 0.1 0.1 112 
-2.2015143267313637 0.01 0.01 0.9999201748768488 1e-05 1e-05 0.9992676319678625 0.0004 0.0005 4.516353058815002 0.5 0.5 113 
-1.4888636112213134 0.1 0.1 0.9837008742491404 0.01 0.03 0.742956737279892 0.2 0.3 5.2781218791008 4.0 2.0 114 
-2.224844210942586 0.0005 0.0004 0.9999915111064911 7e-06 8e-06 0.9999686042467754 2e-05 3e-05 4.511165186564128 0.08 0.08 115 
-1.5305982398986817 0.2 0.1 0.9885911192496618 0.007 0.01 0.8008269731203715 0.1 0.2 4.936682674090068 3.0 2.0 116 
-1.5092089811960856 0.7 0.2 0.9876632712284724 0.008 0.02 0.7914752749602 0.1 0.3 5.005950614611308 5.0 3.0 117 
-2.2248138014475503 0.0008 0.0007 0.999992988506953 4e-06 5e-06 0.9999787922700246 5e-06 5e-06 4.511269106864929 0.08 0.08 118 
-2.2247231356302897 0.0006 0.0006 0.9999894112348556 8e-06 9e-06 0.9999710188309352 2e-05 2e-05 4.511038395563761 0.08 0.07 119 
-1.6203761545817057 0.04 0.03 0.9917193216085434 0.002 0.002 0.8926626634597778 0.06 0.07 4.516791435082753 2.0 2.0 120 
-1.5201020272572836 0.1 0.09 0.9881766279538472 0.007 0.008 0.8142880960305532 0.1 0.2 4.816655038197835 3.0 2.0 121 
-2.224724852244059 0.0006 0.0005 0.999990694920222 7e-06 8e-06 0.9999713587760926 2e-05 2e-05 4.510824460983276 0.07 0.07 122 
-1.524007085164388 0.2 0.09 0.9884125610192617 0.006 0.009 0.8269356419642766 0.1 0.2 4.771639291445414 4.0 2.0 123 
-2.224677613576253 0.0006 0.0006 0.9999898930390676 8e-06 9e-06 0.9999706010023753 2e-05 3e-05 4.510941727956136 0.08 0.08 124 
-1.4900906546910604 0.7 0.2 0.977766135931015 0.02 0.09 0.8432204244534175 0.1 0.4 4.587180979649226 5.0 3.0 125 
-2.2245560963948567 0.0006 0.0006 0.999987643957138 1e-05 1e-05 0.9999707219998042 2e-05 2e-05 4.510913100242615 0.09 0.08 126 
-2.2246871026357016 0.0007 0.0006 0.9999886111418406 1e-05 1e-05 0.9999720545609793 2e-05 2e-05 4.511100834210714 0.08 0.08 127 
-2.225271021525065 0.0008 0.0007 0.9999917815128962 3e-06 3e-06 0.999978195031484 1e-05 2e-05 4.511709818840027 0.08 0.08 128 
-2.224455811182658 0.0007 0.0007 0.9999849385023117 1e-05 1e-05 0.9999716800451278 2e-05 2e-05 4.510978337923686 0.09 0.09 129 
-2.2244438298543296 0.0008 0.0007 0.9999875322977702 9e-06 1e-05 0.9999728377660115 2e-05 2e-05 4.5107961304982505 0.08 0.08 130 
-2.2242746766408286 0.0006 0.0006 0.9999866185585657 8e-06 1e-05 0.9999673157930374 2e-05 2e-05 4.510730045636495 0.1 0.1 131 
-2.224407755533854 0.0008 0.0008 0.999984954794248 1e-05 1e-05 0.9999720229705175 2e-05 2e-05 4.510985727310181 0.09 0.09 132 
-2.2243600114186606 0.0007 0.0007 0.9999866684277853 9e-06 9e-06 0.9999693671862284 2e-05 2e-05 4.511099017461141 0.09 0.09 133 
-1.696775376001994 0.03 0.04 0.9932363806168238 0.003 0.004 0.9565501435597737 0.03 0.03 4.362823550701141 2.0 2.0 134 
-2.2247742970784503 0.0005 0.0005 0.9999864264329275 7e-06 8e-06 0.9999694816271464 2e-05 3e-05 4.510989634195964 0.07 0.07 135 
-2.2248403867085775 0.0005 0.0005 0.9999928657213847 6e-06 7e-06 0.9999691132704417 2e-05 3e-05 4.5110094467798865 0.08 0.08 136 
-2.224405352274577 0.0008 0.0007 0.9999860739707946 1e-05 1e-05 0.9999712447325388 2e-05 2e-05 4.511128590901692 0.09 0.09 137 
-2.2241937573750814 0.0009 0.0009 0.9999830492337545 1e-05 1e-05 0.999969848394394 2e-05 2e-05 4.5108032925923665 0.09 0.09 138 
-2.2245522944132485 0.0008 0.0007 0.9999871184428533 1e-05 1e-05 0.9999721086025238 2e-05 2e-05 4.510923070907593 0.08 0.08 139 
-2.2255797227223715 0.0004 0.0003 0.9999926261107127 4e-06 4e-06 0.9999915397167206 3e-06 3e-06 4.511582010587056 0.05 0.05 140 
-2.224725424448649 0.0006 0.0006 0.9999897881348928 9e-06 1e-05 0.9999715387821198 2e-05 2e-05 4.511124227841695 0.07 0.07 141 
-1.53040270169576 0.4 0.1 0.9886804852883021 0.006 0.01 0.8466150369246801 0.09 0.3 4.672259996732076 6.0 2.0 142 
-2.2246928119659426 0.0006 0.0006 0.9999893285830815 8e-06 9e-06 0.9999711843331655 2e-05 2e-05 4.511115055084229 0.08 0.08 143 
-2.225139659245809 0.0008 0.0006 0.9999894320964813 6e-06 8e-06 0.999978385567665 8e-06 1e-05 4.511572165489197 0.07 0.07 144 
-1.451322021484375 0.5 0.2 0.9742860442399979 0.02 0.04 0.9340439822276433 0.03 0.1 4.2167270453770955 3.0 2.0 145 
-2.224594974517822 0.0007 0.0006 0.999988778034846 9e-06 1e-05 0.9999713706970215 2e-05 2e-05 4.510921994845073 0.08 0.08 146 
-1.5723964373270671 0.5 0.2 0.989518799384435 0.008 0.02 0.752177352309227 0.2 0.5 5.448716705640157 7.0 3.0 147 
-2.2242780462900797 0.0007 0.0007 0.9999847575028737 1e-05 1e-05 0.9999673459927241 2e-05 2e-05 4.5109885485967 0.1 0.1 148 
-2.224320961634318 0.0007 0.0006 0.9999863505363464 9e-06 1e-05 0.999967821041743 2e-05 2e-05 4.511157104174296 0.1 0.09 149 
