-2.223295364379883 0.001 0.0009 0.9999550122022629 1e-05 1e-05 0.9999845067660014 1e-05 2e-05 4.5124088430404665 0.1 0.1 0 
9.200163162859098e-07 1 
9.199334954246296e-07 2 
-2.225590184529622 7e-05 7e-05 0.9999823997418086 3e-06 4e-06 0.999996095498403 9e-07 1e-06 4.513179610570272 0.1 0.1 3 
-2.222062733968099 0.003 0.002 0.999967368443807 1e-05 3e-05 0.9999414743979772 5e-05 0.0002 4.51066831111908 0.2 0.2 4 
-2.2228276030222576 0.002 0.001 0.999972839752833 1e-05 2e-05 0.9999592000246048 4e-05 0.0001 4.511549655596415 0.1 0.1 5 
-2.2237837950388593 0.002 0.001 0.9999780444304148 7e-06 1e-05 0.9999801353613536 2e-05 0.0001 4.511752568880717 0.1 0.1 6 
-2.225769971211751 6e-05 6e-05 0.9999865408738454 2e-06 3e-06 0.9999971197048823 5e-07 5e-07 4.51271986802419 0.1 0.09 7 
9.203337867802474e-07 8 
9.199554028782586e-07 9 
9.203407898894511e-07 10 
9.199331088893814e-07 11 
-2.2258665402730307 9e-05 6e-05 0.9999783970912297 3e-06 4e-06 0.9999923539161683 4e-06 5e-06 4.513059148788452 0.1 0.1 12 
-2.2258946895599365 7e-05 9e-05 0.9999837042888006 3e-06 3e-06 0.9999960033098857 1e-06 1e-06 4.512807455062866 0.09 0.09 13 
-2.225878801345825 4e-05 4e-05 0.9999807006120682 3e-06 3e-06 0.9999963178237279 8e-07 2e-06 4.5129865137736 0.09 0.09 14 
-2.222663424809774 0.003 0.001 0.9999789766470591 1e-05 3e-05 0.9999479760726293 5e-05 0.0001 4.510647854804993 0.1 0.1 15 
-2.222399838765462 0.003 0.002 0.9999752899010976 9e-06 1e-05 0.9999517343441645 4e-05 0.0002 4.51079132715861 0.1 0.1 16 
-2.225758425394694 4e-05 4e-05 0.9999924753109614 2e-06 2e-06 0.9999980131785074 3e-07 4e-07 4.512448264757793 0.09 0.09 17 
9.199120086123002e-07 18 
-2.2225026988983156 0.003 0.002 0.9999438774585724 2e-05 3e-05 0.9999603561560313 3e-05 0.0002 4.512095707257589 0.1 0.1 19 
9.199243663715606e-07 20 
-2.2225299739837645 0.003 0.002 0.9999744300047556 1e-05 2e-05 0.9999508200089137 4e-05 0.0001 4.511131415367126 0.1 0.1 21 
-2.224269587198893 0.002 0.001 0.9999876342217128 8e-06 2e-05 0.9999772147337596 2e-05 6e-05 4.511484251022339 0.1 0.1 22 
9.199106216328801e-07 23 
9.199271971738199e-07 24 
9.199556757266692e-07 25 
9.200226941175061e-07 26 
-2.2246654001871744 0.0008 0.0006 0.9999668935934702 1e-05 2e-05 0.9999519012371699 2e-05 3e-05 4.511546017328898 0.1 0.1 27 
9.200409294862765e-07 28 
9.199565511153196e-07 29 
-2.2207641633351645 0.004 0.003 0.9999415876468023 2e-05 3e-05 0.9999224756161372 7e-05 0.0002 4.511282968521118 0.2 0.2 30 
-2.2215380414326984 0.004 0.002 0.9999790126085282 1e-05 2e-05 0.9999173963069916 8e-05 0.0002 4.509451142946879 0.1 0.2 31 
9.20331513043493e-07 32 
-2.225998255411784 3e-05 3e-05 0.9999925510088603 1e-06 1e-06 0.9999977642297745 4e-07 4e-07 4.5124391746520995 0.08 0.08 33 
-2.2222904523213702 0.0009 0.0008 0.9999401829640071 2e-05 4e-05 0.9998492022355397 5e-05 8e-05 4.510684329668681 0.1 0.1 34 
-2.2222354380289713 0.003 0.002 0.9999588791529338 2e-05 3e-05 0.9999525588750839 4e-05 0.0002 4.511500325202942 0.1 0.1 35 
9.192942115987535e-07 36 
9.201033435601857e-07 37 
9.199698979500681e-07 38 
-2.225847209294637 4e-05 4e-05 0.9999864745140076 2e-06 2e-06 0.9999974781274795 3e-07 3e-07 4.51286793867747 0.09 0.09 39 
-2.223727601369222 0.002 0.001 0.9999583927790324 2e-05 2e-05 0.9999740831057231 2e-05 0.0002 4.512132716178894 0.1 0.1 40 
-2.2226124318440754 0.002 0.002 0.9999680348237355 1e-05 2e-05 0.9999512195587158 4e-05 0.0001 4.5114407698313395 0.1 0.1 41 
9.199137593896012e-07 42 
-2.222168416976929 0.004 0.002 0.9999596605698268 2e-05 3e-05 0.9998939480384191 9e-05 0.0002 4.510781078338623 0.1 0.1 43 
-2.2215738423665363 0.003 0.002 0.9999507798751195 1e-05 2e-05 0.9999485065539678 5e-05 0.0002 4.511779956817627 0.2 0.1 44 
-2.2212980588277182 0.004 0.002 0.9999588706096013 2e-05 3e-05 0.9999375621477763 6e-05 0.0002 4.510539580980937 0.1 0.1 45 
9.203323770634597e-07 46 
-2.2247288036346435 0.0005 0.0002 0.9999758980671565 6e-06 6e-06 0.999991303284963 1e-06 1e-06 4.5133279577891035 0.1 0.1 47 
9.188197850562574e-07 48 
-2.222037007013957 0.003 0.002 0.9999356414874395 2e-05 3e-05 0.9999448241790135 5e-05 0.0002 4.51216160774231 0.1 0.1 49 
-2.225855929056803 3e-05 3e-05 0.9999798270066579 2e-06 2e-06 0.9999959975481033 2e-07 2e-07 4.513057177861532 0.09 0.09 50 
-2.223795255025228 0.002 0.001 0.9999805508057277 7e-06 1e-05 0.9999762082099914 2e-05 7e-05 4.511831239064534 0.1 0.1 51 
-2.221701059341431 0.004 0.002 0.9999722663561503 1e-05 1e-05 0.999945358633995 5e-05 0.0002 4.5105825106302895 0.1 0.1 52 
9.203473609886714e-07 53 
-2.22597004254659 2e-05 3e-05 0.9999790612856547 2e-06 2e-06 0.9999970104297002 3e-07 3e-07 4.512857904434204 0.08 0.08 54 
9.199506848744931e-07 55 
-2.2215163993835447 0.004 0.002 0.999972653388977 2e-05 4e-05 0.9999424197276433 5e-05 0.0002 4.509737323125203 0.1 0.1 56 
-2.218324950536092 0.005 0.003 0.9999554920196533 2e-05 3e-05 0.9997693679730097 0.0002 0.0004 4.507236278851827 0.2 0.2 57 
9.200766044159537e-07 58 
-2.22027237256368 0.007 0.004 0.9999570081631343 2e-05 4e-05 0.9999249255657197 7e-05 0.0002 4.510207079251607 0.2 0.2 59 
-2.2257044251759845 6e-05 7e-05 0.9999863640467326 3e-06 3e-06 0.9999953969319662 2e-06 1e-05 4.512889436086019 0.1 0.1 60 
9.199288911077019e-07 61 
-2.224892651240031 0.0002 0.0002 0.9999782315889995 5e-06 6e-06 0.9999882517258326 3e-06 5e-06 4.512976571718852 0.1 0.1 62 
-2.218988755544027 0.003 0.002 0.9999680709838867 1e-05 2e-05 0.9997859432299931 0.0001 0.0002 4.508483972549438 0.2 0.2 63 
-2.2259315268198647 3e-05 3e-05 0.9999833569924037 2e-06 2e-06 0.9999970503648122 2e-07 2e-07 4.51276442527771 0.08 0.08 64 
9.199630312650698e-07 65 
9.203301260640729e-07 66 
9.203336958307773e-07 67 
-2.222261063257853 0.004 0.002 0.9999551024039587 2e-05 8e-05 0.9999525209267934 4e-05 0.0002 4.511481787363688 0.2 0.2 68 
-2.222985512415568 0.003 0.002 0.9999524915218353 2e-05 3e-05 0.9999664417902628 3e-05 0.0001 4.51190097173055 0.1 0.1 69 
-2.2221308358510337 0.004 0.002 0.9999773814280828 1e-05 2e-05 0.9999410529931386 5e-05 0.0001 4.510777362187704 0.2 0.1 70 
-2.2222199122111004 0.001 0.001 0.9999794840812684 6e-06 1e-05 0.9998602519432703 6e-05 0.0001 4.509000091552735 0.1 0.1 71 
9.199230362355592e-07 72 
9.200958743349475e-07 73 
-2.2222869300842287 0.002 0.001 0.9999827283620835 9e-06 1e-05 0.9999239716927211 3e-05 6e-05 4.510180506706238 0.1 0.1 74 
-2.2223679383595782 0.003 0.002 0.9999615967273712 1e-05 2e-05 0.9999786543846131 2e-05 4e-05 4.511496478716532 0.1 0.1 75 
9.199617124977521e-07 76 
9.199662372338934e-07 77 
-2.222551689147949 0.003 0.002 0.9999721999963125 1e-05 2e-05 0.999959218899409 4e-05 0.0002 4.511050513585409 0.1 0.1 78 
-2.2260798517862956 0.0001 0.0002 0.9999883568286896 2e-06 3e-06 0.9999968834718068 2e-06 2e-06 4.512612056732178 0.07 0.07 79 
-2.225646053949992 0.0001 0.0001 0.999986535112063 3e-06 3e-06 0.9999972236156464 4e-07 6e-07 4.512427547772726 0.1 0.1 80 
-2.2234686342875163 0.002 0.001 0.9999717388550441 2e-05 6e-05 0.9999570274353027 4e-05 8e-05 4.511213274002075 0.1 0.1 81 
9.19914918995346e-07 82 
9.203317972605873e-07 83 
-2.220879068374634 0.006 0.003 0.9999739801883698 1e-05 3e-05 0.9999147067467372 8e-05 0.0002 4.510285957654317 0.2 0.2 84 
-2.2215640640258787 0.003 0.002 0.9999767633279165 1e-05 2e-05 0.9998707409699757 0.0001 0.0002 4.510042244593302 0.2 0.2 85 
9.200256840813381e-07 86 
-2.2259637451171876 7e-05 5e-05 0.9999887361129125 2e-06 2e-06 0.9999974397818248 4e-07 2e-06 4.512806674639384 0.08 0.08 87 
9.199957275995985e-07 88 
9.199197506859491e-07 89 
-2.2256558418273924 3e-05 3e-05 0.9999778105815251 3e-06 3e-06 0.9999892924229304 7e-07 7e-07 4.513327757517497 0.1 0.1 90 
-2.2210741297403973 0.003 0.002 0.9999588559071223 1e-05 3e-05 0.9999404555559158 6e-05 0.0002 4.511513824462891 0.1 0.1 91 
9.203360832543694e-07 92 
-2.2223064136505126 0.004 0.002 0.9999598970015844 1e-05 3e-05 0.9999531569083532 4e-05 0.0002 4.510980081558228 0.1 0.1 93 
-2.2258095073699953 5e-05 7e-05 0.9999825638532639 3e-06 3e-06 0.9999953403075537 7e-07 8e-07 4.513006726900737 0.1 0.1 94 
9.200626209349139e-07 95 
-2.2233041954040527 0.002 0.001 0.9999757738908132 2e-05 6e-05 0.9999569886922837 4e-05 0.0001 4.511520350774129 0.1 0.1 96 
-2.222419548034668 0.004 0.002 0.9999665826559067 1e-05 7e-05 0.9999513836701711 5e-05 0.0001 4.511209754943848 0.1 0.1 97 
9.20134471016354e-07 98 
9.199249802804843e-07 99 
9.200583917845506e-07 100 
-2.2226878007253013 0.003 0.001 0.9999550080299378 1e-05 3e-05 0.9999564516544343 4e-05 0.0001 4.511438326835632 0.1 0.1 101 
-2.225751454035441 4e-05 5e-05 0.9999877401192983 3e-06 3e-06 0.9999960724512736 8e-07 7e-07 4.512725172042846 0.09 0.09 102 
-2.225983435312907 2e-05 2e-05 0.9999911993741989 2e-06 2e-06 0.9999978750944137 2e-07 3e-07 4.512446029980977 0.08 0.08 103 
-2.2258076763153074 0.0002 0.0001 0.9999856440226237 2e-06 2e-06 0.9999965955813725 5e-07 4e-07 4.512766261100769 0.09 0.09 104 
9.203774425259325e-07 105 
-2.2220064926147463 0.002 0.002 0.9999441887935002 3e-05 4e-05 0.9998707085847854 0.0001 0.0002 4.511716465950013 0.1 0.1 106 
-2.2203171253204346 0.002 0.001 0.9999678383270899 1e-05 2e-05 0.9998326053222021 0.0001 0.0002 4.509276606241862 0.1 0.1 107 
-2.225861848195394 3e-05 3e-05 0.9999925392866135 2e-06 2e-06 0.9999970708290736 5e-07 5e-07 4.512480084101359 0.09 0.09 108 
9.199750024890818e-07 109 
9.200990461977199e-07 110 
-2.225754512151082 3e-05 3e-05 0.999973714351654 3e-06 3e-06 0.9999960279464721 4e-07 5e-07 4.51326984723409 0.1 0.1 111 
-2.220926710764567 0.005 0.003 0.9999504981438319 3e-05 8e-05 0.99993146220843 6e-05 0.0002 4.510187573432923 0.2 0.2 112 
-2.2241931502024332 0.002 0.001 0.9999861721197764 8e-06 2e-05 0.9999796104431152 2e-05 8e-05 4.511639912923177 0.1 0.1 113 
9.199801638715143e-07 114 
-2.223404703140259 0.002 0.001 0.999980463385582 7e-06 1e-05 0.9999757250150044 2e-05 0.0001 4.511645975112915 0.1 0.1 115 
9.199120313496678e-07 116 
9.203680292557692e-07 117 
-2.2259036254882814 3e-05 3e-05 0.9999791717529297 2e-06 3e-06 0.9999961547056834 5e-07 1e-06 4.513040285110474 0.09 0.09 118 
-2.2253029441833494 0.0003 0.0001 0.9999747695525487 6e-06 6e-06 0.9999956838289896 1e-06 2e-06 4.513624507586162 0.1 0.1 119 
-2.2225884183247886 0.004 0.002 0.9999701303243637 2e-05 1e-05 0.9999467678864797 5e-05 0.0003 4.511184687614441 0.09 0.09 120 
9.199224336953193e-07 121 
-2.2231558481852214 0.003 0.002 0.9999805368979772 9e-06 2e-05 0.999964880545934 3e-05 0.0002 4.511211516062419 0.1 0.1 122 
-2.220924364725749 0.003 0.002 0.9999732208251954 2e-05 2e-05 0.9998300017913183 0.0001 0.0002 4.509541041056315 0.1 0.1 123 
9.200112231155799e-07 124 
9.199153851113806e-07 125 
9.203369813803875e-07 126 
9.199436476592382e-07 127 
-2.131251640319824 0.01 0.006 0.999728663166364 0.0002 0.0004 0.9945466482639312 0.0004 0.0008 4.437435924212138 0.4 0.4 128 
9.200462045555469e-07 129 
9.201632337862975e-07 130 
-2.2258842531840006 4e-05 4e-05 0.9999841284751892 2e-06 2e-06 0.9999967523415884 3e-07 3e-07 4.512974640528361 0.09 0.09 131 
-2.223609431584676 0.003 0.001 0.9999808543920516 1e-05 5e-05 0.9999625559647878 3e-05 0.0001 4.511353618303935 0.1 0.1 132 
-2.223186833063761 0.002 0.001 0.9999734308322271 8e-06 1e-05 0.9999716287851333 2e-05 0.0002 4.5112615442276 0.1 0.1 133 
9.199143164551061e-07 134 
9.200414183396788e-07 135 
9.199474789056694e-07 136 
-2.2223438676198324 0.003 0.002 0.9999554314215978 2e-05 2e-05 0.9999614606300989 4e-05 0.0002 4.511525451342265 0.1 0.1 137 
9.203282615999342e-07 138 
-2.2228849601745604 0.002 0.001 0.9999687238534292 1e-05 2e-05 0.9999611790974935 4e-05 0.0002 4.511340940793355 0.1 0.09 139 
-2.222343339920044 0.003 0.002 0.9999626559019089 1e-05 3e-05 0.9999547147750855 4e-05 0.0001 4.511302444140116 0.1 0.1 140 
-2.2245206769307453 0.002 0.0009 0.9999865333239237 7e-06 1e-05 0.9999861325820287 1e-05 8e-05 4.511863845189413 0.1 0.1 141 
-2.2259495957692463 4e-05 4e-05 0.9999871244033177 2e-06 2e-06 0.9999959325790405 9e-07 8e-07 4.5127630027135215 0.08 0.08 142 
-2.222295780181885 0.004 0.002 0.9999671973784765 1e-05 3e-05 0.9999603929122289 3e-05 0.0002 4.511477870941162 0.2 0.1 143 
9.199498776979454e-07 144 
9.203404374602541e-07 145 
-2.2215504455566406 0.004 0.002 0.9999641702572505 2e-05 4e-05 0.9999418755372366 5e-05 0.0001 4.510289225578308 0.1 0.1 146 
-2.225704698562622 7e-05 0.0001 0.99998311261336 3e-06 4e-06 0.9999960315227509 1e-06 9e-07 4.512640509605408 0.1 0.1 147 
-2.2206830819447836 0.005 0.003 0.9999496020873387 2e-05 9e-05 0.9999138998985291 8e-05 0.0002 4.510356605847677 0.2 0.2 148 
9.202886758430395e-07 149 
