-2.226392412185669 0.0006 0.0001 0.9999981121222178 9e-07 1e-06 0.9999989716211954 6e-07 1e-06 4.51228132724762 0.04 0.04 0 
-2.226426668167114 7e-05 3e-05 0.9999970269203186 5e-07 5e-07 0.9999989954630534 2e-07 4e-07 4.512325065930685 0.04 0.04 1 
-2.22645614306132 6e-06 6e-06 0.9999981719255447 3e-07 3e-07 0.9999994591871897 3e-07 2e-07 4.512261160214742 0.03 0.03 3 
-2.2264418411254883 7e-06 7e-06 0.9999962884187699 4e-07 3e-07 0.9999988901615143 3e-07 3e-07 4.512323303222656 0.03 0.03 4 
-2.2255841286977134 0.0004 0.0003 0.999995758930842 3e-06 6e-06 0.9999750367800395 2e-05 4e-05 4.511750736236572 0.06 0.06 5 
-2.2264159615834553 5e-05 4e-05 0.9999986245234808 6e-07 8e-07 0.9999990675846736 7e-07 9e-07 4.512214606602987 0.03 0.03 6 
-2.2256877708435057 0.001 0.0006 0.9999956454833349 3e-06 8e-06 0.9999899572134018 9e-06 3e-05 4.511887113253276 0.07 0.07 8 
-2.225789057413737 0.001 0.0004 0.9999963694810867 2e-06 3e-06 0.9999933554728826 6e-06 2e-05 4.5119891993204755 0.07 0.07 10 
-2.2254252497355145 0.001 0.0007 0.9999930310249329 4e-06 1e-05 0.9999892214934031 1e-05 4e-05 4.511808511416118 0.09 0.09 11 
-2.2250864696502686 0.002 0.0009 0.9999869785706202 7e-06 2e-05 0.9999824243783951 2e-05 0.0001 4.511827522913615 0.07 0.07 12 
-2.2256459204355874 0.001 0.0005 0.9999940355618795 3e-06 5e-06 0.9999902637799581 9e-06 2e-05 4.511991125742594 0.07 0.08 14 
-2.2248713874816897 0.003 0.001 0.9999784954388936 1e-05 3e-05 0.9999805818001429 2e-05 0.0001 4.511945422490438 0.08 0.09 15 
-2.2255594793955487 0.001 0.0006 0.9999959146976471 3e-06 4e-06 0.9999875553448995 1e-05 3e-05 4.511929324467977 0.08 0.08 16 
-2.225668732325236 0.001 0.0004 0.9999953037500382 2e-06 5e-06 0.9999911095698675 8e-06 2e-05 4.511948439280192 0.07 0.07 17 
-2.2256726201375328 0.001 0.0006 0.9999960448344548 3e-06 6e-06 0.9999910656611125 8e-06 3e-05 4.5118934488296505 0.07 0.07 18 
-2.226420415242513 2e-05 2e-05 0.9999978971481324 6e-07 6e-07 0.9999991699059805 4e-07 5e-07 4.5122629737854005 0.04 0.04 19 
-2.225768216451009 0.001 0.0004 0.9999958540995916 2e-06 3e-06 0.9999924983580907 7e-06 2e-05 4.511971364021301 0.06 0.06 20 
-2.22643923441569 1e-05 1e-05 0.9999976402521134 6e-07 5e-07 0.99999915599823 4e-07 3e-07 4.512244380315145 0.03 0.03 21 
-2.2253289222717285 0.003 0.0009 0.9999945418039957 4e-06 1e-05 0.9999837291240692 1e-05 4e-05 4.5117367092768355 0.1 0.1 24 
-2.225468346277873 0.001 0.0007 0.9999956291913986 3e-06 9e-06 0.9999882064263026 1e-05 5e-05 4.511732420921326 0.07 0.07 25 
-2.2256556924184165 0.002 0.0007 0.9999945187568664 4e-06 1e-05 0.9999902695417404 9e-06 3e-05 4.51194363117218 0.1 0.1 26 
-2.2253994528452554 0.0007 0.0004 0.9999944474299749 2e-06 2e-06 0.9999678097168605 3e-05 7e-05 4.511618758837382 0.04 0.04 27 
-2.225703941980998 0.001 0.0005 0.9999951497713725 3e-06 7e-06 0.9999906333287557 9e-06 2e-05 4.511967051823934 0.08 0.08 29 
-2.226450475056966 7e-06 7e-06 0.9999973859389623 3e-07 4e-07 0.9999990826845169 2e-07 2e-07 4.512293955485026 0.03 0.03 33 
-2.2254127184549968 0.001 0.0008 0.999993712703387 4e-06 8e-06 0.9999879326423009 1e-05 5e-05 4.511854592959086 0.08 0.08 34 
-2.2255301761627195 0.001 0.0006 0.9999953148762385 3e-06 8e-06 0.9999892149368922 1e-05 4e-05 4.511854942639669 0.08 0.08 38 
-2.2258515771230063 0.0007 0.0003 0.9999954114357631 2e-06 3e-06 0.9999933870633443 5e-06 1e-05 4.512041455904643 0.05 0.05 39 
-2.225530242919922 0.001 0.0006 0.9999952030181884 3e-06 8e-06 0.9999891744057338 9e-06 4e-05 4.5118755992253625 0.07 0.07 41 
-2.225830643971761 0.001 0.0005 0.9999946767091751 4e-06 7e-06 0.9999921107292176 7e-06 1e-05 4.51201869169871 0.08 0.08 47 
-2.22549973487854 0.001 0.0007 0.999991713364919 4e-06 1e-05 0.9999884263674418 1e-05 3e-05 4.51213524500529 0.09 0.09 48 
-2.226423972447713 2e-05 2e-05 0.999997999270757 3e-07 4e-07 0.999999186595281 4e-07 3e-07 4.512235940297445 0.03 0.03 49 
-2.2264460372924804 5e-05 2e-05 0.9999980658292771 5e-07 5e-07 0.9999991528193156 3e-07 3e-07 4.512226363817851 0.03 0.03 51 
-2.224699840545654 0.003 0.001 0.9999935332934061 3e-06 9e-06 0.9999388013283411 5e-05 0.0002 4.510765647888183 0.1 0.1 52 
-2.2264006010691326 6e-05 4e-05 0.9999980098009109 7e-07 1e-06 0.9999991146723429 6e-07 8e-07 4.512246376673381 0.04 0.04 54 
-2.22640172958374 0.0008 0.0001 0.9999976422389348 1e-06 2e-06 0.9999989281098048 4e-07 1e-06 4.512257971763611 0.04 0.04 55 
-2.226400909423828 0.001 9e-05 0.999996906320254 8e-07 1e-06 0.9999988702932994 5e-07 2e-06 4.512327332496643 0.04 0.04 56 
-2.225648587544759 0.001 0.0005 0.9999933433532715 3e-06 6e-06 0.9999912377198538 8e-06 2e-05 4.512001798947652 0.07 0.07 57 
-2.2257665983835855 0.001 0.0003 0.9999962955713272 2e-06 3e-06 0.9999930876493454 6e-06 2e-05 4.511990033785502 0.07 0.07 59 
-2.226353724797567 0.0002 9e-05 0.9999980145692825 1e-06 2e-06 0.9999991234143575 9e-07 1e-06 4.512190365791321 0.06 0.06 61 
-2.2264623101552328 1e-05 1e-05 0.9999990113576254 3e-07 3e-07 0.99999926785628 3e-07 3e-07 4.5122148799896244 0.02 0.02 65 
-2.2264284229278566 2e-05 2e-05 0.999997452100118 8e-07 9e-07 0.99999869008859 7e-07 7e-07 4.512301314671834 0.04 0.04 67 
-2.2257963848114013 0.001 0.0006 0.9999963933229447 3e-06 1e-05 0.9999905864397685 9e-06 4e-05 4.511932571729024 0.07 0.07 68 
-2.225406665802002 0.001 0.0007 0.999994941353798 3e-06 5e-06 0.999984351793925 1e-05 2e-05 4.511764330863953 0.09 0.09 69 
-2.2264157422383626 0.0001 6e-05 0.9999982845783234 1e-06 2e-06 0.999999157389005 1e-06 2e-06 4.512265416781108 0.05 0.05 71 
-2.225101973215739 0.002 0.0008 0.9999936477343241 4e-06 8e-06 0.9999827698866526 2e-05 3e-05 4.511619966824849 0.07 0.07 72 
-2.2263615640004475 0.0005 0.0001 0.9999974701801936 9e-07 2e-06 0.9999989446004232 3e-07 7e-07 4.51222993850708 0.04 0.04 73 
-2.225802011489868 0.001 0.0004 0.9999958982070287 3e-06 4e-06 0.9999927177031835 6e-06 1e-05 4.5120108032226565 0.08 0.08 75 
-2.2258371353149413 0.001 0.0004 0.9999955854813258 3e-06 5e-06 0.9999928983052572 6e-06 1e-05 4.512076524098714 0.08 0.08 76 
-2.226300837198893 0.0001 5e-05 0.9999916754166285 1e-06 1e-06 0.999998775323232 4e-07 4e-07 4.512498826980591 0.06 0.06 78 
-2.2258682028452554 0.0006 0.0003 0.9999947786331177 4e-06 7e-06 0.9999859303236007 1e-05 2e-05 4.511925139427185 0.07 0.07 80 
-2.2263784313201906 0.002 0.0001 0.9999981021881104 1e-06 2e-06 0.9999990459283193 5e-07 3e-06 4.5122327709198 0.04 0.04 83 
-2.225673999786377 0.001 0.0005 0.9999965310096741 2e-06 5e-06 0.9999909790356954 8e-06 3e-05 4.511987334887187 0.08 0.09 84 
-2.2264339955647787 2e-05 2e-05 0.9999981437126796 6e-07 7e-07 0.9999991393089295 3e-07 5e-07 4.512226777076721 0.03 0.03 87 
-2.2255713240305584 0.002 0.0007 0.9999961318572362 3e-06 6e-06 0.9999902582168579 9e-06 4e-05 4.511866501172384 0.07 0.07 89 
-2.225660956700643 0.001 0.0004 0.999988698164622 4e-06 7e-06 0.9999914103746415 7e-06 2e-05 4.512186972300212 0.08 0.08 90 
-2.2264271132151285 1e-05 1e-05 0.9999983217318853 3e-07 4e-07 0.9999991953372955 1e-07 3e-07 4.512238499323527 0.03 0.03 91 
-2.2256563599904378 0.001 0.0006 0.9999931967258453 3e-06 1e-05 0.9999898636341095 9e-06 3e-05 4.512070628801982 0.09 0.09 94 
-2.2264428520202637 8e-06 8e-06 0.999998149673144 3e-07 3e-07 0.9999990542729695 3e-07 2e-07 4.512257750829061 0.03 0.03 95 
-2.2258903058369954 0.0008 0.0003 0.999996064901352 2e-06 3e-06 0.9999944086869558 5e-06 1e-05 4.51201976776123 0.06 0.06 96 
-2.2263715108235678 0.0007 0.0001 0.999997790257136 8e-07 2e-06 0.9999988174438477 6e-07 1e-06 4.512274998029073 0.05 0.05 98 
