-2.223862845102946 0.002 0.001 0.99998679459095 5e-06 9e-06 0.9998907709121704 5e-06 9e-06 4.511466824213664 0.1 0.1 144 
-2.223754316965739 0.003 0.0009 0.999984582066536 7e-06 3e-05 0.9999776822328568 1e-05 2e-05 4.510026582082113 0.1 0.1 45 
-2.2251781272888183 0.002 0.001 0.9999882461627324 1e-05 8e-05 0.999873012304306 6e-06 2e-05 4.513274505933126 0.2 0.1 142 
-2.225382973353068 0.004 0.001 0.9999921975533167 7e-06 2e-05 0.9999968161185583 3e-06 1e-05 4.511409476598104 0.1 0.1 93 
-2.223728624979655 0.008 0.002 0.9999841908613841 1e-05 5e-05 0.9999876016378403 8e-06 3e-05 4.509419466654459 0.2 0.2 84 
-2.2234074147542318 0.004 0.002 0.999973888595899 1e-05 4e-05 0.9999798281987509 2e-05 6e-05 4.510357721646627 0.2 0.2 43 
-2.2223808415730795 0.008 0.003 0.9999636516968409 2e-05 8e-05 0.9999955491224924 4e-06 1e-05 4.509157764116923 0.1 0.1 141 
-2.224521446228027 0.0004 0.0003 0.9999905735254287 3e-06 5e-06 0.9999744266271591 1e-05 2e-05 4.51130043665568 0.09 0.09 79 
-2.2249717966715497 0.001 0.0009 0.9999872994422913 7e-06 2e-05 0.9998098103205363 7e-06 3e-05 4.513229956626892 0.1 0.1 27 
-2.2252872594197592 0.003 0.001 0.9999912361303965 6e-06 3e-05 0.9999932120243709 5e-06 1e-05 4.511562527020772 0.2 0.2 60 
-2.22437167485555 0.004 0.002 0.9999567858378092 3e-05 0.0001 0.9999598822991054 2e-05 6e-05 4.508982928593953 0.2 0.2 63 
-2.2238547007242837 0.003 0.002 0.999974932273229 1e-05 3e-05 0.9999842848380407 1e-05 3e-05 4.510719478925069 0.2 0.2 40 
-2.2248678811391196 0.0009 0.0007 0.999991508324941 4e-06 5e-06 0.999994659225146 2e-06 4e-06 4.511129339536031 0.08 0.08 119 
-2.2243555863698323 0.006 0.002 0.9999836629629135 1e-05 3e-05 0.999978756904602 2e-05 7e-05 4.5108531411488855 0.1 0.1 146 
-2.2254097493489584 0.0003 0.0003 0.9999950977166494 3e-06 4e-06 0.9999857656160991 5e-06 7e-06 4.5114017105102535 0.08 0.08 126 
-2.2230427932739256 0.004 0.003 0.9999805160363515 1e-05 8e-05 0.9999765727917354 2e-05 7e-05 4.509711712201437 0.2 0.2 89 
-2.2232079855600992 0.002 0.001 0.9999856583277384 7e-06 1e-05 0.9999515763918558 2e-05 1e-05 4.507262489000956 0.1 0.1 124 
-2.2236860370635987 0.007 0.002 0.9999762602647145 1e-05 3e-05 0.9999606986840566 3e-05 8e-05 4.509723518689474 0.2 0.2 94 
-2.2246164671579995 0.004 0.001 0.9999765533208848 2e-05 3e-05 0.9999813632170359 1e-05 5e-05 4.510844591458638 0.2 0.2 20 
-2.2236736488342284 0.002 0.0009 0.9999870026111602 6e-06 2e-05 0.9999697558085123 2e-05 5e-05 4.510468071301778 0.1 0.1 37 
