-2.2248297913869224 0.004 0.001 0.9999699380000432 4e-06 9e-06 0.9999813503026962 1e-05 4e-05 4.511635389328003 0.2 0.2 0 
-2.225032958984375 0.001 0.0008 0.9999876441558202 6e-06 7e-06 0.9999622501929601 2e-05 4e-05 4.5116866620381675 0.2 0.2 1 
-2.2250613244374593 0.001 0.0007 0.9999928317467371 4e-06 1e-05 0.9999816662073135 9e-06 3e-05 4.511590669949849 0.1 0.1 2 
-2.2247496859232583 0.001 0.0008 0.9999683370192846 5e-06 2e-05 0.9999845270315806 1e-05 2e-05 4.511981735229492 0.1 0.1 3 
-2.2248274072011314 0.001 0.0005 0.9999692114194234 4e-06 1e-05 0.999981898466746 9e-06 1e-05 4.511789150238037 0.1 0.1 4 
-2.224121774037679 0.005 0.002 0.9999669512112935 8e-06 1e-05 0.9999648614724477 3e-05 8e-05 4.511581592559814 0.2 0.2 5 
-2.2241522884368896 0.003 0.001 0.9999798407157262 4e-06 1e-05 0.999965693950653 3e-05 4e-05 4.51149381796519 0.2 0.2 6 
-2.224836928049723 0.001 0.0007 0.9999748375018438 5e-06 1e-05 0.9999822505315145 1e-05 2e-05 4.511631258328756 0.1 0.1 7 
-2.22443710009257 0.002 0.001 0.9999893867969513 5e-06 2e-05 0.9999644569555919 2e-05 6e-05 4.511401680310567 0.1 0.2 8 
-2.224937931696574 0.001 0.0004 0.9999961499373118 2e-06 5e-06 0.9999515110254288 3e-05 0.0001 4.511425077120463 0.2 0.2 9 
-2.224887968699137 0.001 0.0005 0.9999730938673019 4e-06 9e-06 0.9999832499027252 8e-06 1e-05 4.511771456400553 0.1 0.1 10 
-2.2249942016601563 0.002 0.0009 0.9999673759937286 6e-06 8e-06 0.9999741862217585 2e-05 4e-05 4.511347284317017 0.2 0.2 11 
-2.225062443415324 0.001 0.0008 0.9999908457199732 4e-06 8e-06 0.9999616614977519 2e-05 3e-05 4.511539238293966 0.1 0.1 12 
-2.2248976834615073 0.003 0.001 0.9999722141027451 4e-06 6e-06 0.9999838695923488 1e-05 3e-05 4.511417034467061 0.2 0.2 13 
-2.2235220432281495 0.003 0.001 0.9999920918544134 5e-06 9e-06 0.999930619597435 3e-05 8e-05 4.510794240633647 0.2 0.2 14 
-2.2251282914479575 0.001 0.0007 0.9999913694461187 5e-06 6e-06 0.999974109530449 2e-05 2e-05 4.511685560544332 0.1 0.1 15 
-2.224885228474935 0.002 0.0009 0.9999703373511633 9e-06 1e-05 0.9999704080820083 3e-05 5e-05 4.511747050285339 0.2 0.2 16 
-2.224731149673462 0.003 0.001 0.9999706254402796 2e-06 5e-06 0.9999827980995178 2e-05 3e-05 4.511800529162089 0.2 0.2 17 
-2.2247008164723714 0.002 0.0008 0.9999749284982681 5e-06 2e-05 0.9999723507960637 1e-05 5e-05 4.511613399187723 0.2 0.2 18 
-2.2247592894236248 0.003 0.001 0.9999689382314682 4e-06 8e-06 0.9999811005592346 1e-05 2e-05 4.511627785364786 0.2 0.2 19 
-2.224593467712402 0.0007 0.0005 0.9999706389506658 4e-06 6e-06 0.9999812678496043 1e-05 2e-05 4.511591738065084 0.1 0.1 20 
-2.224472935994466 0.001 0.0009 0.9999739527702332 5e-06 8e-06 0.9999742390712102 2e-05 4e-05 4.511850466728211 0.2 0.2 21 
-2.224846188227336 0.0003 0.0003 0.999979274670283 2e-06 5e-06 0.9999806028604508 7e-06 1e-05 4.511595519383748 0.1 0.1 22 
-2.2248657449086506 0.002 0.0008 0.9999714843432108 5e-06 2e-05 0.9999843672911326 1e-05 4e-05 4.511810574531555 0.2 0.2 23 
-2.2250388367970784 0.003 0.001 0.9999724117914836 5e-06 1e-05 0.9999858184655508 1e-05 2e-05 4.511711443265279 0.1 0.2 24 
-2.2249159463246664 0.0008 0.0004 0.9999939312537511 4e-06 4e-06 0.9999643365542094 1e-05 2e-05 4.511136935551961 0.2 0.2 25 
-2.2247300942738852 0.002 0.001 0.9999695863326391 8e-06 2e-05 0.9999828791618347 1e-05 2e-05 4.511783056259155 0.2 0.2 26 
-2.2243367067972817 0.003 0.001 0.9999722015857696 7e-06 3e-05 0.9999694496393203 3e-05 8e-05 4.511402947107951 0.2 0.2 27 
-2.2241048590342203 0.005 0.002 0.9999708984295527 8e-06 2e-05 0.9999647005399068 3e-05 0.0001 4.510906467437744 0.2 0.2 28 
-2.2239651393890383 0.01 0.002 0.9999904956420262 7e-06 1e-05 0.9999578003088633 4e-05 0.0002 4.510617934862773 0.3 0.3 29 
-2.2250477186838786 0.002 0.0008 0.9999903335173925 4e-06 6e-06 0.9999666728576024 2e-05 3e-05 4.511494170824687 0.2 0.2 30 
-2.2248290316263835 0.002 0.001 0.9999848796923956 6e-06 2e-05 0.999982067545255 1e-05 4e-05 4.51165012995402 0.2 0.2 31 
-2.224665625890096 0.003 0.001 0.9999796187877655 6e-06 1e-05 0.9999759805202484 2e-05 4e-05 4.51164542833964 0.2 0.2 32 
-2.22513601620992 0.002 0.0008 0.9999903353055318 4e-06 6e-06 0.9999627727270126 3e-05 6e-05 4.511786155700683 0.2 0.2 33 
-2.224403209686279 0.0009 0.0007 0.9999749408165614 4e-06 8e-06 0.9999792947371801 1e-05 4e-05 4.511622021993001 0.1 0.1 34 
-2.224716437657674 0.002 0.001 0.9999846007426579 9e-06 2e-05 0.999958947300911 3e-05 7e-05 4.511258385976156 0.2 0.2 36 
-2.224912395477295 0.003 0.001 0.9999699628353119 4e-06 1e-05 0.9999848624070485 1e-05 3e-05 4.51183190981547 0.2 0.2 37 
-2.224798046747843 0.002 0.001 0.9999703770875931 3e-06 6e-06 0.9999838618437449 1e-05 3e-05 4.511720976829529 0.2 0.2 38 
-2.2251320330301922 0.002 0.0008 0.9999762157599131 5e-06 1e-05 0.9999837277332941 9e-06 3e-05 4.5116032075881956 0.2 0.2 39 
-2.2243925666809083 0.006 0.002 0.9999759125709534 6e-06 1e-05 0.9999781435728073 2e-05 8e-05 4.511022672653199 0.3 0.2 40 
-2.2246818002065023 0.001 0.0008 0.9999693995714187 6e-06 1e-05 0.9999853670597076 1e-05 2e-05 4.511684858004252 0.1 0.1 41 
-2.22476876894633 0.0003 0.0003 0.999974856376648 2e-06 6e-06 0.9999852067232132 8e-06 1e-05 4.511750911076864 0.1 0.1 42 
-2.2246698792775472 0.002 0.001 0.9999647728602091 6e-06 2e-05 0.9999817291895549 1e-05 5e-05 4.5116805823644 0.2 0.2 43 
-2.2248589102427165 0.002 0.0009 0.9999745601415634 6e-06 2e-05 0.9999859640995662 9e-06 2e-05 4.511715477307638 0.1 0.1 44 
-2.2244810104370116 0.002 0.0008 0.9999709524710974 5e-06 1e-05 0.9999745990832647 2e-05 6e-05 4.5118167686462405 0.2 0.2 45 
-2.224621998469035 0.002 0.001 0.9999722894032796 9e-06 3e-05 0.9999828181664149 1e-05 3e-05 4.511689736048381 0.2 0.2 46 
-2.224885358810425 0.0005 0.0004 0.9999781310558319 4e-06 8e-06 0.9999811814228694 8e-06 2e-05 4.511458873748779 0.1 0.1 47 
-2.2245600668589276 0.002 0.001 0.9999753642082214 3e-06 8e-06 0.9999745106697082 2e-05 3e-05 4.5113607041041055 0.2 0.2 48 
-2.2250305779774986 0.003 0.001 0.9999901521205902 3e-06 9e-06 0.9999787596861521 1e-05 4e-05 4.511632005373637 0.2 0.2 49 
-2.2250713125864663 0.002 0.0008 0.9999895695845286 6e-06 9e-06 0.9999587406714757 3e-05 5e-05 4.511593372027079 0.2 0.2 50 
-2.224718964894613 0.002 0.0007 0.9999705255031586 5e-06 1e-05 0.9999769965807597 1e-05 2e-05 4.512048834164937 0.1 0.1 51 
-2.224506648381551 0.003 0.001 0.9999794725577037 5e-06 1e-05 0.999969942967097 2e-05 6e-05 4.5115697479248045 0.2 0.2 52 
-2.2250065581003824 0.003 0.001 0.9999885201454163 8e-06 1e-05 0.999969415863355 2e-05 5e-05 4.5117868153254195 0.2 0.2 53 
-2.2251643721262613 0.002 0.0008 0.999988277554512 4e-06 6e-06 0.9999682766199112 2e-05 3e-05 4.511597838401794 0.1 0.1 54 
-2.2239043076833087 0.004 0.001 0.999963125983874 1e-05 3e-05 0.9999479999144872 3e-05 5e-05 4.510681637128195 0.2 0.2 55 
-2.224469347000122 0.002 0.0009 0.9999717432260513 7e-06 2e-05 0.9999761382738749 1e-05 5e-05 4.511463165283203 0.2 0.2 56 
-2.2248443126678468 0.001 0.0007 0.9999704194068909 5e-06 1e-05 0.9999853412310282 9e-06 2e-05 4.512054346402486 0.1 0.1 57 
-2.2249997520446776 0.001 0.0009 0.9999888571103414 5e-06 1e-05 0.9999640327692032 2e-05 5e-05 4.5115718777974445 0.2 0.2 58 
-2.224938990275065 0.001 0.0006 0.9999713504314423 5e-06 1e-05 0.999989088177681 7e-06 2e-05 4.51191383043925 0.1 0.1 59 
-2.2250399748484293 0.002 0.0008 0.9999754037459692 5e-06 2e-05 0.9999838175376257 1e-05 3e-05 4.511814621289571 0.2 0.2 60 
-2.224499603907267 0.001 0.0009 0.9999765459696451 4e-06 8e-06 0.9999561609824499 2e-05 5e-05 4.511394621531169 0.1 0.1 61 
-2.2249570274353028 0.002 0.001 0.9999749890963237 7e-06 2e-05 0.9999798957506816 1e-05 3e-05 4.511564404169718 0.2 0.2 62 
-2.2244116751352947 0.001 0.0007 0.9999756968021393 4e-06 9e-06 0.9999748267730078 2e-05 3e-05 4.51149022102356 0.1 0.1 63 
-2.224854612350464 0.002 0.0007 0.9999712419509887 6e-06 1e-05 0.9999806731939316 9e-06 2e-05 4.511874775886536 0.1 0.1 64 
-2.224678519566854 0.002 0.0006 0.9999779564142227 2e-06 2e-06 0.9999790209531784 1e-05 5e-05 4.511467731793721 0.2 0.2 65 
-2.2244801266988117 0.003 0.001 0.9999737666050593 6e-06 1e-05 0.9999784074227015 2e-05 7e-05 4.511388738950093 0.2 0.2 66 
-2.224444532394409 0.005 0.002 0.9999720038970311 8e-06 2e-05 0.9999723253647487 3e-05 9e-05 4.511430416107178 0.2 0.2 67 
-2.2241477330525714 0.004 0.001 0.9999734151363373 3e-06 6e-06 0.9999645853042602 3e-05 8e-05 4.511184431711833 0.2 0.2 68 
-2.224324992497762 0.005 0.002 0.9999734969933828 9e-06 2e-05 0.9999672816197077 2e-05 9e-05 4.511457443237305 0.2 0.2 69 
-2.2249586741129557 0.001 0.0008 0.9999778697888057 6e-06 1e-05 0.9999542254209518 3e-05 6e-05 4.511732252438863 0.2 0.2 70 
-2.2248897139231363 0.003 0.001 0.9999701468149821 5e-06 6e-06 0.9999836373329163 1e-05 2e-05 4.511691729227702 0.2 0.2 71 
-2.22480624516805 0.0002 0.0002 0.999975941379865 1e-06 2e-06 0.9999865033229192 6e-06 9e-06 4.511605776151021 0.1 0.1 72 
-2.224823331832886 0.002 0.0008 0.9999738383293152 6e-06 1e-05 0.9999802507956823 1e-05 2e-05 4.511651584307352 0.1 0.1 73 
-2.2242559591929116 0.001 0.0007 0.9999790559212367 3e-06 8e-06 0.9999654134114583 1e-05 3e-05 4.51113643169403 0.2 0.2 74 
-2.2241663614908855 0.005 0.002 0.9999678361415864 7e-06 1e-05 0.9999663335084915 3e-05 0.0001 4.511285370190938 0.2 0.2 75 
-2.224972273508708 0.003 0.001 0.9999739756186803 4e-06 9e-06 0.9999814424912135 1e-05 4e-05 4.511927421887716 0.2 0.2 76 
-2.2244002342224123 0.002 0.0009 0.9999759525060654 6e-06 1e-05 0.9999761124451955 2e-05 4e-05 4.5113935407002765 0.1 0.1 77 
-2.224702434539795 0.002 0.001 0.9999696238835653 7e-06 2e-05 0.9999804556369781 1e-05 3e-05 4.511802735328675 0.2 0.2 78 
-2.224735612869263 0.001 0.0006 0.9999714914957682 4e-06 1e-05 0.9999816147486369 9e-06 2e-05 4.511724543571472 0.1 0.1 79 
-2.224390869140625 0.001 0.0009 0.9999716518322627 7e-06 1e-05 0.9999779999256134 1e-05 3e-05 4.511587201754252 0.2 0.2 80 
-2.2248633035024006 0.002 0.0009 0.9999741677443187 6e-06 1e-05 0.9999821255604426 1e-05 3e-05 4.511622503598531 0.1 0.2 81 
-2.2248831017812094 0.001 0.0005 0.9999713037411372 3e-06 9e-06 0.999985661705335 8e-06 1e-05 4.511901431083679 0.1 0.1 82 
-2.2242591921488444 0.003 0.001 0.9999754279851913 2e-06 4e-06 0.9999625664949418 3e-05 7e-05 4.511222284634908 0.2 0.2 83 
-2.2249460220336914 0.002 0.0008 0.9999727902809779 6e-06 1e-05 0.9999859513839086 9e-06 2e-05 4.511730896631876 0.1 0.1 84 
-2.224983723958333 0.003 0.001 0.9999720392624537 5e-06 7e-06 0.9999699276685715 2e-05 2e-05 4.511848341623942 0.1 0.1 85 
-2.224386475880941 0.005 0.002 0.9999696725606918 6e-06 9e-06 0.9999774368604024 2e-05 7e-05 4.511939783096313 0.2 0.2 86 
-2.224872694015503 0.003 0.001 0.9999727803468704 5e-06 1e-05 0.9999822700023651 1e-05 2e-05 4.51173756758372 0.2 0.2 87 
-2.2246021684010824 0.002 0.001 0.9999693081776301 5e-06 1e-05 0.9999804480870564 1e-05 3e-05 4.5117723830540974 0.2 0.2 88 
-2.2248958047231038 0.002 0.0008 0.9999741325775783 4e-06 1e-05 0.9999810787041982 1e-05 4e-05 4.51155174891154 0.2 0.2 89 
-2.2248615550994875 0.002 0.0009 0.9999700792630514 5e-06 1e-05 0.9999823600053788 1e-05 4e-05 4.511537011464437 0.2 0.2 90 
-2.224256467819214 0.002 0.001 0.9999776736895243 5e-06 1e-05 0.9999610187609991 3e-05 8e-05 4.511123733520508 0.2 0.2 91 
-2.2248854287465414 0.002 0.0008 0.999974283973376 5e-06 2e-05 0.9999805947144826 1e-05 4e-05 4.511533541679382 0.2 0.2 92 
-2.2243531449635823 0.004 0.001 0.9999688269694647 6e-06 2e-05 0.9999741844336192 2e-05 3e-05 4.511577200889588 0.1 0.1 93 
-2.223779573440552 0.0005 0.0004 0.9999778908491135 3e-06 4e-06 0.9999177883068721 3e-05 6e-05 4.511569848060608 0.2 0.2 94 
-2.2242518774668376 0.002 0.001 0.99997216741244 6e-06 9e-06 0.9999778634309768 1e-05 3e-05 4.511054862340291 0.2 0.2 95 
-2.2250235652923585 0.002 0.0009 0.9999887231985728 5e-06 1e-05 0.9999618244171142 3e-05 0.0001 4.511725875536601 0.2 0.2 96 
-2.223720277150472 0.004 0.002 0.999969482421875 7e-06 2e-05 0.9999522334337234 3e-05 7e-05 4.511247571309408 0.2 0.2 97 
-2.2248778502146402 0.0004 0.0003 0.9999726090828578 2e-06 3e-06 0.9999882984161377 6e-06 1e-05 4.511843814849853 0.1 0.1 98 
-2.2243819522857664 0.004 0.002 0.9999745390812556 1e-05 6e-05 0.9999775354067485 2e-05 9e-05 4.511056478818258 0.2 0.2 99 
