-2.2248579184214274 0.003 0.001 0.9999137727419535 2e-05 3e-05 0.9999933818976084 3e-06 3e-06 4.513535666465759 0.1 0.1 83 
-2.2257989851633706 0.0005 0.0003 0.9999878690640132 2e-06 3e-06 0.9999974274635315 1e-06 1e-06 4.5121834135055545 0.06 0.06 33 
-2.2253551959991453 0.002 0.0007 0.9999706010023753 2e-05 8e-05 0.9999918409188588 7e-06 1e-05 4.512018698056539 0.1 0.1 14 
-2.2254989020029705 0.003 0.0008 0.9999629253149033 1e-05 2e-05 0.9999957744280498 2e-06 3e-06 4.51269331296285 0.09 0.09 66 
-2.2201542123158773 0.003 0.0004 0.9999579087893168 8e-06 2e-05 0.9998857273658117 9e-06 5e-05 4.508664555549622 0.07 0.07 130 
-2.225626366933187 0.0005 0.0003 0.9999630423386892 2e-06 3e-06 0.999995905160904 1e-06 1e-06 4.512833021481832 0.07 0.07 64 
-2.2238032245635986 0.2 0.003 0.9999156765143077 7e-05 0.001 0.999979614019394 2e-05 0.004 4.512407360076904 0.3 0.4 59 
-2.2233951918284096 0.006 0.002 0.999959329366684 3e-05 5e-05 0.9999474920829137 4e-05 8e-05 4.509973486264546 0.1 0.1 5 
-2.22520170211792 0.0002 0.0002 0.9999406854311625 5e-06 5e-06 0.9999952906370163 3e-07 3e-07 4.513488003412882 0.1 0.1 67 
-2.2252438640594483 0.02 0.001 0.9999742674827575 2e-05 0.0002 0.999994550148646 5e-06 0.0004 4.512102206548055 0.1 0.1 31 
-2.226225423812866 5e-06 5e-06 0.9999813550710678 8e-07 8e-07 0.99999613682429 3e-07 3e-07 4.512850980758667 0.05 0.05 30 
-2.2254891459147137 0.001 0.0008 0.9999473275740941 3e-05 7e-05 0.9999952860673269 3e-06 7e-06 4.512984636624654 0.1 0.1 45 
-2.2231356207529704 0.004 0.001 0.9999075853824615 3e-05 3e-05 0.99999052464962 3e-06 4e-06 4.513893815676371 0.2 0.2 140 
-2.225273348490397 0.005 0.0008 0.9999221040805181 3e-05 5e-05 0.9999933962027232 4e-06 0.0002 4.513434794743856 0.1 0.1 25 
-2.225466168721517 0.003 0.0009 0.9999648825327555 2e-05 3e-05 0.9999964910745621 2e-06 3e-06 4.512469614346822 0.09 0.09 113 
-2.225618397394816 0.0005 0.0003 0.9999513655900956 3e-06 3e-06 0.9999950001637141 1e-06 1e-06 4.512893253962199 0.07 0.07 51 
-2.225160805384318 0.002 0.0009 0.9999425375461578 2e-05 2e-05 0.9999946345885594 2e-06 1e-05 4.512569136619568 0.1 0.1 123 
-2.222595869700114 0.008 0.003 0.9999345167477925 4e-05 0.0001 0.9999372764428457 6e-05 0.0002 4.511728833516439 0.3 0.3 17 
-2.224024976094564 0.0004 0.0002 0.9999328835805257 2e-05 2e-05 0.9999797668059667 6e-06 8e-06 4.514256518681844 0.1 0.1 129 
-2.2253941949208578 0.003 0.001 0.9999623612562816 3e-05 8e-05 0.999995921254158 4e-06 0.0001 4.512351803779602 0.2 0.1 40 
