-1.5309599653879802 0.7 0.2 0.9873809063434601 0.009 0.03 0.7850743421912193 0.2 0.5 5.117106606165568 8.0 3.0 1 
-1.512937510808309 0.6 0.2 0.9858541943629583 0.01 0.04 0.7811110430955887 0.1 0.4 5.093882376352946 7.0 3.0 2 
-2.2157914574941 0.01 0.009 0.9999082656701406 1e-05 2e-05 0.9997745432456334 0.0002 0.0003 4.519485290845235 0.4 0.4 3 
-1.5127173201243083 0.6 0.2 0.9869674605131149 0.01 0.03 0.7273625214894612 0.2 0.4 5.674694058100383 9.0 4.0 4 
-1.3867531935373942 0.6 0.3 0.9778858224550883 0.02 0.04 0.9149520766735076 0.06 0.3 4.292842977841695 4.0 2.0 5 
-1.6293739763895672 0.4 0.2 0.9908039849996567 0.007 0.02 0.8138440772891045 0.1 0.3 5.0202551937103275 5.0 2.0 6 
-1.4824323272705078 1.0 0.2 0.9829698467254638 0.01 0.05 0.6806756397585074 0.2 0.4 6.003430663744608 7.0 3.0 7 
-1.5150929514567057 0.8 0.2 0.9876891026894251 0.009 0.03 0.7952875001231829 0.1 0.4 4.997026553948721 6.0 2.0 8 
-2.218251730600993 0.007 0.006 0.9999554127454757 7e-06 8e-06 0.9998611762126287 8e-05 9e-05 4.509212848345439 0.4 0.4 9 
-1.9725241120656332 0.1 0.05 0.9985768018166225 0.0004 0.0005 0.9911006156603496 0.003 0.008 4.407385109265645 2.0 2.0 10 
-2.1990647379557293 0.003 0.003 0.9998886615037919 1e-05 2e-05 0.999228896299998 0.0001 0.0001 4.494101840655009 0.4 0.4 11 
-2.223498493830363 0.001 0.0009 0.9999625420570374 4e-06 5e-06 0.9999617264668147 9e-06 1e-05 4.511635915438334 0.08 0.08 12 
-1.6190250333150227 0.2 0.07 0.991228066086769 0.005 0.007 0.8826584299405416 0.06 0.2 4.56524700721105 3.0 1.0 13 
-2.1987624581654868 0.01 0.009 0.9999217581748963 3e-05 6e-05 0.9996171742677689 0.0002 0.0002 4.496809252897898 0.5 0.6 14 
-1.9551773579915364 0.1 0.05 0.9982255725065867 0.0008 0.002 0.9928309665123621 0.001 0.002 4.376804231802622 2.0 1.0 15 
-1.6233667818705242 1.0 0.2 0.9913013539711635 0.006 0.009 0.8793581388394038 0.07 0.3 4.62434151172638 3.0 1.0 16 
-1.5267690149943034 0.5 0.2 0.9874637579917908 0.009 0.03 0.8201189330220222 0.1 0.4 4.843726410865783 6.0 2.0 17 
-1.5325199286142985 0.7 0.2 0.9874653194348018 0.01 0.02 0.7135518795748552 0.2 0.5 5.755990466276804 10.0 3.0 18 
-2.21131786664327 0.01 0.01 0.9997709725300471 2e-05 1e-05 0.9996381678183873 0.0002 0.0003 4.525935111045837 0.5 0.5 19 
-1.6162978712717693 0.9 0.2 0.9910399448871613 0.006 0.01 0.8753184845050176 0.08 0.3 4.630708943208059 4.0 1.0 20 
-1.6161322943369547 0.3 0.09 0.9911028226216634 0.006 0.009 0.8756015382210414 0.07 0.2 4.599514877001445 3.0 1.0 21 
-2.2188327153523764 0.009 0.005 0.9999470633268356 1e-05 2e-05 0.9998360937833786 0.0001 0.0003 4.509477815628052 0.3 0.3 22 
-1.7669384574890137 0.01 0.02 0.9947246128320694 0.003 0.005 0.9725355444351832 0.01 0.02 4.321506298383077 2.0 2.0 23 
-1.511977450052897 0.7 0.2 0.9837499340375264 0.01 0.05 0.8139082411924998 0.1 0.5 4.857407114903132 6.0 3.0 24 
-1.601756919225057 0.3 0.1 0.9873782857259115 0.008 0.02 0.9314423429965973 0.03 0.3 4.3592942182223 3.0 2.0 25 
-1.8077239100138347 0.4 0.1 0.9952564489841461 0.003 0.009 0.9785675154129664 0.01 0.08 4.316536742846171 4.0 2.0 26 
-2.221911697387695 0.003 0.003 0.9999673855304718 6e-06 7e-06 0.9999227066834767 6e-05 8e-05 4.510776074727376 0.3 0.3 27 
-2.1754570229848227 0.02 0.02 0.9998434666792552 7e-05 0.0001 0.9995102628072103 0.0002 0.0003 4.485917860666911 0.8 0.9 28 
-2.1750004450480143 0.03 0.02 0.9998347645998001 6e-05 0.0001 0.9993278415997823 0.0002 0.0003 4.483413881460826 0.8 0.9 29 
-1.6511218929290772 0.3 0.07 0.9922079135974248 0.004 0.007 0.9038525756200154 0.06 0.4 4.499161326885224 5.0 1.0 31 
-1.5187880833943685 0.2 0.1 0.9881708918015162 0.007 0.01 0.8103640804688136 0.1 0.2 4.849679197470347 4.0 2.0 33 
-1.5105840460459392 0.6 0.2 0.9870367964108785 0.01 0.02 0.8037125720580419 0.1 0.3 4.918417862256368 5.0 3.0 34 
-1.51889741897583 0.5 0.2 0.9873848468065262 0.01 0.03 0.7952306800087293 0.1 0.3 4.997111218770345 5.0 3.0 35 
-1.6414658546447753 0.5 0.1 0.9914566709597905 0.004 0.007 0.9247997059424719 0.04 0.2 4.389420080184936 2.0 2.0 36 
-2.1648366769154865 0.01 0.009 0.9997773923476537 5e-05 5e-05 0.9965480279922485 0.0005 0.0005 4.4459489432970685 0.5 0.5 37 
-2.218661708831787 0.007 0.005 0.9999450637896856 1e-05 1e-05 0.999829973578453 0.0001 0.0002 4.506381568908691 0.3 0.3 38 
-1.7468421490987143 0.02 0.02 0.9942318121592204 0.003 0.005 0.9686634999513626 0.01 0.02 4.310952382087708 2.0 1.0 39 
-2.21801362991333 0.006 0.005 0.9999521412452061 9e-06 1e-05 0.999866386850675 0.0001 0.0001 4.510820105870565 0.3 0.3 40 
-1.5317514038085938 0.8 0.2 0.9878274027506511 0.008 0.02 0.8013790931304295 0.1 0.5 5.0180655797322595 8.0 3.0 41 
-1.6206881777445474 0.5 0.1 0.9912730588515599 0.006 0.01 0.868284732500712 0.08 0.3 4.666383376121521 4.0 1.0 43 
-2.216564235687256 0.01 0.007 0.9999551920096079 1e-05 1e-05 0.9998035462697347 0.0002 0.0003 4.510551311175028 0.4 0.4 44 
-1.4580144198735554 0.8 0.2 0.9799493358532587 0.02 0.06 0.5907341197133065 0.3 0.4 7.455275738239289 20.0 4.0 45 
-1.5631566524505616 0.8 0.2 0.9878764381011327 0.01 0.04 0.794522281686465 0.1 0.5 5.135810839335123 8.0 3.0 46 
-1.6097300910949708 0.6 0.2 0.9907438723246257 0.006 0.01 0.8558543267846107 0.1 0.4 4.746246862411499 4.0 2.0 47 
-1.8266266123453776 0.3 0.09 0.9957106524705887 0.002 0.006 0.9827974480390549 0.01 0.04 4.341235897541046 3.0 2.0 48 
-2.2185549481709796 0.01 0.006 0.9999804745117823 1e-05 2e-05 0.9998232634862264 0.0002 0.0003 4.508803696632385 0.4 0.4 49 
-1.5216956106821695 0.2 0.1 0.9882610897223155 0.007 0.01 0.8054234600067138 0.1 0.3 4.90732130130132 4.0 3.0 50 
-1.4890678596496583 0.7 0.2 0.9850330646832784 0.01 0.04 0.6405562926332156 0.3 0.5 6.897272194226582 20.0 4.0 51 
-2.1848295243581135 0.008 0.007 0.9997815885146459 4e-05 8e-05 0.9987526134649912 0.0002 0.0001 4.492393160661061 0.6 0.6 52 
-1.5238979244232178 0.7 0.2 0.9865643348296483 0.01 0.03 0.7369422807296118 0.2 0.4 5.531390636761984 7.0 3.0 53 
-2.2246618334452313 0.0003 0.0002 0.9999839752912522 1e-06 2e-06 0.9999706939856211 5e-06 6e-06 4.51178558031718 0.09 0.09 54 
-1.504337460199992 0.6 0.2 0.9864781850576401 0.01 0.03 0.7633763741453489 0.2 0.4 5.221116650899251 9.0 3.0 55 
-2.181174275080363 0.09 0.03 0.999741774002711 9e-05 0.0003 0.9977880549430848 0.001 0.004 4.46561939795812 0.8 0.9 56 
-1.4844718805948893 0.8 0.2 0.9862044209241867 0.009 0.02 0.8402819959322612 0.1 0.5 4.777269531885783 10.0 3.0 57 
-1.427460355758667 0.9 0.2 0.9848468728860219 0.009 0.03 0.7941254476706187 0.1 0.5 4.981407182216644 9.0 4.0 59 
-2.1885126272837323 0.02 0.01 0.9998915062348048 5e-05 0.0001 0.9994830513000488 0.0002 0.0003 4.489146269162496 0.6 0.8 60 
-1.5320508352915445 0.3 0.1 0.9884495250384013 0.007 0.02 0.8089658624927203 0.1 0.6 4.909814569155375 6.0 2.0 61 
-2.2202687295277914 0.007 0.005 0.9999689787626267 7e-06 8e-06 0.9998346928755443 0.0001 0.0002 4.510708888371785 0.3 0.3 62 
-1.5140615876515706 0.2 0.1 0.9880249843994776 0.007 0.009 0.7897528007626533 0.1 0.3 4.987002183596293 4.0 3.0 63 
-1.5030996545155844 0.1 0.07 0.9872570123275121 0.007 0.009 0.9111034975449244 0.04 0.2 4.282491581439972 2.0 2.0 64 
-1.5147373008728027 0.2 0.1 0.9880855816602707 0.007 0.009 0.7773831301927566 0.1 0.3 5.066951470375061 3.0 2.0 65 
-2.19607923189799 0.01 0.01 0.9999117793639501 4e-05 6e-05 0.999570269783338 0.0002 0.0003 4.49446527560552 0.6 0.6 66 
-1.9707106685638427 0.1 0.05 0.9984978727499644 0.0004 0.0006 0.9918496282895406 0.002 0.005 4.394366347789765 2.0 2.0 67 
-1.5078776454925538 0.7 0.2 0.9839405842622121 0.01 0.05 0.7536549838383992 0.2 0.5 5.337795979181926 7.0 3.0 68 
-1.502065216700236 0.6 0.2 0.9870743356148401 0.009 0.02 0.7278042070070903 0.2 0.5 5.56646653731664 9.0 3.0 69 
-2.2158503278096515 0.005 0.004 0.9999146072069803 2e-05 2e-05 0.9998629095156988 5e-05 7e-05 4.512279362678528 0.4 0.4 70 
-2.1831122970581056 0.02 0.01 0.9998629182577133 5e-05 0.0001 0.9993329940239588 0.0002 0.0002 4.48843178431193 0.7 0.8 71 
-1.5262070528666178 1.0 0.2 0.9846278043588003 0.01 0.04 0.6855373138189316 0.3 0.5 6.12050639629364 10.0 3.0 72 
-2.1944687271118166 0.05 0.02 0.9999334583679835 2e-05 5e-05 0.9990951432784398 0.0005 0.001 4.494862414995829 0.7 0.6 73 
-2.2180652713775633 0.008 0.006 0.9999535691738128 1e-05 1e-05 0.9998319621880849 0.0001 0.0002 4.508483945528666 0.3 0.3 75 
-2.1870889314015707 0.02 0.01 0.9998780246575674 5e-05 0.0001 0.9994669504960378 0.0002 0.0002 4.492991687456767 0.7 0.8 76 
-1.4046131388346355 0.6 0.2 0.9803199114402136 0.02 0.03 0.6416379027068615 0.3 0.4 6.633957889874776 20.0 4.0 77 
-2.0795877679189045 0.01 0.01 0.9989343893527984 0.0002 0.0002 0.9943004894256592 0.0005 0.0006 4.410840270519256 0.8 0.8 78 
-2.1698291969299315 0.02 0.02 0.9997633171081542 8e-05 0.0001 0.9994252626101175 0.0002 0.0003 4.509725770155589 0.9 0.9 79 
-2.221219402949015 0.002 0.002 0.9999348334471385 1e-05 1e-05 0.9999293899536132 2e-05 3e-05 4.512185538609822 0.2 0.2 80 
-1.9633478291829427 0.1 0.05 0.9985132227341335 0.0004 0.0005 0.9912003068129221 0.002 0.005 4.394389607906342 2.0 2.0 81 
-1.3970236460367838 0.5 0.2 0.9763516664505005 0.02 0.06 0.4333184504757325 0.4 0.3 10.39254786014557 20.0 7.0 82 
-1.5317275873819987 0.8 0.2 0.9886419469118118 0.008 0.01 0.774648243089517 0.2 0.5 5.1964635316530865 7.0 3.0 83 
-1.6184951845804851 0.2 0.1 0.9909873167673747 0.006 0.01 0.8963775124152501 0.06 0.2 4.510435326894124 3.0 1.0 84 
-2.2195739459991457 0.009 0.005 0.9999709928035736 7e-06 1e-05 0.999833129843076 0.0001 0.0002 4.510796136856079 0.3 0.3 85 
-2.066967782974243 0.07 0.04 0.9992719459533691 0.0003 0.0003 0.9948701479037603 0.001 0.002 4.4424446646372475 2.0 2.0 86 
-1.5243609778086344 0.2 0.1 0.9885043565432231 0.006 0.009 0.8278934299945832 0.1 0.3 4.767780719598134 4.0 2.0 87 
-1.967473290761312 0.2 0.05 0.9985178200403849 0.0004 0.0006 0.9910579017798106 0.003 0.008 4.406528642972311 3.0 2.0 88 
-2.223725077311198 0.0008 0.0003 0.9999676640828451 8e-06 2e-05 0.9999385243654251 2e-05 4e-05 4.511827878952026 0.1 0.1 89 
-2.1916685167948406 0.03 0.01 0.9993466907739639 0.0004 0.0003 0.9974507856369018 0.0009 0.002 4.485286021232605 0.5 0.5 90 
-2.1828089872996013 0.02 0.01 0.9998756734530131 5e-05 0.0001 0.9993798637390137 0.0002 0.0002 4.490193665822347 0.7 0.8 91 
-1.517308251063029 0.4 0.1 0.9880448253949483 0.008 0.02 0.7786078506708145 0.1 0.4 5.084927285512288 4.0 3.0 92 
-2.218412863413493 0.01 0.006 0.9999473027388255 9e-06 1e-05 0.9998281699419022 0.0002 0.0003 4.50890735467275 0.4 0.4 93 
-1.498523432413737 0.6 0.2 0.9791938225428264 0.02 0.05 0.7894507586956024 0.1 0.4 4.978236845334371 7.0 3.0 94 
-2.192977294921875 0.02 0.01 0.9998953992128372 3e-05 5e-05 0.9992329583565394 0.0003 0.0003 4.492213638623555 0.7 0.7 96 
-1.5124779891967775 0.6 0.2 0.988598129550616 0.007 0.01 0.8269649133086204 0.1 0.5 4.959124418099721 10.0 3.0 97 
-1.5244669342041015 0.3 0.1 0.988483324845632 0.007 0.01 0.8321086120605469 0.09 0.3 4.742830360730489 5.0 2.0 98 
-2.2051753393809 0.01 0.007 0.9999124932289124 3e-05 5e-05 0.9996704467137655 0.0002 0.0003 4.497928959528605 0.5 0.5 99 
