-2.2251860809326174 0.002 0.0009 0.999978219072024 5e-06 1e-05 0.9999859217802683 1e-05 2e-05 4.512032257715861 0.1 0.1 0 
-2.2251735019683836 0.002 0.0009 0.9999785157044728 5e-06 1e-05 0.999985501964887 1e-05 3e-05 4.511963211695353 0.1 0.1 1 
-2.2251634947458903 0.002 0.0009 0.9999783790111542 5e-06 2e-05 0.9999860143661499 1e-05 2e-05 4.511954393386841 0.1 0.1 2 
-2.2251672744750977 0.002 0.0009 0.999978545109431 5e-06 2e-05 0.9999859501918157 1e-05 2e-05 4.51195522626241 0.1 0.1 3 
-2.225191768010457 0.002 0.0009 0.9999788268407186 5e-06 1e-05 0.9999863348404566 1e-05 3e-05 4.511889120737711 0.1 0.1 4 
-2.2252214113871256 0.002 0.0009 0.9999795337518056 4e-06 1e-05 0.9999861298004786 1e-05 3e-05 4.511831817626953 0.1 0.1 5 
-2.2252008438110353 0.002 0.0009 0.9999793320894241 5e-06 1e-05 0.9999863861004511 1e-05 3e-05 4.511928370793661 0.1 0.1 6 
-2.225204528172811 0.002 0.0009 0.9999793378512064 4e-06 1e-05 0.9999867012103398 1e-05 3e-05 4.511985898017883 0.1 0.1 7 
-2.225117788314819 0.002 0.001 0.9999798315763474 5e-06 1e-05 0.9999833232164383 1e-05 5e-05 4.512000102996826 0.2 0.2 8 
-2.2251470438639323 0.002 0.0009 0.9999787384271621 5e-06 2e-05 0.9999856833616892 9e-06 2e-05 4.511898055076599 0.1 0.1 9 
-2.225213041305542 0.002 0.0009 0.99997953414917 4e-06 1e-05 0.9999859422445297 1e-05 3e-05 4.51194895585378 0.1 0.1 10 
-2.225173584620158 0.002 0.0009 0.9999790567159653 5e-06 1e-05 0.9999864292144776 9e-06 3e-05 4.51186098575592 0.1 0.1 11 
-2.225122470855713 0.003 0.0009 0.9999790428082148 5e-06 2e-05 0.9999853420257568 1e-05 4e-05 4.51187041759491 0.1 0.1 12 
-2.2251868724822996 0.002 0.0009 0.9999784231185913 5e-06 2e-05 0.9999867584307989 1e-05 2e-05 4.511810771624247 0.1 0.1 13 
-2.2252101421356203 0.002 0.0009 0.9999790944655736 5e-06 1e-05 0.9999866525332133 1e-05 2e-05 4.511810162862142 0.1 0.1 14 
-2.225216499964396 0.002 0.0009 0.9999792063236237 5e-06 1e-05 0.9999868567784628 9e-06 3e-05 4.511945131619771 0.1 0.1 15 
-2.22521466255188 0.003 0.0009 0.999979956348737 4e-06 2e-05 0.999985874692599 1e-05 2e-05 4.512131711641947 0.1 0.1 16 
-2.22519780476888 0.002 0.0009 0.9999795371294021 4e-06 1e-05 0.999985866745313 1e-05 3e-05 4.511764232317606 0.1 0.1 17 
-2.2251866245269776 0.002 0.0009 0.9999794006347656 5e-06 1e-05 0.9999863376220067 9e-06 3e-05 4.5118029499053955 0.1 0.1 18 
-2.2252272923787433 0.002 0.0009 0.9999793420235316 5e-06 1e-05 0.9999866878986359 1e-05 2e-05 4.512009369532267 0.1 0.1 19 
-2.2252384090423583 0.002 0.0009 0.9999794509013494 4e-06 1e-05 0.999986590941747 1e-05 2e-05 4.5118182786305745 0.1 0.1 20 
-2.2251990191141764 0.002 0.0009 0.9999788451194763 5e-06 2e-05 0.9999867935975393 1e-05 2e-05 4.5119388516743975 0.1 0.1 21 
-2.2251716168721516 0.003 0.001 0.9999797441562017 4e-06 2e-05 0.9999843027194341 1e-05 3e-05 4.511586751937866 0.1 0.1 22 
-2.2251294898986815 0.002 0.0009 0.999977932771047 5e-06 2e-05 0.9999865333239237 9e-06 2e-05 4.511983025868734 0.1 0.1 23 
-2.225279137293498 0.002 0.0008 0.9999799889326095 4e-06 1e-05 0.9999872730175654 1e-05 2e-05 4.511799111366272 0.1 0.1 24 
-2.2252661482493084 0.002 0.0008 0.9999796797831854 5e-06 1e-05 0.9999872726202012 1e-05 2e-05 4.511754004160563 0.1 0.1 25 
-2.2251505215962726 0.003 0.001 0.9999792146682739 5e-06 2e-05 0.9999837551514308 1e-05 3e-05 4.511894466082255 0.2 0.2 26 
-2.2252103805541994 0.002 0.0009 0.9999792025486628 4e-06 1e-05 0.9999862986803055 1e-05 2e-05 4.511876835823059 0.1 0.1 27 
-2.2251618925730385 0.002 0.0009 0.9999790926774342 5e-06 2e-05 0.9999860286712646 9e-06 3e-05 4.5119408512115475 0.1 0.1 28 
-2.225232957204183 0.002 0.0009 0.9999797417720159 4e-06 2e-05 0.999986701409022 1e-05 2e-05 4.5118329652150475 0.1 0.1 29 
-2.2251570351918537 0.003 0.0009 0.9999792486429214 5e-06 2e-05 0.9999856744209925 9e-06 3e-05 4.511869657834371 0.1 0.1 30 
-2.2250924777984618 0.002 0.0007 0.9999797638257345 4e-06 1e-05 0.9999817003806432 1e-05 3e-05 4.512101062138876 0.1 0.1 31 
-2.225078446070353 0.002 0.0009 0.9999779462814331 4e-06 1e-05 0.9999843649069469 1e-05 4e-05 4.51207584698995 0.1 0.1 32 
-2.225097001393636 0.002 0.0009 0.9999787125984828 5e-06 1e-05 0.9999861500660578 8e-06 3e-05 4.5117405287424726 0.1 0.1 33 
-2.2251755555470782 0.002 0.0009 0.9999781652291616 5e-06 2e-05 0.9999865408738454 1e-05 2e-05 4.511890184084574 0.1 0.1 34 
-2.2251916790008544 0.003 0.0009 0.9999798941612243 5e-06 1e-05 0.99998597462972 1e-05 3e-05 4.51182244459788 0.1 0.1 35 
-2.2251188564300537 0.003 0.0009 0.9999780668814977 5e-06 2e-05 0.9999857079982758 9e-06 3e-05 4.5118141953150435 0.1 0.1 36 
-2.22516237894694 0.002 0.0009 0.9999788514773051 5e-06 2e-05 0.9999857433636983 9e-06 2e-05 4.511860364278157 0.1 0.1 37 
-2.2251580174764 0.002 0.0009 0.9999786899487177 5e-06 2e-05 0.9999861216545105 9e-06 3e-05 4.511975682576497 0.1 0.1 38 
-2.225116507212321 0.003 0.0009 0.9999781944354376 5e-06 2e-05 0.9999852724870046 1e-05 3e-05 4.511815900802612 0.1 0.1 39 
-2.2251190535227456 0.002 0.0009 0.9999776780605316 5e-06 2e-05 0.9999853982528051 1e-05 2e-05 4.511992816925049 0.1 0.1 40 
-2.2251933860778808 0.002 0.0009 0.9999789957205455 5e-06 2e-05 0.9999869811534882 1e-05 2e-05 4.511948161125183 0.1 0.1 41 
-2.2251462014516195 0.003 0.0009 0.99998053252697 4e-06 2e-05 0.9999842399358749 1e-05 2e-05 4.51183086236318 0.1 0.1 42 
-2.225167741775513 0.003 0.001 0.999979490240415 5e-06 2e-05 0.9999850990374883 1e-05 3e-05 4.5116278902689615 0.1 0.1 43 
-2.2251696236928304 0.002 0.001 0.9999800978104273 4e-06 1e-05 0.999985155860583 1e-05 4e-05 4.512135903040568 0.1 0.1 44 
-2.2251955318450927 0.002 0.0009 0.9999787892897923 5e-06 1e-05 0.9999864413340886 1e-05 2e-05 4.511968754132589 0.1 0.1 45 
-2.225209951400757 0.003 0.0009 0.9999803050359091 4e-06 2e-05 0.999985809524854 1e-05 3e-05 4.511736539204915 0.1 0.1 46 
-2.225221509933472 0.004 0.001 0.9999798903862636 5e-06 2e-05 0.9999858971436818 1e-05 3e-05 4.512135871251425 0.1 0.1 47 
-2.2251991589864093 0.002 0.0009 0.9999787853161494 5e-06 1e-05 0.9999859374761582 1e-05 2e-05 4.512050433158874 0.1 0.1 48 
-2.2252404912312826 0.002 0.0009 0.999979735215505 4e-06 1e-05 0.9999869030714035 1e-05 3e-05 4.511815689404806 0.1 0.1 49 
-2.225154644648234 0.002 0.0009 0.9999788910150528 5e-06 2e-05 0.9999855875968933 1e-05 3e-05 4.511858057975769 0.1 0.1 50 
-2.2251940790812172 0.002 0.0009 0.9999791669845581 5e-06 1e-05 0.9999855283896129 1e-05 3e-05 4.511840833028158 0.1 0.1 51 
-2.2250485388437906 0.002 0.0007 0.999979784488678 4e-06 1e-05 0.9999808051188787 1e-05 2e-05 4.511528377532959 0.1 0.1 52 
-2.225139071146647 0.003 0.0009 0.9999787811438242 5e-06 2e-05 0.99998566309611 1e-05 3e-05 4.512017790476481 0.1 0.1 53 
-2.2251934305826824 0.002 0.0009 0.9999790857235591 5e-06 1e-05 0.9999860759576161 1e-05 3e-05 4.5118516333897905 0.1 0.1 54 
-2.2251407178243 0.002 0.0009 0.9999781892697016 5e-06 2e-05 0.9999858816464742 9e-06 3e-05 4.511723923683166 0.1 0.1 55 
-2.2251082293192543 0.003 0.0009 0.9999786971012751 5e-06 2e-05 0.9999849726756413 1e-05 3e-05 4.511823892593384 0.1 0.1 56 
-2.2250809065500894 0.002 0.0009 0.999978905916214 5e-06 2e-05 0.9999839786688487 1e-05 3e-05 4.511874777475993 0.1 0.1 57 
-2.225153414408366 0.002 0.0009 0.999979329307874 5e-06 2e-05 0.9999854203065236 9e-06 3e-05 4.51177853902181 0.1 0.1 58 
-2.2251929473876952 0.002 0.0009 0.9999793626864751 5e-06 1e-05 0.9999865945180257 9e-06 3e-05 4.511961560249329 0.1 0.1 59 
-2.2250809637705484 0.002 0.0009 0.9999792371193568 5e-06 2e-05 0.9999839295943578 1e-05 2e-05 4.511592451731364 0.1 0.1 60 
-2.2252005990346273 0.002 0.0009 0.9999787302811941 5e-06 1e-05 0.9999867204825084 1e-05 2e-05 4.511939756075541 0.1 0.1 61 
-2.225190362930298 0.002 0.0009 0.9999789351224899 5e-06 1e-05 0.9999868806203206 1e-05 2e-05 4.512006022135417 0.1 0.1 62 
-2.225084139506022 0.003 0.0009 0.9999779895941416 5e-06 2e-05 0.9999856716394424 9e-06 3e-05 4.5118621746699015 0.1 0.1 63 
-2.225298318862915 0.003 0.0009 0.9999800968170166 4e-06 2e-05 0.9999868760506312 1e-05 2e-05 4.512035433451334 0.1 0.1 64 
-2.225236097971598 0.002 0.0009 0.9999800171454748 4e-06 1e-05 0.9999862243731816 1e-05 3e-05 4.512005801200867 0.1 0.1 65 
-2.225113484064738 0.002 0.0009 0.9999804488817851 4e-06 1e-05 0.9999822433789571 1e-05 3e-05 4.511876570383707 0.1 0.1 66 
-2.225033712387085 0.002 0.0009 0.999979775150617 5e-06 1e-05 0.999981684088707 1e-05 2e-05 4.51181921005249 0.2 0.2 67 
-2.225104579925537 0.003 0.001 0.9999794085820516 5e-06 2e-05 0.9999823673566183 1e-05 4e-05 4.511769207318624 0.2 0.2 68 
-2.22525239944458 0.002 0.0008 0.9999792852004369 5e-06 1e-05 0.9999872426191966 1e-05 2e-05 4.511874057451884 0.1 0.1 69 
-2.2251533190409343 0.002 0.0009 0.9999783031145731 5e-06 2e-05 0.999986184835434 1e-05 2e-05 4.511883290608724 0.1 0.1 70 
-2.225228338241577 0.002 0.0009 0.9999795456727346 4e-06 1e-05 0.9999868762493134 1e-05 2e-05 4.511802790959676 0.1 0.1 71 
-2.2251010163625082 0.003 0.001 0.9999782900015514 5e-06 2e-05 0.9999845971663793 1e-05 3e-05 4.511658651034037 0.1 0.1 72 
-2.225165923436483 0.002 0.0009 0.9999796809752782 5e-06 1e-05 0.9999848022063573 1e-05 3e-05 4.511874249776205 0.1 0.1 73 
-2.225120153427124 0.002 0.0009 0.99997691988945 5e-06 2e-05 0.99998552997907 1e-05 2e-05 4.511967740058899 0.1 0.1 74 
-2.225204973220825 0.002 0.0009 0.999979273279508 5e-06 1e-05 0.9999866318702698 9e-06 2e-05 4.511695613861084 0.1 0.1 75 
-2.225220406850179 0.002 0.0009 0.9999794294436772 4e-06 2e-05 0.9999863507350286 1e-05 2e-05 4.511864172617594 0.1 0.1 76 
-2.2250501251220705 0.003 0.001 0.999979109565417 5e-06 2e-05 0.9999815162022908 1e-05 4e-05 4.511530934969584 0.2 0.2 77 
-2.2251698207855224 0.003 0.0009 0.9999793104330699 5e-06 2e-05 0.9999855281909307 9e-06 3e-05 4.5118338425954185 0.1 0.1 78 
-2.225136833190918 0.002 0.0009 0.9999797409772873 5e-06 1e-05 0.9999833689133326 1e-05 4e-05 4.511964996655782 0.1 0.1 79 
-2.2252187442779543 0.002 0.0009 0.9999791010220845 5e-06 1e-05 0.9999864753087362 1e-05 2e-05 4.511818623542785 0.1 0.1 80 
-2.225223503112793 0.002 0.0009 0.9999794030189514 5e-06 1e-05 0.9999868216117224 1e-05 2e-05 4.511925110816955 0.1 0.1 81 
-2.2251665528615314 0.002 0.0009 0.9999789088964463 5e-06 1e-05 0.999986313978831 9e-06 3e-05 4.511747597058614 0.1 0.1 82 
-2.225234489440918 0.002 0.0009 0.9999795875946681 5e-06 1e-05 0.999987366994222 9e-06 2e-05 4.511771262486776 0.1 0.1 83 
-2.2252792739868164 0.002 0.0008 0.999980036020279 4e-06 1e-05 0.9999876612424851 8e-06 2e-05 4.512263286908468 0.1 0.1 84 
-2.2252026494344075 0.002 0.0009 0.9999790600935619 5e-06 2e-05 0.9999865931272507 1e-05 2e-05 4.511785861651103 0.1 0.1 85 
-2.2252046267191568 0.002 0.0009 0.9999792484442392 4e-06 1e-05 0.9999866636594137 1e-05 3e-05 4.511895291010538 0.1 0.1 86 
-2.225239944458008 0.002 0.0009 0.9999793926874797 4e-06 1e-05 0.9999861520528793 1e-05 2e-05 4.511850611368815 0.1 0.1 87 
-2.225184818903605 0.002 0.0009 0.9999788786967595 5e-06 1e-05 0.999986645380656 9e-06 2e-05 4.512019996643066 0.1 0.1 88 
-2.225163351694743 0.002 0.0009 0.9999790036678314 5e-06 2e-05 0.9999857449531555 1e-05 3e-05 4.511928877830505 0.1 0.1 89 
-2.225196072260539 0.002 0.0009 0.9999786259730657 5e-06 1e-05 0.9999859042962392 1e-05 3e-05 4.5118149423599245 0.1 0.1 90 
-2.2247892093658446 0.003 0.001 0.9999744953711828 6e-06 2e-05 0.9999803274869918 2e-05 3e-05 4.5117536067962645 0.2 0.2 91 
-2.2251814874013265 0.003 0.001 0.9999786148468653 5e-06 2e-05 0.9999857338269552 1e-05 3e-05 4.511639790534973 0.1 0.1 92 
-2.2251751454671225 0.002 0.0009 0.999978905916214 5e-06 2e-05 0.9999861240386962 1e-05 2e-05 4.511807428995768 0.1 0.1 93 
-2.2251907348632813 0.002 0.0009 0.9999782077471415 5e-06 2e-05 0.9999867606163025 1e-05 2e-05 4.5118794441223145 0.1 0.1 94 
-2.2251898034413657 0.003 0.001 0.999979479710261 5e-06 2e-05 0.9999855860074361 1e-05 3e-05 4.511893502871195 0.1 0.1 95 
-2.225187883377075 0.002 0.0009 0.9999792808294297 5e-06 1e-05 0.9999864264329275 9e-06 3e-05 4.511816987991333 0.1 0.1 96 
-2.225193026860555 0.002 0.001 0.9999794248739878 4e-06 1e-05 0.9999852911631266 1e-05 3e-05 4.511804183324178 0.1 0.1 97 
-2.2252000045776366 0.002 0.0009 0.9999791991710663 5e-06 1e-05 0.9999860692024231 1e-05 3e-05 4.511950912475586 0.1 0.1 98 
-2.22521559715271 0.002 0.0009 0.9999794296423594 5e-06 1e-05 0.9999867802858353 1e-05 2e-05 4.511883285840352 0.1 0.1 99 
