-2.2262883765356882 0.004 0.0002 0.9999968107257571 2e-06 7e-06 0.9999985894986562 1e-06 5e-06 4.512258815765381 0.05 0.05 10 
-2.224900722503662 0.002 0.0007 0.9999880767294339 4e-06 9e-06 0.9999854720064572 1e-05 3e-05 4.511618447303772 0.06 0.06 49 
-2.225191903114319 0.001 0.0005 0.9999884507485799 3e-06 6e-06 0.9999902382493019 8e-06 2e-05 4.511821215493338 0.06 0.06 32 
-2.2263677460806712 7e-05 5e-05 0.9999941176601819 2e-06 5e-06 0.9999977626970836 1e-06 2e-06 4.512469337667738 0.07 0.07 12 
-2.2250618321555002 0.001 0.0006 0.999989937032972 4e-06 9e-06 0.9999885854976518 1e-05 1e-05 4.51170426436833 0.06 0.06 35 
-2.2262279885155816 0.001 0.0002 0.9999961574162756 1e-06 3e-06 0.9999981013791902 8e-07 1e-06 4.512340939044952 0.05 0.05 31 
-2.22625036580222 0.003 0.0003 0.9999989205173083 8e-07 5e-06 0.9999986706035477 1e-06 4e-06 4.512169281073979 0.05 0.05 12 
-2.2262383563177925 0.003 0.0002 0.999995875784329 2e-06 5e-06 0.9999980941414833 9e-07 4e-06 4.51219665663583 0.05 0.05 50 
-2.2253364937646047 0.001 0.0005 0.9999910222632544 5e-06 1e-05 0.9999896143163953 8e-06 2e-05 4.5120477846690585 0.1 0.1 60 
-2.224625437600272 0.005 0.001 0.999987841291087 8e-06 2e-05 0.9999809441821915 2e-05 9e-05 4.511821252959115 0.1 0.1 48 
-2.2261356694357737 0.003 0.0004 0.999997780578477 2e-06 6e-06 0.9999983908874648 1e-06 5e-06 4.512069930349077 0.05 0.05 12 
-2.2250886610576086 0.004 0.001 0.9999920157449586 7e-06 3e-05 0.9999844046575682 1e-05 9e-05 4.511805408341544 0.1 0.1 59 
-2.2263087749481203 4e-05 5e-05 0.999998596736363 3e-07 3e-07 0.9999987316983087 3e-07 2e-07 4.512194107260023 0.03 0.03 34 
-2.226257882799421 5e-05 6e-05 0.9999959077153887 5e-07 4e-07 0.9999984257987568 3e-07 3e-07 4.512218473638807 0.04 0.04 41 
-2.2262584584099905 7e-05 6e-05 0.9999974553074156 3e-07 3e-07 0.9999977380037308 1e-06 1e-06 4.512198274476187 0.03 0.03 43 
-2.2263223137174335 0.0007 0.0002 0.9999981388449669 8e-07 2e-06 0.9999986009938376 5e-07 6e-07 4.512102213927678 0.04 0.04 12 
-2.2259408610207694 0.0008 0.0004 0.9999880420310157 6e-06 2e-05 0.9999905639461109 8e-06 1e-05 4.512337831088475 0.1 0.1 56 
-2.2261385781424385 0.0005 0.0002 0.9999939937676702 5e-06 2e-05 0.999997179210186 3e-06 9e-06 4.51189364535468 0.09 0.08 33 
-2.224465649468558 0.002 0.0008 0.9999889618584088 3e-06 6e-06 0.9999842279723712 1e-05 5e-05 4.511353387151446 0.06 0.06 6 
-2.224838468006679 0.001 0.0008 0.9999909349850246 5e-06 1e-05 0.9999884705458368 1e-05 2e-05 4.511591877256121 0.09 0.1 12 
