-2.2220360381262645 0.007 0.003 0.9999702521732875 1e-05 6e-05 0.9999064092125212 7e-05 0.0003 4.510040870734623 0.2 0.2 3 
-2.224328190939767 0.003 0.002 0.9999764129519463 1e-05 3e-05 0.9999644547700882 2e-05 8e-05 4.512117889949254 0.2 0.2 8 
-2.2228127479553224 0.004 0.002 0.9999568504946572 3e-05 4e-05 0.9999428306307111 5e-05 0.0001 4.511430181775775 0.1 0.1 40 
-2.2234216485704694 0.007 0.002 0.9999588353293283 2e-05 7e-05 0.9999275605593408 7e-05 0.0003 4.511558338574001 0.2 0.2 49 
-2.2229107890810287 0.008 0.002 0.9999472839491708 4e-05 7e-05 0.9999540169324194 4e-05 8e-05 4.510874198164259 0.2 0.2 10 
-2.2224650246756417 0.007 0.003 0.9999494222658021 2e-05 6e-05 0.9999178537300655 8e-05 0.0004 4.512107801437378 0.2 0.2 51 
-2.2241407871246337 0.003 0.001 0.9999637965645108 2e-05 3e-05 0.9999841587884085 1e-05 2e-05 4.512443322794778 0.2 0.2 1 
-2.2233613899775913 0.003 0.001 0.9999700273786273 2e-05 3e-05 0.9999300049883979 6e-05 0.0001 4.511501123223986 0.1 0.2 4 
-2.2223393201828 0.006 0.002 0.9999532920973642 3e-05 5e-05 0.9999359284128462 5e-05 6e-05 4.510231385912214 0.2 0.2 2 
-2.2241977385112217 0.003 0.001 0.9999803066253662 1e-05 2e-05 0.9999501845666341 5e-05 0.0001 4.511812933853695 0.1 0.1 37 
-2.2255711930138724 0.0002 0.0001 0.9999778662409101 4e-06 6e-06 0.9999958204371588 1e-06 6e-07 4.513141979490007 0.1 0.1 5 
-2.223388695716858 0.004 0.001 0.9999563159687178 1e-05 3e-05 0.9999763461095946 2e-05 7e-05 4.512692734173366 0.2 0.2 9 
-2.220886356489999 0.01 0.004 0.9999653354287148 2e-05 4e-05 0.9998149201273918 0.0002 0.0005 4.5104458349091665 0.2 0.2 46 
-2.223538957323347 0.007 0.002 0.9999613212687629 3e-05 0.0001 0.9999466898185866 5e-05 0.0003 4.511536266122546 0.2 0.2 56 
-2.220738182749067 0.005 0.003 0.9999566859432629 2e-05 7e-05 0.9998285282935415 0.0001 0.0002 4.509716471603938 0.2 0.2 60 
-2.2220065900257655 0.007 0.003 0.999964730654444 2e-05 2e-05 0.9998718772615706 0.0001 0.0002 4.510372722148896 0.2 0.2 6 
-2.2225037915366035 0.005 0.002 0.9999596250908716 3e-05 5e-05 0.9999431933675493 5e-05 8e-05 4.510320862701961 0.2 0.2 39 
