-2.2264465777079265 0.0004 0.0001 0.9999988482395807 9e-07 5e-06 0.9999980386098226 2e-06 9e-06 4.512020184199016 0.04 0.05 0 
-2.2264513969421387 0.0003 0.0001 0.9999989189704259 1e-06 6e-06 0.9999982766310374 2e-06 1e-05 4.512247924804687 0.05 0.06 1 
-2.2264123662312825 0.0003 0.0001 0.9999990584452947 9e-07 3e-06 0.999996790488561 2e-06 8e-06 4.5121878258387245 0.04 0.04 2 
-2.2264654858907065 0.0002 8e-05 0.9999990699688593 9e-07 3e-06 0.9999983729918798 1e-06 7e-06 4.512207763989767 0.04 0.04 3 
-2.226425886154175 0.0005 9e-05 0.9999988389015197 1e-06 3e-06 0.999997139175733 2e-06 6e-06 4.512137222290039 0.04 0.04 4 
-2.2264117844899496 0.0004 0.0001 0.9999988836050033 1e-06 4e-06 0.9999968614180883 2e-06 9e-06 4.512121046384175 0.04 0.04 5 
-2.2264296277364095 0.0001 0.0001 0.9999990530808767 8e-07 2e-06 0.9999983326594035 2e-06 7e-06 4.512166686058045 0.04 0.04 6 
-2.2264581966400145 0.0002 9e-05 0.9999990004301071 9e-07 2e-06 0.9999982055028279 2e-06 8e-06 4.512089502016703 0.06 0.05 7 
-2.22645943959554 0.0003 8e-05 0.9999988979101181 9e-07 3e-06 0.9999982966979345 2e-06 6e-06 4.512133596738179 0.04 0.04 8 
-2.226451206207275 0.0002 9e-05 0.9999990858634313 9e-07 2e-06 0.9999982315301895 2e-06 9e-06 4.512183814048767 0.05 0.05 9 
-2.226434580485026 0.0004 0.0001 0.9999988689025243 1e-06 3e-06 0.9999976839621861 2e-06 8e-06 4.512217574119568 0.04 0.05 10 
-2.2264410718282064 0.0002 8e-05 0.9999990373849869 1e-06 4e-06 0.9999973301092784 2e-06 8e-06 4.512190742492676 0.04 0.04 11 
-2.2264306640625 0.0004 0.0001 0.9999988772471746 1e-06 3e-06 0.9999978812535604 2e-06 6e-06 4.512051331202189 0.04 0.04 12 
-2.226431125005086 0.0004 8e-05 0.9999990632136663 9e-07 6e-06 0.999996963540713 2e-06 7e-06 4.512209308942159 0.04 0.03 13 
-2.2264636452992757 0.0002 8e-05 0.9999991112947464 9e-07 3e-06 0.9999983320633571 1e-06 5e-06 4.512144586245219 0.05 0.04 14 
-2.2264180088043215 0.0003 0.0001 0.9999988708893458 1e-06 3e-06 0.9999970191717148 2e-06 6e-06 4.5121851094563805 0.04 0.04 15 
-2.226406796773275 0.0003 0.0001 0.9999987653891246 1e-06 4e-06 0.9999967356522877 3e-06 2e-05 4.512181065877279 0.05 0.05 16 
-2.2264125537872315 0.0005 0.0001 0.9999990997711817 8e-07 2e-06 0.9999969800313314 3e-06 1e-05 4.512120912869771 0.04 0.04 17 
-2.2264583841959635 0.0003 9e-05 0.999998841881752 1e-06 3e-06 0.9999982208013535 2e-06 1e-05 4.512175590197245 0.04 0.04 18 
-2.22643648147583 0.0004 0.0001 0.9999990153312683 1e-06 3e-06 0.9999979442358017 2e-06 9e-06 4.512048749923706 0.05 0.05 19 
-2.226433623631795 0.0003 8e-05 0.9999989334742229 9e-07 3e-06 0.9999972067276637 2e-06 7e-06 4.5122596534093224 0.04 0.03 20 
-2.2264434560139974 0.0003 0.0001 0.9999989682435989 1e-06 3e-06 0.9999978550275167 2e-06 1e-05 4.512149701118469 0.05 0.06 21 
-2.2264337380727133 0.0003 0.0001 0.9999987723429998 1e-06 4e-06 0.9999978111187617 2e-06 9e-06 4.51229905128479 0.04 0.04 22 
-2.2264575068155925 0.0002 9e-05 0.9999988508224488 1e-06 3e-06 0.9999983201424281 2e-06 8e-06 4.5120751953125 0.05 0.05 23 
-2.2264245764414468 0.0003 0.0001 0.9999988486369451 1e-06 3e-06 0.9999971367915471 2e-06 1e-05 4.512018027305603 0.04 0.05 24 
-2.2264476267496747 0.0005 0.0001 0.9999989658594132 1e-06 3e-06 0.9999980247020721 2e-06 9e-06 4.512177540461223 0.05 0.05 25 
-2.2264172649383545 0.0003 0.0001 0.9999988514184952 9e-07 4e-06 0.9999968016147613 2e-06 7e-06 4.511964886983236 0.04 0.04 26 
-2.226459983189901 0.0002 8e-05 0.9999989777803421 1e-06 3e-06 0.9999983010689417 2e-06 8e-06 4.512271396319071 0.04 0.04 27 
-2.226455170313517 0.0003 9e-05 0.9999986875057221 1e-06 6e-06 0.9999980711936951 2e-06 1e-05 4.512312846183777 0.04 0.05 28 
-2.2264604028066 0.0003 8e-05 0.9999989753961563 9e-07 3e-06 0.9999982563654581 2e-06 7e-06 4.512261943817139 0.05 0.04 29 
-2.2264445209503174 0.0004 0.0001 0.9999989952643712 1e-06 5e-06 0.9999979533751806 2e-06 8e-06 4.512102365493774 0.05 0.04 30 
-2.226455748875936 0.0002 9e-05 0.9999989140033722 1e-06 2e-06 0.9999981697400411 2e-06 1e-05 4.512284166018168 0.04 0.05 31 
-2.226431935628255 0.0004 0.0001 0.9999989074468613 9e-07 3e-06 0.999997822244962 2e-06 8e-06 4.512317063013713 0.04 0.04 32 
-2.2264245764414468 0.0005 0.0001 0.9999989598989487 1e-06 4e-06 0.9999977002541224 2e-06 9e-06 4.5121624485651655 0.05 0.04 33 
-2.226438496907552 0.0002 0.0001 0.9999989638725917 9e-07 3e-06 0.9999978240331014 2e-06 9e-06 4.512159495353699 0.04 0.05 34 
-2.226446320215861 0.0002 0.0001 0.9999990733464559 8e-07 3e-06 0.9999980771541596 2e-06 8e-06 4.51212366104126 0.05 0.04 35 
-2.2264572270711263 0.0003 9e-05 0.9999989342689514 9e-07 4e-06 0.9999982549746831 2e-06 8e-06 4.512068607012431 0.05 0.05 36 
-2.2264393838246663 0.0002 0.0001 0.9999989600976308 9e-07 2e-06 0.9999979543685913 2e-06 8e-06 4.51199965318044 0.04 0.05 37 
-2.2264430554707846 0.0003 0.0001 0.9999989155928294 1e-06 3e-06 0.9999980652332305 2e-06 1e-05 4.512217353185018 0.06 0.05 38 
-2.2264513333638507 0.0003 9e-05 0.9999990856647492 9e-07 3e-06 0.9999980761607488 2e-06 1e-05 4.5121516466140745 0.05 0.04 39 
-2.2264348888397216 0.0002 8e-05 0.9999990099668503 9e-07 4e-06 0.9999971767266591 2e-06 6e-06 4.512185371716817 0.04 0.04 40 
-2.2264223194122312 0.0004 0.0001 0.9999989918867747 9e-07 4e-06 0.9999977177381516 2e-06 6e-06 4.512272442181905 0.04 0.05 41 
-2.226455488204956 0.0004 9e-05 0.9999988776445389 1e-06 4e-06 0.9999982154369355 2e-06 1e-05 4.512371478080749 0.04 0.05 42 
-2.2264550018310545 0.0002 9e-05 0.9999990431467692 9e-07 3e-06 0.9999982976913452 1e-06 9e-06 4.5122338517506915 0.05 0.04 43 
-2.2264512093861897 0.0003 9e-05 0.9999991007645925 9e-07 4e-06 0.9999981224536896 2e-06 6e-06 4.51222880045573 0.05 0.04 44 
-2.2263233629862467 0.0007 0.0002 0.9999990816911062 9e-07 4e-06 0.9999940119187037 6e-06 3e-05 4.512100478808085 0.05 0.05 45 
-2.226449054082235 0.0003 0.0001 0.9999990652004878 9e-07 2e-06 0.9999982156356175 2e-06 5e-06 4.512245852152507 0.04 0.04 46 
-2.2264439709981283 0.0003 0.0001 0.9999989535411199 1e-06 3e-06 0.999998073776563 2e-06 9e-06 4.512246348063151 0.06 0.05 47 
-2.226431334813436 0.0003 9e-05 0.9999989028771719 1e-06 3e-06 0.9999971779187521 2e-06 6e-06 4.512147245407104 0.03 0.04 48 
-2.2264485867818196 0.0002 9e-05 0.9999989736080169 1e-06 5e-06 0.9999982643127442 2e-06 6e-06 4.512102746963501 0.05 0.05 49 
-2.226461903254191 0.0002 8e-05 0.9999988573789597 1e-06 3e-06 0.9999984540541966 2e-06 9e-06 4.512147703170776 0.04 0.05 50 
-2.226318759918213 0.0008 0.0002 0.999999157389005 8e-07 4e-06 0.9999927421410878 7e-06 3e-05 4.512263669967651 0.05 0.05 51 
-2.226320053736369 0.0008 0.0002 0.9999991375207901 9e-07 3e-06 0.9999929386377334 6e-06 2e-05 4.512098043759664 0.05 0.05 52 
-2.2264527225494386 0.0003 9e-05 0.9999990693728129 9e-07 5e-06 0.9999981353680293 2e-06 8e-06 4.512122648557027 0.05 0.04 53 
-2.226453955968221 0.0003 8e-05 0.9999988981088003 1e-06 4e-06 0.999998286763827 1e-06 1e-05 4.512058606147766 0.04 0.05 54 
-2.2263013458251955 0.001 0.0002 0.9999988895654678 1e-06 6e-06 0.9999923741817475 7e-06 4e-05 4.512149540583293 0.06 0.06 55 
-2.2264376004536945 0.0002 0.0001 0.9999989106257756 1e-06 4e-06 0.9999978472789128 2e-06 7e-06 4.512217556635539 0.05 0.04 56 
-2.2264607683817546 0.0004 8e-05 0.9999988780419031 9e-07 3e-06 0.9999982974926631 2e-06 7e-06 4.512229159673055 0.04 0.06 57 
-2.226419932047526 0.0005 0.0001 0.9999988392988841 1e-06 4e-06 0.9999975804487864 2e-06 1e-05 4.512171901067098 0.04 0.05 58 
-2.226450916926066 0.0002 9e-05 0.9999990038077037 1e-06 4e-06 0.9999981892108917 2e-06 5e-06 4.512064900398254 0.05 0.05 59 
-2.226458387374878 0.0003 9e-05 0.9999990622202556 8e-07 3e-06 0.9999981959660847 2e-06 9e-06 4.512232515017192 0.04 0.04 60 
-2.226327107747396 0.0007 0.0002 0.9999991816282272 8e-07 2e-06 0.9999931170543035 6e-06 3e-05 4.512237335840861 0.06 0.05 61 
-2.2264397970835366 0.0003 0.0001 0.9999990483125051 1e-06 3e-06 0.9999978379408518 2e-06 9e-06 4.51226691087087 0.05 0.05 62 
-2.2264437294006347 0.0003 0.0001 0.9999990393718083 1e-06 4e-06 0.9999979974826178 2e-06 6e-06 4.512101888656616 0.04 0.04 63 
-2.2264123916625977 0.0003 0.0001 0.9999989501635234 9e-07 3e-06 0.9999968504905701 2e-06 7e-06 4.512129519780477 0.04 0.04 64 
-2.2264289697011312 0.0004 9e-05 0.9999989606936772 1e-06 3e-06 0.9999968791007996 2e-06 8e-06 4.512107529640198 0.05 0.04 65 
-2.2264459133148193 0.0004 0.0001 0.9999989867210388 1e-06 3e-06 0.9999980582793554 2e-06 8e-06 4.512007740338643 0.05 0.05 66 
-2.2263074048360187 0.001 0.0002 0.9999990749359131 9e-07 3e-06 0.9999923131863276 7e-06 4e-05 4.5121303590138755 0.06 0.06 67 
-2.226318976084391 0.0008 0.0002 0.9999989668528239 9e-07 5e-06 0.9999924621979396 7e-06 4e-05 4.512261401812236 0.05 0.05 68 
-2.226455097198486 0.0004 9e-05 0.9999990491072337 1e-06 2e-06 0.9999981961647669 2e-06 8e-06 4.512256331443787 0.04 0.05 69 
-2.22642383257548 0.0002 9e-05 0.9999988454580307 9e-07 3e-06 0.9999969096978506 2e-06 8e-06 4.5122436396280925 0.04 0.04 70 
-2.226446164449056 0.0003 0.0001 0.9999990024169286 9e-07 3e-06 0.9999981091419856 2e-06 9e-06 4.512213985125224 0.05 0.05 71 
-2.226435130437215 0.0003 0.0001 0.9999988619486491 1e-06 3e-06 0.9999979068835576 2e-06 8e-06 4.512154676119486 0.05 0.06 72 
-2.226451629002889 0.0003 9e-05 0.9999990586439769 9e-07 3e-06 0.9999981476863226 2e-06 1e-05 4.5122062794367475 0.04 0.05 73 
-2.22632287979126 0.0008 0.0002 0.9999992183844248 8e-07 3e-06 0.9999924957752228 7e-06 4e-05 4.512073189417521 0.04 0.05 74 
-2.226318448384603 0.0009 0.0002 0.9999991313616434 1e-06 4e-06 0.9999928357203801 6e-06 4e-05 4.512112135887146 0.05 0.05 75 
-2.226316394805908 0.0008 0.0002 0.9999991615613302 1e-06 4e-06 0.999992626508077 7e-06 4e-05 4.512085081736247 0.05 0.06 76 
-2.2264529514312743 0.0004 9e-05 0.9999989589055379 1e-06 3e-06 0.9999981274207433 2e-06 1e-05 4.512304595311483 0.05 0.04 77 
-2.226451031366984 0.0003 9e-05 0.9999990270535151 9e-07 3e-06 0.9999980131785074 2e-06 9e-06 4.512108647028605 0.05 0.05 78 
-2.226443945566813 0.0003 0.0001 0.9999987630049387 1e-06 4e-06 0.9999979571501414 2e-06 7e-06 4.51218158086141 0.05 0.04 79 
-2.2264578692118326 0.0003 8e-05 0.9999988905588786 1e-06 3e-06 0.9999982484181722 2e-06 8e-06 4.5122383753458655 0.04 0.05 80 
-2.2263169352213543 0.001 0.0002 0.9999990351994832 9e-07 3e-06 0.9999926314751307 7e-06 6e-05 4.5121712382634485 0.05 0.06 81 
-2.22643723487854 0.0004 0.0001 0.9999986352523168 1e-06 4e-06 0.9999980499347051 2e-06 6e-06 4.512266335487365 0.05 0.05 82 
-2.2263195578257244 0.0007 0.0002 0.9999991047382355 9e-07 4e-06 0.9999931075175603 6e-06 3e-05 4.512160906791687 0.06 0.06 83 
-2.2263226731618246 0.0009 0.0002 0.9999990357955297 1e-06 4e-06 0.9999928069114685 7e-06 3e-05 4.511997801462809 0.04 0.07 84 
-2.2264112345377605 0.0005 0.0001 0.9999990872542064 1e-06 2e-06 0.9999968810876211 2e-06 7e-06 4.512170344988505 0.04 0.04 85 
-2.226461585362752 0.0005 8e-05 0.9999989984432857 1e-06 3e-06 0.9999983960390091 1e-06 9e-06 4.512137382825216 0.05 0.06 86 
-2.226432596842448 0.0005 0.0001 0.9999989948670069 9e-07 3e-06 0.9999976535638173 2e-06 8e-06 4.512233901023865 0.05 0.04 87 
-2.2264634577433267 0.0001 8e-05 0.9999991053342819 9e-07 3e-06 0.99999833325545 1e-06 7e-06 4.512170629501343 0.04 0.04 88 
-2.2264601453145345 0.0003 8e-05 0.9999991834163666 8e-07 3e-06 0.9999982621272405 1e-06 6e-06 4.512178427378337 0.05 0.04 89 
-2.226447016398112 0.0003 9e-05 0.9999989197651545 1e-06 3e-06 0.9999980360269547 2e-06 8e-06 4.512196815808614 0.05 0.05 90 
-2.22646050453186 0.0003 9e-05 0.9999990862607956 8e-07 2e-06 0.9999983511368433 1e-06 9e-06 4.512101149559021 0.04 0.04 91 
-2.2264381631215415 0.0005 0.0001 0.9999988247950872 9e-07 2e-06 0.9999980419874192 2e-06 7e-06 4.512249946594238 0.04 0.05 92 
-2.2264380200703937 0.0003 0.0001 0.9999986841281255 1e-06 3e-06 0.9999979307254155 2e-06 8e-06 4.512368459701538 0.05 0.04 93 
-2.226439654032389 0.0004 0.0001 0.9999990862607956 9e-07 3e-06 0.9999980584780375 2e-06 6e-06 4.512129712104797 0.05 0.04 94 
-2.226461181640625 0.0002 8e-05 0.9999990781148275 8e-07 2e-06 0.999998375972112 2e-06 8e-06 4.512177391052246 0.05 0.04 95 
-2.2264440695444745 0.0005 0.0001 0.9999988391002019 9e-07 5e-06 0.999998052517573 2e-06 9e-06 4.512265493075053 0.05 0.06 96 
-2.226453644434611 0.0003 9e-05 0.9999988792339961 9e-07 3e-06 0.9999981135129928 2e-06 7e-06 4.512042487462361 0.05 0.05 97 
-2.2264443524678548 0.0003 0.0001 0.9999991212288538 8e-07 3e-06 0.99999813357989 2e-06 9e-06 4.512184513409933 0.04 0.05 98 
-2.2263153076171873 0.001 0.0002 0.9999990834792455 9e-07 5e-06 0.999993113676707 6e-06 4e-05 4.5121371459960935 0.06 0.06 99 
