-2.221788870493571 0.0002 0.0002 0.9999815251429875 2e-06 2e-06 0.9999507093429565 6e-06 7e-06 4.510542680422465 0.1 0.1 0 
-2.2239676411946614 0.007 0.002 0.9999792438745498 8e-06 2e-05 0.9999845908085505 1e-05 7e-05 4.511148002942403 0.2 0.2 1 
-2.2239722569783527 0.008 0.002 0.9999793859322866 8e-06 3e-05 0.9999812668561936 1e-05 8e-05 4.510802311897278 0.2 0.2 2 
-2.2240190283457437 0.008 0.002 0.9999904211362203 8e-06 3e-05 0.9999846490224202 1e-05 8e-05 4.5105901066462195 0.2 0.2 3 
-2.224123706817627 0.009 0.002 0.9999806421995163 7e-06 3e-05 0.9999854904413223 1e-05 9e-05 4.5107257493337 0.2 0.2 4 
-2.2221848869323733 0.0002 0.0002 0.99997154712677 2e-06 3e-06 0.9999510916074117 8e-06 9e-06 4.509598441123963 0.05 0.05 5 
-2.224104353586833 0.006 0.002 0.9999803362290064 7e-06 3e-05 0.9999855228265127 1e-05 0.0001 4.511147246360779 0.2 0.2 6 
-2.223963584899902 0.008 0.002 0.9999794183174769 8e-06 2e-05 0.9999850461880366 1e-05 9e-05 4.51078183333079 0.2 0.2 7 
-2.2240534114837645 0.008 0.002 0.9999908961852392 8e-06 4e-05 0.999981968998909 1e-05 0.0001 4.510687909126282 0.2 0.2 8 
-2.2144834772745767 0.0002 0.0001 0.9999568682909011 5e-06 7e-06 0.9999488286177317 1e-05 1e-05 4.505044685999552 0.07 0.07 9 
-2.224037996927897 0.006 0.002 0.9999799545605977 7e-06 2e-05 0.9999814244111379 1e-05 8e-05 4.510735195477803 0.2 0.2 10 
-2.2240791352589926 0.006 0.002 0.999990484515826 8e-06 2e-05 0.9999859541654587 1e-05 8e-05 4.511014747619629 0.2 0.2 11 
-2.224077580769857 0.005 0.002 0.9999912720918656 7e-06 3e-05 0.9999850310881933 1e-05 0.0001 4.511050135294596 0.2 0.2 12 
-2.214735848108927 0.001 0.0007 0.9999691547950109 8e-06 1e-05 0.9999520323673884 2e-05 2e-05 4.505325226783753 0.08 0.08 13 
-2.215524679819743 0.009 0.002 0.9998881804943085 9e-06 4e-05 0.9999696973959605 2e-05 0.0001 4.502599903742472 0.2 0.2 14 
-2.2241227595011392 0.007 0.002 0.9999795252084732 7e-06 3e-05 0.999985010822614 1e-05 0.0001 4.510700073242187 0.2 0.2 15 
-2.2147521209716796 0.001 0.0007 0.9999692469835282 8e-06 2e-05 0.9999515519539515 2e-05 2e-05 4.505306585629781 0.08 0.08 16 
-2.2240701325734458 0.007 0.002 0.9999902474880219 8e-06 2e-05 0.999985597928365 1e-05 6e-05 4.511078491210937 0.2 0.2 17 
-2.2241353098551433 0.007 0.002 0.9999921435117721 7e-06 3e-05 0.9999854383865993 1e-05 7e-05 4.510773636500041 0.2 0.2 18 
-2.224071127573649 0.007 0.002 0.9999907819430033 8e-06 3e-05 0.9999852879842123 1e-05 7e-05 4.510791049003601 0.2 0.2 19 
-2.2147170289357505 0.001 0.0008 0.9999686439832052 8e-06 2e-05 0.9999514683087667 2e-05 2e-05 4.5051982148488365 0.08 0.08 20 
-2.2240926806131998 0.007 0.002 0.9999906289577484 8e-06 3e-05 0.9999850819508235 1e-05 8e-05 4.511306891441345 0.2 0.2 21 
-2.2240142726898195 0.007 0.002 0.9999912609656652 8e-06 3e-05 0.9999845586220424 1e-05 0.0001 4.511231940587361 0.2 0.2 22 
-2.22400665918986 0.008 0.002 0.9999907265106837 8e-06 2e-05 0.9999810151259104 1e-05 0.0001 4.510802434285481 0.2 0.2 23 
-2.224167111714681 0.004 0.001 0.9999928539991378 4e-06 5e-06 0.9999853299061457 1e-05 0.0001 4.51096622467041 0.2 0.2 24 
-2.2215959390004474 0.0002 0.0002 0.9999803674221038 2e-06 2e-06 0.9999477905035019 6e-06 6e-06 4.510456892649333 0.1 0.09 25 
-2.2147379748026528 0.001 0.0007 0.9999691927433014 8e-06 2e-05 0.9999510465065639 2e-05 2e-05 4.505343289375305 0.08 0.08 26 
-2.224034484227498 0.008 0.002 0.9999784992138545 9e-06 3e-05 0.9999856140216191 1e-05 7e-05 4.511099580128987 0.2 0.2 27 
-2.2215729554494223 0.0002 0.0002 0.9999693445364635 2e-06 2e-06 0.99994784116745 7e-06 7e-06 4.510394293467204 0.1 0.09 28 
-2.2240616607666017 0.008 0.002 0.9999914622306824 8e-06 3e-05 0.9999812384446461 1e-05 8e-05 4.511135538419087 0.2 0.2 29 
-2.21455997467041 0.0003 0.0002 0.9999684888124466 6e-06 1e-05 0.9999473929405213 2e-05 2e-05 4.505210286776225 0.07 0.07 30 
-2.224169947306315 0.007 0.002 0.9999909396966299 8e-06 3e-05 0.9999863572915395 1e-05 7e-05 4.511087559064229 0.2 0.2 31 
-2.2239380645751954 0.007 0.002 0.9999788103501002 8e-06 2e-05 0.9999848163127899 1e-05 8e-05 4.51075433254242 0.2 0.2 32 
-2.2241733074188232 0.006 0.002 0.9999925220012664 6e-06 3e-05 0.9999861856301625 1e-05 9e-05 4.510583685239156 0.2 0.2 33 
-2.2240833981831867 0.006 0.002 0.9999909720818202 8e-06 2e-05 0.9999856142203013 1e-05 7e-05 4.510969476699829 0.2 0.2 34 
-2.2146809609731037 0.0008 0.0006 0.9999684292078018 7e-06 1e-05 0.9999509857098261 1e-05 2e-05 4.505242239634196 0.08 0.08 35 
-2.2146630318959555 0.0007 0.0005 0.9999682633082072 8e-06 1e-05 0.9999521877368291 1e-05 2e-05 4.505165395736694 0.08 0.08 36 
-2.2239905420939126 0.006 0.002 0.9999790926774342 8e-06 2e-05 0.9999815368652344 1e-05 0.0001 4.510483719507853 0.2 0.2 37 
-2.2240625127156575 0.007 0.002 0.9999884565671285 8e-06 2e-05 0.9999850509564082 1e-05 9e-05 4.511059800783793 0.2 0.2 38 
-2.223913615544637 0.007 0.002 0.9999741468826929 8e-06 2e-05 0.9999837460120519 1e-05 0.0001 4.511330444018046 0.2 0.2 39 
-2.2241287930806477 0.009 0.002 0.9999913281202316 8e-06 3e-05 0.9999857759475708 1e-05 7e-05 4.510738341013591 0.2 0.2 40 
-2.2241584237416587 0.008 0.002 0.9999912522236506 8e-06 3e-05 0.9999848266442617 1e-05 7e-05 4.5106805181503296 0.2 0.2 41 
-2.224097515741984 0.008 0.002 0.999978941877683 8e-06 4e-05 0.9999864993492762 1e-05 7e-05 4.511201626459758 0.2 0.2 42 
-2.2240246740976968 0.008 0.002 0.9999912800391515 8e-06 2e-05 0.9999813495079676 1e-05 9e-05 4.51087020556132 0.2 0.2 43 
-2.2241078058878583 0.009 0.002 0.9999908957878748 8e-06 3e-05 0.9999856756130854 1e-05 7e-05 4.511082188288371 0.2 0.2 44 
-2.2243268585205076 0.009 0.002 0.9999792687098186 8e-06 5e-05 0.9999854739507039 1e-05 8e-05 4.511266477902731 0.2 0.2 45 
-2.224045492808024 0.009 0.002 0.999991383155187 7e-06 3e-05 0.9999813902378082 1e-05 0.0001 4.510619524319966 0.2 0.2 46 
-2.2240363693237306 0.007 0.002 0.9999905174970627 8e-06 2e-05 0.9999844459692637 1e-05 7e-05 4.511067609786988 0.2 0.2 47 
-2.214529485702515 0.0004 0.0003 0.9999572519461314 6e-06 9e-06 0.9999484308560689 1e-05 2e-05 4.505127668380737 0.07 0.07 48 
-2.224132719039917 0.008 0.002 0.9999922374884288 7e-06 4e-05 0.9999853718280792 1e-05 0.0001 4.511612116495768 0.2 0.2 49 
-2.2240331395467123 0.008 0.002 0.9999919390678406 8e-06 2e-05 0.999981085062027 1e-05 7e-05 4.510804053942363 0.2 0.2 50 
-2.224042542775472 0.009 0.002 0.9999907157818476 8e-06 3e-05 0.9999849247932434 1e-05 7e-05 4.5112375577290855 0.2 0.2 51 
-2.2220258649190265 0.0003 0.0004 0.9999713673194249 3e-06 4e-06 0.9999569944540659 7e-06 8e-06 4.510690013567607 0.1 0.1 52 
-2.224463310241699 0.009 0.002 0.9999798411130905 8e-06 6e-05 0.99998681584994 1e-05 9e-05 4.510951280593872 0.2 0.2 53 
-2.2239990997314454 0.008 0.002 0.9999905119339625 8e-06 3e-05 0.9999848618110021 1e-05 0.0001 4.511092371940613 0.2 0.2 54 
-2.2240274937947593 0.006 0.002 0.9999906947215398 8e-06 3e-05 0.9999845717350642 1e-05 7e-05 4.510851966540018 0.2 0.2 55 
-2.2147168731689453 0.001 0.0007 0.9999570349852244 8e-06 2e-05 0.999951921304067 1e-05 2e-05 4.505344284375509 0.08 0.08 56 
-2.214536139170329 0.0003 0.0002 0.9999683097998301 5e-06 7e-06 0.9999488258361816 1e-05 2e-05 4.5051462920506795 0.07 0.06 57 
-2.224107036590576 0.008 0.002 0.9999922982851664 7e-06 2e-05 0.9999849092960358 1e-05 0.0001 4.511106648445129 0.2 0.2 58 
-2.2239496358235677 0.009 0.002 0.9999788349866867 9e-06 3e-05 0.9999843798081081 1e-05 9e-05 4.510634228388469 0.2 0.2 59 
-2.2241595872243245 0.006 0.002 0.9999913114309311 7e-06 4e-05 0.9999862052996953 1e-05 0.0001 4.5113379716873165 0.2 0.2 60 
-2.2146943855285643 0.0009 0.0006 0.9999682090679805 7e-06 1e-05 0.9999511635303497 2e-05 2e-05 4.505296408335368 0.08 0.08 61 
-2.2240305042266844 0.008 0.002 0.9999797224998475 8e-06 2e-05 0.9999847394227982 1e-05 7e-05 4.511067805290222 0.2 0.2 62 
-2.2147260411580403 0.001 0.0007 0.9999686141808828 8e-06 2e-05 0.9999513560533524 2e-05 2e-05 4.50533771832784 0.08 0.08 63 
-2.2240025838216146 0.007 0.002 0.9999910857280095 8e-06 2e-05 0.9999846971035004 1e-05 7e-05 4.511221639315287 0.2 0.2 64 
-2.2241046619415283 0.007 0.002 0.9999912850062053 7e-06 3e-05 0.999985430041949 1e-05 9e-05 4.510739259719848 0.2 0.2 65 
-2.2240645758310955 0.01 0.002 0.9999903682867686 8e-06 3e-05 0.9999816554784775 1e-05 9e-05 4.51070999622345 0.2 0.2 66 
-2.2241784858703615 0.006 0.002 0.9999910612901052 7e-06 4e-05 0.999986379345258 1e-05 7e-05 4.510853074391683 0.2 0.2 67 
-2.2240863450368247 0.007 0.002 0.999980179866155 7e-06 2e-05 0.9999858117103577 1e-05 0.0001 4.510953714052836 0.2 0.2 68 
-2.2146548811594644 0.0007 0.0006 0.9999682849645615 7e-06 1e-05 0.9999516822894414 1e-05 2e-05 4.505359032948812 0.08 0.08 69 
-2.2239809958140055 0.007 0.002 0.9999795496463776 8e-06 2e-05 0.9999841763575872 1e-05 7e-05 4.511047995885213 0.2 0.2 70 
-2.224045600891113 0.008 0.002 0.9999910167853038 8e-06 3e-05 0.9999847580989202 1e-05 0.0001 4.510716864267985 0.2 0.2 71 
-2.224069455464681 0.007 0.002 0.9999810016155243 7e-06 3e-05 0.9999849643309912 1e-05 7e-05 4.510838669141133 0.2 0.2 72 
-2.2144438489278158 0.0002 0.0002 0.9999563213189443 5e-06 7e-06 0.9999482142925262 1e-05 1e-05 4.5051131455103555 0.06 0.06 73 
-2.224054339726766 0.009 0.002 0.999990962545077 8e-06 3e-05 0.9999849565823873 1e-05 8e-05 4.510724430084228 0.2 0.2 74 
-2.224116144180298 0.008 0.002 0.9999796688556671 8e-06 3e-05 0.9999865482250849 1e-05 0.0001 4.510653827985128 0.2 0.2 75 
-2.214695784250895 0.001 0.0008 0.9999571442604065 8e-06 2e-05 0.9999508100748062 2e-05 2e-05 4.505272485415141 0.08 0.08 76 
-2.222119363149007 0.0003 0.0004 0.9999833265940349 2e-06 4e-06 0.9999576892455418 7e-06 7e-06 4.510765307744344 0.1 0.1 77 
-2.2239754231770834 0.008 0.002 0.9999784819285075 8e-06 2e-05 0.9999844602743785 1e-05 7e-05 4.510828329722087 0.2 0.2 78 
-2.223898579279582 0.007 0.002 0.9999786369005839 8e-06 2e-05 0.9999798637628555 1e-05 0.0001 4.510432686805725 0.2 0.2 79 
-2.214533046086629 0.0003 0.0002 0.9999565321207047 6e-06 8e-06 0.9999490505456925 1e-05 2e-05 4.505319617589315 0.07 0.07 80 
-2.2147370529174806 0.001 0.0006 0.999968386888504 8e-06 2e-05 0.9999514164527258 2e-05 2e-05 4.505331962903341 0.08 0.08 81 
-2.2240424791971845 0.009 0.002 0.9999900501966477 8e-06 4e-05 0.9999799591302871 1e-05 8e-05 4.510833853085836 0.2 0.2 82 
-2.2240638542175293 0.01 0.002 0.9999911220868428 8e-06 3e-05 0.9999848421414693 1e-05 7e-05 4.511033485730489 0.2 0.2 83 
-2.2239581616719564 0.007 0.002 0.9999903790156046 8e-06 2e-05 0.9999840197960536 1e-05 7e-05 4.51080696105957 0.2 0.2 84 
-2.2239591312408447 0.005 0.002 0.9999899411201477 7e-06 9e-06 0.999985230366389 1e-05 8e-05 4.510950967470805 0.2 0.2 85 
-2.2240591208140055 0.006 0.002 0.9999918391307195 7e-06 2e-05 0.9999845826625824 1e-05 0.0001 4.511121414502462 0.2 0.2 86 
-2.2215575822194418 0.0002 0.0002 0.9999694164594014 2e-06 3e-06 0.9999496350685756 6e-06 6e-06 4.510326256752014 0.1 0.1 87 
-2.2215817610422772 0.0002 0.0002 0.9999684731165568 2e-06 3e-06 0.9999496102333069 7e-06 7e-06 4.510506666501363 0.1 0.1 88 
-2.221630210876465 0.0002 0.0002 0.9999802378813426 2e-06 2e-06 0.9999498927593231 6e-06 6e-06 4.510451629956563 0.1 0.1 89 
-2.224116115570068 0.008 0.002 0.9999924157063166 7e-06 3e-05 0.9999847561120987 1e-05 0.0001 4.511239088376363 0.2 0.2 90 
-2.2240695635477703 0.007 0.002 0.9999800244967143 8e-06 3e-05 0.9999855023622513 1e-05 0.0001 4.511264847119649 0.2 0.2 91 
-2.105917698542277 0.003 0.001 0.999603883822759 5e-05 8e-05 0.9939903442064921 0.0003 0.0004 4.435349636077881 0.1 0.1 92 
-2.214723866780599 0.001 0.0007 0.999968740940094 8e-06 2e-05 0.9999519256750743 1e-05 2e-05 4.505247666041057 0.08 0.08 93 
-2.2240086778004966 0.01 0.002 0.9999800342321395 8e-06 3e-05 0.9999811532100041 1e-05 8e-05 4.51097869237264 0.2 0.2 94 
-2.214564905166626 0.0004 0.0003 0.9999687057733536 6e-06 1e-05 0.9999484211206436 1e-05 2e-05 4.50521627108256 0.07 0.07 95 
-2.214550387064616 0.0004 0.0003 0.9999684176842372 6e-06 1e-05 0.9999486402670542 1e-05 2e-05 4.50523295879364 0.07 0.07 96 
-2.214745184580485 0.0008 0.0006 0.9999688138564428 7e-06 1e-05 0.9999513282378515 2e-05 2e-05 4.505283149083455 0.08 0.08 97 
-2.214738680521647 0.001 0.0007 0.9999692110220592 8e-06 2e-05 0.9999516580502192 1e-05 2e-05 4.5052078358332315 0.08 0.08 98 
-2.224075969060262 0.007 0.002 0.9999919837713241 7e-06 3e-05 0.999981362024943 1e-05 0.0001 4.510643776257833 0.2 0.2 99 
