-2.223447519938151 0.0008 0.0004 0.9997172729174296 8e-06 1e-05 0.9999849311510722 6e-06 3e-05 4.518011112213134 0.1 0.1 1 
-1.7264939657847087 0.004 0.002 0.9951351036628088 0.0005 0.0004 0.9643735899527868 0.0004 0.0003 4.051399790445964 0.1 0.1 2 
-2.2245709546407064 0.002 0.0009 0.9999492953221003 6e-06 2e-05 0.9999820890029272 1e-05 5e-05 4.512050897280375 0.1 0.2 3 
-2.2238149356842043 0.01 0.002 0.9999523695309956 9e-06 3e-05 0.999974856376648 2e-05 0.0003 4.5122669331232705 0.2 0.3 4 
-2.2231409835815428 0.005 0.002 0.9998508222897847 2e-05 6e-05 0.9999446320533752 5e-05 0.0002 4.51269347190857 0.2 0.2 5 
-2.221784321467082 0.009 0.002 0.9995995297034581 2e-05 0.0001 0.999226309855779 5e-05 0.0003 4.5245948441823325 0.2 0.2 6 
-2.2235791937510174 0.0005 0.0003 0.9998855350414911 1e-06 1e-06 0.9999841672182083 3e-06 9e-06 4.512647536595662 0.1 0.1 7 
-1.7244438807169595 0.001 0.001 0.994945108294487 0.0004 0.0005 0.9643348145484925 0.0004 0.0005 4.043370456695556 0.2 0.2 8 
-2.2240454641977947 0.004 0.002 0.9999354447921117 8e-06 2e-05 0.9999422856171926 4e-05 0.0002 4.512852431933085 0.2 0.2 10 
-2.2240726566314697 0.008 0.002 0.9999445122480393 1e-05 5e-05 0.9999798655509948 2e-05 0.0001 4.512684400876363 0.2 0.2 11 
-2.208161277770996 0.001 0.0005 0.9968224114179611 5e-05 5e-05 0.9999295717477799 1e-05 4e-05 4.567455142339071 0.1 0.2 12 
-2.135263786315918 0.01 0.003 0.9998270316918692 5e-05 0.0002 0.9949774358669917 7e-05 0.0002 4.444346028963725 0.2 0.2 13 
-2.223833128611247 0.008 0.002 0.9999413778384526 1e-05 4e-05 0.9999854562679926 1e-05 3e-05 4.512407700220744 0.2 0.2 15 
-2.2246795495351157 0.003 0.001 0.9999765584866206 5e-06 2e-05 0.9999858156840007 1e-05 6e-05 4.511827282905578 0.2 0.2 16 
-2.2225910949707033 0.006 0.002 0.9997212300697963 1e-05 3e-05 0.9999115041891734 4e-05 0.0002 4.51775652885437 0.2 0.2 18 
-2.1282941182454427 0.001 0.0008 0.999683984319369 8e-05 9e-05 0.9949540883302689 5e-05 7e-05 4.436584067344666 0.1 0.1 21 
-2.22420698483785 0.005 0.002 0.9999363895257314 9e-06 5e-05 0.9999360265334447 1e-05 0.0001 4.511222419738769 0.2 0.2 22 
-2.2227110417683917 0.007 0.002 0.9996662561098735 1e-05 8e-05 0.9990369304021199 3e-05 0.0003 4.523226731618245 0.2 0.2 23 
-2.22157213528951 0.002 0.0007 0.9995780297120412 1e-05 1e-05 0.9999731789032619 1e-05 6e-05 4.518865971565247 0.2 0.2 24 
-2.2239853668212892 0.002 0.0007 0.9999562348922094 2e-06 4e-06 0.9999827800194422 1e-05 5e-05 4.5119105847676595 0.1 0.1 25 
-2.223951400121053 0.01 0.002 0.9999296335379283 8e-06 5e-05 0.9999746092160543 2e-05 0.0002 4.512502395311992 0.2 0.2 26 
-2.2220599365234377 0.002 0.001 0.9997081079085668 1e-05 3e-05 0.999977376461029 1e-05 3e-05 4.517071167627971 0.1 0.1 27 
-2.222429844538371 0.006 0.002 0.9996973447004954 1e-05 3e-05 0.9999773933490117 1e-05 0.0001 4.517820272445679 0.2 0.2 28 
-2.2241596539815265 0.006 0.002 0.9998709921042125 1e-05 4e-05 0.9999760820468266 1e-05 9e-05 4.514524064064026 0.2 0.2 31 
-2.2245769691467285 0.007 0.001 0.9999227521816889 6e-06 3e-05 0.9999754999081294 1e-05 8e-05 4.513039407730102 0.2 0.2 35 
-2.2230044746398927 0.001 0.0005 0.9997165828943253 8e-06 1e-05 0.9999784082174301 9e-06 4e-05 4.517951436042786 0.2 0.2 36 
-2.223259890874227 0.006 0.002 0.9997570802768071 1e-05 3e-05 0.9999722870190938 1e-05 7e-05 4.517464440663655 0.2 0.2 38 
-2.2243828773498535 0.0007 0.0005 0.9999259948730469 3e-06 5e-06 0.9999862408638001 6e-06 2e-05 4.513045854568482 0.1 0.1 39 
-2.223491252263387 0.003 0.001 0.9997545659542084 1e-05 3e-05 0.9999791739384333 1e-05 4e-05 4.5175384442011515 0.1 0.2 40 
-2.221012242635091 0.002 0.001 0.9995770788192749 1e-05 1e-05 0.9999714903036754 1e-05 4e-05 4.518861707051595 0.1 0.2 42 
-2.2249331347147625 0.003 0.001 0.9999807421366373 6e-06 2e-05 0.9999708716074626 2e-05 9e-05 4.511479849815369 0.1 0.1 43 
-2.2213318061828615 0.008 0.002 0.9995319404204687 2e-05 2e-05 0.9999464716513952 2e-05 0.0005 4.521955847740173 0.2 0.2 44 
-2.2204438940684 0.005 0.002 0.9993637138605118 2e-05 6e-05 0.9999675261974335 1e-05 0.0002 4.523565514882406 0.2 0.2 45 
-2.223306309382121 0.007 0.002 0.9999313851197561 1e-05 3e-05 0.9999560606479645 2e-05 9e-05 4.512884473800659 0.2 0.2 47 
-2.2230437278747557 0.005 0.002 0.9998019844293594 9e-06 2e-05 0.999893026749293 1e-05 0.0001 4.51593018690745 0.2 0.2 50 
-2.224393539428711 0.001 0.0005 0.9999455293019612 2e-06 3e-06 0.9999821468194325 6e-06 3e-05 4.512744423548381 0.1 0.1 53 
-2.2232530021667483 0.001 0.001 0.9998644417524338 6e-06 9e-06 0.9997863105932872 2e-05 7e-05 4.514518302281697 0.1 0.2 54 
-2.224051907857259 0.003 0.0008 0.9998945568005244 6e-06 2e-05 0.9999850499629974 1e-05 9e-05 4.513228934605916 0.2 0.2 56 
-2.224130376180013 0.001 0.0004 0.9998767580588659 6e-06 8e-06 0.9999892395734787 7e-06 4e-05 4.515036559104919 0.1 0.2 57 
-2.133139489491781 0.007 0.002 0.9996042150259018 6e-05 0.0002 0.9949819179375966 6e-05 0.0001 4.448742553393046 0.2 0.2 59 
-2.2218683179219565 0.002 0.0006 0.9994742862383524 2e-05 2e-05 0.9999791087706884 9e-06 5e-05 4.523296737670899 0.1 0.2 60 
-2.223687728246053 0.006 0.002 0.9998840556542079 2e-05 8e-05 0.999953288435936 4e-05 0.0002 4.513833996454875 0.2 0.2 62 
-2.1350694465637208 0.008 0.003 0.9998364120721817 6e-05 0.0002 0.9949813814957936 6e-05 0.0002 4.443830205599467 0.2 0.2 63 
-2.2248737557729084 0.003 0.0006 0.9999631279706955 3e-06 1e-05 0.9999883633852005 9e-06 7e-05 4.511928631464641 0.2 0.2 67 
-2.2229021263122557 0.002 0.0008 0.9999238622188568 1e-05 2e-05 0.9999360068639119 1e-05 1e-05 4.513125866254171 0.2 0.2 69 
-2.2240343634287516 0.007 0.002 0.9999214967091878 2e-05 0.0001 0.9999350849787394 4e-05 0.0002 4.512272863388062 0.2 0.2 70 
-2.2243428579966227 0.001 0.0005 0.9999585308631261 1e-06 2e-06 0.9999849271774292 6e-06 3e-05 4.511776450475057 0.1 0.1 72 
-2.220598201751709 0.002 0.0009 0.9995727876822154 1e-05 1e-05 0.9992447191476822 3e-05 0.0001 4.5239059432347615 0.2 0.2 74 
-2.2240679391225178 0.003 0.001 0.9999022128184637 8e-06 2e-05 0.9999823455015818 1e-05 5e-05 4.514577886263529 0.2 0.2 75 
-2.2244782861073813 0.0008 0.0005 0.9999499740203222 4e-06 5e-06 0.9999865045150121 7e-06 3e-05 4.511858452161153 0.1 0.1 76 
-2.2220300515492757 0.002 0.001 0.9998730166753134 6e-06 1e-05 0.9999430467685063 3e-05 0.0001 4.51143976688385 0.2 0.2 78 
-2.2238960138956707 0.002 0.0009 0.9997932428121566 9e-06 2e-05 0.9999806582927704 1e-05 5e-05 4.517237982749939 0.1 0.1 80 
-2.2237468783060708 0.006 0.002 0.9999193849166235 1e-05 5e-05 0.9999576793114344 4e-05 0.0002 4.512806000709534 0.2 0.2 81 
-2.2213696161905925 0.008 0.002 0.9994706736008326 2e-05 4e-05 0.9999463435014089 4e-05 0.0002 4.522872053782145 0.2 0.2 82 
-2.2234906069437663 0.005 0.001 0.9998806550105412 1e-05 3e-05 0.9999449620644252 3e-05 0.0001 4.514821378389994 0.2 0.2 84 
-2.224177207946777 0.001 0.0006 0.9999349892139435 3e-06 2e-05 0.999983119169871 9e-06 3e-05 4.511707849502564 0.1 0.1 86 
-2.2210997041066487 0.005 0.002 0.9995521475871404 2e-05 5e-05 0.9995671339829763 5e-05 0.0002 4.5211204226811725 0.2 0.2 87 
-2.223960698445638 0.001 0.0005 0.9999075734615326 4e-06 4e-06 0.9999836713075638 7e-06 2e-05 4.512870901425679 0.1 0.1 88 
-2.2244853178660073 0.003 0.001 0.9999825791517893 6e-06 2e-05 0.9999648253122966 3e-05 0.0001 4.51098106543223 0.2 0.2 89 
-2.222699867884318 0.003 0.001 0.9998570575316748 6e-06 1e-05 0.9999803618590037 1e-05 8e-05 4.512348392804464 0.2 0.2 91 
-2.224422057469686 0.001 0.0005 0.9999361902475357 4e-06 1e-05 0.9999852567911148 8e-06 5e-05 4.512138447761536 0.1 0.1 92 
-2.2240098158518475 0.004 0.002 0.9998934270938238 6e-06 3e-05 0.9999674930175145 1e-05 0.0001 4.514623084068298 0.2 0.2 94 
-2.224758389790853 0.006 0.002 0.9999620185295741 8e-06 5e-05 0.9999859203894933 1e-05 7e-05 4.5117226489384965 0.2 0.2 95 
-2.2245198917388915 0.002 0.0007 0.9999721318483352 3e-06 3e-06 0.9999848026037216 1e-05 4e-05 4.511890015602112 0.2 0.2 96 
-2.222579908370972 0.0007 0.0005 0.9998740935325623 4e-06 5e-06 0.999986866315206 6e-06 2e-05 4.5117124080657955 0.1 0.1 97 
-2.22377059618632 0.009 0.002 0.9999713657299677 2e-05 0.0001 0.9999549770355225 4e-05 0.0003 4.511021846135457 0.2 0.2 98 
