-2.225659591811044 0.0008 0.0004 0.9999958308679717 2e-06 4e-06 0.9999851876071522 9e-06 3e-05 4.512018949644906 0.1 0.1 30 
-2.225787796292986 0.001 0.0005 0.9999965301581791 3e-06 1e-05 0.9999871437038694 9e-06 3e-05 4.5120955160685945 0.1 0.1 26 
-2.225690681593759 0.0006 0.0004 0.999996340061937 2e-06 3e-06 0.9999873465725354 9e-06 3e-05 4.511923798492977 0.09 0.09 53 
-2.2256442206246514 0.002 0.0005 0.9999961823225021 2e-06 4e-06 0.9999854358179229 1e-05 7e-05 4.511936318874359 0.1 0.1 32 
-2.225793480873108 0.001 0.0005 0.9999967492052487 2e-06 9e-06 0.9999832534364291 9e-06 3e-05 4.511740750925881 0.1 0.1 11 
-2.2256654637200493 0.0005 0.0004 0.9999959966966084 2e-06 4e-06 0.9999871549861772 8e-06 2e-05 4.511970024449485 0.09 0.09 58 
-2.2256790297372 0.0006 0.0003 0.9999959945678711 2e-06 3e-06 0.9999873548746109 8e-06 2e-05 4.512303302969252 0.1 0.09 43 
-2.2258080550602504 0.002 0.0005 0.9999964590583529 3e-06 2e-05 0.9999870049101965 8e-06 3e-05 4.511837497779301 0.09 0.1 5 
-2.225691206114633 0.0009 0.0004 0.999996126123837 1e-06 3e-06 0.9999870953815324 8e-06 3e-05 4.5116842099598475 0.1 0.1 54 
-2.225646553720747 0.0005 0.0003 0.999995916230338 2e-06 3e-06 0.9999871498772076 9e-06 2e-05 4.511797978196825 0.09 0.09 55 
-2.2257671526500156 0.001 0.0006 0.9999963894486428 3e-06 1e-05 0.9999870764357703 9e-06 3e-05 4.512052503653935 0.1 0.1 21 
-2.225665582929339 0.0009 0.0004 0.999996233199324 2e-06 3e-06 0.9999860567705972 9e-06 3e-05 4.512360458714621 0.1 0.1 38 
-2.2256711789539882 0.0007 0.0004 0.9999961391091347 2e-06 3e-06 0.9999860484685217 9e-06 3e-05 4.51202437537057 0.1 0.1 57 
-2.2256492035729543 0.0007 0.0004 0.9999956284250532 2e-06 4e-06 0.9999874862177032 8e-06 2e-05 4.512210765906743 0.1 0.1 37 
-2.2257022312709265 0.0007 0.0004 0.9999962400112833 1e-06 3e-06 0.9999875788177762 9e-06 3e-05 4.512047774451119 0.1 0.1 46 
-2.225803225381034 0.002 0.0006 0.9999967939087323 3e-06 7e-06 0.9999859982303211 9e-06 6e-05 4.511991138117654 0.1 0.1 12 
-2.2258138588496617 0.002 0.0005 0.9999968000820705 2e-06 1e-05 0.9999876618385315 9e-06 5e-05 4.511886160714286 0.1 0.1 6 
-2.2256784677505492 0.0007 0.0004 0.9999958808932986 2e-06 3e-06 0.9999874266130584 9e-06 3e-05 4.512343006474631 0.1 0.1 49 
-2.2256225960595266 0.0006 0.0004 0.9999954504626137 2e-06 4e-06 0.9999868733542306 9e-06 2e-05 4.512338445867811 0.1 0.1 52 
-2.225687302861895 0.003 0.0007 0.9999955647758075 4e-06 2e-05 0.9999875217676163 1e-05 6e-05 4.512092738492148 0.1 0.1 15 
-2.2256752593176707 0.0007 0.0004 0.9999960135136332 2e-06 3e-06 0.9999874112861497 9e-06 3e-05 4.512158639090401 0.09 0.1 47 
-2.2256615945271085 0.0005 0.0004 0.9999959283641406 2e-06 3e-06 0.9999868952802249 9e-06 3e-05 4.511650308540889 0.09 0.09 42 
-2.2256821291787285 0.001 0.0005 0.9999964707664081 2e-06 5e-06 0.999986141707216 1e-05 6e-05 4.511816435200828 0.1 0.1 33 
-2.225643335069929 0.001 0.0006 0.9999965052519526 2e-06 8e-06 0.9999838626810482 1e-05 5e-05 4.511798289843968 0.1 0.1 44 
-2.225658140863691 0.0005 0.0003 0.9999961812581335 2e-06 3e-06 0.9999864571860858 9e-06 2e-05 4.512000335965838 0.09 0.09 50 
-2.225573113986424 0.0005 0.0003 0.9999946575079646 2e-06 4e-06 0.9999858030251094 9e-06 2e-05 4.5122771160943165 0.1 0.1 24 
-2.2257816961833408 0.001 0.0005 0.9999965752874101 2e-06 8e-06 0.999988160601684 9e-06 4e-05 4.511747058800289 0.1 0.1 7 
-2.225804771695818 0.001 0.0005 0.9999966410653932 3e-06 2e-05 0.9999881525124822 9e-06 4e-05 4.512068230765206 0.1 0.09 2 
-2.225829686437334 0.0009 0.0005 0.9999971400414195 2e-06 5e-06 0.999983723461628 9e-06 4e-05 4.5119030475616455 0.1 0.1 23 
-2.225643542834691 0.0005 0.0004 0.9999960482120513 2e-06 3e-06 0.9999866240790912 9e-06 2e-05 4.511818352767399 0.09 0.09 45 
-2.2256586858204432 0.0005 0.0003 0.9999960424644606 2e-06 3e-06 0.9999874921781676 8e-06 2e-05 4.511610977990287 0.09 0.09 34 
-2.2255187920161656 0.0005 0.0003 0.9999946392008237 2e-06 4e-06 0.9999860318643706 8e-06 2e-05 4.512350986685072 0.09 0.09 59 
-2.225621373312814 0.0006 0.0004 0.9999956678066935 2e-06 4e-06 0.9999848238059452 9e-06 3e-05 4.512019973141807 0.09 0.09 51 
-2.225657442637852 0.0005 0.0003 0.9999960064888 2e-06 3e-06 0.9999863594770432 9e-06 2e-05 4.512017069544111 0.09 0.09 41 
-2.2256703070231847 0.0007 0.0004 0.9999960775886263 2e-06 3e-06 0.9999861059444292 9e-06 3e-05 4.511779342378889 0.1 0.1 35 
-2.2256495203290667 0.002 0.0005 0.9999958674822534 2e-06 3e-06 0.999986176618508 1e-05 5e-05 4.5121303626469205 0.1 0.1 31 
-2.225622967311314 0.0005 0.0004 0.9999957352876663 2e-06 4e-06 0.9999860422951835 9e-06 2e-05 4.511970617089953 0.09 0.09 60 
-2.2256648812975204 0.0005 0.0003 0.9999958815319198 2e-06 3e-06 0.9999871187976428 8e-06 2e-05 4.511990909917014 0.09 0.09 40 
-2.2256512471607754 0.0004 0.0003 0.9999960328851427 2e-06 3e-06 0.9999873480626515 8e-06 2e-05 4.5122806634221755 0.09 0.09 48 
-2.225660388810294 0.0006 0.0004 0.9999960931284088 2e-06 3e-06 0.9999865508505277 9e-06 3e-05 4.512001848220825 0.1 0.1 56 
-2.225696315084185 0.002 0.0005 0.9999962719423431 2e-06 3e-06 0.9999863283974784 9e-06 5e-05 4.512123012542725 0.1 0.1 39 
-2.2256299665996004 0.0006 0.0004 0.9999954562102046 2e-06 3e-06 0.9999860329287392 9e-06 2e-05 4.5123838663101195 0.1 0.1 36 
