-2.2259769344329836 0.0004 0.0002 0.9999899246295293 7e-06 1e-05 0.999997117916743 2e-06 5e-06 4.511946880022685 0.08 0.08 0 
-2.2259815629323323 0.0003 0.0002 0.9999888024727503 9e-06 9e-06 0.9999968669811885 2e-06 6e-06 4.511835929552714 0.07 0.07 1 
-2.2260178089141847 0.0004 0.0002 0.9999910519520442 7e-06 1e-05 0.9999974944194158 2e-06 4e-06 4.511913673082987 0.08 0.08 2 
144.51148986816406 3 
-2.226007299423218 0.0004 0.0002 0.9999906977017721 7e-06 1e-05 0.999997063477834 2e-06 4e-06 4.511801347732544 0.08 0.08 4 
-2.226001609166463 0.0005 0.0002 0.9999901111920675 8e-06 1e-05 0.9999974505106608 2e-06 4e-06 4.512015221913655 0.09 0.09 5 
-2.225967321395874 0.0005 0.0002 0.9999899927775066 8e-06 1e-05 0.9999968711535135 2e-06 5e-06 4.511963701248169 0.08 0.08 6 
-2.225987517038981 0.0005 0.0002 0.999990485906601 7e-06 1e-05 0.9999972202380498 2e-06 4e-06 4.51183069229126 0.08 0.08 7 
170.29961242675782 8 
-2.2260000801086424 0.0006 0.0002 0.9999903929233551 8e-06 1e-05 0.9999973766009013 2e-06 4e-06 4.511898187001546 0.09 0.09 9 
-2.2259631093343097 0.0007 0.0003 0.9999895544846853 8e-06 1e-05 0.999996918241183 2e-06 5e-06 4.511769593556722 0.1 0.1 10 
-2.2259784921010337 0.0004 0.0002 0.9999886471033096 9e-06 9e-06 0.9999967507521311 2e-06 6e-06 4.5119731299082435 0.07 0.07 11 
-2.2259440485636395 0.0005 0.0003 0.999989290436109 8e-06 1e-05 0.9999969559907913 2e-06 5e-06 4.511998041470846 0.08 0.08 12 
-2.2259848976135252 0.0004 0.0002 0.9999902361631393 7e-06 1e-05 0.9999974588553111 2e-06 4e-06 4.511959625879924 0.08 0.08 13 
-2.225973377227783 0.0004 0.0002 0.9999887812137603 9e-06 1e-05 0.9999968089660008 2e-06 9e-06 4.51205723285675 0.07 0.07 14 
-2.225956881841024 0.0005 0.0003 0.9999896570046742 8e-06 1e-05 0.9999969673156738 2e-06 5e-06 4.511822967529297 0.09 0.09 15 
324.6527038574219 16 
10335312.4 17 
-2.225974915822347 0.0004 0.0002 0.9999897142251333 8e-06 1e-05 0.9999971491098404 2e-06 5e-06 4.511984219551087 0.08 0.08 18 
-2.226032279332479 0.0003 0.0002 0.9999892727533977 7e-06 9e-06 0.9999973885218303 2e-06 5e-06 4.512074548403422 0.07 0.07 19 
-2.225977554321289 0.0006 0.0002 0.9999899325768152 8e-06 1e-05 0.9999970155954361 2e-06 4e-06 4.511849910418192 0.09 0.09 20 
-2.2259566752115885 0.0006 0.0002 0.999989374478658 8e-06 1e-05 0.9999969190359116 2e-06 6e-06 4.511820697784424 0.09 0.09 21 
144.57239685058593 22 
-2.2259691270192463 0.0004 0.0002 0.9999880570173264 9e-06 1e-05 0.9999967231353124 2e-06 7e-06 4.511863840421041 0.07 0.07 23 
-2.2259741465250653 0.0005 0.0002 0.9999901036421458 8e-06 1e-05 0.9999967823425929 2e-06 6e-06 4.511921079953511 0.08 0.08 24 
-2.225956497192383 0.0006 0.0003 0.9999894718329112 9e-06 1e-05 0.9999970602989197 2e-06 5e-06 4.512119391759237 0.09 0.09 25 
-2.225992285410563 0.0004 0.0002 0.9999902071555455 7e-06 1e-05 0.9999970902999242 2e-06 5e-06 4.511921076774597 0.08 0.08 26 
-2.225984853108724 0.0006 0.0002 0.9999900762240092 7e-06 1e-05 0.9999970877170563 2e-06 5e-06 4.51182434240977 0.08 0.08 27 
-2.225996306737264 0.0005 0.0002 0.9999904270966847 7e-06 1e-05 0.999997119307518 2e-06 5e-06 4.5121708536148075 0.08 0.08 28 
-2.2259825611114503 0.0005 0.0003 0.9999899605909983 7e-06 1e-05 0.999997039437294 2e-06 5e-06 4.511872448921204 0.08 0.08 29 
-2.2259815406799315 0.0004 0.0002 0.9999903855721156 8e-06 1e-05 0.9999973773956299 2e-06 4e-06 4.512026777267456 0.08 0.08 30 
-2.2259936237335207 0.0004 0.0002 0.9999903651078542 7e-06 1e-05 0.9999972252051036 2e-06 4e-06 4.511862856547038 0.08 0.08 31 
-2.226043237050374 0.0003 0.0002 0.9999901896715164 8e-06 8e-06 0.9999974366029104 2e-06 3e-06 4.512001705169678 0.07 0.07 32 
-2.2259465630849204 0.0003 0.0002 0.9999882803360621 9e-06 1e-05 0.9999968377749126 2e-06 7e-06 4.511935455004374 0.07 0.07 33 
-2.2259728876749674 0.0008 0.0003 0.999989807009697 8e-06 1e-05 0.9999972242116928 2e-06 6e-06 4.511949922243754 0.1 0.1 34 
-2.225964059829712 0.0005 0.0002 0.99998981376489 8e-06 1e-05 0.9999968256553015 2e-06 6e-06 4.512167038917542 0.08 0.08 35 
-2.2259754180908202 0.0007 0.0002 0.9999899568160375 8e-06 1e-05 0.9999969351291657 2e-06 5e-06 4.512116058667501 0.09 0.09 36 
26.847754669189452 37 
-2.2259686311086018 0.0006 0.0002 0.9999898449579875 8e-06 1e-05 0.9999972879886627 2e-06 5e-06 4.511855778694152 0.09 0.09 38 
-2.2259905179341635 0.0004 0.0002 0.999990217089653 7e-06 1e-05 0.9999971399704616 2e-06 6e-06 4.511985853513082 0.08 0.08 39 
-2.225954678853353 0.0004 0.0003 0.9999892697731654 7e-06 1e-05 0.99999689300855 2e-06 5e-06 4.511916845639547 0.08 0.08 40 
-2.2259818744659423 0.0005 0.0002 0.9999896188577017 8e-06 1e-05 0.9999971783161163 2e-06 5e-06 4.512135057449341 0.09 0.09 41 
73.27059173583984 42 
-2.225933977762858 0.0006 0.0003 0.9999893989165624 8e-06 1e-05 0.9999967827399572 2e-06 5e-06 4.512021484375 0.09 0.09 43 
-2.2259918721516927 0.0005 0.0002 0.9999900559584299 8e-06 1e-05 0.9999974046150844 2e-06 4e-06 4.512038518587748 0.09 0.09 44 
-2.225969508488973 0.0006 0.0002 0.9999898250897725 8e-06 1e-05 0.9999969983100891 2e-06 5e-06 4.511757052739461 0.09 0.09 45 
-2.2259822114308676 0.0005 0.0002 0.9999900170167287 8e-06 1e-05 0.9999971240758896 2e-06 4e-06 4.5118979008992515 0.08 0.08 46 
-2.2259694639841716 0.0004 0.0003 0.9999897289276123 7e-06 1e-05 0.9999970237414042 2e-06 5e-06 4.511944142977397 0.08 0.08 47 
-2.225967715581258 0.0006 0.0002 0.999989801645279 8e-06 1e-05 0.9999969454606374 2e-06 5e-06 4.512215933799744 0.09 0.09 48 
-2.225984557469686 0.0004 0.0002 0.9999897690614065 7e-06 1e-05 0.9999971542755762 2e-06 5e-06 4.51202114423116 0.08 0.08 49 
50.50497817993164 50 
-2.2259962368011474 0.0005 0.0002 0.999990150531133 7e-06 1e-05 0.9999970551331838 2e-06 5e-06 4.512002647717794 0.08 0.08 51 
-2.225968147913615 0.0006 0.0003 0.9999896683295568 8e-06 1e-05 0.9999971053997676 2e-06 5e-06 4.5121560462315875 0.1 0.1 52 
73.19842529296875 53 
-2.225969285964966 0.0005 0.0003 0.9999901340405146 8e-06 1e-05 0.9999970120191574 2e-06 5e-06 4.511818871498108 0.08 0.09 54 
-2.2259613927205404 0.0005 0.0003 0.9999898505210877 8e-06 1e-05 0.9999967298905055 2e-06 6e-06 4.511845970153809 0.08 0.08 55 
-2.2259697278340655 0.0004 0.0002 0.9999897984663645 8e-06 1e-05 0.9999969748655955 2e-06 5e-06 4.511912573178609 0.08 0.08 56 
-2.226003761291504 0.0004 0.0002 0.9999902715285619 7e-06 1e-05 0.9999971785147985 2e-06 4e-06 4.511948073705037 0.08 0.08 57 
-2.225972054799398 0.0005 0.0002 0.9999898823102316 8e-06 1e-05 0.9999970096349716 2e-06 5e-06 4.512145581245423 0.08 0.09 58 
-2.225968462626139 0.0005 0.0002 0.9999897499879201 8e-06 1e-05 0.9999970819552739 2e-06 5e-06 4.511981995900472 0.09 0.09 59 
-2.2259661293029787 0.0007 0.0003 0.999989622036616 8e-06 1e-05 0.9999970897038778 2e-06 5e-06 4.511765030225118 0.1 0.1 60 
-2.2259778881073 0.0004 0.0002 0.9999899540344874 8e-06 1e-05 0.9999969498316447 2e-06 5e-06 4.511979028383891 0.08 0.08 61 
-2.225992031097412 0.0004 0.0002 0.9999902804692586 8e-06 1e-05 0.9999975917736689 2e-06 3e-06 4.51201913356781 0.08 0.09 62 
26.840353775024415 63 
50.5590705871582 64 
-2.2259777355194093 0.0007 0.0003 0.999989776412646 8e-06 1e-05 0.9999972275892893 2e-06 5e-06 4.512221946716308 0.1 0.1 65 
-2.2259555594126383 0.0005 0.0003 0.9999893178542455 8e-06 1e-05 0.9999969053268433 2e-06 6e-06 4.511856107711792 0.08 0.08 66 
73.19024200439453 67 
-2.2259996350606284 0.0005 0.0002 0.9999902055660883 8e-06 1e-05 0.9999972703059514 2e-06 4e-06 4.512019235293071 0.08 0.08 68 
-2.225968999862671 0.0004 0.0002 0.9999897843599319 8e-06 1e-05 0.9999970799684524 2e-06 5e-06 4.51192656993866 0.08 0.08 69 
-2.2259798876444497 0.0005 0.0002 0.9999902548392614 8e-06 1e-05 0.9999974278608957 2e-06 3e-06 4.512014975547791 0.08 0.08 70 
-2.2259499804178873 0.0004 0.0002 0.9999883836507797 9e-06 1e-05 0.9999967378377914 2e-06 8e-06 4.512057353655497 0.07 0.07 71 
-2.2259766483306884 0.0004 0.0003 0.9999897632996241 8e-06 1e-05 0.9999972846110662 2e-06 5e-06 4.511982301076253 0.09 0.09 72 
-2.22599206606547 0.0004 0.0002 0.9999904384215673 7e-06 1e-05 0.9999974226951599 2e-06 5e-06 4.511983604431152 0.08 0.08 73 
251.34365539550782 74 
96.65975189208984 75 
-2.2259641774495442 0.0005 0.0002 0.9999897658824921 8e-06 1e-05 0.9999969093004862 2e-06 5e-06 4.51185809135437 0.08 0.08 76 
-2.2260012817382813 0.0005 0.0002 0.9999904288848241 7e-06 1e-05 0.9999971536795298 2e-06 4e-06 4.51199049949646 0.08 0.08 77 
284.7468017578125 78 
96.63081512451171 79 
-2.2259648132324217 0.0005 0.0002 0.99999001344045 8e-06 1e-05 0.9999972832202911 2e-06 4e-06 4.511886994043986 0.08 0.08 80 
-2.2260134347279865 0.0003 0.0002 0.9999890462557475 8e-06 8e-06 0.9999971918265025 2e-06 6e-06 4.511993769009908 0.06 0.06 81 
-2.22595401763916 0.0005 0.0002 0.9999880643685659 9e-06 1e-05 0.9999965057770411 3e-06 8e-06 4.512083430290222 0.07 0.07 82 
-2.2259835465749105 0.0005 0.0002 0.9999898892641067 8e-06 1e-05 0.9999970891078314 2e-06 5e-06 4.51198250134786 0.08 0.08 83 
-2.2260008430480958 0.0004 0.0002 0.9999906335274379 6e-06 1e-05 0.9999975802501043 2e-06 3e-06 4.511952563921611 0.08 0.08 84 
120.62976837158203 85 
-2.2259578800201414 0.0007 0.0003 0.9999894603093465 9e-06 1e-05 0.999996818502744 2e-06 6e-06 4.511817668279012 0.1 0.1 86 
-2.225991169611613 0.0006 0.0002 0.9999902115265529 8e-06 1e-05 0.9999969939390818 2e-06 5e-06 4.511842018763224 0.09 0.09 87 
-2.22597149848938 0.0004 0.0002 0.9999899027744928 7e-06 1e-05 0.999997098048528 2e-06 5e-06 4.5119411023457845 0.08 0.08 88 
-2.2259924443562826 0.0005 0.0002 0.9999899472792944 7e-06 1e-05 0.9999973897139232 2e-06 4e-06 4.511995250384013 0.08 0.09 89 
-2.2259673849741617 0.0004 0.0002 0.9999884168306986 9e-06 9e-06 0.9999968149264653 2e-06 6e-06 4.511842533747355 0.07 0.07 90 
-2.2259691778818764 0.0005 0.0002 0.9999897869427999 8e-06 1e-05 0.9999968868494034 2e-06 6e-06 4.512020908991496 0.08 0.09 91 
-2.226000502904256 0.0005 0.0002 0.9999904757738114 7e-06 1e-05 0.9999973622957865 2e-06 4e-06 4.511992052396138 0.08 0.08 92 
-2.2259481493632 0.0006 0.0003 0.9999894322951635 8e-06 1e-05 0.9999969615538915 2e-06 6e-06 4.511881237030029 0.09 0.09 93 
-2.2259850819905598 0.0004 0.0002 0.9999903666973115 7e-06 1e-05 0.9999971316258113 2e-06 5e-06 4.511898714701335 0.07 0.07 94 
-2.225945075352987 0.0009 0.0003 0.9999891972541809 9e-06 1e-05 0.9999968002239863 2e-06 6e-06 4.51179124991099 0.1 0.1 95 
-2.2259933058420818 0.0005 0.0003 0.9999901847044627 7e-06 1e-05 0.9999970698356628 2e-06 5e-06 4.511790917714436 0.08 0.08 96 
-2.2259787686665855 0.0004 0.0002 0.9999899397293727 7e-06 1e-05 0.9999969597657522 2e-06 5e-06 4.511937198638916 0.08 0.08 97 
73.20997619628906 98 
-2.225985310872396 0.0006 0.0002 0.9999899365504583 8e-06 1e-05 0.999996936917305 2e-06 5e-06 4.511689922014872 0.09 0.09 99 
-2.2259877204895018 0.0005 0.0002 0.999990218480428 8e-06 1e-05 0.9999973165988922 2e-06 5e-06 4.511787293752034 0.08 0.09 100 
-2.2259577687581382 0.0005 0.0003 0.9999897181987762 8e-06 1e-05 0.9999974803129832 2e-06 4e-06 4.511996251742045 0.09 0.09 101 
-2.225963929494222 0.0006 0.0002 0.9999897807836533 8e-06 1e-05 0.9999968405564627 2e-06 5e-06 4.511808331807455 0.09 0.09 102 
-2.225938212076823 0.0006 0.0003 0.9999889341990152 9e-06 1e-05 0.9999969806273779 2e-06 5e-06 4.51193675994873 0.09 0.09 103 
-2.2259900856018064 0.0005 0.0002 0.9999902216593425 7e-06 1e-05 0.999997457464536 2e-06 4e-06 4.5120703220367435 0.08 0.08 104 
-2.225948886871338 0.0004 0.0003 0.9999895477294922 7e-06 1e-05 0.9999969281752904 2e-06 6e-06 4.511968347231547 0.08 0.08 105 
-2.2259615739186605 0.0007 0.0003 0.9999893134832383 8e-06 1e-05 0.9999968753258387 2e-06 6e-06 4.512141497929891 0.1 0.1 106 
-2.2260431957244875 0.0004 0.0002 0.9999900247653325 7e-06 6e-06 0.9999973837534587 2e-06 3e-06 4.512005411783854 0.07 0.07 107 
-2.225962642033895 0.0007 0.0003 0.9999895228942235 9e-06 1e-05 0.9999967755873999 2e-06 5e-06 4.511985580126445 0.1 0.1 108 
-2.225966192881266 0.0006 0.0003 0.999990082581838 8e-06 1e-05 0.9999968781073888 2e-06 5e-06 4.512044707934062 0.09 0.09 109 
-2.225981295903524 0.0006 0.0002 0.9999896043539047 9e-06 1e-05 0.9999971020221711 2e-06 5e-06 4.511834894816081 0.09 0.09 110 
-2.2259924284617107 0.0006 0.0002 0.9999901294708252 7e-06 1e-05 0.999997209707896 2e-06 4e-06 4.511812904675802 0.09 0.09 111 
-2.225973962148031 0.0006 0.0002 0.9999896734952927 8e-06 1e-05 0.9999971272548039 2e-06 4e-06 4.512014865875244 0.09 0.09 112 
-2.225967839558919 0.0005 0.0002 0.9999896963437398 8e-06 1e-05 0.9999969786405564 2e-06 5e-06 4.511953310966492 0.09 0.09 113 
120.98747100830079 114 
-2.225981232325236 0.0005 0.0002 0.999990328947703 8e-06 1e-05 0.9999972057342529 2e-06 4e-06 4.51195503393809 0.08 0.08 115 
96.64100036621093 116 
-2.2259618631998697 0.0006 0.0003 0.9999896027644475 9e-06 1e-05 0.9999971103668213 2e-06 5e-06 4.511898043950398 0.09 0.09 117 
-2.2259767119089764 0.0003 0.0002 0.9999890792369842 9e-06 9e-06 0.9999968932072322 2e-06 7e-06 4.512183747291565 0.07 0.07 118 
-2.2259592978159586 0.0004 0.0002 0.9999884214003881 9e-06 1e-05 0.999996612071991 2e-06 7e-06 4.51201502641042 0.07 0.07 119 
-2.2259940338134765 0.0004 0.0002 0.9999904642502467 7e-06 1e-05 0.9999974421660105 2e-06 4e-06 4.511955121358236 0.08 0.08 120 
-2.225972089767456 0.0006 0.0003 0.9999897295236587 8e-06 1e-05 0.9999972671270371 2e-06 4e-06 4.511821994781494 0.1 0.1 121 
-2.2259872341156006 0.0004 0.0002 0.9999900913238525 7e-06 1e-05 0.9999972041447958 2e-06 4e-06 4.511892205874125 0.08 0.08 122 
-2.225984354019165 0.0006 0.0002 0.9999900668859482 8e-06 1e-05 0.9999969536066056 2e-06 5e-06 4.512000145912171 0.08 0.08 123 
-2.2259801228841147 0.0004 0.0002 0.9999901121854782 7e-06 1e-05 0.9999973311026891 2e-06 4e-06 4.512016437848409 0.08 0.08 124 
-2.225954163869222 0.0006 0.0003 0.9999894108374914 8e-06 1e-05 0.9999968506892523 2e-06 6e-06 4.512107586860656 0.09 0.09 125 
-2.2259802500406902 0.0006 0.0002 0.9999898449579875 8e-06 1e-05 0.9999969412883123 2e-06 5e-06 4.512219184239705 0.09 0.09 126 
-2.2259950415293375 0.0005 0.0002 0.9999903384844462 7e-06 1e-05 0.9999975081284841 2e-06 3e-06 4.511937236785888 0.08 0.09 127 
-2.2259778722127277 0.0004 0.0002 0.9999900623162588 7e-06 1e-05 0.9999970084428788 2e-06 5e-06 4.511977184613546 0.08 0.08 128 
-2.225984592437744 0.0004 0.0002 0.9999885878960292 9e-06 1e-05 0.9999971302350362 2e-06 7e-06 4.512076670328776 0.07 0.07 129 
-2.2259730688730874 0.0005 0.0003 0.9999896643559137 8e-06 1e-05 0.9999969516197841 2e-06 5e-06 4.512013297080994 0.09 0.09 130 
-2.225971066157023 0.0004 0.0002 0.9999881259600322 9e-06 9e-06 0.9999968139330546 2e-06 6e-06 4.511826160748799 0.07 0.07 131 
-2.225984748204549 0.0004 0.0002 0.9999899693330129 8e-06 1e-05 0.9999971117575963 2e-06 5e-06 4.512062346140544 0.08 0.08 132 
-2.2259481970469155 0.0005 0.0002 0.9999893822272619 8e-06 1e-05 0.9999970374504725 2e-06 5e-06 4.511958522796631 0.08 0.08 133 
-2.2259665393829344 0.0005 0.0002 0.9999881227811177 9e-06 1e-05 0.9999966750542323 2e-06 8e-06 4.511994886398315 0.07 0.07 134 
-2.2259689553578696 0.0007 0.0003 0.9999895588556925 8e-06 1e-05 0.9999969506263733 2e-06 5e-06 4.512154172261556 0.1 0.1 135 
-2.2259617042541504 0.0005 0.0002 0.9999896198511123 8e-06 1e-05 0.9999972985188166 2e-06 4e-06 4.511975712776184 0.08 0.08 136 
-2.2259811305999757 0.0005 0.0002 0.999989873568217 8e-06 1e-05 0.9999971304337184 2e-06 4e-06 4.511915826797486 0.08 0.08 137 
-2.22599134127299 0.0004 0.0002 0.9999902669588725 7e-06 1e-05 0.9999971608320872 2e-06 5e-06 4.5119790887832645 0.08 0.08 138 
-2.2259626070658367 0.0005 0.0003 0.9999897313117981 8e-06 1e-05 0.9999969283739726 2e-06 6e-06 4.512114691734314 0.09 0.09 139 
-2.225960620244344 0.0005 0.0003 0.9999895894527435 8e-06 1e-05 0.9999967970450719 2e-06 6e-06 4.511897978782653 0.09 0.08 140 
-2.2259631156921387 0.0005 0.0002 0.9999896470705668 8e-06 1e-05 0.999997064669927 2e-06 4e-06 4.511978875796 0.09 0.09 141 
223.6677001953125 142 
-2.2259882926940917 0.0004 0.0002 0.99999047935009 7e-06 1e-05 0.9999970376491547 2e-06 5e-06 4.511789350509644 0.08 0.08 143 
-2.2259538904825846 0.0004 0.0003 0.9999894787867863 8e-06 1e-05 0.9999970507621765 2e-06 5e-06 4.512017141977946 0.09 0.09 144 
-2.225988219579061 0.0004 0.0002 0.999990368882815 8e-06 1e-05 0.9999972919623057 2e-06 5e-06 4.512045262654622 0.08 0.08 145 
-2.22599134127299 0.0004 0.0002 0.9999903492132822 8e-06 1e-05 0.9999974626302719 2e-06 4e-06 4.511969763437907 0.08 0.08 146 
121.32027893066406 147 
-2.225989859898885 0.0005 0.0002 0.9999903460343679 7e-06 1e-05 0.9999974220991135 2e-06 4e-06 4.511945729255676 0.09 0.09 148 
324.07081909179686 149 
