-2.225596513748169 0.001 0.0006 0.9999945036570231 3e-06 1e-05 0.9999857111771902 1e-05 5e-05 4.512254543304444 0.1 0.1 0 
-2.2254800383249917 2e-05 2e-05 0.9999938319126765 4e-07 3e-07 0.9999820480744044 8e-07 8e-07 4.512238090833028 0.05 0.05 1 
-2.2255328687032065 0.0004 0.0003 0.9999940158923467 2e-06 4e-06 0.9999867993593216 1e-05 2e-05 4.512326515515645 0.09 0.09 2 
-2.225590229034424 0.0004 0.0003 0.999993860522906 2e-06 3e-06 0.9999852377176285 9e-06 2e-05 4.512323528925577 0.08 0.08 3 
-2.225620635350545 0.0006 0.0004 0.99999427318573 2e-06 3e-06 0.9999875438213348 1e-05 3e-05 4.512333556811015 0.08 0.09 4 
-2.2254103310902913 0.0003 0.0003 0.9999916716416677 2e-06 4e-06 0.9999859670797984 8e-06 2e-05 4.5125331179300945 0.08 0.08 5 
-2.2255542914072675 0.0003 0.0003 0.9999936028321584 2e-06 3e-06 0.9999865094820658 9e-06 2e-05 4.512403041521708 0.08 0.08 6 
-2.2254471747080484 2e-05 2e-05 0.9999939435720444 5e-07 4e-07 0.9999825362364451 7e-07 7e-07 4.51220755259196 0.05 0.05 7 
-2.225510975519816 0.0003 0.0002 0.9999927123387654 2e-06 3e-06 0.9999847463766733 8e-06 2e-05 4.5123279062906905 0.08 0.08 8 
-2.2255359172821043 0.0004 0.0003 0.9999936103820801 2e-06 4e-06 0.999985991915067 1e-05 2e-05 4.512323514620463 0.09 0.09 9 
-2.2255732091267904 0.0005 0.0003 0.9999933856725692 2e-06 4e-06 0.9999872974554698 9e-06 2e-05 4.5123872486750285 0.09 0.09 10 
-2.225475066502889 0.0003 0.0003 0.999992725054423 2e-06 4e-06 0.9999862625201543 9e-06 2e-05 4.512370398839315 0.09 0.09 11 
-2.2256455421447754 0.0004 0.0003 0.9999951420227686 2e-06 3e-06 0.9999878680706025 9e-06 2e-05 4.512181469599406 0.08 0.08 12 
-2.2255592155456543 0.0003 0.0003 0.9999929775794347 2e-06 4e-06 0.9999859275420507 8e-06 2e-05 4.512311929066976 0.08 0.08 13 
-2.2254065227508546 2e-05 2e-05 0.9999929159879685 4e-07 4e-07 0.9999808663129807 8e-07 7e-07 4.512306605974834 0.05 0.05 14 
-2.2255566692352295 0.0003 0.0003 0.9999936906496684 2e-06 4e-06 0.9999872024854024 8e-06 2e-05 4.5122417545318605 0.08 0.08 15 
-2.225368824005127 0.0003 0.0002 0.999991063674291 2e-06 4e-06 0.9999846355120341 8e-06 2e-05 4.512485769589742 0.08 0.08 16 
-2.2254468472798665 2e-05 2e-05 0.9999934071302414 4e-07 4e-07 0.9999788278341293 7e-07 8e-07 4.5122539361317955 0.05 0.05 17 
-2.2255984656016032 0.0004 0.0003 0.999994295835495 2e-06 3e-06 0.99998750269413 8e-06 2e-05 4.512307758331299 0.08 0.08 18 
-2.2256358941396077 0.0004 0.0003 0.999994421005249 2e-06 3e-06 0.999987649321556 9e-06 2e-05 4.512260494232177 0.08 0.08 19 
-2.2256237061818442 0.0005 0.0003 0.9999940433104832 2e-06 3e-06 0.9999896917740504 7e-06 2e-05 4.512145646413168 0.09 0.09 20 
-2.225396655400594 2e-05 2e-05 0.9999930105606715 5e-07 3e-07 0.9999819393952688 7e-07 8e-07 4.512299159367879 0.05 0.05 21 
-2.2256519826253256 0.0004 0.0003 0.9999947530031205 1e-06 3e-06 0.9999875213702519 8e-06 2e-05 4.512310711542765 0.08 0.08 22 
-2.225585177739461 0.0005 0.0003 0.9999940180778504 2e-06 3e-06 0.9999868532021841 1e-05 3e-05 4.5123336267471315 0.09 0.09 23 
-2.22556495030721 0.0003 0.0003 0.9999932718276977 2e-06 3e-06 0.9999868742624919 8e-06 2e-05 4.512363840738932 0.08 0.08 24 
-2.2256149768829347 0.0004 0.0003 0.9999941035111746 2e-06 3e-06 0.9999867729345957 9e-06 2e-05 4.512227150599162 0.08 0.08 25 
-2.2255449231465656 0.0003 0.0003 0.9999933175245921 2e-06 4e-06 0.9999873570601145 8e-06 2e-05 4.512240951855977 0.08 0.08 26 
-2.225588474273682 0.0004 0.0003 0.999993937810262 2e-06 3e-06 0.9999873663981755 9e-06 2e-05 4.512214242617289 0.08 0.08 27 
-2.2255934397379558 0.0005 0.0003 0.9999942920605341 2e-06 3e-06 0.9999868532021841 1e-05 3e-05 4.512342114448547 0.08 0.08 28 
-2.225595099131266 0.0007 0.0004 0.9999946133295695 2e-06 3e-06 0.999986183444659 1e-05 3e-05 4.512160065968831 0.09 0.09 29 
-2.2256495157877603 0.0005 0.0004 0.9999946582317353 2e-06 4e-06 0.9999877460797628 9e-06 3e-05 4.512197844187418 0.08 0.09 30 
-2.2255780633290607 0.0004 0.0003 0.9999937442938487 2e-06 3e-06 0.9999874909718831 9e-06 2e-05 4.512262713114421 0.09 0.09 31 
-2.2254657840728758 0.0001 0.0001 0.9999940898021062 1e-06 2e-06 0.9999836776653925 6e-06 9e-06 4.512194743156433 0.07 0.07 32 
-2.2255865701039634 0.001 0.0006 0.9999941223859787 3e-06 7e-06 0.999985430041949 1e-05 6e-05 4.512056934038798 0.1 0.1 33 
-2.2253326670328777 0.0003 0.0002 0.9999911459287008 2e-06 4e-06 0.9999844020605088 9e-06 2e-05 4.5126297489802045 0.09 0.09 34 
-2.225594892501831 0.0004 0.0003 0.9999942954381307 2e-06 3e-06 0.9999876725673675 9e-06 2e-05 4.512213528951009 0.08 0.08 35 
-2.2255850982666017 0.0003 0.0003 0.9999939205249151 2e-06 4e-06 0.9999878197908402 8e-06 2e-05 4.512360402743021 0.08 0.08 36 
-2.225528465906779 0.0003 0.0003 0.9999933745463689 2e-06 4e-06 0.9999866821368535 8e-06 2e-05 4.51241725285848 0.08 0.08 37 
-2.225488697687785 4e-05 4e-05 0.9999939900636673 1e-06 1e-06 0.9999835401773453 4e-06 6e-06 4.512200644810995 0.06 0.06 38 
-2.225621852874756 0.0004 0.0003 0.9999946057796478 2e-06 4e-06 0.9999877093235652 8e-06 2e-05 4.51228592077891 0.08 0.08 39 
-2.225309823354085 2e-05 2e-05 0.9999920189380646 6e-07 5e-07 0.9999797443548838 9e-07 9e-07 4.512417171796163 0.06 0.06 40 
-2.2255150858561197 0.0003 0.0003 0.9999932444095612 2e-06 4e-06 0.9999878297249476 8e-06 2e-05 4.512327327728271 0.08 0.08 41 
-2.2255646419525146 0.0003 0.0003 0.9999936153491338 2e-06 3e-06 0.9999844696124395 9e-06 2e-05 4.512299790382385 0.08 0.08 42 
-2.225462729136149 0.0005 0.0004 0.9999924747149149 2e-06 5e-06 0.999986996849378 9e-06 2e-05 4.512568933169047 0.09 0.09 43 
-2.225581372578939 0.0002 0.0002 0.9999950406948726 1e-06 2e-06 0.999982982079188 9e-06 2e-05 4.512124759356181 0.07 0.07 44 
-2.225663661956787 0.0004 0.0003 0.9999948092301687 2e-06 3e-06 0.9999877603848776 9e-06 2e-05 4.512269865671794 0.08 0.08 45 
-2.2253783734639487 2e-05 2e-05 0.9999926183621088 6e-07 5e-07 0.9999827067057292 7e-07 8e-07 4.512382165590922 0.06 0.06 46 
-2.2255279858907064 0.0004 0.0003 0.9999934377272924 2e-06 3e-06 0.9999853018919627 1e-05 2e-05 4.512296600341797 0.09 0.09 47 
-2.225425157546997 2e-05 2e-05 0.9999936870733896 5e-07 4e-07 0.9999828567107518 8e-07 8e-07 4.512256425221761 0.05 0.05 48 
-2.225542338689168 0.0006 0.0004 0.9999940675497055 2e-06 3e-06 0.9999861296017964 1e-05 3e-05 4.512259674072266 0.09 0.09 49 
-2.225589214960734 0.0004 0.0003 0.9999940772851308 2e-06 3e-06 0.999987679918607 9e-06 2e-05 4.512393094698588 0.08 0.08 50 
-2.225569718678792 0.0001 0.0001 0.9999946455160776 1e-06 2e-06 0.9999820683399836 8e-06 1e-05 4.512226966222127 0.06 0.06 51 
-2.2255198478698732 0.0003 0.0003 0.9999925901492437 2e-06 3e-06 0.9999856885274251 9e-06 2e-05 4.5123667828241985 0.08 0.07 52 
-2.225372378031413 2e-05 2e-05 0.9999918297926584 7e-07 7e-07 0.9999780480066935 8e-07 8e-07 4.512408754030863 0.05 0.05 53 
-2.2255644957224527 0.0003 0.0003 0.9999937891960144 2e-06 4e-06 0.9999869912862778 9e-06 2e-05 4.512377913792928 0.08 0.08 54 
-2.225593039194743 0.0007 0.0004 0.9999944629271825 2e-06 3e-06 0.9999870467185974 1e-05 3e-05 4.51217408657074 0.09 0.09 55 
-2.2254369672139487 2e-05 2e-05 0.9999936626354853 4e-07 4e-07 0.9999835985898972 7e-07 7e-07 4.512291035652161 0.05 0.05 56 
-2.225594091415405 0.0005 0.0003 0.9999935746192932 2e-06 3e-06 0.9999881368875504 8e-06 2e-05 4.512293100357056 0.08 0.08 57 
-2.2254362392425535 0.0004 0.0003 0.9999921508630116 3e-06 5e-06 0.9999855434894562 8e-06 2e-05 4.512484213511149 0.09 0.09 58 
-2.225530700683594 0.0004 0.0003 0.9999928359190623 2e-06 3e-06 0.9999818960825603 9e-06 2e-05 4.512324425379435 0.08 0.08 59 
-2.2254547913869223 0.0002 0.0001 0.9999932938814163 2e-06 2e-06 0.999982529481252 7e-06 1e-05 4.51225155989329 0.07 0.07 60 
-2.2255441029866536 0.0004 0.0003 0.9999934339523315 2e-06 3e-06 0.9999866620699565 1e-05 2e-05 4.51231156984965 0.08 0.09 61 
-2.225405035018921 0.0004 0.0003 0.9999917209148407 2e-06 4e-06 0.9999866541226705 8e-06 2e-05 4.512574723561605 0.09 0.09 62 
-2.22541366259257 0.0006 0.0004 0.999991951584816 2e-06 4e-06 0.9999812799692154 9e-06 2e-05 4.512531045277913 0.09 0.09 63 
-2.2255778662363688 0.0004 0.0003 0.9999939970175425 2e-06 3e-06 0.9999877520402273 8e-06 2e-05 4.512382610638936 0.08 0.08 64 
-2.2255549081166586 0.0003 0.0003 0.9999932050704956 2e-06 3e-06 0.9999857252836227 8e-06 2e-05 4.512330366770427 0.08 0.08 65 
-2.225599931081136 0.0004 0.0003 0.9999940170844396 2e-06 3e-06 0.9999863958358765 8e-06 2e-05 4.512267958323161 0.08 0.08 66 
-2.2254975986480714 1e-05 2e-05 0.9999942215283711 2e-07 3e-07 0.9999834916989009 7e-07 7e-07 4.5121803538004555 0.05 0.05 67 
-2.2255029296875 0.0004 0.0003 0.9999931367238363 2e-06 4e-06 0.9999829175074896 1e-05 2e-05 4.512362360954285 0.09 0.09 68 
-2.225451256434123 0.0005 0.0004 0.9999928462505341 3e-06 5e-06 0.9999852893749873 1e-05 3e-05 4.512348008155823 0.1 0.1 69 
-2.2253455193837484 0.0003 0.0002 0.9999907517433166 2e-06 4e-06 0.9999852776527405 9e-06 2e-05 4.5126880900065105 0.08 0.08 70 
-2.225520715713501 0.0005 0.0004 0.9999931214253107 2e-06 4e-06 0.9999869682391485 9e-06 2e-05 4.512461668650309 0.09 0.09 71 
-2.2255258623758953 0.0004 0.0003 0.9999929666519165 2e-06 4e-06 0.9999868688980739 9e-06 2e-05 4.512424217859904 0.08 0.08 72 
-2.2254668521881102 0.0003 0.0003 0.9999917193253836 2e-06 4e-06 0.9999867061773936 8e-06 2e-05 4.512464981079102 0.08 0.08 73 
-2.2256501706441245 0.0005 0.0003 0.9999947343269984 2e-06 3e-06 0.9999879495302836 9e-06 3e-05 4.512170697848002 0.08 0.08 74 
-2.225518538157145 0.0004 0.0003 0.9999924810727437 2e-06 4e-06 0.9999864941835404 8e-06 2e-05 4.512335549990336 0.09 0.09 75 
-2.225536788304647 0.0004 0.0003 0.999993264079094 2e-06 4e-06 0.999987368384997 8e-06 2e-05 4.512252546946208 0.08 0.08 76 
-2.2254440943400065 0.0003 0.0003 0.9999923048416773 2e-06 4e-06 0.9999867486953735 8e-06 2e-05 4.512409192721049 0.08 0.08 77 
-2.225517168045044 0.0003 0.0003 0.9999929543336232 2e-06 4e-06 0.9999869233369827 9e-06 2e-05 4.512352566719056 0.08 0.08 78 
-2.225542570749919 0.0004 0.0003 0.9999922633171081 2e-06 4e-06 0.9999876413742701 8e-06 2e-05 4.512311746279399 0.08 0.08 79 
-2.2255599117279052 0.0004 0.0003 0.9999936346213023 2e-06 4e-06 0.9999869749943415 9e-06 2e-05 4.512417904535929 0.08 0.08 80 
-2.225442495346069 0.0003 0.0003 0.9999922130505244 2e-06 4e-06 0.999986384510994 8e-06 2e-05 4.512626241048177 0.08 0.08 81 
-2.225359233220418 2e-05 2e-05 0.9999926161766052 5e-07 5e-07 0.999982529481252 7e-07 8e-07 4.512344557444255 0.05 0.05 82 
-2.2255870628356935 0.0004 0.0003 0.9999937208493551 2e-06 3e-06 0.9999868734677633 8e-06 2e-05 4.512296020189921 0.08 0.08 83 
-2.225490376154582 2e-05 1e-05 0.9999940991401672 3e-07 3e-07 0.9999838741620382 7e-07 6e-07 4.512180458704631 0.05 0.05 84 
-2.2256118297576903 0.0004 0.0003 0.9999943472941717 2e-06 4e-06 0.9999865462382634 9e-06 2e-05 4.512261885007223 0.08 0.08 85 
-2.2254439417521157 9e-05 8e-05 0.9999922907352448 1e-06 2e-06 0.9999838284651439 6e-06 8e-06 4.512299189567566 0.06 0.06 86 
-2.225347843170166 2e-05 2e-05 0.9999921848376592 5e-07 5e-07 0.9999817750851313 8e-07 7e-07 4.5123768313725785 0.05 0.05 87 
-2.225488427480062 0.0004 0.0003 0.9999931975205739 2e-06 3e-06 0.9999848711490631 1e-05 2e-05 4.512422709465027 0.08 0.08 88 
-2.22556347211202 0.0003 0.0002 0.9999948406219482 2e-06 3e-06 0.9999842796723047 9e-06 2e-05 4.512217442194621 0.07 0.08 89 
-2.2256820678710936 0.0006 0.0003 0.9999950019518534 2e-06 3e-06 0.9999887470404307 8e-06 2e-05 4.512286440531413 0.08 0.09 90 
-2.225410614013672 2e-05 2e-05 0.9999931806325912 6e-07 5e-07 0.9999823323885599 8e-07 8e-07 4.5123114522298176 0.05 0.05 91 
-2.2254295031229656 4e-05 4e-05 0.9999938950935999 9e-07 1e-06 0.9999810814857483 5e-06 5e-06 4.512302985191345 0.06 0.06 92 
-2.225448214213053 7e-05 7e-05 0.9999933534860611 1e-06 1e-06 0.999983357389768 6e-06 8e-06 4.51227773030599 0.06 0.06 93 
-2.225633955001831 0.0004 0.0003 0.99999460597833 2e-06 3e-06 0.9999876964092255 8e-06 2e-05 4.512219581604004 0.08 0.08 94 
-2.2255213769276936 6e-05 6e-05 0.9999947094917297 9e-07 1e-06 0.9999822209278743 6e-06 8e-06 4.512190179824829 0.06 0.06 95 
-2.2255340989430747 0.0004 0.0003 0.9999939078092575 2e-06 3e-06 0.999986761411031 9e-06 2e-05 4.512279585202535 0.08 0.08 96 
-2.2256053574879964 0.0003 0.0003 0.9999940266211828 2e-06 3e-06 0.9999868963162104 8e-06 2e-05 4.512292413711548 0.08 0.08 97 
-2.225465253194173 0.0005 0.0003 0.9999927401542663 2e-06 5e-06 0.9999870363871256 8e-06 2e-05 4.512386204401652 0.09 0.09 98 
-2.225551710128784 0.0005 0.0003 0.9999938046932221 2e-06 3e-06 0.9999863847096762 1e-05 3e-05 4.5123672723770145 0.09 0.09 99 
