-2.2201837984720867 0.002 0.002 0.9999262601137161 2e-05 3e-05 0.999875971476237 3e-05 7e-05 4.513190069198608 0.2 0.2 93 
-2.222038116455078 0.003 0.001 0.9999286341667175 2e-05 4e-05 0.999936194618543 4e-05 0.0001 4.5135068432490035 0.2 0.2 13 
-2.220040143330892 0.002 0.002 0.999928054412206 2e-05 3e-05 0.9998759406805039 4e-05 0.0001 4.511940706570943 0.2 0.2 33 
-2.2214098358154297 0.003 0.002 0.9999594479799271 1e-05 1e-05 0.9998745403687159 5e-05 9e-05 4.512161537806193 0.2 0.2 66 
-2.2230489190419513 0.003 0.001 0.9999694176514944 1e-05 4e-05 0.9999195287624995 6e-05 0.0001 4.512726697921753 0.2 0.2 21 
-2.2206483332316083 0.003 0.002 0.9999196922779083 2e-05 2e-05 0.9999066317081451 3e-05 6e-05 4.511948692003886 0.2 0.2 20 
-2.220629405975342 0.003 0.002 0.9999345958232879 3e-05 3e-05 0.9997859380642573 9e-05 0.0002 4.512690022786458 0.2 0.2 26 
-2.2211385504404704 0.0003 0.0003 0.999944056669871 1e-05 2e-05 0.9998587067921957 1e-05 1e-05 4.5139104207356775 0.1 0.1 37 
-2.2245118935902912 0.001 0.0007 0.999979334672292 9e-06 2e-05 0.9998775813976923 7e-05 0.0002 4.51276136080424 0.1 0.2 40 
-2.22228635152181 0.002 0.001 0.9999612919489542 1e-05 1e-05 0.9999356746673584 5e-05 7e-05 4.51244570573171 0.2 0.2 11 
-2.2213319651285808 0.0004 0.0004 0.9999526715278626 1e-05 1e-05 0.9998316516478857 1e-05 2e-05 4.5118763097127275 0.1 0.1 39 
-2.2229048442840575 0.002 0.001 0.9999673986434936 1e-05 2e-05 0.9999304356177648 4e-05 7e-05 4.511962806383769 0.1 0.1 19 
-2.2209124819437664 0.004 0.002 0.9999178399642309 4e-05 0.0002 0.9998903195063273 4e-05 0.0002 4.513262497584025 0.2 0.2 44 
-2.220455535252889 0.003 0.002 0.9999330061674118 2e-05 3e-05 0.9998759631315867 5e-05 8e-05 4.513499167760213 0.2 0.2 47 
-2.2215816084543865 0.0004 0.0004 0.9999338940779368 2e-05 2e-05 0.9998395315806071 3e-05 3e-05 4.51378300189972 0.1 0.1 83 
-2.2204682540893557 0.003 0.002 0.9999221297105153 2e-05 4e-05 0.9998777385552724 4e-05 7e-05 4.512767243385315 0.2 0.2 22 
-2.221997979482015 0.003 0.002 0.9999667781591416 1e-05 3e-05 0.9998720645904541 8e-05 0.0001 4.512024586995443 0.2 0.2 43 
-2.22435027440389 0.001 0.001 0.99996943851312 2e-05 4e-05 0.9999497626225153 3e-05 5e-05 4.512499470710754 0.1 0.1 25 
-2.22103004137675 0.003 0.002 0.9999316161870957 2e-05 4e-05 0.999896656870842 5e-05 7e-05 4.512167057991028 0.2 0.2 72 
-2.220797141393026 0.005 0.002 0.9999290347099304 3e-05 5e-05 0.999889652132988 5e-05 0.0001 4.51154660542806 0.2 0.2 88 
