-2.220850118001302 0.01 0.004 0.9999461251497269 3e-05 0.0001 0.9998521103461584 0.0001 0.0005 4.511729569435119 0.3 0.3 0 
-2.224653247197469 0.003 0.001 0.9999784328540167 1e-05 3e-05 0.999942529797554 4e-05 0.0001 4.511875476837158 0.2 0.2 2 
-2.221899716059367 0.008 0.003 0.9999611379702886 2e-05 4e-05 0.999887139002482 0.0001 0.0004 4.511075908342997 0.2 0.2 3 
-2.2215586439768473 0.004 0.002 0.9999240050713222 4e-05 9e-05 0.9998956580956777 6e-05 0.0001 4.511419528325399 0.2 0.2 6 
-2.2211521434783936 0.005 0.003 0.9999328116575877 4e-05 0.0001 0.9998715962966284 7e-05 0.0001 4.511085036595662 0.2 0.2 9 
-2.221025562286377 0.009 0.003 0.9998973129192988 6e-05 0.0001 0.9999056814114252 8e-05 0.0003 4.511742183367411 0.2 0.3 11 
-2.2224693870544434 0.004 0.002 0.9999642684062322 1e-05 5e-05 0.9999099310239156 6e-05 0.0001 4.512326397895813 0.2 0.2 13 
-2.2215270074208577 0.003 0.002 0.9999199165900549 5e-05 6e-05 0.9998997161785762 5e-05 0.0001 4.511154932975769 0.2 0.2 15 
-2.2232879225413003 0.004 0.001 0.999939382870992 3e-05 7e-05 0.9999470982948939 3e-05 7e-05 4.512350804011027 0.2 0.2 17 
-2.2235448265075686 0.002 0.001 0.999982549349467 9e-06 2e-05 0.9999271523952484 3e-05 5e-05 4.511326015790304 0.1 0.1 18 
-2.2039480622609458 0.02 0.01 0.9993645242849986 0.0002 0.0003 0.9937952667474746 0.0006 0.002 4.54728865146637 0.5 0.5 20 
-2.222161350250244 0.003 0.002 0.9999495307604472 2e-05 5e-05 0.9999246666828792 5e-05 0.0001 4.512256158192953 0.2 0.2 21 
-2.2243842538197836 0.002 0.001 0.9999798899888992 7e-06 1e-05 0.9999281456073125 3e-05 5e-05 4.512218914031982 0.1 0.1 22 
-2.2216694164276123 0.006 0.003 0.9999527060985565 2e-05 7e-05 0.9998829774061839 0.0001 0.0003 4.511534407933553 0.2 0.2 24 
-2.2185705502827964 0.009 0.004 0.9999082150061925 3e-05 6e-05 0.9998415448268254 9e-05 0.0001 4.51200611114502 0.2 0.2 26 
-2.219290901819865 0.009 0.004 0.9998473699887593 8e-05 0.0002 0.999887486298879 8e-05 0.0002 4.512819296518962 0.4 0.3 28 
-2.220178572336833 0.007 0.004 0.9999130318562189 5e-05 0.0002 0.9998438982168834 0.0001 0.0003 4.5119535382588705 0.2 0.2 34 
-2.2194181474049888 0.0004 0.0004 0.9999333932002386 1e-05 1e-05 0.9998180371522903 1e-05 1e-05 4.511600499153137 0.1 0.1 35 
-2.223497133255005 0.003 0.002 0.9999622027079265 2e-05 4e-05 0.9999338173866272 5e-05 9e-05 4.511371612548828 0.2 0.2 36 
-2.2217881615956623 0.004 0.002 0.9999385144313176 2e-05 4e-05 0.9999139817555746 5e-05 0.0001 4.512313968340556 0.2 0.2 37 
-2.2206733067830404 0.01 0.004 0.9999491967757543 2e-05 7e-05 0.9998198240995407 0.0001 0.0005 4.510219836235047 0.2 0.2 38 
-2.2218758773803713 0.003 0.002 0.9999558432896932 2e-05 2e-05 0.9999212936560313 7e-05 0.0002 4.512552817662557 0.2 0.2 40 
-2.2207193851470945 0.01 0.004 0.9999612758557002 2e-05 5e-05 0.9998813897371293 9e-05 0.0002 4.510775332450867 0.1 0.1 41 
-2.2204694430033367 0.007 0.003 0.9998959898948669 6e-05 0.0003 0.99988063732783 0.0001 0.0003 4.512903065681457 0.3 0.3 42 
-2.219996156692505 0.004 0.003 0.9999437995751699 2e-05 3e-05 0.9998755496740341 8e-05 0.0001 4.510030932426453 0.2 0.2 44 
-2.2216738414764405 0.002 0.001 0.9999615981181462 1e-05 2e-05 0.9998786669969558 3e-05 5e-05 4.5113164854049685 0.2 0.2 45 
-2.219711119333903 0.007 0.003 0.9999362989266714 3e-05 0.0001 0.9998477625846863 0.0001 0.0004 4.51120079835256 0.3 0.3 46 
-2.212958002090454 0.008 0.004 0.99970010360082 0.0002 0.0003 0.9997008897860845 0.0001 0.0004 4.515536193847656 0.4 0.4 47 
-2.2242719904581705 0.002 0.001 0.999964148402214 2e-05 5e-05 0.9999573105573654 2e-05 4e-05 4.5126872714360555 0.2 0.2 51 
-2.219097143809001 0.002 0.002 0.9999242395162582 2e-05 2e-05 0.9998642907540003 8e-05 0.0001 4.510786183675131 0.2 0.2 52 
-2.221549580891927 0.005 0.002 0.9999563918511073 2e-05 5e-05 0.9999063791831334 5e-05 0.0002 4.511867499351501 0.2 0.2 53 
-2.2242508951822915 0.002 0.001 0.9999662043650945 2e-05 5e-05 0.9999514746665955 3e-05 7e-05 4.512348690032959 0.2 0.2 54 
-2.2232702604929604 0.005 0.002 0.9999556682507197 3e-05 8e-05 0.9999680054187775 3e-05 9e-05 4.511589555740357 0.2 0.2 55 
-2.2220920213063557 0.003 0.002 0.9999426468213399 2e-05 3e-05 0.9999011441071828 5e-05 0.0001 4.511056710879008 0.2 0.2 56 
-2.222856419881185 0.004 0.002 0.999964538415273 2e-05 4e-05 0.9998971925179163 4e-05 7e-05 4.511558532714844 0.2 0.2 58 
-2.2219051265716554 0.003 0.002 0.9999352365732193 2e-05 7e-05 0.9998799373706182 5e-05 6e-05 4.512148362795512 0.2 0.2 60 
-2.217090447743734 0.01 0.005 0.9997982307275136 0.0001 0.0002 0.9998837590217591 8e-05 0.0002 4.511901755332946 0.4 0.4 64 
-2.2222306474049884 0.005 0.002 0.999955454270045 2e-05 7e-05 0.9999222272634506 6e-05 0.0001 4.511256758371989 0.2 0.2 66 
-2.2227060794830322 0.003 0.002 0.9999707808097203 2e-05 4e-05 0.9999112856388092 7e-05 0.0002 4.511148001352946 0.2 0.2 68 
-2.216548341115316 0.01 0.005 0.9998218776782354 9e-05 0.0002 0.9998134579261144 0.0001 0.0002 4.511048839886983 0.3 0.3 70 
-2.222685432434082 0.0007 0.0006 0.999977321823438 6e-06 7e-06 0.9999004409710566 2e-05 4e-05 4.511185560226441 0.1 0.1 71 
-2.220848576227824 0.006 0.002 0.9998961548010509 6e-05 7e-05 0.9998637034495672 9e-05 0.0002 4.511261057853699 0.2 0.2 74 
-2.2228133710225424 0.002 0.001 0.9999676080544789 2e-05 5e-05 0.9999402405818304 4e-05 7e-05 4.510595677693685 0.2 0.2 76 
-2.2193024285634357 0.005 0.003 0.9999269501368204 2e-05 4e-05 0.9998475899298985 7e-05 0.0002 4.5113029305140175 0.3 0.3 78 
-2.2188816547393797 0.006 0.003 0.9999037478367487 4e-05 7e-05 0.9999212962388992 5e-05 0.0002 4.5125363890329995 0.3 0.2 79 
-2.219248027801514 0.009 0.004 0.999880698521932 7e-05 0.0001 0.9998907087246577 9e-05 0.0004 4.512631236712138 0.3 0.3 80 
-2.2215863768259685 0.008 0.003 0.9999639715751012 1e-05 5e-05 0.9998829493920008 8e-05 0.0003 4.510497717857361 0.2 0.2 82 
-2.221704848607381 0.004 0.002 0.9999607533216477 2e-05 3e-05 0.999853343963623 9e-05 0.0002 4.5108842913309735 0.2 0.2 83 
-2.2239932028452554 0.002 0.0009 0.9999694842100143 1e-05 2e-05 0.9999491256475449 3e-05 7e-05 4.512460692723592 0.2 0.2 84 
-2.2190215333302814 0.01 0.004 0.9998646795749664 7e-05 0.0002 0.9998438968261083 0.0001 0.0003 4.511943265597026 0.3 0.3 85 
-2.2223784637451174 0.004 0.002 0.9999180177847544 4e-05 0.0001 0.9999377985795339 5e-05 0.0001 4.513495996793111 0.2 0.2 87 
-2.219685198465983 0.009 0.005 0.9999185687303543 3e-05 0.0002 0.9998789825042089 0.0001 0.0004 4.512127132415771 0.3 0.3 88 
-2.215309975941976 0.02 0.006 0.9997133733828862 0.0002 0.0005 0.9997750260432561 0.0001 0.0003 4.514351649284363 0.4 0.5 90 
-2.2242149035135905 0.003 0.001 0.9999801313877106 1e-05 1e-05 0.9999695682525634 3e-05 6e-05 4.512538035710652 0.2 0.2 92 
-2.22416916847229 0.002 0.001 0.9999491196870803 3e-05 0.0001 0.9999486482143403 2e-05 5e-05 4.513391299247742 0.2 0.2 93 
-2.2235983498891194 0.005 0.002 0.9999639344215393 2e-05 7e-05 0.9999259088436763 6e-05 0.0003 4.511962653795878 0.2 0.2 94 
-2.2209496116638183 0.003 0.002 0.999960367679596 1e-05 3e-05 0.9998869065443675 5e-05 8e-05 4.5108110062281295 0.2 0.2 95 
-2.224696855545044 0.001 0.0007 0.9999657173951467 2e-05 2e-05 0.9999779699246089 2e-05 2e-05 4.512796346346537 0.2 0.2 96 
-2.2216516240437825 0.006 0.003 0.9999320391813914 4e-05 8e-05 0.9998939295609792 0.0001 0.0002 4.512149953842163 0.2 0.2 98 
-2.220498024622599 0.007 0.003 0.9999289498726527 3e-05 0.0001 0.9998892933130265 9e-05 0.0001 4.511169800758362 0.2 0.2 99 
