-2.224415740966797 0.005 0.002 0.9999725445111592 7e-06 2e-05 0.9999737093846003 2e-05 5e-05 4.511537736256917 0.2 0.2 45 
-2.2256777763366697 0.003 0.0007 0.9999814331531525 5e-06 1e-05 0.9999882324536642 1e-05 5e-05 4.511829571723938 0.1 0.1 97 
-2.2245815213521323 0.004 0.001 0.9999673360586167 9e-06 3e-05 0.9999573556582133 3e-05 7e-05 4.511136407852173 0.2 0.2 42 
-2.224983113606771 0.001 0.0007 0.9999769618113835 4e-06 8e-06 0.9999816334247589 1e-05 3e-05 4.5116562716166175 0.1 0.2 27 
-2.2248910172780354 0.0008 0.0004 0.9999945658445358 3e-06 6e-06 0.9999846112728119 5e-06 1e-05 4.511516326268514 0.1 0.1 23 
-2.2247012138366697 0.002 0.0009 0.9999913070599238 7e-06 1e-05 0.9999768141905466 2e-05 4e-05 4.511264430681864 0.2 0.2 81 
-2.223793147404989 0.002 0.001 0.9999663160244624 6e-06 1e-05 0.9999605844418208 2e-05 6e-05 4.511380306879679 0.2 0.2 43 
-2.224648116429647 0.002 0.0009 0.9999707567691803 5e-06 9e-06 0.9999780577421188 1e-05 5e-05 4.511969703038534 0.2 0.2 74 
-2.2224577267964682 2e-05 2e-05 0.9999630071719487 9e-07 9e-07 0.9999418592453003 5e-06 5e-06 4.5173388163248696 0.04 0.04 51 
-2.2250958697001137 0.002 0.001 0.9999886906147003 5e-06 8e-06 0.999980122645696 1e-05 4e-05 4.511757133801778 0.2 0.2 33 
-2.2249008210500083 0.002 0.001 0.9999898878733317 7e-06 2e-05 0.9999818440278371 2e-05 4e-05 4.5112271499633785 0.2 0.2 89 
-2.2248114426930745 0.0008 0.0005 0.9999937462806702 4e-06 7e-06 0.999985395471255 7e-06 2e-05 4.51150421778361 0.1 0.1 53 
-2.224861726760864 0.0009 0.0007 0.9999635078509649 4e-06 1e-05 0.9999804232517878 1e-05 2e-05 4.511853709220886 0.2 0.2 14 
-2.224739859898885 0.005 0.001 0.9999910453955333 6e-06 2e-05 0.9999693409601847 2e-05 5e-05 4.511270515124003 0.2 0.2 40 
-2.2242588933308918 0.004 0.002 0.9999786500136058 5e-06 7e-06 0.9999626459678014 3e-05 3e-05 4.511214879353841 0.2 0.2 46 
-2.2246531677246093 0.001 0.0007 0.9999771358569464 4e-06 8e-06 0.999972694516182 2e-05 4e-05 4.511335713068644 0.1 0.1 13 
-2.224842987060547 0.0006 0.0005 0.999993466536204 4e-06 6e-06 0.9999874895811081 7e-06 2e-05 4.5114628664652505 0.1 0.1 18 
-2.2246793524424233 0.002 0.0008 0.9999944965044657 4e-06 1e-05 0.9999733340740203 2e-05 2e-05 4.511515388488769 0.1 0.1 1 
-2.2248778756459555 0.002 0.0009 0.9999796964724859 5e-06 1e-05 0.9999834485848744 1e-05 5e-05 4.511593440373739 0.2 0.2 78 
-2.225273701349894 0.0005 0.0003 0.9999953716993332 3e-06 5e-06 0.9999880683422089 7e-06 2e-05 4.51171897093455 0.1 0.1 83 
