-2.2239476839701333 0.003 0.001 0.9999763824542364 7e-06 1e-05 0.9999835099776586 1e-05 5e-05 4.511926183700561 0.1 0.1 0 
9.201385978485632e-07 1 
-2.225587466557821 0.0001 0.0001 0.9999805188179016 4e-06 4e-06 0.9999959127108256 1e-06 1e-06 4.512674326896668 0.1 0.1 2 
9.199338023790915e-07 3 
9.199475925925071e-07 4 
-2.2228406111399335 0.003 0.002 0.9999801846345265 1e-05 2e-05 0.9999615836143494 3e-05 8e-05 4.510873250961303 0.1 0.1 5 
-2.2250617440541585 0.0009 0.0005 0.9999902395407358 4e-06 9e-06 0.9999898511171341 8e-06 1e-05 4.5122155745824175 0.09 0.09 6 
9.199734336107213e-07 7 
-2.2260341676076254 6e-05 6e-05 0.9999836544195811 2e-06 2e-06 0.9999974719683329 5e-07 5e-07 4.512796099980672 0.08 0.08 8 
-2.220916204452515 0.01 0.004 0.999970138669014 2e-05 7e-05 0.9997964761654536 0.0002 0.0005 4.507909596761068 0.1 0.1 9 
9.199284022542997e-07 10 
400.8820495605469 11 
9.1996640776415e-07 12 
9.199046985486347e-07 13 
-2.2236406739552814 0.004 0.002 0.9999844700098037 8e-06 2e-05 0.9999746916691462 2e-05 0.0001 4.511537555058797 0.1 0.1 14 
9.199756050293217e-07 15 
-2.2249458344777424 0.0009 0.0005 0.999979263941447 7e-06 1e-05 0.9999900474150976 8e-06 1e-05 4.5123500808080035 0.1 0.1 16 
-2.2261953417460125 3e-05 2e-05 0.999991457660993 2e-06 2e-06 0.9999969323476156 1e-06 3e-06 4.5126349020004275 0.07 0.07 17 
-2.225978266398112 7e-05 5e-05 0.9999873665968577 1e-06 1e-06 0.9999973887205124 3e-07 4e-07 4.51271891117096 0.08 0.08 18 
-2.2237962595621745 0.002 0.001 0.9999846265713374 5e-06 1e-05 0.9999272767702738 6e-05 0.0002 4.511296561559042 0.09 0.09 19 
-2.2258172766367594 0.02 0.0006 0.9999866338570913 7e-06 3e-05 0.9999973026911417 2e-06 2e-05 4.512720904350281 0.1 0.1 20 
9.199365990752995e-07 21 
-2.2259889888763427 0.002 0.0005 0.9999887144565582 4e-06 1e-05 0.9999966084957123 2e-06 1e-05 4.512854704856872 0.1 0.1 22 
-2.2235500558217365 0.004 0.002 0.9999832991758982 1e-05 4e-05 0.999969094991684 3e-05 0.0001 4.511424781481425 0.1 0.1 23 
9.199729561260028e-07 24 
482.7657409667969 25 
155.27708435058594 26 
-2.2237634754180906 0.003 0.002 0.9999698040882746 1e-05 3e-05 0.9999747520685196 2e-05 0.0001 4.512198052406311 0.1 0.1 27 
284.8371948242187 28 
-2.2241789627075197 0.003 0.002 0.9999817353487015 1e-05 3e-05 0.9999771044651667 2e-05 4e-05 4.511898431777954 0.1 0.1 29 
-2.22348508199056 0.005 0.002 0.999981545607249 1e-05 4e-05 0.9999677671988805 3e-05 0.0001 4.511390794118245 0.1 0.1 30 
-2.2235356616973876 0.005 0.002 0.9999826081593831 1e-05 4e-05 0.999967931509018 3e-05 0.0001 4.511292161941529 0.1 0.1 31 
-2.2139332580566404 0.02 0.008 0.9998055662711461 0.0001 0.0003 0.9997805804014206 0.0001 0.0003 4.512548211415608 0.4 0.4 32 
-2.2234063371022543 0.003 0.001 0.9999827333291371 1e-05 3e-05 0.9999188743034999 7e-05 0.0002 4.510821580886841 0.1 0.1 33 
-2.2255241362253826 0.001 0.0004 0.9999859275420507 7e-06 1e-05 0.9999935760100682 3e-06 1e-05 4.5121332422892255 0.1 0.1 34 
-2.2261382071177165 0.0003 0.0001 0.999985009431839 5e-06 8e-06 0.9999971723556519 2e-06 2e-06 4.512591462135315 0.08 0.08 35 
9.199251167046896e-07 36 
-2.224364293416341 0.003 0.0009 0.9999795824289321 8e-06 1e-05 0.9999845786889394 1e-05 4e-05 4.511819299062093 0.1 0.1 37 
-2.224121472040812 0.004 0.002 0.9999806189537048 8e-06 2e-05 0.9999777551492055 2e-05 7e-05 4.5119331630071 0.2 0.2 38 
-2.223974927266439 0.003 0.001 0.9999828741947809 7e-06 1e-05 0.9999787273009618 2e-05 0.0001 4.511740043958028 0.1 0.1 39 
105.70458068847657 40 
-2.225050179163615 0.001 0.0006 0.9999877925713857 6e-06 1e-05 0.9999892848730088 9e-06 2e-05 4.5120910612742104 0.1 0.1 41 
-2.2257561683654785 8e-05 6e-05 0.9999902331829071 2e-06 2e-06 0.9999973726272583 4e-07 4e-07 4.51246201356252 0.09 0.09 42 
9.199608598464692e-07 43 
-2.2254394340515136 0.0009 0.0004 0.9999890444676082 3e-06 9e-06 0.9999908159176508 8e-06 2e-05 4.5123022937774655 0.1 0.1 44 
-2.2233486143747965 0.006 0.002 0.9999688090880712 2e-05 8e-05 0.9999520170688629 4e-05 0.0001 4.51110937277476 0.2 0.2 45 
-2.2234055391947427 0.006 0.002 0.9999713126818339 1e-05 4e-05 0.9999723674853643 3e-05 0.0001 4.511451366742452 0.2 0.2 46 
9.199436362905544e-07 47 
-2.2230055363972983 0.01 0.003 0.9999725244442622 2e-05 3e-05 0.9999648932615915 3e-05 9e-05 4.510876963933309 0.2 0.2 48 
9.19979333957599e-07 49 
-2.224704122543335 0.003 0.001 0.9999844757715861 1e-05 2e-05 0.9999827237923941 2e-05 3e-05 4.511970090866089 0.1 0.1 50 
-2.2240263271331786 0.005 0.002 0.9999799382686615 1e-05 2e-05 0.9999717195828756 2e-05 6e-05 4.5118372996648155 0.2 0.2 51 
-2.2261612288157147 3e-05 2e-05 0.9999895451466242 1e-06 1e-06 0.9999977660179138 2e-07 2e-07 4.512638940811157 0.07 0.07 52 
-2.226202751795451 2e-05 2e-05 0.9999923853079478 1e-06 1e-06 0.9999971914291382 7e-07 6e-07 4.512426768938701 0.06 0.06 53 
-2.222085409164429 0.004 0.002 0.9999710923433304 1e-05 3e-05 0.9999507510662079 4e-05 0.0001 4.510748160680135 0.1 0.1 54 
-2.224084555308024 0.003 0.001 0.9999840354919434 5e-06 8e-06 0.9999820437033972 2e-05 6e-05 4.5116064341863 0.1 0.1 55 
-2.2231452147165935 0.001 0.0009 0.9999711976448695 7e-06 1e-05 0.9999251963694891 6e-05 0.0002 4.51155083656311 0.1 0.1 56 
9.199277542393247e-07 57 
-2.225939458211263 0.0001 0.0001 0.9999848222732544 3e-06 4e-06 0.9999965669711431 1e-06 1e-06 4.512742967605591 0.09 0.09 58 
9.200096883432707e-07 59 
-2.224326318105062 0.003 0.0008 0.9999864943822225 5e-06 9e-06 0.9999851942062378 1e-05 5e-05 4.511844851175944 0.1 0.1 60 
-2.223299865722656 0.002 0.001 0.9999607594807943 2e-05 3e-05 0.9999323827028275 6e-05 0.0002 4.511739293734233 0.1 0.1 61 
-2.224847927093506 0.004 0.001 0.9999827492237091 1e-05 5e-05 0.999982632001241 2e-05 6e-05 4.512235964139302 0.2 0.2 62 
-2.22467134475708 0.002 0.0007 0.9999843162298202 4e-06 7e-06 0.9999862813949585 1e-05 3e-05 4.511887094179789 0.09 0.09 63 
480.73016967773435 64 
9.1999335154469e-07 65 
9.200572890222247e-07 66 
9.199582450492016e-07 67 
-2.223050791422526 0.007 0.003 0.9999742068847021 2e-05 7e-05 0.999962349931399 3e-05 0.0001 4.511427688598633 0.2 0.2 68 
-2.223995943069458 0.005 0.002 0.9999745486179987 1e-05 3e-05 0.9999763492743174 2e-05 8e-05 4.511943556467692 0.2 0.2 69 
-2.224646348953247 0.002 0.0007 0.9999833637475968 6e-06 1e-05 0.9999873203039169 1e-05 2e-05 4.51209848244985 0.1 0.1 70 
9.199799137604714e-07 71 
-2.2240544891357423 0.005 0.002 0.9999743890762329 1e-05 3e-05 0.9999777440230052 2e-05 0.0001 4.511929574012757 0.1 0.1 72 
-2.22512136777242 0.001 0.0006 0.9999844044446945 9e-06 1e-05 0.9999916325012843 7e-06 2e-05 4.512595291137695 0.1 0.1 73 
-2.2259873294830324 0.004 0.0004 0.9999936296542485 2e-06 7e-06 0.999998168349266 1e-06 5e-06 4.512717235883077 0.1 0.1 74 
-2.2243047110239664 0.003 0.001 0.9999845776955286 8e-06 2e-05 0.9999799148241679 2e-05 0.0001 4.511657622655233 0.1 0.1 75 
-2.224824056625366 0.002 0.0006 0.9999861278136571 6e-06 1e-05 0.9999883073568344 1e-05 2e-05 4.512045623461406 0.1 0.1 76 
9.199319151775853e-07 77 
-2.224344867070516 0.003 0.001 0.9999816646178563 7e-06 1e-05 0.9999774978558222 2e-05 5e-05 4.511848095258077 0.1 0.1 78 
-2.224979254404704 0.001 0.0005 0.9999911501010259 4e-06 1e-05 0.9999889886379242 9e-06 3e-05 4.511860831578573 0.09 0.09 79 
9.199863256981189e-07 80 
-2.224581152598063 0.003 0.0009 0.9999888769785563 6e-06 1e-05 0.999985288977623 1e-05 4e-05 4.5118255647023515 0.1 0.1 81 
-2.2261313756306964 0.0001 0.0001 0.9999872169891993 3e-06 4e-06 0.9999973622957865 1e-06 1e-06 4.512526075045268 0.07 0.07 82 
-2.223382240931193 0.004 0.002 0.9999780708551407 1e-05 3e-05 0.9999688577651977 3e-05 0.0001 4.511437112490336 0.2 0.2 83 
-2.22428191502889 0.003 0.001 0.9999807926019033 7e-06 1e-05 0.9999827633301417 2e-05 5e-05 4.511895068486532 0.1 0.1 84 
9.199355531563924e-07 85 
-2.223979740142822 0.003 0.001 0.9999870403607687 7e-06 1e-05 0.9999787588914235 2e-05 0.0001 4.51151673634847 0.1 0.1 86 
-2.2260704771677653 0.007 0.0003 0.9999904388189316 5e-06 1e-05 0.9999971634149551 2e-06 1e-05 4.512650941212972 0.09 0.09 87 
-2.225127878189087 0.0009 0.0006 0.9999853940804799 8e-06 3e-05 0.9999902780850728 8e-06 2e-05 4.512373696962992 0.1 0.1 88 
9.203314562000741e-07 89 
-2.2250323232014972 0.0009 0.0004 0.9999826099475225 4e-06 8e-06 0.9999905852476756 8e-06 2e-05 4.51251690864563 0.1 0.1 90 
158.1383514404297 91 
-2.2231707096099855 0.009 0.002 0.9999747476975123 2e-05 4e-05 0.999973770181338 2e-05 0.0001 4.511556393305461 0.2 0.2 92 
-2.226144822438558 0.0007 0.0002 0.999992063442866 2e-06 2e-06 0.999997943242391 6e-07 2e-06 4.512175218264262 0.07 0.07 93 
-2.225723222096761 0.002 0.0006 0.9999868349234263 9e-06 4e-05 0.9999928937355678 6e-06 2e-05 4.512800509134928 0.2 0.2 94 
-2.2261081314086915 0.003 0.0003 0.9999874166647593 4e-06 5e-06 0.9999976563453674 1e-06 6e-06 4.512922134399414 0.08 0.08 95 
-2.225658473968506 0.0002 0.0002 0.9999905155102412 2e-06 3e-06 0.9999973646799724 4e-07 2e-06 4.512422461509704 0.1 0.09 96 
-2.2239699872334797 0.004 0.001 0.9999781004587809 6e-06 1e-05 0.9999820681413015 2e-05 6e-05 4.511714223225911 0.1 0.1 97 
-2.2241945298512777 0.003 0.001 0.9999848645925522 8e-06 1e-05 0.9999812652667364 2e-05 6e-05 4.51159644762675 0.1 0.1 98 
-2.225924866994222 0.0002 0.0001 0.9999921556313832 3e-06 3e-06 0.9999973436196645 1e-06 1e-06 4.512291344006856 0.09 0.09 99 
9.199740588883288e-07 100 
9.199288001582317e-07 101 
-2.223846543629964 0.003 0.001 0.9999752056598663 9e-06 2e-05 0.9999813554684321 2e-05 6e-05 4.511996258099874 0.1 0.1 102 
-2.2248176256815593 0.002 0.0008 0.9999871011575063 8e-06 1e-05 0.9999873415629069 1e-05 3e-05 4.511910281181335 0.1 0.1 103 
-2.2241791661580406 0.004 0.001 0.9999802144368489 9e-06 2e-05 0.9999826242526372 2e-05 6e-05 4.511856973965963 0.1 0.1 104 
9.203354693454458e-07 105 
9.199464216180786e-07 106 
9.199772762258363e-07 107 
9.199925671055098e-07 108 
-2.222041571935018 0.004 0.002 0.9999734459320704 1e-05 2e-05 0.9999533383051554 4e-05 0.0001 4.510959485371908 0.1 0.1 109 
-2.223910795847575 0.002 0.001 0.999969091018041 9e-06 1e-05 0.9999824144442876 2e-05 4e-05 4.5121772718429565 0.1 0.1 110 
-2.2258673032124836 9e-05 0.0001 0.9999900501966477 2e-06 3e-06 0.9999975762764612 7e-07 9e-07 4.512503503163655 0.09 0.09 111 
9.203318768413737e-07 112 
9.199230703416106e-07 113 
130.99748840332032 114 
9.199116334457358e-07 115 
9.199622809319407e-07 116 
-2.225826203028361 0.03 0.0006 0.9999862368901571 6e-06 3e-05 0.999997421503067 2e-06 5e-06 4.512757207552592 0.1 0.1 117 
9.199249234370655e-07 118 
9.199286751027103e-07 119 
-2.221143763860067 0.004 0.002 0.9999742786089579 1e-05 3e-05 0.9998509335517883 0.0001 0.0004 4.50965095837911 0.1 0.1 120 
-2.2235669803619387 0.004 0.002 0.9999726525942485 1e-05 2e-05 0.9999752372503281 2e-05 0.0001 4.512115589777628 0.2 0.2 121 
-2.226049601236979 0.005 0.0003 0.9999908876419067 3e-06 7e-06 0.9999982515970866 6e-07 6e-06 4.5126156886418665 0.08 0.08 122 
-2.2225171534220376 0.004 0.002 0.9999847926696142 1e-05 2e-05 0.9999557290474573 4e-05 8e-05 4.510327111879985 0.1 0.1 123 
-2.222943830490112 0.01 0.003 0.9999713679154714 2e-05 6e-05 0.9999611320098242 4e-05 0.0002 4.510865915616353 0.2 0.2 124 
9.199267992698879e-07 125 
-2.223459113438924 0.004 0.002 0.9999823755025864 1e-05 2e-05 0.9999715491135915 3e-05 0.0001 4.5111227146784465 0.1 0.1 126 
-2.225973170598348 2e-05 2e-05 0.9999805827935536 2e-06 2e-06 0.9999962451060613 5e-07 4e-07 4.512880786259969 0.08 0.08 127 
-2.2258312384287517 0.0007 0.0003 0.9999848282337189 4e-06 7e-06 0.9999966677029928 2e-06 2e-06 4.513050246238708 0.1 0.1 128 
127.3322738647461 129 
9.19927390441444e-07 130 
9.199380883728736e-07 131 
-2.2247093741099038 0.002 0.0007 0.9999799058834712 5e-06 1e-05 0.9999872150023779 1e-05 2e-05 4.512023657162985 0.09 0.09 132 
-2.2247115834554037 0.002 0.001 0.9999896649519603 5e-06 1e-05 0.9999836073319117 1e-05 9e-05 4.51190929253896 0.1 0.1 133 
-2.2243979295094807 0.003 0.001 0.9999633904298146 2e-05 4e-05 0.9999689052502314 2e-05 3e-05 4.511888995170593 0.1 0.1 134 
-2.224687903722127 0.002 0.0007 0.9999712234735489 6e-06 9e-06 0.9999861611922582 1e-05 4e-05 4.512450211842855 0.1 0.1 135 
-2.2244946225484212 0.003 0.001 0.9999861657619477 8e-06 1e-05 0.9999849992990494 1e-05 4e-05 4.511682607332865 0.1 0.1 136 
9.199643386637036e-07 137 
-2.22452618598938 0.003 0.0008 0.9999836309750875 8e-06 1e-05 0.9999853587150573 1e-05 4e-05 4.511921161015828 0.1 0.1 138 
9.199637588608311e-07 139 
9.199335977427836e-07 140 
9.199324267683551e-07 141 
-2.2246319961547854 0.001 0.0008 0.9999852186441421 9e-06 3e-05 0.9999572324752808 4e-05 0.0001 4.511717608769735 0.1 0.1 142 
-2.22594700495402 0.002 0.0002 0.9999877456823985 4e-06 8e-06 0.9999971773227055 1e-06 4e-06 4.512717938423156 0.09 0.09 143 
-2.2259372520446776 0.004 0.0004 0.999986288746198 6e-06 2e-05 0.9999973378578821 2e-06 6e-06 4.512714842160543 0.1 0.1 144 
9.1995034381398e-07 145 
9.199383953273355e-07 146 
9.199501391776721e-07 147 
406.9470947265625 148 
133.5531982421875 149 
