-2.225919977823893 0.0005 0.0003 0.999988622268041 1e-05 1e-05 0.9999967551231385 3e-06 7e-06 4.511865588823954 0.1 0.1 0 
-2.2259430917104086 0.0006 0.0003 0.9999885018666586 8e-06 1e-05 0.9999966454505921 3e-06 8e-06 4.5120903078715004 0.09 0.09 1 
-2.225920572280884 0.0006 0.0003 0.9999878340959549 1e-05 9e-06 0.9999966543912887 3e-06 1e-05 4.512055651346842 0.08 0.08 2 
-2.225893961588542 0.0005 0.0003 0.9999884649117787 9e-06 1e-05 0.9999969396988551 2e-06 5e-06 4.5120981550216674 0.09 0.09 4 
-2.225916509628296 0.0006 0.0003 0.9999878484010697 1e-05 1e-05 0.9999965115388234 3e-06 9e-06 4.512067163785298 0.08 0.08 5 
-2.225921907424927 0.0006 0.0003 0.9999879880746205 1e-05 1e-05 0.9999967712163925 3e-06 7e-06 4.512056795756022 0.08 0.08 6 
-2.225925340652466 0.0008 0.0004 0.9999889290332794 9e-06 2e-05 0.9999967634677887 3e-06 7e-06 4.512078857421875 0.1 0.1 7 
-2.225871130625407 0.0004 0.0003 0.9999880681435267 9e-06 1e-05 0.9999964666366578 3e-06 7e-06 4.512083156903585 0.09 0.09 9 
-2.2259238624572752 0.001 0.0004 0.9999885030587514 9e-06 2e-05 0.9999970620870591 2e-06 9e-06 4.512106175422669 0.1 0.1 10 
-2.2259481302897135 0.0004 0.0002 0.9999886457125345 9e-06 1e-05 0.9999968562523524 2e-06 7e-06 4.512016944885254 0.07 0.07 11 
-2.225936622619629 0.0007 0.0003 0.9999884325265884 1e-05 1e-05 0.9999972214301427 2e-06 9e-06 4.512192290623982 0.1 0.1 12 
-2.2259416262308758 0.0007 0.0003 0.9999891320864359 9e-06 1e-05 0.9999968564510345 3e-06 6e-06 4.51202841758728 0.1 0.1 13 
-2.2258861668904624 0.0006 0.0003 0.9999878907203674 8e-06 1e-05 0.9999970100323359 2e-06 5e-06 4.512016482353211 0.1 0.1 14 
-2.2259366448720295 0.0005 0.0003 0.9999887239933014 8e-06 1e-05 0.9999966579675674 3e-06 4e-06 4.512102715174357 0.09 0.09 15 
-2.2259160741170247 0.0006 0.0003 0.9999881500005722 8e-06 2e-05 0.9999963484207789 3e-06 8e-06 4.512182631492615 0.1 0.1 16 
-2.225904490152995 0.0007 0.0003 0.9999877605835596 1e-05 1e-05 0.9999967356522877 3e-06 8e-06 4.512247665723165 0.1 0.1 18 
-2.22587410291036 0.0007 0.0004 0.9999880135059357 1e-05 1e-05 0.9999967793623606 3e-06 9e-06 4.511868095397949 0.1 0.1 19 
-2.2259348169962565 0.0008 0.0003 0.9999888078371684 9e-06 2e-05 0.9999967310825983 3e-06 7e-06 4.511897435188294 0.1 0.1 20 
-2.225886424382528 0.0007 0.0003 0.9999884768327078 9e-06 2e-05 0.9999969915548961 2e-06 8e-06 4.5120498625437415 0.1 0.1 21 
-2.225850811004639 0.0005 0.0003 0.9999882008632024 8e-06 1e-05 0.999996442993482 3e-06 6e-06 4.512147192955017 0.09 0.09 22 
-2.225901034673055 0.0005 0.0003 0.9999877574046453 1e-05 1e-05 0.9999964493513107 3e-06 8e-06 4.511982973416647 0.08 0.08 23 
-2.2258973948160805 0.0008 0.0004 0.9999883725245794 1e-05 2e-05 0.9999965290228526 3e-06 1e-05 4.512090762456258 0.1 0.1 24 
-2.2259075832366944 0.0005 0.0003 0.9999880141019821 8e-06 1e-05 0.9999965496857961 3e-06 4e-06 4.512115739186605 0.09 0.1 25 
-2.2259124088287354 0.0005 0.0003 0.9999889475107193 9e-06 1e-05 0.9999967308839163 3e-06 7e-06 4.51199318408966 0.09 0.1 26 
-2.225891803105672 0.0005 0.0003 0.999988270799319 8e-06 2e-05 0.9999964169661204 3e-06 5e-06 4.5120647446314495 0.09 0.09 27 
-2.2259131971995036 0.0006 0.0003 0.9999881062904994 1e-05 2e-05 0.9999967441956202 3e-06 8e-06 4.5120653581619266 0.09 0.09 28 
-2.2258961677551268 0.0007 0.0004 0.9999880627791087 1e-05 2e-05 0.9999968409538269 2e-06 7e-06 4.511883236567179 0.1 0.1 29 
-2.225880489349365 0.0005 0.0003 0.999987969994545 9e-06 1e-05 0.9999965192874273 3e-06 7e-06 4.512246785163879 0.09 0.09 30 
-2.2258803017934166 0.0007 0.0003 0.9999881903330485 9e-06 2e-05 0.9999968270460765 3e-06 8e-06 4.512191557884217 0.1 0.1 31 
-2.225910847981771 0.0006 0.0003 0.999988245566686 1e-05 1e-05 0.9999966184298198 3e-06 7e-06 4.511902248064677 0.08 0.08 32 
-2.2259295272827146 0.0007 0.0003 0.9999882658322652 1e-05 1e-05 0.9999965397516887 3e-06 8e-06 4.512134804725647 0.1 0.1 33 
-2.2258792241414387 0.0005 0.0003 0.9999886520703634 9e-06 1e-05 0.9999966200192769 3e-06 6e-06 4.511904444694519 0.1 0.1 34 
-2.2258925596872965 0.0007 0.0004 0.9999871444702149 1e-05 1e-05 0.9999968222777049 3e-06 1e-05 4.511963486671448 0.1 0.1 35 
-2.225892200469971 0.0006 0.0003 0.9999874166647593 1e-05 9e-06 0.9999966077009836 3e-06 8e-06 4.512015366554261 0.08 0.09 36 
-2.2259793504079184 0.0008 0.0003 0.9999896272023518 9e-06 1e-05 0.9999971661965052 2e-06 4e-06 4.511986881891886 0.07 0.07 37 
-2.225879821777344 0.0005 0.0003 0.9999869821468989 1e-05 1e-05 0.9999968510866165 3e-06 9e-06 4.512337031364441 0.08 0.08 38 
-2.225938154856364 0.0008 0.0004 0.9999893222252528 9e-06 2e-05 0.999996976852417 3e-06 8e-06 4.5120526838302615 0.1 0.1 40 
-2.2259041404724123 0.0004 0.0003 0.9999886153141657 8e-06 2e-05 0.9999965131282806 3e-06 5e-06 4.512120037078858 0.09 0.09 41 
-2.225940450032552 0.0009 0.0005 0.9999890130758285 1e-05 2e-05 0.9999970958630244 2e-06 1e-05 4.5119090779622395 0.1 0.1 42 
-2.2258968989054364 0.0008 0.0004 0.99998803516229 1e-05 1e-05 0.999997163216273 2e-06 5e-06 4.511900742848714 0.1 0.1 43 
-2.225922883351644 0.0007 0.0003 0.9999882870912552 1e-05 1e-05 0.9999967408180237 3e-06 7e-06 4.512113167444865 0.08 0.08 44 
-2.22590934753418 0.0005 0.0003 0.999988671541214 9e-06 1e-05 0.9999967765808105 3e-06 6e-06 4.512076083819071 0.09 0.09 45 
-2.2258974647521974 0.0006 0.0004 0.9999879274765651 1e-05 2e-05 0.9999967110157013 3e-06 7e-06 4.512200733820597 0.1 0.1 46 
-2.225916484196981 0.0007 0.0003 0.9999885950485865 1e-05 2e-05 0.9999966347217559 3e-06 8e-06 4.512176626523336 0.1 0.1 47 
-2.2259020551045734 0.0006 0.0003 0.9999883995453517 9e-06 2e-05 0.9999963440497717 3e-06 8e-06 4.511965859731038 0.09 0.1 48 
-2.225902484258016 0.0004 0.0003 0.9999883115291596 8e-06 2e-05 0.9999966359138489 3e-06 5e-06 4.512070501645406 0.09 0.09 49 
-2.2259238974253335 0.0007 0.0004 0.9999887561798095 9e-06 2e-05 0.9999969184398652 3e-06 8e-06 4.512253642082214 0.1 0.1 51 
-2.2259356625874838 0.0004 0.0002 0.9999883695443471 1e-05 1e-05 0.9999968047936757 2e-06 6e-06 4.51191289583842 0.07 0.07 52 
-2.225922587712606 0.0005 0.0003 0.9999887591600418 8e-06 2e-05 0.9999967457850775 3e-06 5e-06 4.5122141885757445 0.09 0.09 53 
-2.225941915512085 0.0004 0.0002 0.9999881394704183 1e-05 1e-05 0.9999968192974726 3e-06 7e-06 4.5118618583679195 0.07 0.07 55 
-2.2259295241038006 0.0005 0.0003 0.999988181591034 1e-05 9e-06 0.9999967046578725 3e-06 8e-06 4.512059814135234 0.08 0.08 56 
-2.225940891901652 0.0004 0.0003 0.9999885253111521 9e-06 1e-05 0.9999968802928925 3e-06 7e-06 4.512107404073079 0.07 0.07 57 
-2.225938901901245 0.0005 0.0002 0.9999887001514435 9e-06 1e-05 0.9999967626730601 3e-06 8e-06 4.511930379867554 0.07 0.07 58 
-2.225919383366903 0.0007 0.0004 0.9999886655807495 9e-06 2e-05 0.9999967755873999 3e-06 9e-06 4.511896262168884 0.1 0.1 59 
-2.2259051513671877 0.0005 0.0003 0.999988457163175 8e-06 2e-05 0.9999964904785156 3e-06 4e-06 4.512083729108174 0.09 0.09 60 
-2.2258929030100503 0.0007 0.0002 0.9999877790609996 9e-06 1e-05 0.9999968361854553 3e-06 5e-06 4.512201650937398 0.1 0.1 61 
-2.225915559132894 0.0006 0.0003 0.9999884398778279 9e-06 2e-05 0.9999970924854279 2e-06 5e-06 4.512166434923808 0.1 0.1 62 
-2.225858812332153 0.0006 0.0004 0.9999879934390385 9e-06 2e-05 0.99999680240949 3e-06 6e-06 4.512192719777425 0.1 0.1 64 
-2.2258808612823486 0.0006 0.0003 0.9999882493416469 1e-05 1e-05 0.9999966891606649 3e-06 7e-06 4.512111303011577 0.1 0.1 65 
-2.225905621846517 0.0004 0.0003 0.999988376100858 8e-06 2e-05 0.9999967233339946 3e-06 6e-06 4.512205681800842 0.09 0.09 66 
-2.2259309005737307 0.0005 0.0002 0.9999886163075765 9e-06 1e-05 0.9999966941277186 3e-06 7e-06 4.512003482182821 0.07 0.07 67 
-2.2258899561564127 0.0005 0.0003 0.9999880931774775 1e-05 1e-05 0.9999966694911321 3e-06 8e-06 4.5120641771952315 0.1 0.1 69 
-2.2259175618489584 0.0008 0.0004 0.9999876191218694 1e-05 2e-05 0.9999968244632085 3e-06 1e-05 4.512397430737813 0.1 0.1 70 
-2.2259185218811037 0.0006 0.0003 0.9999883222579956 1e-05 1e-05 0.999997054139773 2e-06 7e-06 4.512187603314717 0.1 0.1 71 
-2.225916821161906 0.0007 0.0003 0.9999886669715246 8e-06 2e-05 0.9999964139858881 3e-06 1e-05 4.512058917681376 0.09 0.1 72 
-2.2258944606781004 0.0006 0.0003 0.9999880021810532 9e-06 2e-05 0.9999962862332662 3e-06 9e-06 4.512154132525126 0.1 0.1 73 
-2.2259481143951416 0.0004 0.0003 0.9999890786409378 8e-06 1e-05 0.999997039437294 2e-06 4e-06 4.512046942710876 0.09 0.09 75 
-2.2259203306833903 0.0005 0.0003 0.9999886371692022 1e-05 1e-05 0.9999968971808751 2e-06 6e-06 4.51199577331543 0.09 0.1 76 
-2.2259081172943116 0.0007 0.0004 0.9999880476792653 1e-05 2e-05 0.9999967950582505 3e-06 8e-06 4.5118865346908565 0.1 0.1 77 
-2.2259138139088948 0.0006 0.0003 0.9999880315860112 1e-05 1e-05 0.9999967680374782 3e-06 8e-06 4.511978999773661 0.08 0.08 78 
-2.225901845296224 0.0005 0.0003 0.9999880540370941 8e-06 2e-05 0.9999966047207515 3e-06 5e-06 4.512102999687195 0.09 0.09 79 
-2.2259103202819825 0.0007 0.0003 0.9999878970781962 1e-05 2e-05 0.9999965927998224 3e-06 1e-05 4.512128014564514 0.1 0.1 80 
-2.2258963998158774 0.0005 0.0003 0.9999886892239253 9e-06 1e-05 0.9999971471230189 2e-06 5e-06 4.511918174425761 0.1 0.1 81 
-2.2258831151326497 0.0006 0.0003 0.9999885753790537 9e-06 2e-05 0.9999969081083934 2e-06 6e-06 4.512069325447083 0.09 0.09 82 
-2.2259212017059324 0.0006 0.0003 0.9999887164433797 9e-06 1e-05 0.9999967461824417 3e-06 7e-06 4.512116775512696 0.1 0.1 83 
-2.225933806101481 0.0007 0.0003 0.9999885280927022 1e-05 1e-05 0.9999967306852341 3e-06 7e-06 4.51209964911143 0.1 0.1 84 
-2.225973924001058 0.0004 0.0002 0.9999891459941864 9e-06 1e-05 0.9999972506364186 2e-06 6e-06 4.512267929712931 0.07 0.07 85 
-2.225906146367391 0.0007 0.0004 0.9999884750445683 9e-06 2e-05 0.9999968288342158 3e-06 9e-06 4.512042349179586 0.1 0.1 86 
-2.225911471048991 0.0006 0.0003 0.9999883363644282 1e-05 2e-05 0.9999969031413396 3e-06 7e-06 4.511974364916483 0.1 0.1 87 
-2.225910530090332 0.0009 0.0004 0.999987795551618 1e-05 2e-05 0.9999967668453852 3e-06 9e-06 4.512057264645894 0.1 0.1 88 
-2.225931463241577 0.0008 0.0003 0.9999881841739019 1e-05 1e-05 0.999996687968572 2e-06 7e-06 4.512080550193787 0.08 0.08 89 
-2.225875431696574 0.0006 0.0004 0.9999876358111699 1e-05 1e-05 0.9999969651301702 2e-06 5e-06 4.512133531570434 0.1 0.1 90 
-2.2259450721740723 0.0008 0.0004 0.9999885680278142 1e-05 1e-05 0.9999969818194707 2e-06 6e-06 4.512013219197591 0.1 0.1 91 
-2.2259077421824136 0.0007 0.0003 0.9999883105357488 1e-05 2e-05 0.9999965461095174 3e-06 1e-05 4.512221938769023 0.08 0.08 92 
-2.225903402964274 0.0008 0.0004 0.9999880210558574 1e-05 2e-05 0.9999967592954636 3e-06 8e-06 4.512062150637309 0.1 0.1 93 
-2.2259045473734536 0.0005 0.0002 0.9999879862864812 1e-05 1e-05 0.999996545513471 3e-06 7e-06 4.51194030602773 0.08 0.08 94 
-2.2259189637502033 0.0004 0.0003 0.9999885600805283 8e-06 1e-05 0.9999966154495875 3e-06 5e-06 4.512211651802063 0.09 0.09 95 
-2.2259019406636558 0.0004 0.0002 0.9999876938263575 1e-05 1e-05 0.9999966166416804 3e-06 6e-06 4.512311059633891 0.07 0.07 96 
-2.2259123007456463 0.0005 0.0003 0.9999882570902506 8e-06 2e-05 0.9999965465068817 3e-06 5e-06 4.5122199741999305 0.09 0.09 97 
-2.225901962916056 0.0005 0.0003 0.999988663593928 8e-06 2e-05 0.9999968266487121 2e-06 4e-06 4.512205163637797 0.09 0.1 99 
