-1.9843813769022625 0.002 0.002 0.9981607574224473 4e-05 4e-05 0.9961958020925522 5e-05 5e-05 4.357761872609457 0.07 0.07 0 
-1.8821183172861735 0.005 0.005 0.9946408782402675 9e-05 9e-05 0.9966660575071971 7e-05 7e-05 4.37103005250295 0.09 0.09 1 
-1.9352869669596353 0.004 0.004 0.9972629018624624 8e-05 8e-05 0.9965787023305893 7e-05 7e-05 4.3401945813496905 0.08 0.08 4 
-1.9438444010416667 0.004 0.004 0.9976447371641795 9e-05 9e-05 0.9965648059050242 7e-05 7e-05 4.326031603813171 0.08 0.08 5 
-1.5919105625152588 0.003 0.003 0.9908608057101568 0.0001 0.0001 0.9738747266928355 0.0003 0.0003 4.018408493200938 0.06 0.06 6 
-1.5415206782023112 0.007 0.007 0.9889658961693446 0.0003 0.0003 0.9739827533562978 0.0005 0.0005 4.0800730077425635 0.1 0.1 8 
-1.9813127040863037 0.002 0.002 0.9981939587990443 4e-05 4e-05 0.9962463517983754 5e-05 5e-05 4.351715078353882 0.07 0.07 9 
-2.036546500523885 0.05 0.02 0.9981217551231384 0.0001 0.0002 0.9949784779548645 0.0009 0.003 4.409157955646515 0.5 0.5 11 
-1.8785600852966309 0.009 0.009 0.9962121619780858 0.0002 0.0002 0.9968387784560522 6e-05 6e-05 4.266370509465536 0.1 0.1 12 
-1.7967159461975097 0.04 0.02 0.9802241311470667 0.0006 0.001 0.9950044739246369 6e-05 6e-05 4.5264283386866255 0.4 0.4 13 
-1.9435265763600666 0.003 0.003 0.9973576100667317 7e-05 7e-05 0.9965134914716085 6e-05 6e-05 4.3456732908884685 0.08 0.08 14 
-1.8788377094268798 0.009 0.009 0.9962167018651962 0.0002 0.0002 0.9968372899293899 6e-05 6e-05 4.266568888028463 0.1 0.1 15 
-1.9042377217610678 0.004 0.004 0.9952178972959519 8e-05 8e-05 0.9965517894426982 6e-05 6e-05 4.359359364509583 0.08 0.08 16 
-1.7939876015981038 0.05 0.03 0.9800596594810486 0.0007 0.001 0.9949653873840968 7e-05 0.0001 4.520799600283305 0.4 0.4 17 
-1.929765100479126 0.004 0.004 0.9973592176040014 0.0001 0.0001 0.9966659470399221 7e-05 7e-05 4.314620566368103 0.09 0.09 18 
-1.7281323051452637 0.03 0.01 0.993989823659261 0.0007 0.001 0.9978183744351069 0.0001 0.0002 4.202401320139567 0.1 0.1 20 
-1.5843749268849692 0.004 0.004 0.9906282951434453 0.0002 0.0002 0.9743132577339808 0.0003 0.0003 4.013267271518707 0.07 0.07 21 
-1.5395343653361002 0.02 0.02 0.9729516935348511 0.0004 0.0004 0.9928372285763423 0.002 0.002 4.472420190175375 0.4 0.4 23 
-1.9029262987772624 0.004 0.004 0.9945810242493948 6e-05 6e-05 0.9965600196520488 6e-05 6e-05 4.392102801005046 0.08 0.08 24 
-2.11738037109375 0.005 0.002 0.9855961775779725 0.0001 0.0002 0.9996892817815145 2e-05 3e-05 4.681231191953024 0.1 0.1 25 
-1.9320855140686035 0.004 0.004 0.9972207627693812 9e-05 9e-05 0.9966058224439621 6e-05 6e-05 4.337880942026774 0.08 0.08 26 
-1.9395613797505697 0.004 0.004 0.9974998170137406 9e-05 9e-05 0.9965880340337754 6e-05 6e-05 4.324213469823201 0.08 0.08 27 
-1.8935104020436604 0.005 0.005 0.995101402203242 9e-05 9e-05 0.9966233201821645 7e-05 7e-05 4.352545111974081 0.09 0.09 28 
-2.045048227310181 0.05 0.02 0.9989656885464986 0.0001 0.0002 0.9949805122613907 0.0009 0.003 4.390775957902273 0.5 0.5 31 
-1.593362159729004 0.003 0.003 0.9903671514987945 0.0001 0.0001 0.9738184473911922 0.0003 0.0003 4.0102459192276 0.06 0.06 32 
-1.929530871709188 0.004 0.004 0.9973564012845357 0.0001 0.0001 0.9966674659649531 7e-05 7e-05 4.3144795608520505 0.09 0.09 33 
-1.5438412570953368 0.007 0.007 0.9877673085530599 0.0006 0.0006 0.9726405839125315 0.0004 0.0004 3.963857329686483 0.1 0.1 34 
-1.7594639110565184 0.006 0.006 0.99401407122612 0.0002 0.0002 0.9978463900089264 5e-05 5e-05 4.300658270517985 0.07 0.07 37 
-1.5926687399546304 0.003 0.003 0.9908856320381164 0.0001 0.0001 0.9738320408264796 0.0003 0.0003 4.018987882137298 0.06 0.06 38 
-2.2124295075734457 0.004 0.002 0.9980841132005056 3e-05 5e-05 0.9999472276369731 9e-06 3e-05 4.545593716303507 0.1 0.1 39 
-1.8826856676737467 0.005 0.005 0.994646234313647 9e-05 9e-05 0.996662593682607 7e-05 7e-05 4.37137575785319 0.09 0.09 41 
-1.9419716580708821 0.003 0.003 0.9973382176955541 8e-05 8e-05 0.9965277258555094 6e-05 6e-05 4.3445719051361085 0.08 0.08 43 
-1.8800373236338297 0.009 0.009 0.9963112302621205 0.0002 0.0002 0.996832594871521 6e-05 6e-05 4.268693451881409 0.1 0.1 44 
-1.9302851454416912 0.004 0.004 0.9973774027824401 0.0001 0.0001 0.9966557411352793 7e-05 7e-05 4.317863451639811 0.08 0.08 45 
-1.9851996803283691 0.002 0.002 0.9983397684494655 4e-05 4e-05 0.9962079920371374 5e-05 5e-05 4.354572483698527 0.07 0.07 46 
-1.7954810905456542 0.04 0.03 0.980116645693779 0.0007 0.001 0.9949705616633098 7e-05 0.0001 4.521364787419637 0.4 0.4 47 
-1.9393427403767904 0.004 0.004 0.99749849041303 9e-05 9e-05 0.9965887494881948 6e-05 6e-05 4.324119696617126 0.08 0.08 48 
-1.9132105032602946 0.007 0.007 0.9969097934166591 0.0002 0.0002 0.9966646583875021 7e-05 7e-05 4.295509611765544 0.1 0.1 51 
-1.8998558203379312 0.008 0.008 0.996558651526769 0.0002 0.0002 0.9967086390654246 7e-05 7e-05 4.281094721158346 0.1 0.1 52 
-1.6259394868214925 0.002 0.002 0.9913084898392359 2e-05 2e-05 0.9722285805145899 0.0003 0.0003 4.007344295183818 0.06 0.06 54 
-1.8605329354604085 0.008 0.008 0.9947757987181346 0.0002 0.0002 0.996783753434817 6e-05 6e-05 4.319591727256775 0.1 0.1 56 
-1.9387384796142577 0.004 0.004 0.9974883665641149 9e-05 9e-05 0.9965950053930283 6e-05 6e-05 4.323624110221862 0.08 0.08 58 
-1.7872857252756755 0.02 0.02 0.9940693996349971 0.0002 0.0002 0.9942504016558329 0.002 0.002 4.251274769306183 0.3 0.3 59 
-1.934773162206014 0.004 0.004 0.997255204518636 8e-05 8e-05 0.9965840361515681 7e-05 7e-05 4.3397873608271285 0.08 0.08 60 
-1.9840156968434652 0.002 0.002 0.9982978218793869 4e-05 4e-05 0.996200278600057 6e-05 6e-05 4.354740804036458 0.07 0.07 61 
-1.6130510171254475 0.003 0.003 0.9907840232054392 4e-05 4e-05 0.9731272939840953 0.0003 0.0003 3.9988281162579855 0.06 0.06 62 
-1.8576707617441812 0.009 0.009 0.9948970164855321 0.0002 0.0002 0.9967669731378556 6e-05 6e-05 4.294596338272095 0.1 0.1 64 
-1.7989371013641358 0.04 0.03 0.9802616051832835 0.0006 0.0009 0.995016626516978 6e-05 8e-05 4.523198501269023 0.4 0.4 65 
-1.6259762891133627 0.002 0.002 0.9912881892919541 2e-05 2e-05 0.9722233859697977 0.0003 0.0003 4.007269225915273 0.06 0.06 66 
-1.3168745136260986 0.004 0.004 0.9743006813526154 0.0003 0.0003 0.9688793895641963 0.0003 0.0003 3.909630065759023 0.07 0.07 68 
-1.6187671661376952 0.002 0.002 0.9911228237549464 3e-05 3e-05 0.9728144468863805 0.0003 0.0003 4.003732698758443 0.06 0.06 69 
-1.8841391372680665 0.008 0.008 0.9963820340236028 0.0002 0.0002 0.9968255078792572 6e-05 6e-05 4.292769200007121 0.1 0.1 71 
-1.883839906056722 0.005 0.005 0.9946586682399114 9e-05 9e-05 0.9966556417942047 7e-05 7e-05 4.372143848737081 0.09 0.09 72 
-1.9447427972157796 0.004 0.004 0.9975517153739929 8e-05 8e-05 0.9965504169464111 6e-05 6e-05 4.3252736775080365 0.08 0.08 73 
-2.2052501392364503 0.003 0.001 0.9967785662412644 4e-05 6e-05 0.9999219606320063 1e-05 3e-05 4.56536292552948 0.1 0.1 74 
-1.6164662170410156 0.002 0.002 0.991395593682925 3e-05 3e-05 0.9728195152680079 0.0003 0.0003 4.012545008659362 0.06 0.06 75 
-1.9047173436482747 0.02 0.01 0.9949142597119014 0.0005 0.0004 0.9964437264204026 0.0001 0.0001 4.356221810976664 0.2 0.2 77 
-1.9393906593322754 0.004 0.004 0.9975870203971863 0.0001 0.0001 0.9965985870361328 7e-05 7e-05 4.3229838403066 0.09 0.09 78 
-1.914498716990153 0.007 0.007 0.996989690264066 0.0002 0.0002 0.9966564973195394 7e-05 7e-05 4.298133289019267 0.1 0.1 79 
-1.929563226699829 0.004 0.004 0.9973959259192149 0.0001 0.0001 0.9966621488332749 6e-05 6e-05 4.319518930117289 0.09 0.09 80 
-1.9889752928415934 0.002 0.002 0.9983738591273625 4e-05 4e-05 0.9961602725585301 5e-05 5e-05 4.356511861483256 0.07 0.07 81 
-1.5315776030222574 0.03 0.02 0.9850665940841039 0.002 0.003 0.9696712132294972 0.001 0.002 4.147538715203603 0.4 0.4 82 
-1.896628777186076 0.004 0.004 0.9951349655787151 9e-05 9e-05 0.9966036585966745 7e-05 7e-05 4.3544855976104735 0.09 0.09 83 
-1.618265037536621 0.002 0.002 0.9911068737506866 3e-05 3e-05 0.9728552744785944 0.0003 0.0003 4.003415927886963 0.06 0.06 84 
-1.974274950027466 0.002 0.002 0.998084055185318 4e-05 4e-05 0.9963034770886103 5e-05 5e-05 4.356890403429667 0.07 0.07 86 
-2.191477263768514 0.005 0.002 0.9959713975588481 4e-05 8e-05 0.9999054372310638 1e-05 3e-05 4.564541549682617 0.1 0.1 87 
-1.9463597551981608 0.004 0.004 0.9976644011338552 9e-05 9e-05 0.996542886296908 6e-05 6e-05 4.326575524012248 0.08 0.08 88 
-1.8927547550201416 0.005 0.005 0.9947439457972844 8e-05 8e-05 0.9965990875164668 7e-05 7e-05 4.3776093149185185 0.09 0.09 89 
-1.8788238938649495 0.009 0.009 0.9962163015206655 0.0002 0.0002 0.9968373763561249 6e-05 6e-05 4.26655398050944 0.1 0.1 91 
-1.899352035522461 0.02 0.01 0.9948445518811544 0.0005 0.0004 0.9964785198370616 0.0001 0.0001 4.352253014246623 0.2 0.2 93 
-1.6147733974456786 0.002 0.002 0.9913517737388611 4e-05 4e-05 0.9728999052445094 0.0003 0.0003 4.010166836579641 0.06 0.06 96 
-1.8787079588572184 0.009 0.009 0.9962150355180105 0.0002 0.0002 0.9968380137284597 6e-05 6e-05 4.266490958531698 0.1 0.1 97 
-1.9761490535736084 0.002 0.002 0.9982059329748154 5e-05 5e-05 0.9963085168600082 6e-05 6e-05 4.3477556514739994 0.07 0.07 98 
