10335313.0 0 
10335311.2 1 
10335311.2 2 
10335311.0 3 
10335312.2 4 
10335311.2 5 
10335312.0 6 
10335313.2 7 
10335311.4 8 
10335312.8 9 
10335312.6 10 
10335312.2 11 
10335312.2 12 
10335311.4 13 
10335312.4 14 
10335311.4 15 
10335311.8 16 
10335312.8 17 
10335311.8 18 
10335311.6 19 
10335311.4 20 
10335312.6 21 
10335312.2 22 
10335312.6 23 
10335312.0 24 
10335311.6 25 
10335312.2 26 
10335312.0 27 
10335311.8 28 
10335311.6 29 
10335312.2 30 
10335312.2 31 
10335312.2 32 
10335312.8 33 
10335313.0 34 
10335311.4 35 
10335313.0 36 
10335312.0 37 
10335312.2 38 
10335312.0 39 
10335313.0 40 
10335311.8 41 
10335310.2 42 
10335311.2 43 
10335311.4 44 
10335312.0 45 
10335312.8 46 
10335312.0 47 
10335312.4 48 
10335312.2 49 
10335311.0 50 
10335311.6 51 
10335312.0 52 
10335313.2 53 
10335313.0 54 
10335311.8 55 
10335311.2 56 
10335311.6 57 
10335312.2 58 
10335311.4 59 
10335311.4 60 
10335311.6 61 
10335312.2 62 
10335312.4 63 
10335311.6 64 
10335312.2 65 
10335311.6 66 
10335311.6 67 
10335311.6 68 
10335312.2 69 
10335312.4 70 
10335311.6 71 
10335311.8 72 
10335311.4 73 
10335311.2 74 
10335311.8 75 
10335312.8 76 
10335311.2 77 
10335311.8 78 
10335311.0 79 
10335312.0 80 
10335311.8 81 
10335312.2 82 
10335312.2 83 
10335310.6 84 
10335312.2 85 
10335311.4 86 
10335311.2 87 
10335312.2 88 
10335311.6 89 
10335311.8 90 
10335311.8 91 
10335310.8 92 
10335313.0 93 
10335311.4 94 
10335311.4 95 
10335312.4 96 
10335312.8 97 
10335311.6 98 
10335312.0 99 
10335312.2 100 
10335311.4 101 
10335312.8 102 
10335312.2 103 
10335312.2 104 
10335312.8 105 
10335311.2 106 
10335312.0 107 
10335311.8 108 
10335312.0 109 
10335311.8 110 
10335311.8 111 
10335312.2 112 
10335312.0 113 
10335312.0 114 
10335312.2 115 
10335311.4 116 
10335311.0 117 
10335311.4 118 
10335312.2 119 
10335312.0 120 
10335312.2 121 
10335312.6 122 
10335312.6 123 
10335312.4 124 
10335312.8 125 
10335310.8 126 
10335312.2 127 
10335313.2 128 
10335311.4 129 
10335312.0 130 
10335311.8 131 
10335311.8 132 
10335312.8 133 
10335311.8 134 
10335312.0 135 
10335311.0 136 
10335311.2 137 
10335311.8 138 
10335312.8 139 
10335310.8 140 
10335311.6 141 
10335312.6 142 
10335312.2 143 
10335313.2 144 
10335312.6 145 
10335312.2 146 
10335311.6 147 
10335311.4 148 
10335311.6 149 
