-2.221627492904663 0.01 0.004 0.999933127562205 3e-05 0.0002 0.999961238304774 3e-05 0.0001 4.508582372665405 0.4 0.3 1 
-2.2243885739644367 0.0008 0.0004 0.9999754591782888 4e-06 5e-06 0.9999870904286703 3e-06 3e-06 4.511363116900126 0.1 0.1 15 
-2.2232854715983073 0.003 0.001 0.9999728478988011 1e-05 3e-05 0.9998467103640238 1e-05 3e-05 4.512900360425314 0.1 0.1 18 
-2.2235052172342935 0.0006 0.0004 0.9999462834993998 1e-05 1e-05 0.9999844298760097 4e-06 1e-05 4.511758141517639 0.2 0.2 22 
-2.222183281580607 0.002 0.001 0.9998918636639913 1e-05 1e-05 0.9999580528338751 2e-05 3e-05 4.510642058054606 0.2 0.2 41 
-2.2203967920939127 0.01 0.004 0.9999801615873972 1e-05 3e-05 0.9996783691644668 7e-05 0.0001 4.485539129575094 0.3 0.3 53 
-2.223306706746419 0.0001 9e-05 0.9999508037169774 7e-06 7e-06 0.999869584441185 2e-06 2e-06 4.5110301510492965 0.1 0.1 59 
-2.222278362909953 0.01 0.003 0.9999262915054957 4e-05 0.0001 0.9998928066094717 3e-05 0.0001 4.511253159840901 0.3 0.3 64 
-2.2215487353006997 0.003 0.002 0.9998409553368887 9e-05 0.0001 0.9985541105270386 2e-05 4e-05 4.5279377698898315 0.2 0.2 74 
-2.2221790568033852 0.006 0.002 0.9999096451203028 5e-05 7e-05 0.9999416124820709 1e-05 4e-05 4.509907949765523 0.2 0.2 81 
-2.2241459274291993 0.005 0.002 0.9999793541431427 5e-06 1e-05 0.9999676984548569 2e-05 7e-05 4.509243780771891 0.2 0.2 90 
-2.222219845453898 0.0005 0.0005 0.9999494135379792 9e-06 8e-06 0.9985414644082388 3e-05 3e-05 4.526222845713297 0.1 0.1 92 
-2.2226640510559084 0.004 0.002 0.9999658071994781 2e-05 4e-05 0.9985482388734818 2e-05 4e-05 4.525560313860575 0.1 0.1 99 
-2.220646155675252 0.0007 0.0005 0.9999665379524231 3e-06 4e-06 0.9997617433468501 6e-05 7e-05 4.489763062795003 0.2 0.2 104 
-2.2227865282694497 0.0005 0.0004 0.9999467257658641 7e-06 8e-06 0.999860936999321 2e-05 4e-05 4.499082956314087 0.2 0.2 113 
-2.2234303696950275 0.009 0.003 0.9999747369686762 1e-05 5e-05 0.9999641019105912 2e-05 0.0001 4.5109556261698405 0.2 0.2 123 
-2.221053498586019 0.004 0.004 0.9998954812685649 4e-05 8e-05 0.9999621593952179 3e-05 4e-05 4.51048324584961 0.2 0.2 125 
-2.2220552349090577 0.0008 0.0005 0.9999687472979227 5e-06 5e-06 0.9999499271313349 7e-06 6e-06 4.50587334950765 0.2 0.2 127 
-2.222690617243449 0.008 0.002 0.9999169158935547 3e-05 3e-05 0.9994877394040426 2e-05 8e-05 4.509389982223511 0.3 0.3 146 
-2.223082113265991 0.002 0.0009 0.9999540243546168 9e-06 1e-05 0.9999801272153854 1e-05 3e-05 4.511197039286295 0.2 0.2 147 
