-2.224653247197469 0.003 0.001 0.9999784328540167 1e-05 3e-05 0.999942529797554 4e-05 0.0001 4.511875476837158 0.2 0.2 2 
-2.221704848607381 0.004 0.002 0.9999607533216477 2e-05 3e-05 0.999853343963623 9e-05 0.0002 4.5108842913309735 0.2 0.2 83 
-2.2232702604929604 0.005 0.002 0.9999556682507197 3e-05 8e-05 0.9999680054187775 3e-05 9e-05 4.511589555740357 0.2 0.2 55 
-2.22416916847229 0.002 0.001 0.9999491196870803 3e-05 0.0001 0.9999486482143403 2e-05 5e-05 4.513391299247742 0.2 0.2 93 
-2.2217881615956623 0.004 0.002 0.9999385144313176 2e-05 4e-05 0.9999139817555746 5e-05 0.0001 4.512313968340556 0.2 0.2 37 
-2.220848576227824 0.006 0.002 0.9998961548010509 6e-05 7e-05 0.9998637034495672 9e-05 0.0002 4.511261057853699 0.2 0.2 74 
-2.220498024622599 0.007 0.003 0.9999289498726527 3e-05 0.0001 0.9998892933130265 9e-05 0.0001 4.511169800758362 0.2 0.2 99 
-2.2235448265075686 0.002 0.001 0.999982549349467 9e-06 2e-05 0.9999271523952484 3e-05 5e-05 4.511326015790304 0.1 0.1 18 
-2.2243842538197836 0.002 0.001 0.9999798899888992 7e-06 1e-05 0.9999281456073125 3e-05 5e-05 4.512218914031982 0.1 0.1 22 
-2.2218758773803713 0.003 0.002 0.9999558432896932 2e-05 2e-05 0.9999212936560313 7e-05 0.0002 4.512552817662557 0.2 0.2 40 
-2.2242719904581705 0.002 0.001 0.999964148402214 2e-05 5e-05 0.9999573105573654 2e-05 4e-05 4.5126872714360555 0.2 0.2 51 
-2.2216516240437825 0.006 0.003 0.9999320391813914 4e-05 8e-05 0.9998939295609792 0.0001 0.0002 4.512149953842163 0.2 0.2 98 
-2.220850118001302 0.01 0.004 0.9999461251497269 3e-05 0.0001 0.9998521103461584 0.0001 0.0005 4.511729569435119 0.3 0.3 0 
-2.2224693870544434 0.004 0.002 0.9999642684062322 1e-05 5e-05 0.9999099310239156 6e-05 0.0001 4.512326397895813 0.2 0.2 13 
-2.224696855545044 0.001 0.0007 0.9999657173951467 2e-05 2e-05 0.9999779699246089 2e-05 2e-05 4.512796346346537 0.2 0.2 96 
-2.2235983498891194 0.005 0.002 0.9999639344215393 2e-05 7e-05 0.9999259088436763 6e-05 0.0003 4.511962653795878 0.2 0.2 94 
-2.2219051265716554 0.003 0.002 0.9999352365732193 2e-05 7e-05 0.9998799373706182 5e-05 6e-05 4.512148362795512 0.2 0.2 60 
-2.221549580891927 0.005 0.002 0.9999563918511073 2e-05 5e-05 0.9999063791831334 5e-05 0.0002 4.511867499351501 0.2 0.2 53 
-2.2215270074208577 0.003 0.002 0.9999199165900549 5e-05 6e-05 0.9998997161785762 5e-05 0.0001 4.511154932975769 0.2 0.2 15 
-2.222685432434082 0.0007 0.0006 0.999977321823438 6e-06 7e-06 0.9999004409710566 2e-05 4e-05 4.511185560226441 0.1 0.1 71 
