-1.6328142229715983 0.003 0.003 0.9915586203336716 6e-05 6e-05 0.9715304189920425 0.0004 0.0004 4.013131462732951 0.09 0.09 0 
-2.0452224604288736 0.05 0.02 0.9989617546399434 0.0001 0.0002 0.9949757293860118 0.0009 0.003 4.390112783114115 0.6 0.5 4 
-1.9856329154968262 0.002 0.002 0.9982173371315003 4e-05 4e-05 0.9961768500010173 5e-05 5e-05 4.360186252593994 0.07 0.07 5 
-1.984710200627645 0.002 0.002 0.9982272744178772 4e-05 4e-05 0.996214936375618 5e-05 5e-05 4.353555034001668 0.07 0.07 7 
-1.9857658990224203 0.002 0.002 0.9983271978298823 4e-05 4e-05 0.9962024517854055 6e-05 6e-05 4.354040301640828 0.07 0.07 9 
-1.8724240112304686 0.008 0.008 0.9959731574853261 0.0002 0.0002 0.9951435679197311 7e-05 7e-05 4.278397189776102 0.1 0.1 11 
-1.9329259173075357 0.004 0.004 0.9974106947580973 0.0001 0.0001 0.996638339360555 7e-05 7e-05 4.319604036013286 0.08 0.08 13 
-2.048022254308065 0.04 0.02 0.9989300992091497 0.0001 0.0002 0.9950272657473882 0.0009 0.003 4.397892946402232 0.5 0.5 15 
-1.6133339150746664 0.003 0.003 0.9907939749956131 4e-05 4e-05 0.9731071150302887 0.0003 0.0003 3.999031923611959 0.06 0.06 16 
-2.2112121105194094 0.003 0.001 0.9980143185456594 3e-05 4e-05 0.9999467897415161 8e-06 2e-05 4.545535635948181 0.1 0.1 18 
-1.9842899799346925 0.002 0.002 0.9982987519105275 5e-05 5e-05 0.9962058289845784 5e-05 5e-05 4.354793953895569 0.07 0.07 19 
-1.9435805416107177 0.003 0.003 0.997357752919197 7e-05 7e-05 0.996513831615448 6e-05 6e-05 4.345686027208964 0.08 0.08 21 
-1.896206038792928 0.005 0.005 0.9951303668816884 9e-05 9e-05 0.9966065394878387 7e-05 7e-05 4.354222820599873 0.09 0.09 22 
-1.9906482919057211 0.002 0.002 0.9983438332875569 5e-05 5e-05 0.9961443303028742 6e-05 6e-05 4.358914523124695 0.07 0.07 23 
-2.206859022776286 0.002 0.001 0.996815005938212 4e-05 6e-05 0.9999243126312891 7e-06 2e-05 4.566845944722494 0.1 0.1 24 
-1.8787332566579182 0.009 0.009 0.9962150392929713 0.0002 0.0002 0.9968378831942876 6e-05 6e-05 4.2664960130055745 0.1 0.1 25 
-1.9351142915089925 0.004 0.004 0.9972572002808253 8e-05 8e-05 0.9965831408898036 6e-05 6e-05 4.339927643140157 0.08 0.08 26 
-1.3235304069519043 0.004 0.004 0.9777362058560054 0.0002 0.0002 0.9689660267035166 0.0003 0.0003 3.971727669239044 0.06 0.06 27 
-1.5977361424763998 0.002 0.002 0.9915827250480652 8e-05 8e-05 0.9734980257352194 0.0003 0.0003 4.041806784470876 0.05 0.05 29 
-1.9870693810780844 0.002 0.002 0.9983465514580409 4e-05 4e-05 0.9961857616901397 5e-05 5e-05 4.354920457204183 0.07 0.07 31 
-1.9453683725992839 0.003 0.003 0.9973782247304916 7e-05 7e-05 0.9964987993240356 6e-05 6e-05 4.34688968817393 0.08 0.08 32 
-2.2096094449361163 0.01 0.002 0.9979770036538442 3e-05 8e-05 0.9999440338214238 1e-05 7e-05 4.543678296407064 0.2 0.2 33 
-2.043307081858317 0.03 0.02 0.9988098200162252 0.0001 0.0002 0.9950179902712504 0.0009 0.002 4.38971707979838 0.5 0.5 35 
-1.9857368977864582 0.002 0.002 0.9982430412371953 3e-05 3e-05 0.9961995532115301 5e-05 5e-05 4.354333171844482 0.07 0.07 36 
-1.6344038009643556 0.003 0.003 0.991632329026858 5e-05 5e-05 0.9713729800780614 0.0004 0.0004 4.014373041788737 0.09 0.09 37 
-1.980070753097534 0.002 0.002 0.9982272346814474 5e-05 5e-05 0.9962551502386728 5e-05 5e-05 4.351960744857788 0.07 0.07 38 
-1.9812447039286296 0.002 0.002 0.998193661570549 4e-05 4e-05 0.9962452453374863 5e-05 5e-05 4.351697394053141 0.07 0.07 39 
-1.7955748971303305 0.02 0.02 0.9941016652186712 0.0002 0.0002 0.9942612914244334 0.002 0.002 4.214669196605683 0.3 0.3 41 
-1.9451041571299235 0.003 0.003 0.9975580976406733 8e-05 8e-05 0.9965458645423253 6e-05 6e-05 4.325584135055542 0.08 0.08 42 
-1.9859187507629394 0.002 0.002 0.9983268400033315 4e-05 4e-05 0.9962053197622299 5e-05 5e-05 4.354134019215902 0.07 0.07 43 
-1.6162286154429117 0.002 0.002 0.9913968485593796 4e-05 4e-05 0.972785355647405 0.0003 0.0003 4.0110958337783815 0.06 0.06 44 
-1.9823660659790039 0.002 0.002 0.9982970303297043 5e-05 5e-05 0.9962327909469605 6e-05 6e-05 4.3545441277821855 0.07 0.07 45 
-1.917651704152425 0.008 0.006 0.9971647083759307 0.0005 0.0007 0.9966615182161331 0.0001 0.0002 4.307952127456665 0.2 0.2 46 
-1.9871458721160888 0.002 0.002 0.9983477648099264 4e-05 4e-05 0.9961775328715642 6e-05 6e-05 4.35549036026001 0.07 0.07 48 
-2.210044562021891 0.002 0.002 0.999540098309517 2e-05 2e-05 0.999909228682518 6e-05 7e-05 4.50404210249583 0.1 0.1 49 
-1.8890889485677083 0.005 0.005 0.9947095435857772 8e-05 8e-05 0.9966225000222524 7e-05 7e-05 4.375366508165995 0.09 0.09 50 
-1.9853095785776773 0.002 0.002 0.9983298103014628 4e-05 4e-05 0.9962091861168544 6e-05 6e-05 4.353965962727864 0.07 0.07 51 
-1.9814474773406983 0.002 0.002 0.998286381761233 5e-05 5e-05 0.9962404503424962 6e-05 6e-05 4.353827282587687 0.07 0.07 53 
-1.8882783508300782 0.008 0.008 0.9965693891048432 0.0002 0.0002 0.9968440363804499 6e-05 6e-05 4.272421415646871 0.1 0.1 54 
-1.708540636698405 0.02 0.01 0.9933191327253977 0.0005 0.0005 0.9979216714700063 9e-05 5e-05 4.155022832552592 0.07 0.07 55 
-1.9875593344370523 0.002 0.002 0.9983515648047129 4e-05 4e-05 0.9961761488517126 5e-05 5e-05 4.355710234642029 0.07 0.07 56 
-1.8619397004445395 0.008 0.008 0.9947921723127365 0.0002 0.0002 0.9967764812707901 6e-05 6e-05 4.320474305152893 0.1 0.1 57 
-1.989696995417277 0.002 0.002 0.9983509018023808 5e-05 5e-05 0.9961133271455764 6e-05 6e-05 4.360293709437053 0.07 0.07 58 
-1.6161175886789958 0.002 0.002 0.9910330883661906 4e-05 4e-05 0.9728851368029913 0.0003 0.0003 4.002540384928386 0.06 0.06 60 
-1.8889649105072022 0.008 0.008 0.9965804507335027 0.0002 0.0002 0.9968417398134868 6e-05 6e-05 4.271925568580627 0.1 0.1 61 
-1.6130348205566407 0.002 0.002 0.9912992207209269 4e-05 4e-05 0.9730374777317047 0.0003 0.0003 4.009087671438853 0.06 0.06 62 
-1.9339638137817383 0.004 0.004 0.9974842391411464 0.0001 0.0001 0.9966421024004618 7e-05 7e-05 4.316816391944886 0.09 0.09 63 
-1.8850398763020833 0.008 0.008 0.9964859141906103 0.0002 0.0002 0.9968529887994131 6e-05 6e-05 4.273286830584208 0.1 0.1 64 
-1.9437818336486816 0.004 0.004 0.9975726264715195 8e-05 8e-05 0.9965617229541143 6e-05 6e-05 4.324842584927877 0.08 0.08 65 
-1.93258394241333 0.004 0.004 0.9972304445505142 8e-05 8e-05 0.9966000870863596 7e-05 7e-05 4.338356184959411 0.08 0.08 66 
-2.048386885325114 0.04 0.02 0.998943551381429 0.0001 0.0002 0.995024761557579 0.0009 0.003 4.3958136129379275 0.5 0.5 67 
-1.5078933620452881 0.002 0.002 0.9859314034382503 0.0001 0.0001 0.9676130034526189 0.0004 0.0004 3.9596040042241416 0.09 0.09 68 
-1.9974239508310954 0.002 0.002 0.9984302852551142 4e-05 4e-05 0.9959920118252437 6e-05 6e-05 4.363282842636108 0.07 0.07 69 
-1.5379156398773193 0.005 0.005 0.9888329450289408 0.0002 0.0002 0.9715898960828782 0.0004 0.0004 4.045346194903056 0.1 0.1 70 
-1.996282901763916 0.002 0.002 0.9984174587329229 4e-05 4e-05 0.9960081404447556 6e-05 6e-05 4.362498494784037 0.07 0.07 71 
-1.9409103266398111 0.004 0.004 0.9975180337826411 9e-05 9e-05 0.9965773622194926 6e-05 6e-05 4.325166794459025 0.08 0.08 72 
-1.943270050684611 0.004 0.004 0.9975406702359517 8e-05 8e-05 0.9965670472383499 6e-05 6e-05 4.323441581726074 0.08 0.08 74 
-1.9932325903574626 0.002 0.002 0.9984139957030614 3e-05 4e-05 0.9961166602373123 6e-05 6e-05 4.358985716501872 0.07 0.07 75 
-1.9998476854960123 0.002 0.002 0.9984633090098699 4e-05 4e-05 0.9959584860006968 6e-05 6e-05 4.3650852394104005 0.07 0.07 78 
-1.9392726008097332 0.004 0.004 0.9975252598524094 9e-05 9e-05 0.9965901011228562 6e-05 6e-05 4.326516302426656 0.08 0.08 79 
-1.9354252465566 0.004 0.004 0.9974289284149805 9e-05 9e-05 0.9966241802771886 7e-05 7e-05 4.3182537094752 0.08 0.08 80 
-1.878976125717163 0.009 0.009 0.9962034682432811 0.0002 0.0002 0.9968385873238246 6e-05 6e-05 4.265062829653422 0.1 0.1 81 
-1.9857919184366861 0.002 0.002 0.9983252664407094 4e-05 4e-05 0.9962030573685964 6e-05 6e-05 4.3541412353515625 0.07 0.07 82 
-1.939591375986735 0.004 0.004 0.9975028828779856 9e-05 9e-05 0.9965861304601034 6e-05 6e-05 4.324319477081299 0.08 0.08 83 
-1.6201913038889566 0.002 0.002 0.9911693010727565 3e-05 3e-05 0.9726990358034769 0.0003 0.0003 4.004663468201955 0.06 0.06 84 
-1.8781008911132813 0.009 0.009 0.9962052271763484 0.0002 0.0002 0.9968411978085836 6e-05 6e-05 4.266059271494547 0.1 0.1 85 
-2.223344898223877 0.002 0.001 0.9999291058381399 6e-06 7e-06 0.9999835717678071 7e-06 2e-05 4.511910187403361 0.1 0.1 86 
-1.887533992131551 0.008 0.008 0.9965279654661814 0.0002 0.0002 0.9968432434399923 6e-05 6e-05 4.272594391504923 0.1 0.1 87 
-1.944339354832967 0.004 0.004 0.9975811072190602 8e-05 8e-05 0.9965563491980235 6e-05 6e-05 4.325273275375366 0.08 0.08 88 
-1.981924041112264 0.002 0.002 0.9982149869203567 4e-05 4e-05 0.9962047318617503 6e-05 6e-05 4.36238583723704 0.07 0.07 89 
-1.8852204926808676 0.005 0.005 0.994669495622317 9e-05 9e-05 0.9966470585266749 7e-05 7e-05 4.37290692170461 0.09 0.09 90 
-1.942472407023112 0.004 0.004 0.9975287234783172 8e-05 8e-05 0.9965745035807292 6e-05 6e-05 4.322791021664937 0.08 0.08 91 
-2.182079277038574 0.002 0.002 0.9945331456263861 7e-05 4e-05 0.9998037163416544 7e-05 7e-05 4.586526538530985 0.2 0.2 92 
-2.047760871251424 0.04 0.02 0.9988840285936992 0.0001 0.0002 0.995027803381284 0.0009 0.003 4.396439811388651 0.5 0.5 94 
-1.943498544692993 0.004 0.004 0.9975444757938385 8e-05 8e-05 0.9965653512875239 6e-05 6e-05 4.323545397122701 0.08 0.08 96 
-1.9808346589406332 0.002 0.002 0.9981872282425562 4e-05 4e-05 0.9962428345282872 5e-05 5e-05 4.351265031496684 0.07 0.07 97 
-1.6340190982818603 0.003 0.003 0.9918912456432978 6e-05 6e-05 0.9713677342732747 0.0004 0.0004 4.018794837792714 0.09 0.09 98 
